# n n_solutions
26 1000
# n x n distance matrix
0 2202 1726 1476 3190 3244 3206 2080 2202 2505 2308 2816 800 2996 2912 3087 2983 1000 3400 3178 3940 4393 1811 1581 3828 4220
2202 0 3080 3590 4801 1772 1004 1886 3939 4535 4509 3679 2308 2751 921 1523 3176 1486 3157 1204 2416 3008 2758 921 2692 5860
1726 3080 0 1414 1720 4609 3982 3716 3573 3466 2500 4500 2517 4681 3982 3125 4707 2549 2302 3544 5315 5841 509 2163 3298 2780
1476 3590 1414 0 2039 4716 4589 3465 2402 2102 1118 3640 1984 4280 4365 4143 4118 2469 3701 4400 5408 5841 1860 2807 4569 2954
3190 4801 1720 2039 0 6293 5693 5269 4410 3931 2570 5675 3891 6177 5700 4712 6092 4140 3313 5200 7000 7507 2102 3883 4604 1063
3244 1772 4609 4716 6293 0 1676 1503 4101 4936 5385 3162 2879 1664 1004 3101 2282 2247 4924 2531 707 1252 4382 2594 4304 7353
3206 1004 3982 4589 5693 1676 0 2500 4838 5491 5514 4360 3255 3140 721 1552 3679 2433 3577 905 2100 2701 3605 1838 2716 6741
2080 1886 3716 3465 5269 1503 2500 0 2600 3436 3982 1860 1500 1004 1835 3400 1300 1170 4716 3061 2088 2418 3640 2220 4531 6300
2202 3939 3573 2402 4410 4101 4838 2600 0 943 2102 1555 1664 2879 4295 5161 2418 2459 5575 5100 4638 4850 3848 3640 6010 5217
2505 4535 3466 2102 3931 4936 5491 3436 943 0 1403 2483 2236 3807 5015 5590 3361 3059 5663 5630 5510 5756 3841 4071 6300 4609
2308 4509 2500 1118 2570 5385 5514 3982 2102 1403 0 3605 2507 4622 5197 5217 4313 3201 4801 5423 6041 6400 2968 3811 5685 3206
2816 3679 4500 3640 5675 3162 4360 1860 1555 2483 3605 0 2022 1603 3689 5140 1004 2459 6103 4879 3535 3601 4627 3758 6191 6578
800 2308 2517 1984 3891 2879 3255 1500 1664 2236 2507 2022 0 2302 2800 3500 2213 824 4123 3443 3534 3911 2607 1984 4393 4887
2996 2751 4681 4280 6177 1664 3140 1004 2879 3807 4622 1603 2302 0 2420 4272 632 2158 5707 3847 1941 2009 4632 3206 5440 7186
2912 921 3982 4365 5700 1004 721 1835 4295 5015 5197 3689 2800 2420 0 2100 2969 2009 3984 1529 1552 2158 3676 1838 3301 6762
3087 1523 3125 4143 4712 3101 1552 3400 5161 5590 5217 5140 3500 4272 2100 0 4695 2758 2080 670 3622 4229 2647 1526 1204 5700
2983 3176 4707 4118 6092 2282 3679 1300 2418 3361 4313 1004 2213 632 2969 4695 0 2302 5968 4326 2570 2600 4726 3492 5830 7066
1000 1486 2549 2469 4140 2247 2433 1170 2459 3059 3201 2459 824 2158 2009 2758 2302 0 3687 2641 2941 3397 2473 1303 3744 5185
3400 3157 2302 3701 3313 4924 3577 4716 5575 5663 4801 6103 4123 5707 3984 2080 5968 3687 0 2745 5536 6140 1843 2501 1392 4119
3178 1204 3544 4400 5200 2531 905 3061 5100 5630 5423 4879 3443 3847 1529 670 4326 2641 2745 0 3001 3605 3101 1612 1811 6216
3940 2416 5315 5408 7000 707 2100 2088 4638 5510 6041 3535 3534 1941 1552 3622 2570 2941 5536 3001 0 608 5080 3275 4809 8061
4393 3008 5841 5841 7507 1252 2701 2418 4850 5756 6400 3601 3911 2009 2158 4229 2600 3397 6140 3605 608 0 5630 3847 5414 8563
1811 2758 509 1860 2102 4382 3605 3640 3848 3841 2968 4627 2607 4632 3676 2647 4726 2473 1843 3101 5080 5630 0 1838 2789 3138
1581 921 2163 2807 3883 2594 1838 2220 3640 4071 3811 3758 1984 3206 1838 1526 3492 1303 2501 1612 3275 3847 1838 0 2441 4940
3828 2692 3298 4569 4604 4304 2716 4531 6010 6300 5685 6191 4393 5440 3301 1204 5830 3744 1392 1811 4809 5414 2789 2441 0 5474
4220 5860 2780 2954 1063 7353 6741 6300 5217 4609 3206 6578 4887 7186 6762 5700 7066 5185 4119 6216 8061 8563 3138 4940 5474 0
# set of given starting solutions
0 13 11 16 23 7 15 17 14 8 19 12 2 3 9 22 18 6 25 4 1 21 20 24 5 10 0
0 13 4 23 14 17 20 25 16 12 1 5 19 10 2 18 7 21 9 15 8 3 6 11 22 24 0
0 16 10 20 17 2 7 19 14 24 4 13 11 22 21 23 1 25 8 12 6 9 3 15 5 18 0
0 10 6 18 14 4 7 16 3 1 5 22 9 13 25 23 11 20 24 17 8 12 21 19 2 15 0
0 20 15 6 24 7 25 8 18 22 17 1 9 12 10 11 23 13 3 2 19 21 4 14 16 5 0
0 12 16 9 23 10 3 13 1 2 7 14 19 20 6 5 11 22 4 24 8 25 15 17 21 18 0
0 5 3 23 21 20 1 24 6 17 19 14 16 25 9 13 4 18 10 12 8 22 15 2 7 11 0
0 15 10 12 13 24 20 1 18 19 8 17 14 4 7 25 23 5 21 9 6 11 3 22 16 2 0
0 4 10 22 1 15 9 25 23 11 6 8 21 5 24 17 16 14 2 19 13 3 12 18 20 7 0
0 21 3 20 8 14 9 10 16 25 18 2 11 13 17 7 23 15 5 6 19 22 12 24 1 4 0
0 25 15 11 9 3 5 10 7 8 23 19 6 20 21 16 14 2 12 4 18 24 22 1 17 13 0
0 6 23 14 24 21 18 15 11 22 2 8 5 19 25 13 10 7 12 9 4 16 17 20 1 3 0
0 4 12 13 16 5 23 2 8 14 9 20 17 19 25 10 3 6 22 1 11 7 24 15 21 18 0
0 20 19 17 12 9 16 6 25 11 15 5 10 18 4 8 1 23 14 21 3 7 22 24 2 13 0
0 8 19 11 13 1 17 7 3 12 16 6 21 22 24 2 14 4 15 25 20 10 9 18 5 23 0
0 11 22 10 25 19 5 17 3 16 21 18 13 20 15 7 24 1 9 4 8 14 6 12 2 23 0
0 15 12 14 9 5 6 3 21 18 22 7 16 20 1 10 19 13 23 24 25 4 2 17 8 11 0
0 10 7 4 19 3 22 13 18 23 20 2 25 6 9 16 5 15 8 24 14 1 11 17 12 21 0
0 12 21 19 9 13 6 3 23 25 24 22 4 14 11 2 10 20 16 15 17 1 7 18 8 5 0
0 23 8 16 12 15 19 11 21 4 22 17 13 18 20 25 24 9 14 3 7 5 6 2 1 10 0
0 22 1 11 12 25 21 2 9 7 16 23 18 5 6 17 13 3 19 15 4 20 10 14 8 24 0
0 4 6 17 8 5 15 1 7 2 3 9 24 14 25 21 22 11 19 18 20 23 10 16 12 13 0
0 5 3 12 19 22 15 11 17 10 9 4 2 7 6 23 1 13 20 8 18 14 16 21 24 25 0
0 3 11 20 16 21 5 25 17 19 12 10 24 13 15 4 23 1 7 2 9 14 6 22 18 8 0
0 21 9 14 24 1 15 19 8 10 11 13 18 4 25 17 12 2 20 5 16 23 3 7 6 22 0
0 24 10 7 18 6 16 21 14 12 5 4 25 1 19 8 11 2 23 15 9 3 13 20 22 17 0
0 12 19 17 11 18 13 5 10 23 6 8 22 2 25 7 24 21 16 14 9 20 15 3 1 4 0
0 8 4 16 19 18 11 6 14 22 21 17 7 1 3 12 20 5 25 24 10 15 23 9 13 2 0
0 14 21 24 5 6 11 15 7 16 17 1 9 13 22 2 8 25 10 4 18 3 12 20 19 23 0
0 16 20 14 8 18 4 7 23 6 13 24 19 2 25 12 15 22 3 11 1 10 5 17 21 9 0
0 5 14 20 7 24 25 16 6 18 10 22 11 15 9 17 4 3 21 8 19 12 2 23 1 13 0
0 19 22 21 3 17 13 5 24 4 11 14 16 25 7 15 9 18 8 10 2 12 23 20 1 6 0
0 9 18 1 3 4 24 11 7 22 14 15 16 25 6 2 19 8 10 21 13 23 5 20 12 17 0
0 25 9 23 22 2 20 18 14 16 8 17 1 5 12 21 19 4 13 3 10 6 11 7 15 24 0
0 14 13 24 6 16 5 11 19 18 4 9 1 3 10 17 12 20 21 8 7 25 2 22 15 23 0
0 11 10 7 22 23 20 13 19 1 9 15 5 14 2 6 17 18 4 16 25 3 12 24 8 21 0
0 23 4 17 12 10 2 22 20 14 1 9 24 6 19 3 7 5 25 21 16 15 18 8 13 11 0
0 16 24 18 11 21 25 4 13 20 14 1 3 12 7 22 19 8 10 6 5 2 9 17 15 23 0
0 23 11 3 19 24 9 4 1 21 18 15 6 10 25 22 5 17 12 2 8 14 7 16 13 20 0
0 24 17 9 11 5 1 18 3 6 7 12 23 21 15 10 8 22 19 13 16 25 2 14 20 4 0
0 9 8 18 12 25 24 3 17 4 6 15 21 19 7 13 5 16 20 10 1 14 11 23 2 22 0
0 5 13 1 15 10 25 8 17 16 4 7 19 2 3 9 6 12 23 24 22 20 18 14 21 11 0
0 16 15 8 5 7 22 2 11 17 10 4 20 21 1 25 12 19 13 18 14 3 23 9 6 24 0
0 4 11 14 6 18 15 9 21 25 23 5 17 7 8 19 20 16 1 22 3 10 12 24 13 2 0
0 13 19 16 6 11 2 21 5 15 18 8 7 1 24 12 14 10 23 22 17 20 25 4 9 3 0
0 12 25 9 1 15 4 24 22 7 11 21 8 23 19 6 10 13 18 5 17 3 16 14 20 2 0
0 10 19 1 5 18 12 20 22 2 4 17 21 16 25 13 8 24 9 7 23 15 14 3 6 11 0
0 6 25 23 8 3 20 1 9 22 10 2 24 12 13 19 16 4 7 5 15 11 17 21 14 18 0
0 3 11 10 1 8 24 2 13 25 14 22 15 4 20 5 19 17 23 21 7 12 16 6 18 9 0
0 21 6 14 11 8 19 18 5 10 16 4 13 3 2 20 23 7 17 9 22 12 1 24 25 15 0
0 13 1 2 21 4 25 11 16 15 23 14 12 6 8 20 19 5 24 22 10 17 7 18 9 3 0
0 7 14 21 11 5 22 24 9 8 18 2 25 6 3 16 15 23 17 4 1 19 10 20 13 12 0
0 5 22 9 2 18 23 7 21 8 13 4 12 19 3 1 17 16 10 20 14 25 6 24 15 11 0
0 22 12 10 25 4 11 9 18 8 14 24 1 21 20 23 7 3 19 5 15 17 13 6 2 16 0
0 10 14 20 23 7 16 1 15 22 24 18 21 4 9 17 8 19 25 3 2 13 12 11 6 5 0
0 15 23 25 5 21 4 19 8 18 22 6 17 16 20 2 14 24 7 9 1 12 10 11 3 13 0
0 3 16 14 12 9 4 2 15 17 22 1 11 5 23 10 20 13 21 6 18 25 8 19 7 24 0
0 22 12 4 10 20 23 9 18 3 21 17 14 2 15 6 16 1 13 24 8 25 11 7 5 19 0
0 2 12 1 16 22 10 19 21 8 14 18 25 13 7 24 23 15 9 20 5 11 4 6 3 17 0
0 3 23 17 13 15 18 6 11 21 19 20 24 5 10 4 9 25 16 22 1 12 8 2 7 14 0
0 23 19 17 13 7 15 5 2 11 21 9 10 4 16 1 8 20 3 14 22 25 6 18 24 12 0
0 21 11 15 12 18 22 13 16 6 25 2 20 24 17 23 4 10 7 9 1 19 3 8 14 5 0
0 16 7 23 19 5 21 22 10 13 12 15 25 8 11 17 1 20 9 2 18 6 14 24 4 3 0
0 9 13 10 2 5 21 6 1 18 24 11 16 23 20 15 8 22 12 4 25 17 7 3 14 19 0
0 18 12 11 17 1 8 5 14 9 13 24 20 3 6 23 4 15 10 25 16 7 21 19 22 2 0
0 24 5 4 11 7 1 2 25 15 16 13 3 21 6 9 10 20 12 17 22 8 23 14 18 19 0
0 16 3 12 22 21 10 7 24 19 6 25 4 14 11 9 13 8 1 5 2 20 23 17 18 15 0
0 22 20 18 16 4 13 21 1 12 7 14 15 3 11 19 8 5 23 9 6 24 17 10 25 2 0
0 12 2 25 15 20 4 6 21 22 16 23 10 1 3 13 9 17 19 7 8 5 18 24 11 14 0
0 17 12 23 22 7 24 21 19 10 1 3 13 5 2 25 4 14 18 9 16 11 6 20 8 15 0
0 14 24 9 19 1 5 22 15 2 6 12 23 4 25 18 7 11 17 8 13 16 3 10 21 20 0
0 6 22 18 17 7 11 4 1 10 9 14 19 25 20 15 8 12 13 24 23 2 3 5 16 21 0
0 3 10 2 22 6 18 9 25 13 12 15 11 16 4 24 23 14 21 20 17 1 8 5 19 7 0
0 6 2 23 21 1 17 9 20 16 8 15 3 22 5 4 10 12 13 7 11 25 14 18 19 24 0
0 5 24 12 21 19 16 1 10 3 6 8 4 23 22 15 17 9 18 25 2 20 13 7 14 11 0
0 2 17 20 4 19 25 15 11 9 14 23 8 12 18 24 3 1 22 6 21 16 13 7 10 5 0
0 15 23 2 11 1 20 6 5 7 8 16 10 22 24 17 18 4 13 19 25 21 9 3 14 12 0
0 12 20 13 2 9 5 11 1 24 6 21 15 17 18 19 7 16 10 3 25 8 4 14 23 22 0
0 21 23 13 11 9 17 1 5 8 22 6 4 10 2 18 19 7 24 14 15 20 25 3 16 12 0
0 15 2 25 1 20 4 5 16 14 3 13 7 21 11 19 9 17 8 24 18 10 6 23 22 12 0
0 1 3 14 9 19 12 13 8 7 25 16 20 23 17 2 6 10 11 15 4 24 21 22 5 18 0
0 3 10 13 19 4 8 22 14 7 20 1 18 21 23 16 15 17 2 24 25 12 11 6 5 9 0
0 3 21 17 20 23 6 18 16 11 10 4 8 7 2 15 22 1 9 14 13 5 25 19 12 24 0
0 3 24 9 14 15 10 2 21 20 7 13 16 12 23 8 19 22 6 18 17 4 1 11 5 25 0
0 3 9 4 7 17 14 23 21 12 24 8 15 6 18 1 2 10 13 19 20 11 5 22 25 16 0
0 20 3 9 18 11 15 21 1 7 6 23 10 25 2 24 8 14 12 13 19 22 17 16 5 4 0
0 2 14 16 3 5 4 21 17 10 25 18 24 13 22 20 19 9 12 8 7 23 6 15 1 11 0
0 2 5 18 1 14 6 7 3 17 15 4 25 12 23 21 9 8 16 13 19 20 10 24 11 22 0
0 17 1 6 8 13 15 20 3 22 16 18 12 14 23 10 19 7 21 2 9 11 24 25 5 4 0
0 21 14 24 11 25 5 16 4 22 23 6 18 19 20 13 8 15 1 3 17 12 9 2 10 7 0
0 19 15 21 8 10 3 2 18 23 5 9 7 20 24 22 14 4 17 16 13 25 11 12 6 1 0
0 11 1 9 23 16 18 10 15 3 19 5 6 8 13 12 20 25 4 7 24 21 14 2 17 22 0
0 11 24 2 8 22 5 20 23 4 9 7 12 10 13 14 3 25 6 15 1 18 21 19 16 17 0
0 4 10 22 11 9 12 3 7 14 6 24 23 21 18 13 2 20 25 8 17 1 5 15 16 19 0
0 6 12 8 20 25 10 3 23 9 15 5 19 1 7 11 2 17 18 16 4 13 21 24 14 22 0
0 4 14 9 2 7 13 24 10 17 19 15 12 20 6 16 1 8 11 18 21 25 22 23 3 5 0
0 20 13 1 2 22 11 12 18 23 8 17 15 24 21 19 25 10 14 16 5 3 9 6 4 7 0
0 4 12 16 24 1 5 3 25 13 6 7 8 17 2 21 10 22 14 9 20 15 11 19 23 18 0
0 9 14 13 20 8 17 18 21 23 4 25 22 15 24 2 7 16 10 6 19 3 12 5 11 1 0
0 23 15 21 10 12 17 11 13 9 24 5 1 3 4 18 8 22 6 16 14 7 20 25 2 19 0
0 12 6 15 4 17 25 11 18 2 5 8 3 10 14 7 19 20 23 24 21 1 22 13 16 9 0
0 11 15 4 16 6 25 10 23 13 14 18 5 2 3 7 8 17 12 9 24 20 21 22 1 19 0
0 18 15 6 25 4 11 23 22 1 14 5 24 20 9 17 7 16 12 8 19 21 13 10 2 3 0
0 20 18 23 1 10 25 21 2 19 16 4 9 6 12 22 7 17 24 14 13 11 8 15 3 5 0
0 2 15 25 8 11 21 14 10 7 4 18 20 3 13 16 23 12 19 6 1 22 17 5 9 24 0
0 1 12 9 14 21 11 6 2 25 4 19 22 24 8 3 20 18 15 7 13 23 10 17 5 16 0
0 4 12 15 17 6 13 20 7 11 3 21 22 5 24 19 16 23 1 8 14 9 2 10 18 25 0
0 8 11 2 6 19 13 20 4 18 1 23 7 12 17 21 16 15 14 25 24 10 3 22 9 5 0
0 19 1 2 18 4 24 23 10 20 25 14 3 12 11 13 9 15 16 22 7 5 8 17 21 6 0
0 19 11 9 1 25 6 21 7 20 13 17 10 18 23 5 3 24 2 15 8 14 12 22 16 4 0
0 3 5 6 15 9 24 8 12 20 16 18 4 21 13 10 25 19 2 14 17 7 22 23 1 11 0
0 6 9 13 20 25 12 21 7 17 2 8 3 11 19 16 15 5 18 10 14 4 23 1 24 22 0
0 14 20 19 17 23 2 4 25 5 24 13 15 8 22 18 21 9 1 7 16 10 11 12 3 6 0
0 20 12 16 21 10 15 1 11 9 13 4 3 17 7 18 8 5 24 23 2 19 14 6 25 22 0
0 8 5 25 17 9 11 22 2 12 19 21 20 16 6 13 7 24 14 1 3 23 10 4 18 15 0
0 17 12 15 5 11 7 3 21 10 23 22 8 25 18 6 16 1 19 9 14 4 24 20 2 13 0
0 13 14 6 16 5 1 7 19 23 24 18 2 25 20 4 11 17 8 10 15 3 21 22 12 9 0
0 13 8 23 19 10 6 17 2 18 14 25 7 15 5 9 24 12 22 11 20 1 16 4 3 21 0
0 10 6 15 1 18 8 11 14 3 13 2 21 12 19 22 16 20 25 24 5 23 7 9 4 17 0
0 7 11 3 17 22 6 10 18 12 19 1 23 25 8 15 20 4 9 24 13 16 21 2 14 5 0
0 10 7 22 25 14 12 20 6 23 2 1 16 11 5 8 18 13 19 15 17 24 9 4 3 21 0
0 1 8 2 16 23 9 24 6 11 25 3 5 4 15 17 19 13 18 14 21 22 7 12 10 20 0
0 25 15 10 5 14 12 21 6 7 22 23 20 24 9 3 4 2 16 11 18 17 13 19 8 1 0
0 9 5 12 24 22 16 23 6 25 13 7 3 10 15 11 21 1 20 8 17 19 4 14 18 2 0
0 8 22 2 6 4 23 3 20 16 11 5 13 14 10 7 24 15 17 9 25 21 19 12 18 1 0
0 14 8 16 12 5 21 22 6 19 25 4 20 3 24 18 10 1 17 2 9 13 11 15 23 7 0
0 4 10 15 24 11 7 20 8 19 6 18 1 23 16 3 9 14 21 2 5 25 12 17 13 22 0
0 1 10 21 8 6 17 23 12 5 20 22 18 9 14 15 11 19 3 4 2 25 7 24 16 13 0
0 17 2 14 10 1 3 11 6 4 20 19 21 9 12 22 23 7 8 15 18 13 16 5 24 25 0
0 21 4 3 1 22 20 9 23 11 10 25 24 12 7 6 16 8 5 2 14 18 15 13 17 19 0
0 6 2 12 25 18 4 5 17 15 8 1 3 19 21 22 11 10 13 24 7 20 23 9 16 14 0
0 19 25 21 6 10 9 5 22 23 4 20 18 13 7 1 2 24 16 11 3 12 8 15 14 17 0
0 21 20 16 1 5 24 6 22 18 10 4 11 17 13 23 19 14 7 8 3 15 9 25 12 2 0
0 11 13 10 1 17 12 24 3 7 25 5 15 21 22 19 8 2 20 14 16 4 6 23 18 9 0
0 10 3 22 11 17 18 2 9 6 8 4 16 7 5 13 14 25 15 12 1 21 24 19 23 20 0
0 10 22 14 9 12 2 6 13 16 11 23 17 7 18 3 25 8 24 19 21 5 1 4 20 15 0
0 10 13 22 23 12 19 21 14 8 1 17 11 3 9 2 25 4 16 6 24 20 18 5 7 15 0
0 3 19 21 14 2 12 20 7 4 1 10 16 17 13 18 11 8 24 9 23 25 6 5 15 22 0
0 3 10 7 9 16 25 23 2 21 8 15 20 19 13 18 6 24 11 14 5 1 12 17 22 4 0
0 3 15 16 21 13 5 10 12 8 9 6 22 2 25 11 1 23 20 17 18 4 24 19 14 7 0
0 17 10 25 13 6 4 22 3 2 24 9 21 12 19 8 7 16 15 18 23 5 1 20 14 11 0
0 25 14 6 22 17 16 8 20 9 15 2 21 13 5 1 4 23 24 18 19 11 10 7 3 12 0
0 9 11 15 20 13 7 8 21 10 17 5 2 4 3 1 23 24 14 12 18 25 19 16 6 22 0
0 4 3 22 14 24 2 1 6 17 13 11 10 15 8 7 9 20 16 19 5 18 21 23 25 12 0
0 3 15 17 2 16 6 10 5 20 18 21 13 22 7 9 24 19 8 23 11 4 12 1 25 14 0
0 5 23 3 13 6 16 15 17 24 9 7 10 4 19 1 18 20 12 21 22 14 2 25 11 8 0
0 12 21 15 16 5 8 6 19 11 10 2 9 20 23 1 4 3 22 14 7 18 13 25 17 24 0
0 11 20 2 3 15 1 6 10 5 16 4 9 8 7 19 14 22 24 21 18 17 13 12 23 25 0
0 4 25 17 9 23 7 10 6 12 5 3 18 1 11 15 22 2 13 20 19 16 21 8 14 24 0
0 16 24 1 7 2 21 11 17 20 22 5 4 18 3 25 14 15 6 13 10 9 19 12 23 8 0
0 3 21 10 17 6 4 25 15 14 23 24 7 12 16 22 9 2 1 11 19 20 18 5 13 8 0
0 12 1 13 18 15 16 22 10 11 20 7 2 21 14 25 5 6 4 9 23 3 17 8 24 19 0
0 20 17 21 3 25 15 16 10 5 6 24 19 9 2 1 23 11 4 14 18 13 7 22 12 8 0
0 6 3 25 1 21 7 20 4 8 16 13 11 5 9 12 19 17 14 22 18 23 2 15 24 10 0
0 7 18 1 25 3 22 11 2 8 19 14 17 10 16 12 9 15 6 24 4 5 13 23 20 21 0
0 1 10 16 17 19 12 23 11 15 7 14 4 2 3 5 22 20 13 8 24 18 9 25 21 6 0
0 6 7 25 3 24 10 12 14 11 8 5 2 15 16 19 22 20 13 21 1 23 9 4 17 18 0
0 13 14 9 24 10 3 2 8 16 4 19 7 25 1 5 21 17 20 6 18 23 11 12 22 15 0
0 20 17 3 9 11 14 8 18 25 23 24 19 4 15 7 21 2 10 12 22 1 16 13 6 5 0
0 9 17 21 18 11 15 22 23 14 6 19 24 8 12 4 10 7 25 1 16 13 20 3 2 5 0
0 15 2 19 10 4 3 9 5 25 21 16 8 23 13 11 12 6 17 7 14 24 1 22 18 20 0
0 15 3 21 7 16 20 14 25 10 24 1 2 17 5 23 22 6 19 8 11 9 12 18 4 13 0
0 1 23 7 8 9 5 20 15 14 19 18 25 16 6 10 17 24 21 4 12 11 2 13 22 3 0
0 25 3 8 21 13 20 16 18 6 19 24 17 7 10 15 4 1 23 5 14 22 11 9 12 2 0
0 8 7 6 19 17 24 20 18 5 25 12 3 15 16 10 23 4 13 1 2 9 22 14 21 11 0
0 12 7 3 4 1 25 23 10 19 9 21 13 8 22 11 15 20 16 5 14 24 17 6 2 18 0
0 8 12 5 11 16 22 25 15 20 23 4 18 10 6 7 21 13 19 3 1 17 14 24 9 2 0
0 4 22 19 2 10 23 12 20 16 24 18 9 1 21 25 3 7 15 5 6 11 14 13 17 8 0
0 24 17 6 14 15 5 25 3 10 23 4 19 21 8 9 20 16 1 12 22 13 18 7 11 2 0
0 14 5 18 15 23 1 24 13 4 10 25 11 2 21 20 6 16 17 12 7 22 9 3 8 19 0
0 2 17 15 19 5 1 25 12 22 24 21 10 16 8 20 4 3 11 18 9 7 6 13 14 23 0
0 20 9 3 14 2 22 8 19 5 15 25 23 11 6 18 12 24 10 4 7 17 13 1 16 21 0
0 20 4 24 16 13 11 14 6 17 12 22 23 3 1 9 10 2 21 8 15 19 7 25 5 18 0
0 2 1 8 23 17 12 22 19 15 18 21 3 4 20 7 10 14 25 24 13 5 9 11 16 6 0
0 10 6 5 17 14 21 3 12 16 18 15 19 22 2 13 4 25 1 7 11 20 9 23 8 24 0
0 14 15 11 13 8 6 25 22 18 3 9 17 21 16 24 4 1 10 2 19 7 23 20 5 12 0
0 25 22 24 11 7 4 14 10 16 1 21 3 17 5 8 6 9 18 2 23 20 15 13 12 19 0
0 7 13 22 6 10 4 19 24 25 21 8 2 3 9 11 18 20 23 17 15 1 12 5 14 16 0
0 7 16 2 25 4 17 6 8 19 3 15 21 9 14 10 11 23 1 12 20 5 18 13 24 22 0
0 14 6 16 5 21 24 11 1 13 20 7 18 23 12 9 19 25 10 22 4 15 8 2 17 3 0
0 11 16 12 25 15 22 6 10 24 19 5 7 23 20 2 3 18 14 1 9 17 8 4 21 13 0
0 23 8 18 22 14 20 9 24 15 25 16 13 19 6 12 5 17 3 10 11 1 2 4 21 7 0
0 6 25 4 17 5 2 15 14 20 1 12 18 10 9 19 23 22 13 3 11 24 8 16 7 21 0
0 14 10 6 1 19 7 24 23 17 20 18 12 21 22 9 4 2 13 3 5 15 11 8 16 25 0
0 21 2 15 7 24 13 5 6 23 14 18 11 3 4 17 10 22 9 1 16 25 8 20 12 19 0
0 24 22 17 25 23 19 16 7 13 15 6 21 12 10 18 5 2 11 3 4 20 8 14 1 9 0
0 3 9 5 17 1 10 7 11 2 14 4 19 22 13 16 8 23 21 12 18 15 6 25 20 24 0
0 24 11 12 23 18 14 19 13 8 7 9 15 25 20 21 2 5 6 22 16 17 4 3 10 1 0
0 25 21 6 14 3 2 18 16 22 12 4 7 17 19 1 8 20 5 13 11 24 10 15 9 23 0
0 12 6 21 15 7 10 25 16 9 17 5 2 24 8 14 20 19 11 22 13 1 4 23 3 18 0
0 3 23 8 25 24 22 20 10 9 16 13 17 7 21 18 15 11 19 5 6 14 1 12 2 4 0
0 21 5 12 2 22 4 3 20 11 23 1 14 8 9 24 25 6 10 19 13 16 15 18 17 7 0
0 6 18 22 15 7 16 10 19 11 8 23 1 3 4 13 5 21 24 9 17 14 12 25 2 20 0
0 22 8 2 15 20 25 18 24 12 10 5 6 9 23 21 7 4 3 11 17 1 13 19 16 14 0
0 10 1 5 9 25 3 12 18 14 19 2 22 17 13 16 11 8 21 7 23 6 20 4 24 15 0
0 15 16 14 3 8 23 13 24 18 20 12 17 7 19 9 11 6 4 5 22 10 21 25 2 1 0
0 23 17 13 9 25 19 15 10 24 11 21 2 8 20 12 4 22 16 7 14 18 3 1 6 5 0
0 22 10 21 1 24 5 25 2 17 3 18 12 20 8 11 16 13 15 19 14 4 6 9 23 7 0
0 13 12 9 7 14 1 24 15 19 2 23 16 4 17 18 11 8 6 21 10 3 25 22 5 20 0
0 5 6 9 18 13 10 16 22 2 3 14 8 4 20 11 25 24 15 7 1 17 23 19 21 12 0
0 17 24 1 2 13 16 10 15 21 25 5 9 8 6 7 3 23 19 11 4 14 20 22 18 12 0
0 15 11 2 19 14 21 18 10 3 12 22 13 20 17 5 8 4 16 24 1 7 6 9 23 25 0
0 14 15 5 24 21 4 9 10 20 18 17 11 22 19 23 1 13 3 7 6 2 16 25 12 8 0
0 4 17 12 7 22 25 1 15 2 9 13 19 3 6 8 18 24 21 11 14 10 5 23 16 20 0
0 17 10 7 12 1 22 20 4 18 13 2 15 9 14 6 21 3 19 5 23 8 25 16 24 11 0
0 16 5 10 22 21 1 12 24 2 4 7 19 18 13 15 9 14 8 25 20 11 3 6 23 17 0
0 9 16 11 3 17 2 1 6 7 4 13 19 15 20 21 10 24 25 23 8 5 12 22 14 18 0
0 22 2 3 7 1 15 20 9 8 23 11 17 13 19 25 18 10 24 6 4 5 21 12 16 14 0
0 9 16 13 12 25 6 23 24 22 5 20 10 7 8 14 17 2 18 15 3 11 1 21 4 19 0
0 8 1 17 24 2 6 19 3 7 14 9 15 4 22 11 10 25 16 13 12 23 21 20 18 5 0
0 18 4 5 13 8 14 20 1 15 16 17 25 7 3 9 22 21 24 19 11 6 23 12 10 2 0
0 3 8 21 9 18 12 20 13 19 23 11 25 16 2 24 6 1 5 7 4 14 22 15 17 10 0
0 21 19 13 9 2 8 14 12 25 18 7 24 5 20 22 11 3 10 17 16 4 23 15 6 1 0
0 13 10 21 15 6 16 14 22 2 17 5 3 20 18 25 9 11 4 23 1 19 7 24 12 8 0
0 25 10 2 17 9 5 13 22 3 7 18 21 1 15 6 11 12 14 16 23 19 4 24 20 8 0
0 16 12 3 17 4 6 1 25 19 13 23 18 10 21 20 14 11 24 5 15 9 8 22 2 7 0
0 24 22 5 8 20 6 3 16 18 10 14 13 25 1 11 23 9 2 17 12 7 4 15 19 21 0
0 23 18 25 9 3 4 11 16 7 20 1 13 22 24 12 2 8 15 5 6 19 14 21 10 17 0
0 8 3 22 10 7 25 9 21 20 5 13 6 19 12 2 16 15 23 4 17 11 18 1 14 24 0
0 3 18 23 11 4 16 9 20 5 17 7 21 2 12 24 22 8 13 10 15 14 19 25 6 1 0
0 1 24 18 13 6 10 7 23 5 14 9 12 19 2 4 16 21 3 11 15 22 17 20 8 25 0
0 20 5 16 24 4 14 17 22 11 6 9 21 19 25 8 15 3 7 1 10 18 2 12 13 23 0
0 3 8 4 7 25 20 24 10 2 18 23 13 16 14 19 22 12 17 5 21 15 9 6 1 11 0
0 9 5 14 7 23 18 17 2 22 3 11 8 24 12 20 21 1 19 25 10 13 4 15 16 6 0
0 10 13 25 20 7 6 17 14 23 1 4 22 9 8 19 24 11 21 15 2 16 18 12 5 3 0
0 20 12 5 19 9 16 6 8 3 10 14 18 15 13 4 11 24 22 1 7 2 17 25 21 23 0
0 14 5 17 23 25 13 8 12 10 3 7 6 9 16 19 22 11 1 24 21 4 20 18 2 15 0
0 11 5 2 15 7 19 9 12 8 1 6 16 20 10 18 21 3 22 23 24 17 4 14 13 25 0
0 6 16 22 17 24 12 5 7 21 1 13 23 11 2 9 4 18 15 10 14 25 8 3 19 20 0
0 1 15 10 4 5 21 8 17 11 22 13 12 19 16 18 2 6 9 24 23 14 25 7 3 20 0
0 13 24 25 3 1 5 16 2 4 20 7 10 9 17 8 23 14 6 22 19 15 18 11 21 12 0
0 25 22 1 13 14 7 10 24 2 19 9 20 12 3 23 4 6 5 18 16 21 17 8 15 11 0
0 8 17 2 21 14 5 20 24 22 18 1 16 11 19 23 6 12 10 13 4 15 25 7 9 3 0
0 8 4 19 15 17 3 9 6 1 13 7 10 21 20 24 12 11 25 22 14 2 16 18 5 23 0
0 8 15 16 3 9 1 6 19 21 24 22 14 20 23 11 18 4 13 17 7 10 2 5 12 25 0
0 15 25 14 16 2 6 18 12 3 10 9 1 8 23 13 17 20 21 5 11 22 24 4 7 19 0
0 23 25 24 4 2 16 1 22 13 18 12 19 14 5 11 3 20 21 9 15 17 7 8 10 6 0
0 7 22 25 5 8 12 13 6 1 10 21 4 3 20 24 15 18 19 16 11 17 23 14 9 2 0
0 4 18 7 6 23 16 25 22 15 3 9 1 19 21 17 5 12 11 24 2 20 10 14 13 8 0
0 24 1 6 21 23 15 11 2 25 16 17 7 10 4 12 18 22 5 9 20 14 8 13 3 19 0
0 14 13 3 11 9 24 8 15 2 20 21 16 17 5 25 6 23 1 4 12 18 10 19 7 22 0
0 24 19 9 10 21 3 25 23 22 5 6 16 8 13 1 4 14 7 17 15 2 12 11 20 18 0
0 6 14 22 2 7 21 8 13 24 17 5 4 9 19 23 3 12 1 20 18 15 25 11 10 16 0
0 5 23 21 8 1 24 7 9 4 19 16 15 11 25 20 13 12 6 2 10 22 14 18 3 17 0
0 12 24 22 6 18 11 25 5 7 17 9 14 2 19 15 21 13 10 8 3 1 16 23 20 4 0
0 20 12 13 11 8 14 19 25 7 16 4 6 23 5 2 3 17 1 15 10 22 21 24 9 18 0
0 12 7 9 4 20 24 10 16 19 3 23 6 8 25 11 2 1 13 5 17 15 21 22 18 14 0
0 7 2 15 16 3 23 11 18 8 12 25 20 19 24 5 10 14 9 6 21 13 4 22 1 17 0
0 2 3 10 13 16 17 25 11 21 6 4 5 8 15 9 24 22 18 19 7 23 14 20 1 12 0
0 7 1 23 2 9 14 4 13 12 19 18 20 10 24 25 8 5 21 15 6 17 22 11 3 16 0
0 20 24 17 2 25 23 15 7 9 1 10 21 12 4 6 5 18 22 11 3 8 13 16 19 14 0
0 3 7 13 4 12 23 21 8 25 9 6 11 10 15 14 22 20 17 19 2 24 18 16 1 5 0
0 6 20 10 18 23 5 11 25 15 17 8 21 9 14 7 4 16 13 22 24 3 2 19 12 1 0
0 20 21 8 5 9 17 1 11 22 23 16 15 10 24 6 7 4 3 12 2 14 13 25 19 18 0
0 19 13 1 17 24 16 4 9 18 3 10 8 21 20 14 7 23 12 15 11 25 2 22 6 5 0
0 13 21 6 14 24 25 15 3 20 19 10 4 23 22 5 1 11 18 17 9 2 7 12 16 8 0
0 9 11 25 20 12 2 10 19 13 14 18 15 5 8 17 24 1 21 3 23 7 16 6 22 4 0
0 9 6 21 24 20 14 22 1 15 8 4 3 7 10 16 23 17 5 18 12 19 13 11 25 2 0
0 18 23 7 4 25 1 20 12 6 15 24 9 21 11 13 2 16 22 17 5 3 19 10 14 8 0
0 2 11 3 17 9 12 20 5 1 23 8 24 14 16 4 21 7 15 6 22 13 10 19 25 18 0
0 23 21 18 9 8 24 12 10 22 11 4 7 5 20 16 15 19 1 17 25 6 3 14 2 13 0
0 10 21 3 17 25 8 6 23 16 2 11 14 24 13 9 19 20 1 12 18 4 7 15 22 5 0
0 23 17 4 14 18 10 24 15 1 8 3 16 5 11 6 7 12 21 25 13 19 2 20 9 22 0
0 20 22 21 2 13 5 17 15 12 14 7 18 10 4 16 3 25 24 6 9 19 1 8 23 11 0
0 10 12 8 18 13 14 20 17 21 7 6 2 4 1 5 15 11 24 19 23 9 3 22 16 25 0
0 17 25 24 3 8 7 5 18 6 23 10 22 4 12 14 1 20 16 2 13 11 9 15 21 19 0
0 14 5 22 6 3 4 25 12 13 11 20 18 1 15 10 7 19 9 24 17 16 8 23 2 21 0
0 24 18 7 6 13 12 1 20 10 17 23 4 2 15 22 8 14 25 3 9 19 11 5 21 16 0
0 5 7 18 3 21 9 19 1 10 22 23 14 13 2 24 8 4 6 25 12 16 15 11 20 17 0
0 13 20 18 22 21 4 7 5 9 24 2 11 16 15 25 17 19 23 10 1 12 3 14 8 6 0
0 25 9 2 18 6 4 8 22 24 14 20 13 16 7 10 1 21 12 3 11 15 19 23 17 5 0
0 21 3 13 12 25 23 4 10 9 19 5 1 17 8 22 11 24 15 7 2 18 14 16 20 6 0
0 11 8 6 14 13 15 19 5 12 10 23 24 18 22 4 16 17 1 25 2 3 7 20 21 9 0
0 12 2 8 4 21 11 20 14 3 16 5 6 25 13 19 10 9 17 1 18 7 24 23 15 22 0
0 4 12 1 19 25 16 11 14 2 3 24 9 15 17 22 13 8 5 23 18 20 6 7 21 10 0
0 10 19 9 2 11 7 20 18 6 15 12 17 22 5 4 25 24 1 21 16 13 14 8 23 3 0
0 5 19 1 8 7 14 25 24 9 3 18 17 16 2 20 13 15 21 23 10 4 22 11 6 12 0
0 9 6 10 7 3 21 25 1 17 8 20 11 5 13 14 19 15 16 23 18 2 4 12 22 24 0
0 22 23 11 13 20 15 6 7 4 17 1 8 19 18 5 12 16 21 14 10 9 2 24 25 3 0
0 15 18 22 7 12 13 2 16 23 10 5 9 24 3 6 8 19 17 25 11 14 21 1 4 20 0
0 19 4 3 22 6 18 17 9 14 1 15 2 21 24 13 10 23 11 7 5 20 16 12 8 25 0
0 20 23 1 10 9 12 4 25 6 16 21 13 2 15 19 17 3 5 22 11 7 24 8 14 18 0
0 21 15 17 14 10 5 13 3 19 20 18 8 25 6 24 22 12 9 4 11 7 2 16 23 1 0
0 1 19 24 6 3 9 8 2 18 11 10 14 25 5 17 12 15 16 23 22 20 4 7 13 21 0
0 24 14 7 2 8 17 20 15 19 11 23 18 21 4 13 16 1 9 25 22 3 12 5 10 6 0
0 3 12 9 24 2 11 23 21 7 19 25 5 16 6 1 13 15 4 8 14 18 20 22 10 17 0
0 3 23 22 11 2 10 21 18 17 8 12 25 14 16 1 15 24 7 20 13 9 5 6 19 4 0
0 16 13 11 17 8 3 14 1 6 19 4 2 21 5 9 15 10 23 25 18 7 24 22 20 12 0
0 1 12 11 14 19 3 17 8 7 15 24 4 23 16 5 22 13 20 9 21 18 10 2 6 25 0
0 9 6 15 7 2 19 22 12 23 14 24 21 1 17 16 4 18 13 25 11 3 8 20 10 5 0
0 12 10 6 22 5 16 19 13 15 23 3 7 18 24 2 25 8 20 1 14 11 17 21 4 9 0
0 4 2 10 13 22 17 3 21 7 20 18 25 16 5 8 1 11 23 6 14 24 15 19 9 12 0
0 16 9 7 13 22 11 17 15 24 10 25 12 3 1 19 14 5 2 6 20 8 4 21 18 23 0
0 24 5 21 14 3 15 19 12 2 9 25 20 10 4 6 13 17 23 18 11 16 22 7 8 1 0
0 10 24 15 3 9 6 11 16 12 25 5 2 14 17 22 20 7 21 13 18 19 4 23 8 1 0
0 19 14 18 17 16 24 5 1 8 2 13 4 9 3 6 21 7 20 23 22 11 10 25 15 12 0
0 16 22 8 4 12 9 20 10 3 25 24 13 14 5 23 15 1 18 6 2 21 7 19 17 11 0
0 21 3 23 20 10 22 19 5 2 15 24 25 13 7 12 6 9 17 16 8 14 4 1 18 11 0
0 10 24 2 15 6 17 19 25 7 21 13 9 14 5 1 22 3 12 4 16 20 8 18 11 23 0
0 9 20 21 17 10 12 11 5 23 6 18 1 19 8 24 16 4 22 2 15 25 3 7 13 14 0
0 24 5 18 20 9 11 13 23 3 19 21 6 8 10 7 4 16 17 14 22 1 12 2 25 15 0
0 17 14 5 4 19 10 7 16 23 12 20 15 24 18 13 11 22 2 9 21 3 8 6 1 25 0
0 4 23 15 13 9 2 8 12 3 11 20 6 18 10 22 17 7 1 14 5 16 25 21 19 24 0
0 2 9 8 21 14 20 19 7 24 11 12 6 4 18 15 5 1 25 16 22 23 13 10 3 17 0
0 20 17 5 16 6 24 12 2 1 21 22 13 25 3 14 15 18 4 8 10 7 23 11 9 19 0
0 2 13 5 1 22 4 21 8 9 11 17 16 3 15 14 6 10 23 25 24 7 12 18 19 20 0
0 15 21 5 23 17 22 20 2 12 1 24 10 19 16 14 3 6 11 13 9 25 8 7 4 18 0
0 20 11 2 24 6 8 15 25 10 3 16 14 4 21 23 22 1 17 18 7 13 5 19 9 12 0
0 18 11 15 6 12 16 8 14 17 2 19 23 5 1 21 24 13 20 3 25 4 9 10 22 7 0
0 12 2 14 8 7 15 16 25 22 6 11 4 13 1 10 23 18 20 24 17 9 21 3 19 5 0
0 5 8 12 7 20 1 19 25 2 14 3 23 10 22 13 4 18 21 11 17 16 9 24 15 6 0
0 15 17 19 16 5 12 3 25 24 2 9 23 20 6 18 13 11 1 22 21 10 14 7 8 4 0
0 5 11 17 16 15 22 9 19 10 21 24 18 12 1 2 20 7 14 13 23 25 6 4 3 8 0
0 20 12 22 1 11 5 15 16 21 8 25 17 24 7 2 6 14 23 18 13 19 9 3 4 10 0
0 6 25 8 14 1 17 24 2 4 7 20 18 10 21 12 3 23 13 15 22 11 19 5 9 16 0
0 25 22 16 12 7 11 5 18 14 17 20 19 2 24 8 21 4 23 13 10 9 6 15 3 1 0
0 7 11 16 10 14 3 6 20 21 15 9 13 19 25 23 24 5 22 4 8 12 1 2 17 18 0
0 6 21 12 8 5 11 4 10 24 19 14 2 18 20 9 25 17 22 7 16 15 23 1 3 13 0
0 7 3 22 17 19 5 18 23 14 2 16 12 4 6 21 13 15 25 20 11 9 10 24 8 1 0
0 20 17 2 4 24 15 6 23 21 10 5 14 7 9 12 13 18 25 3 16 8 11 22 1 19 0
0 9 25 18 24 20 6 23 14 16 11 22 8 2 13 5 1 7 12 15 3 19 4 17 21 10 0
0 20 14 22 10 13 15 6 7 21 17 19 16 24 11 12 18 2 9 3 5 1 4 23 8 25 0
0 19 17 1 5 4 25 6 2 22 15 23 24 11 14 21 9 3 18 8 7 16 10 20 13 12 0
0 7 16 13 15 24 10 22 8 17 3 21 19 2 11 20 25 6 1 23 4 5 14 9 12 18 0
0 14 8 16 6 9 19 13 24 17 22 25 12 1 23 20 18 3 2 7 11 5 15 21 4 10 0
0 10 16 9 21 25 20 19 23 3 17 7 8 18 24 15 11 6 12 14 22 4 13 2 5 1 0
0 9 13 12 8 11 6 7 19 16 23 20 25 18 2 24 14 10 17 3 1 4 21 15 5 22 0
0 4 10 22 17 7 15 13 12 5 25 19 2 14 24 23 1 6 18 9 20 3 11 16 21 8 0
0 17 3 16 15 2 22 1 6 11 5 14 24 9 23 4 20 10 19 12 8 25 7 13 21 18 0
0 6 13 5 22 19 20 12 7 16 8 4 18 11 23 14 3 2 21 1 24 9 25 15 10 17 0
0 3 12 24 19 25 22 11 10 9 1 15 8 18 23 5 16 7 20 21 13 14 6 17 4 2 0
0 20 16 19 3 23 13 14 10 22 24 8 9 6 15 21 5 7 25 18 4 1 11 17 2 12 0
0 24 19 22 2 20 23 1 4 8 13 25 17 18 5 14 9 10 6 11 7 15 12 3 16 21 0
0 24 2 3 14 10 20 23 25 22 9 5 21 17 1 8 12 6 16 19 18 11 15 7 13 4 0
0 9 21 18 19 1 2 17 8 10 15 22 4 16 23 11 20 3 6 14 5 7 13 24 12 25 0
0 19 11 15 18 14 22 6 23 3 2 25 12 9 8 13 24 5 1 20 10 4 17 16 7 21 0
0 9 21 20 17 16 14 5 19 7 15 18 24 6 11 12 23 25 2 4 3 1 8 22 10 13 0
0 2 17 9 21 3 1 16 7 8 18 11 14 4 20 24 15 23 19 10 6 5 25 12 22 13 0
0 19 11 21 1 14 6 4 12 10 18 24 7 17 13 9 25 22 23 2 5 8 20 3 15 16 0
0 1 3 2 13 20 8 6 21 14 15 23 11 5 9 22 4 25 24 18 12 19 16 17 10 7 0
0 3 15 24 10 18 19 13 6 20 8 16 2 17 25 12 22 5 11 7 1 14 4 21 23 9 0
0 25 8 2 13 4 23 18 3 19 22 11 24 15 20 21 14 10 9 6 17 16 12 5 1 7 0
0 15 21 19 14 3 9 1 10 18 13 11 25 12 23 2 4 6 5 7 20 17 16 8 24 22 0
0 14 2 11 6 22 12 7 9 4 16 1 20 23 21 3 24 17 10 19 25 18 13 15 8 5 0
0 25 13 3 11 4 2 17 15 20 16 21 19 22 18 12 6 9 14 10 7 1 5 24 8 23 0
0 17 14 3 18 13 10 12 5 20 8 11 23 22 9 1 19 7 25 16 6 4 15 2 21 24 0
0 4 7 17 9 20 25 3 19 11 21 18 23 5 8 10 1 22 2 15 12 16 6 14 13 24 0
0 5 23 9 25 14 20 22 8 16 2 18 21 10 6 1 15 17 11 3 13 7 19 12 4 24 0
0 10 6 9 12 8 3 22 5 13 19 21 24 20 18 23 4 1 15 25 17 11 16 14 7 2 0
0 23 21 14 20 10 13 5 9 12 22 19 2 17 15 18 7 24 4 11 1 3 6 16 8 25 0
0 11 22 24 8 9 21 2 19 12 10 15 20 16 17 4 1 5 3 6 14 18 7 23 25 13 0
0 10 5 13 14 18 21 17 25 4 12 2 15 8 1 3 11 9 19 16 6 7 22 23 24 20 0
0 13 3 12 2 5 6 24 25 14 11 8 21 20 23 9 18 19 7 15 22 17 16 1 4 10 0
0 13 22 5 3 14 17 25 21 2 1 12 15 16 24 18 10 19 4 9 6 20 11 7 23 8 0
0 18 8 7 13 16 24 10 1 11 22 9 15 25 14 20 17 5 2 19 12 6 3 21 4 23 0
0 17 13 20 3 12 6 24 9 25 5 21 10 23 22 15 2 4 18 14 1 7 11 8 16 19 0
0 10 15 3 20 6 5 16 4 12 11 21 13 24 17 8 25 9 19 1 23 14 22 7 2 18 0
0 22 15 1 16 25 9 19 23 12 10 7 17 4 6 5 8 20 11 24 14 3 18 21 13 2 0
0 2 12 6 5 14 17 21 15 22 9 25 20 13 1 16 24 18 10 7 8 11 19 3 23 4 0
0 21 23 2 3 25 15 13 11 12 9 16 17 4 20 7 18 6 10 14 19 24 8 22 1 5 0
0 20 25 16 3 4 22 21 14 18 10 17 5 13 6 24 1 19 8 7 11 15 9 12 2 23 0
0 18 9 5 11 4 16 2 20 12 23 24 13 25 17 10 6 8 1 7 3 15 19 21 14 22 0
0 19 18 13 16 7 8 5 6 2 3 4 14 24 20 25 22 10 17 11 23 12 9 21 15 1 0
0 9 3 1 4 16 12 17 22 8 21 25 18 15 5 13 7 11 19 24 20 23 14 6 10 2 0
0 22 6 15 2 25 9 12 7 24 16 5 8 4 10 17 20 11 14 1 19 13 23 21 3 18 0
0 4 9 5 7 2 1 16 6 25 10 15 23 17 19 8 14 11 21 24 3 13 20 18 22 12 0
0 24 10 6 17 1 12 2 7 11 20 21 5 14 3 16 13 18 25 19 9 4 8 15 23 22 0
0 1 2 20 12 10 6 9 14 25 7 4 13 23 22 19 16 21 18 17 24 15 5 3 11 8 0
0 17 20 24 19 18 7 23 11 1 4 15 16 12 10 6 2 3 9 5 14 8 22 25 13 21 0
0 25 24 21 4 9 10 1 6 11 17 22 12 3 13 2 7 19 15 8 20 18 23 16 5 14 0
0 23 15 22 16 7 14 5 4 6 3 9 17 10 19 11 25 24 1 12 13 8 20 18 2 21 0
0 1 6 17 3 19 4 24 20 18 23 5 25 15 22 10 14 13 21 11 12 9 2 7 8 16 0
0 10 20 16 4 24 15 8 7 2 23 19 18 6 21 5 9 22 14 1 12 11 25 3 17 13 0
0 8 23 6 17 21 22 14 12 4 15 25 3 10 20 2 16 19 7 18 5 24 13 1 9 11 0
0 2 3 8 14 22 1 11 6 17 12 4 19 23 10 5 18 9 15 7 25 20 16 21 24 13 0
0 20 15 13 1 23 21 14 4 8 24 19 6 9 25 11 22 3 17 2 18 16 12 5 10 7 0
0 3 10 1 9 16 2 13 23 15 19 6 12 14 22 20 24 7 8 11 18 25 21 17 4 5 0
0 17 24 16 25 2 23 19 21 18 12 4 1 3 10 20 7 22 9 15 14 13 5 8 6 11 0
0 8 12 2 15 11 7 21 10 5 20 13 18 22 23 17 6 14 1 25 16 24 9 3 4 19 0
0 22 2 8 3 9 13 7 10 17 23 19 11 20 16 18 12 21 14 25 15 6 4 24 5 1 0
0 23 6 1 5 24 8 13 11 9 2 14 10 17 4 16 7 3 18 25 19 22 12 21 15 20 0
0 23 17 11 8 22 9 18 1 16 19 21 10 15 3 24 20 5 25 12 2 4 13 7 6 14 0
0 22 20 14 1 24 4 2 19 3 12 9 13 10 17 6 25 18 15 11 8 5 7 23 21 16 0
0 11 6 23 9 17 12 20 5 21 4 8 16 22 1 3 18 14 10 24 15 2 7 13 19 25 0
0 8 1 5 17 4 10 20 11 19 16 2 22 15 21 3 23 6 13 24 18 25 12 9 7 14 0
0 13 20 22 17 11 16 6 3 14 23 24 1 2 10 15 8 5 9 19 4 12 7 18 21 25 0
0 17 25 22 8 12 20 2 4 16 19 24 9 3 15 21 23 11 1 13 14 10 6 5 18 7 0
0 17 19 14 6 18 16 7 12 5 25 1 3 4 8 2 9 15 21 22 13 11 23 20 24 10 0
0 17 16 5 4 25 22 9 14 11 15 10 21 19 1 2 3 8 12 13 18 20 23 6 24 7 0
0 17 9 24 3 5 12 8 15 21 10 19 1 11 22 23 13 6 2 16 20 25 4 18 7 14 0
0 4 20 18 14 21 23 19 25 7 6 8 9 24 1 12 2 11 5 15 17 3 16 22 10 13 0
0 23 13 19 17 4 12 14 21 20 2 15 7 24 11 9 18 5 8 16 3 25 22 1 6 10 0
0 3 25 18 2 12 5 8 10 7 15 24 22 21 14 19 13 17 20 4 6 9 16 23 11 1 0
0 13 22 4 8 7 1 18 23 24 21 15 5 16 9 19 25 6 12 17 2 11 3 20 10 14 0
0 20 5 25 17 9 21 22 8 16 12 11 23 15 24 3 18 7 2 6 14 1 10 19 13 4 0
0 5 24 21 16 22 11 8 23 3 2 20 1 6 4 10 9 13 25 12 14 7 15 19 17 18 0
0 17 18 25 16 10 19 3 15 4 9 12 14 8 21 20 24 23 2 6 1 7 5 11 13 22 0
0 17 19 8 10 15 9 14 6 3 11 5 12 16 20 1 25 2 21 7 22 23 13 24 4 18 0
0 24 5 7 12 9 2 13 18 20 11 1 25 3 17 23 22 6 4 15 8 19 16 14 21 10 0
0 16 1 8 9 15 13 11 17 21 25 14 22 3 18 12 19 5 23 7 2 10 24 6 20 4 0
0 19 5 20 23 14 25 13 9 1 16 6 15 2 10 11 22 24 8 21 12 3 17 18 4 7 0
0 22 2 18 17 23 8 13 19 15 25 21 14 3 6 24 4 20 7 10 12 5 11 9 1 16 0
0 14 15 16 4 18 20 22 2 9 23 6 10 8 25 1 5 17 11 24 3 13 19 12 7 21 0
0 25 16 15 24 1 10 9 11 23 19 22 20 12 6 13 3 21 2 4 18 7 5 8 17 14 0
0 10 11 20 8 18 5 2 6 13 9 16 7 21 3 17 15 23 19 22 24 25 14 12 4 1 0
0 14 13 17 20 4 15 10 24 7 19 25 23 3 18 11 16 8 21 5 22 2 6 12 9 1 0
0 3 4 6 1 19 25 16 2 23 9 8 7 10 12 14 15 20 5 17 22 18 21 24 13 11 0
0 7 14 19 23 10 20 6 22 5 24 13 2 9 15 16 1 8 3 21 12 11 25 17 4 18 0
0 7 23 9 1 24 25 10 15 22 13 20 5 2 12 11 18 16 4 14 17 21 19 3 6 8 0
0 16 1 3 19 13 22 23 24 2 21 8 10 12 17 20 6 18 15 7 4 14 11 25 9 5 0
0 13 2 24 10 8 7 19 9 23 25 4 16 20 12 18 17 21 22 14 3 1 6 11 5 15 0
0 13 2 20 21 23 19 16 24 18 10 15 12 9 17 3 14 7 1 8 4 22 11 6 5 25 0
0 9 3 25 12 11 14 4 17 18 6 19 22 24 15 10 23 7 2 21 1 5 13 20 16 8 0
0 25 16 2 9 14 22 24 20 8 1 5 7 4 6 11 21 10 3 12 17 15 19 13 18 23 0
0 17 21 9 20 13 18 14 24 12 22 11 4 23 3 7 19 1 6 2 10 8 25 5 16 15 0
0 16 6 18 12 22 8 25 5 7 9 13 2 24 4 10 11 14 20 19 15 3 23 21 17 1 0
0 14 21 23 4 8 13 12 3 9 20 22 6 5 15 2 11 10 7 24 19 16 1 25 17 18 0
0 15 2 10 8 21 14 3 19 16 13 6 1 9 23 4 22 20 12 18 17 25 5 11 24 7 0
0 12 14 24 3 17 1 13 20 10 22 7 19 11 5 23 8 18 6 4 21 15 25 9 2 16 0
0 19 5 10 11 3 6 2 12 24 21 17 15 20 1 25 23 7 9 14 13 4 18 22 16 8 0
0 5 6 14 15 19 18 2 24 22 3 8 20 1 11 23 25 17 4 10 9 12 7 21 16 13 0
0 25 1 21 12 7 5 11 15 6 10 8 23 2 14 22 3 24 13 4 20 19 17 16 18 9 0
0 15 7 24 5 25 6 21 2 19 9 8 23 1 12 20 16 10 13 14 11 17 4 18 3 22 0
0 9 19 14 5 24 25 10 21 17 13 16 18 2 11 4 20 12 23 22 6 3 7 8 1 15 0
0 12 23 24 18 9 2 4 21 5 10 1 13 19 15 8 20 11 22 6 7 14 17 25 3 16 0
0 19 8 3 11 14 16 9 24 1 13 17 12 22 18 2 20 15 6 21 10 25 5 4 23 7 0
0 12 1 22 3 18 19 25 16 10 11 9 14 8 7 21 6 23 15 17 2 20 24 5 13 4 0
0 7 12 2 15 22 13 20 21 25 18 24 14 11 17 8 4 19 5 9 16 1 10 23 3 6 0
0 8 13 25 10 16 18 23 1 21 4 5 7 19 15 14 3 22 12 24 11 20 9 17 2 6 0
0 21 5 15 2 8 3 16 14 22 23 10 7 6 9 24 19 12 25 4 11 20 17 1 13 18 0
0 20 23 10 2 3 19 14 5 11 1 7 17 21 25 16 24 4 22 13 12 6 15 18 8 9 0
0 17 6 10 8 22 18 12 23 24 3 20 13 7 11 15 2 21 16 5 25 4 14 19 1 9 0
0 24 21 1 22 3 6 23 4 18 14 25 13 20 17 5 11 15 2 7 9 19 8 10 12 16 0
0 24 19 16 1 4 11 7 8 18 14 12 9 3 5 2 20 22 13 17 10 15 6 21 23 25 0
0 9 2 20 8 3 13 16 12 15 23 21 11 19 10 18 25 5 22 17 24 4 7 1 6 14 0
0 2 9 12 1 22 25 14 4 11 13 5 16 3 6 21 23 10 7 17 24 18 19 8 15 20 0
0 19 6 21 2 13 5 23 4 3 9 1 10 16 14 12 20 25 7 15 24 8 17 11 18 22 0
0 5 21 9 22 16 23 25 4 15 18 17 12 1 6 8 7 11 13 10 24 14 3 20 2 19 0
0 10 9 6 8 12 20 22 21 17 11 5 4 7 23 18 15 25 3 19 14 1 16 13 2 24 0
0 22 2 4 15 23 24 5 7 3 14 6 21 1 10 13 9 12 16 8 19 25 20 11 18 17 0
0 1 17 10 8 2 13 19 16 25 24 9 11 21 5 15 7 3 6 23 4 22 18 20 14 12 0
0 13 4 7 16 2 23 15 25 9 24 8 1 12 14 18 20 22 19 21 3 5 6 11 10 17 0
0 8 19 2 24 17 1 5 9 21 3 4 20 18 25 11 12 14 13 22 15 16 6 23 10 7 0
0 21 2 25 13 15 11 4 14 20 18 7 9 1 17 16 3 8 22 5 6 24 19 23 10 12 0
0 6 14 25 8 23 9 4 1 20 15 16 19 18 13 5 3 7 17 22 21 10 24 11 12 2 0
0 24 9 17 25 4 12 7 2 18 15 8 21 6 14 23 22 16 3 11 1 19 5 13 20 10 0
0 10 19 12 8 22 2 17 5 25 21 11 15 16 1 18 20 3 13 14 7 24 23 4 6 9 0
0 21 23 10 19 3 7 9 2 6 13 20 17 24 8 18 12 1 25 5 11 14 4 15 22 16 0
0 14 9 23 19 16 10 20 15 5 2 21 25 4 13 6 7 12 22 3 8 18 11 24 1 17 0
0 18 15 24 17 5 13 10 6 19 12 2 20 22 3 4 11 9 21 7 25 14 1 16 8 23 0
0 4 6 7 11 17 20 12 8 25 24 9 1 18 22 2 23 13 10 15 5 16 14 3 19 21 0
0 3 8 15 18 6 4 11 25 19 2 16 24 10 1 5 12 7 17 20 14 22 21 13 9 23 0
0 21 9 18 12 13 6 5 20 15 16 14 3 11 17 2 4 22 10 25 19 23 24 1 8 7 0
0 15 19 20 18 4 16 6 7 17 10 25 8 14 1 12 2 13 5 23 21 24 9 22 11 3 0
0 20 8 21 11 19 25 4 12 17 5 3 2 14 23 6 1 7 18 15 24 9 22 16 10 13 0
0 23 10 7 13 22 2 20 24 3 11 1 4 21 15 16 12 8 19 5 17 9 14 25 18 6 0
0 3 23 25 17 12 9 13 18 4 1 15 11 22 6 10 7 8 14 19 16 21 24 2 20 5 0
0 3 25 22 12 11 20 1 8 2 9 21 17 19 24 16 4 13 6 18 5 14 7 15 23 10 0
0 25 7 11 14 24 2 10 15 6 20 9 4 23 17 19 22 8 3 16 12 18 5 13 1 21 0
0 21 14 24 9 15 5 22 6 3 4 23 2 17 13 7 16 19 10 8 1 25 11 18 20 12 0
0 6 23 3 17 22 20 14 13 24 5 1 25 12 9 18 16 2 15 10 4 21 8 11 7 19 0
0 17 23 3 14 2 7 8 19 25 20 5 22 12 13 21 4 11 16 9 15 10 6 24 18 1 0
0 17 7 3 11 20 18 22 15 16 2 25 13 14 1 12 19 21 24 10 23 4 5 8 9 6 0
0 15 22 9 25 4 1 8 19 16 13 23 5 6 11 2 3 10 20 18 7 12 24 14 17 21 0
0 5 1 15 23 4 16 20 21 3 11 17 9 2 14 10 7 18 22 24 8 6 25 19 13 12 0
0 7 17 18 4 15 16 23 10 5 19 22 14 13 21 6 20 25 8 12 11 3 9 1 2 24 0
0 4 12 2 22 5 13 21 10 7 16 20 24 3 11 15 9 23 25 14 19 17 6 18 1 8 0
0 18 5 19 7 6 13 17 21 24 22 4 11 9 12 25 2 1 23 3 15 10 20 8 16 14 0
0 22 2 13 19 18 25 9 10 8 3 20 7 23 1 4 17 14 6 11 15 24 21 16 12 5 0
0 23 24 14 1 7 4 15 13 19 6 25 2 11 20 9 22 21 10 17 16 18 12 3 5 8 0
0 7 17 4 5 10 24 2 12 6 1 8 18 21 16 14 13 22 19 23 3 20 9 15 25 11 0
0 14 2 5 13 22 3 20 23 15 10 6 19 11 7 18 12 9 21 8 1 4 25 17 24 16 0
0 20 10 14 18 4 17 7 19 3 1 8 6 12 13 15 25 5 21 24 23 22 9 16 2 11 0
0 12 20 14 23 1 8 25 19 5 3 15 16 4 7 9 18 6 24 10 21 11 13 22 2 17 0
0 3 25 10 22 16 2 1 13 5 12 6 11 15 14 4 23 24 18 19 9 7 20 21 17 8 0
0 22 25 4 11 16 14 20 7 18 17 2 3 10 5 8 13 12 19 6 24 1 9 21 23 15 0
0 12 15 10 13 22 5 11 24 4 8 6 3 21 16 20 17 14 7 19 1 25 9 2 18 23 0
0 12 19 25 10 21 5 9 4 7 20 22 3 17 11 15 24 16 13 14 18 23 6 2 1 8 0
0 20 23 12 7 10 6 1 2 13 4 9 17 15 21 11 8 25 18 16 19 3 5 22 14 24 0
0 7 1 16 24 20 25 2 22 3 12 15 5 18 10 23 21 8 6 4 9 11 19 17 13 14 0
0 24 1 3 7 4 17 8 19 12 15 21 23 20 2 14 9 22 18 11 16 25 5 13 6 10 0
0 1 3 15 16 17 21 8 11 4 7 18 25 14 20 23 2 6 22 10 9 24 19 12 5 13 0
0 4 21 19 25 12 3 11 2 1 7 24 23 5 16 8 6 17 18 20 22 13 14 9 15 10 0
0 10 1 4 21 5 20 14 15 6 23 2 19 24 3 18 16 7 8 17 13 11 9 25 22 12 0
0 24 2 22 1 25 20 10 6 18 3 16 21 8 17 12 14 7 13 4 11 23 19 5 15 9 0
0 24 12 16 13 23 3 11 22 21 1 2 17 25 15 10 6 14 19 4 5 18 7 9 8 20 0
0 25 4 5 23 22 3 19 8 6 21 1 9 24 20 7 10 12 13 16 2 15 17 11 14 18 0
0 19 18 22 21 4 3 23 17 12 1 11 6 10 14 7 16 13 2 25 15 20 5 9 24 8 0
0 18 17 22 2 20 13 14 16 1 24 4 7 10 23 25 19 6 5 8 3 21 15 11 9 12 0
0 24 8 13 7 23 16 3 9 17 22 18 4 21 1 25 5 6 11 15 10 14 12 20 2 19 0
0 12 3 23 9 6 1 13 18 15 2 16 11 8 22 21 4 19 14 5 17 24 10 7 25 20 0
0 5 4 3 17 10 25 14 1 2 6 12 18 16 21 7 13 8 24 15 23 9 11 22 19 20 0
0 15 23 7 18 12 14 13 3 19 16 10 9 2 5 11 6 24 21 20 17 25 1 4 22 8 0
0 7 8 5 3 18 9 14 12 16 25 15 19 10 11 2 17 20 4 21 23 6 13 1 24 22 0
0 14 2 5 3 23 19 10 12 22 24 13 4 6 15 17 7 8 20 18 16 11 25 1 21 9 0
0 1 14 9 23 24 13 22 21 18 3 25 8 16 15 17 12 19 5 7 20 4 6 11 10 2 0
0 22 3 24 18 9 15 2 8 6 21 4 14 11 23 19 12 10 20 13 5 16 7 1 25 17 0
0 14 17 18 21 25 20 8 19 4 11 2 5 22 23 1 15 6 7 16 13 3 24 9 10 12 0
0 21 19 2 13 15 8 5 4 14 16 25 23 6 1 3 11 9 18 20 24 22 10 7 12 17 0
0 15 2 4 9 1 14 24 22 6 20 25 18 23 21 7 5 8 13 16 3 10 12 17 19 11 0
0 18 12 14 21 16 25 3 20 1 6 17 11 2 8 7 22 15 5 24 9 4 19 13 23 10 0
0 8 11 25 16 18 19 4 22 10 5 17 13 15 3 7 21 6 9 1 20 24 2 23 14 12 0
0 11 7 23 20 5 25 8 12 1 21 10 16 4 17 2 13 18 9 6 22 3 19 24 14 15 0
0 12 14 16 4 20 15 21 23 2 1 18 19 24 6 10 7 3 11 25 9 17 22 8 13 5 0
0 18 7 6 15 21 24 14 11 17 25 22 5 10 4 9 16 2 1 13 19 23 20 8 12 3 0
0 3 17 16 12 14 19 15 8 11 2 25 18 23 24 13 4 22 10 9 7 1 20 6 21 5 0
0 22 6 24 4 16 15 23 18 17 13 19 5 12 2 8 25 20 14 3 7 10 21 1 11 9 0
0 8 24 9 5 6 23 12 11 10 1 15 21 4 2 25 13 7 22 18 3 14 19 16 17 20 0
0 9 1 15 8 23 20 11 21 12 4 3 7 14 17 24 25 2 5 22 18 16 6 13 19 10 0
0 18 19 25 2 7 22 15 5 12 16 13 24 6 10 23 1 8 21 20 9 14 11 3 4 17 0
0 1 2 15 6 24 5 14 23 4 21 12 19 9 20 13 18 22 8 7 3 25 11 16 10 17 0
0 23 18 20 21 25 3 22 10 1 8 16 6 24 9 2 5 19 13 14 15 11 12 17 7 4 0
0 6 15 1 16 25 24 19 3 2 11 13 14 21 17 8 18 10 20 7 9 23 12 22 5 4 0
0 2 24 15 10 23 6 1 25 8 5 9 17 11 18 7 19 20 4 14 12 16 13 21 22 3 0
0 9 21 20 25 5 8 17 24 18 6 23 2 12 14 16 13 3 22 15 1 11 10 19 7 4 0
0 16 11 1 19 12 3 23 5 18 15 13 8 20 6 9 24 14 2 22 7 21 4 25 10 17 0
0 18 13 3 15 14 6 25 10 11 8 9 5 4 16 19 23 20 22 24 1 2 12 17 7 21 0
0 18 25 6 23 4 5 24 17 8 19 2 12 21 1 20 3 22 14 11 15 7 10 9 13 16 0
0 6 4 22 9 5 11 14 18 3 19 12 25 10 24 13 2 20 17 21 23 15 8 1 7 16 0
0 16 24 25 7 1 22 10 18 8 3 14 2 20 15 5 12 17 13 23 11 9 6 4 21 19 0
0 5 23 21 16 12 17 1 9 8 2 25 4 14 7 18 20 19 13 6 24 11 3 15 22 10 0
0 15 16 3 4 11 13 10 19 25 12 1 9 5 6 20 22 8 17 24 2 7 14 21 18 23 0
0 12 8 16 19 20 17 2 14 11 9 4 18 23 21 10 24 22 13 6 7 5 25 3 15 1 0
