# n n_solutions
31 1000
# n x n distance matrix
0 2545 1456 1964 707 2500 921 1414 1581 2360 2600 2915 1208 2256 2780 2720 1941 806 3488 2340 3676 2729 3041 3138 3313 3324 608 1615 2451 1843 1431
2545 0 1456 2302 2641 3306 1627 3959 4022 3721 4753 5420 3178 4205 5315 4004 1403 2459 3640 4770 4472 2376 984 1252 2580 4229 3061 3511 1431 3026 2137
1456 1456 0 2420 1272 1992 854 2778 2687 3448 4019 4338 2501 2751 4045 2607 1802 1824 4036 3405 3231 1526 1640 2507 3361 4248 2061 2061 1004 1600 700
1964 2302 2420 0 2600 4220 1627 2942 3400 1486 2831 3944 1523 4220 4272 4606 900 1204 1627 4110 5464 3940 3238 1972 1414 1941 2002 3573 3220 3635 2906
707 2641 1272 2600 0 1802 1204 1581 1414 3061 3140 3162 1886 1700 2780 2024 2402 1500 4167 2140 2969 2202 2906 3471 3883 4031 1170 1004 2147 1140 921
2500 3306 1992 4220 1802 0 2607 3041 2500 4860 4838 4500 3689 1655 3765 806 3757 3255 5841 2886 1252 1303 2983 4472 5322 5813 2952 1400 2039 670 1341
921 1627 854 1627 1204 2607 0 2334 2459 2596 3275 3801 1711 2901 3701 3067 1216 1000 3255 3220 3858 2370 2213 2280 2751 3400 1442 2200 1811 2061 1280
1414 3959 2778 2942 1581 3041 2334 0 707 2563 1886 1581 1503 1920 1389 2863 3220 1802 4143 1216 3939 3748 4410 4477 4356 3584 984 1676 3716 2408 2500
1581 4022 2687 3400 1414 2500 2459 707 0 3220 2580 2000 2088 1220 1389 2213 3517 2202 4729 761 3289 3383 4318 4716 4804 4248 1403 1100 3522 1923 2247
2360 3721 3448 1486 3061 4860 2596 2563 3220 0 1565 2961 1204 4326 3605 5020 2353 1655 1726 3764 6020 4939 4600 3443 2483 1029 1984 3828 4393 4201 3712
2600 4753 4019 2831 3140 4838 3275 1886 2580 1565 0 1503 1581 3801 2376 4741 3551 2308 3257 2842 5813 5315 5481 4780 4022 2308 2002 3534 5024 4176 4011
2915 5420 4338 3944 3162 4500 3801 1581 2000 2961 1503 0 2441 3080 1063 4159 4468 3041 4687 1838 5217 5315 5953 5748 5280 3801 2360 3100 5292 3911 4080
1208 3178 2501 1523 1886 3689 1711 1503 2088 1204 1581 2441 0 3138 2765 3818 2051 728 2647 2716 4827 3905 3905 3324 2912 2220 781 2624 3500 3023 2624
2256 4205 2751 4220 1700 1655 2901 1920 1220 4326 3801 3080 3138 0 2200 1100 4101 3036 5700 1300 2137 2842 4219 5147 5557 5353 2370 707 3301 1345 2102
2780 5315 4045 4272 2780 3765 3701 1389 1389 3605 2376 1063 2765 2200 0 3300 4606 3178 5300 900 4318 4753 5685 5866 5675 4554 2370 2404 4909 3257 3635
2720 4004 2607 4606 2024 806 3067 2863 2213 5020 4741 4159 3818 1100 3300 0 4272 3522 6191 2400 1077 2109 3764 5115 5818 6020 3041 1220 2816 1019 1910
1941 1403 1802 900 2402 3757 1216 3220 3517 2353 3551 4468 2051 4101 4606 4272 0 1442 2332 4272 5008 3252 2353 1280 1565 2828 2236 3405 2441 3257 2416
806 2459 1824 1204 1500 3255 1000 1802 2202 1655 2308 3041 728 3036 3178 3522 1442 0 2683 2927 4459 3289 3178 2720 2601 2561 824 2416 2807 2617 2059
3488 3640 4036 1627 4167 5841 3255 4143 4729 1726 3257 4687 2647 5700 5300 6191 2332 2683 0 5360 7080 5544 4623 2807 1315 1131 3352 5099 4770 5243 4534
2340 4770 3405 4110 2140 2886 3220 1216 761 3764 2842 1838 2716 1300 900 2400 4272 2927 5360 0 3423 3935 5020 5478 5522 4775 2109 1565 4186 2416 2906
3676 4472 3231 5464 2969 1252 3858 3939 3289 6020 5813 5217 4827 2137 4318 1077 5008 4459 7080 3423 0 2202 4001 5675 6574 7000 4060 2282 3106 1843 2594
2729 2376 1526 3940 2202 1303 2370 3748 3383 4939 5315 5315 3905 2842 4753 2109 3252 3289 5544 3935 2202 0 1800 3624 4763 5770 3313 2370 948 1526 1303
3041 984 1640 3238 2906 2983 2213 4410 4318 4600 5481 5953 3905 4219 5685 3764 2353 3178 4623 5020 4001 1800 0 2121 3551 5178 3624 3580 948 2906 2140
3138 1252 2507 1972 3471 4472 2280 4477 4716 3443 4780 5748 3324 5147 5866 5115 1280 2720 2807 5478 5675 3624 2121 0 1552 3649 3498 4440 2683 4104 3206
3313 2580 3361 1414 3883 5322 2751 4356 4804 2483 4022 5280 2912 5557 5675 5818 1565 2601 1315 5522 6574 4763 3551 1552 0 2325 3413 4883 3889 4810 3981
3324 4229 4248 1941 4031 5813 3400 3584 4248 1029 2308 3801 2220 5353 4554 6020 2828 2561 1131 4775 7000 5770 5178 3649 2325 0 3000 4841 5126 5166 4604
608 3061 2061 2002 1170 2952 1442 984 1403 1984 2002 2360 781 2370 2370 3041 2236 824 3352 2109 4060 3313 3624 3498 3413 3000 0 1843 3059 2282 2009
1615 3511 2061 3573 1004 1400 2200 1676 1100 3828 3534 3100 2624 707 2404 1220 3405 2416 5099 1565 2282 2370 3580 4440 4883 4841 1843 0 2690 854 1442
2451 1431 1004 3220 2147 2039 1811 3716 3522 4393 5024 5292 3500 3301 4909 2816 2441 2807 4770 4186 3106 948 948 2683 3889 5126 3059 2690 0 1972 1280
1843 3026 1600 3635 1140 670 2061 2408 1923 4201 4176 3911 3023 1345 3257 1019 3257 2617 5243 2416 1843 1526 2906 4104 4810 5166 2282 854 1972 0 900
1431 2137 700 2906 921 1341 1280 2500 2247 3712 4011 4080 2624 2102 3635 1910 2416 2059 4534 2906 2594 1303 2140 3206 3981 4604 2009 1442 1280 900 0
# set of given starting solutions
0 12 14 20 16 7 11 1 29 23 21 5 6 4 2 8 15 26 18 22 25 24 19 3 10 27 28 9 30 13 17 0
0 27 5 29 2 3 8 12 23 24 15 21 6 11 25 14 30 4 13 19 7 16 1 22 28 18 17 26 9 20 10 0
0 28 5 24 4 1 29 2 19 6 20 14 12 17 30 26 7 15 18 27 23 21 22 11 10 9 3 8 13 25 16 0
0 27 24 23 29 7 28 22 9 18 16 13 4 17 10 20 15 2 30 6 3 14 19 25 21 5 11 1 12 26 8 0
0 26 20 30 29 27 23 5 21 25 17 1 10 2 7 24 12 22 18 3 13 16 14 8 6 15 19 9 28 11 4 0
0 19 30 8 26 21 27 9 13 10 23 14 29 7 18 28 11 17 2 5 24 1 3 4 20 12 22 15 16 6 25 0
0 17 4 2 25 5 27 24 16 19 22 12 26 1 10 29 30 23 28 7 6 15 9 11 18 8 14 13 3 21 20 0
0 30 10 27 9 1 3 26 2 24 11 18 13 7 19 6 17 14 25 23 8 5 22 29 4 21 15 28 20 12 16 0
0 25 7 26 23 19 20 16 13 18 11 21 6 30 1 27 15 4 28 10 17 22 9 29 3 8 12 14 5 24 2 0
0 6 14 13 7 1 10 19 24 9 22 3 26 4 30 21 23 15 8 17 11 27 18 29 16 28 2 20 25 12 5 0
0 23 6 7 1 29 21 28 4 24 12 10 9 13 27 5 22 30 16 26 19 3 20 11 25 14 15 18 8 2 17 0
0 21 1 15 11 23 24 20 4 22 29 30 13 28 8 25 2 26 7 6 14 10 19 17 5 18 9 27 12 16 3 0
0 13 9 1 29 20 22 3 30 17 4 21 10 7 12 27 28 24 11 2 14 8 26 5 15 23 25 6 19 18 16 0
0 17 13 7 24 14 23 11 25 1 2 18 3 16 28 29 30 22 15 6 5 21 26 20 10 27 8 9 12 19 4 0
0 7 24 5 9 23 3 13 22 28 6 18 17 25 15 26 29 27 2 12 8 30 14 10 1 16 4 20 11 21 19 0
0 13 2 4 30 9 18 10 23 28 15 22 14 20 19 12 17 8 6 1 26 29 27 16 24 21 3 11 5 25 7 0
0 6 23 28 15 18 19 17 14 1 16 20 21 3 11 25 8 30 26 27 10 29 22 2 12 7 24 4 13 5 9 0
0 21 22 2 12 27 11 1 17 8 25 18 23 9 19 28 15 16 30 4 14 29 26 20 24 13 10 6 3 5 7 0
0 22 28 30 4 23 2 9 5 19 1 29 26 27 16 3 7 21 17 12 10 24 14 6 13 11 15 18 8 20 25 0
0 19 20 5 26 13 6 27 1 22 9 23 18 16 11 10 15 3 21 14 25 30 17 7 29 12 24 4 8 28 2 0
0 20 28 19 16 15 24 6 27 3 4 21 26 12 14 18 8 30 5 11 17 29 23 22 25 10 2 1 9 7 13 0
0 11 24 20 28 15 8 21 18 7 29 12 16 5 23 30 1 4 14 3 26 13 25 22 10 2 19 17 9 6 27 0
0 11 18 2 8 13 7 10 21 19 16 28 25 24 4 14 3 5 12 30 9 1 27 26 23 15 20 17 22 29 6 0
0 4 28 23 24 8 16 1 17 19 18 3 7 11 9 14 22 29 21 10 12 15 20 2 6 26 5 30 27 13 25 0
0 18 21 13 22 4 5 20 12 28 7 9 17 3 15 1 26 14 11 24 16 30 29 19 2 23 25 6 8 27 10 0
0 25 18 22 6 21 7 3 11 12 9 20 17 10 28 15 1 14 19 4 29 2 24 23 16 30 26 8 27 5 13 0
0 7 4 6 10 12 22 21 20 19 1 27 24 29 2 18 26 15 28 25 11 14 5 23 3 9 17 30 16 8 13 0
0 7 14 16 5 9 27 29 22 20 12 24 8 17 6 18 15 26 25 19 10 1 11 30 4 23 28 21 13 2 3 0
0 17 29 2 1 4 21 14 26 16 25 28 22 12 9 13 19 20 10 27 6 3 15 18 7 24 23 11 30 5 8 0
0 26 25 14 16 19 27 21 17 10 2 15 18 1 8 12 24 6 30 5 11 9 7 20 13 28 29 22 4 23 3 0
0 5 25 1 15 24 21 20 29 28 8 27 14 22 16 11 4 7 23 12 26 17 13 18 9 3 10 19 6 30 2 0
0 11 26 15 30 14 12 28 10 17 13 20 7 27 9 21 16 22 3 8 18 1 6 23 19 24 4 29 25 2 5 0
0 15 3 22 5 29 25 10 9 1 4 24 28 12 19 8 2 30 27 16 17 18 13 23 7 21 11 20 26 6 14 0
0 15 23 1 20 26 29 28 30 12 5 9 10 21 4 13 19 17 27 8 16 22 7 14 25 6 18 11 3 2 24 0
0 5 13 25 30 3 24 10 9 20 18 16 27 12 14 28 29 11 23 22 7 17 1 19 8 2 21 15 6 26 4 0
0 29 12 11 5 16 26 9 20 17 24 19 2 3 22 15 25 13 14 27 8 4 23 30 21 28 1 10 7 18 6 0
0 2 26 12 6 5 30 18 23 4 3 8 21 25 29 13 16 19 24 1 20 7 14 27 22 11 9 28 10 17 15 0
0 20 3 27 28 6 18 1 10 13 4 24 21 15 23 9 8 22 29 5 11 7 16 17 19 25 30 14 26 2 12 0
0 12 26 2 19 22 13 24 1 27 17 28 11 7 21 20 3 23 16 18 10 29 30 15 14 4 9 6 25 8 5 0
0 21 11 25 27 9 1 15 12 22 10 20 7 5 8 18 4 28 14 13 29 23 30 26 3 6 16 17 24 2 19 0
0 23 4 1 17 25 10 3 5 28 12 14 11 13 20 29 6 24 7 2 22 9 30 27 18 15 21 26 16 8 19 0
0 29 3 7 14 13 8 21 30 20 28 1 5 6 26 4 9 22 27 25 12 2 10 23 17 11 15 18 16 19 24 0
0 25 27 11 9 2 17 21 15 16 5 7 14 29 19 18 20 10 1 24 12 22 26 23 28 8 6 13 3 4 30 0
0 2 22 19 1 7 14 27 4 20 18 12 15 6 13 5 29 9 30 16 17 28 10 23 21 26 11 25 3 24 8 0
0 4 14 19 5 23 24 27 30 20 13 3 11 12 18 6 25 16 17 15 29 22 21 8 10 2 7 26 9 28 1 0
0 21 28 12 1 8 11 20 30 4 14 2 3 15 7 10 27 16 22 6 18 29 19 23 5 25 9 24 26 13 17 0
0 29 9 14 6 8 5 24 16 30 28 3 12 27 18 11 10 22 1 15 13 26 20 17 2 21 19 7 4 23 25 0
0 25 9 4 18 2 27 17 13 1 6 16 14 22 10 28 30 3 19 5 23 21 26 24 15 20 12 29 8 7 11 0
0 2 26 19 10 20 24 11 13 30 23 29 15 4 27 3 1 9 6 5 16 18 8 22 12 14 17 7 21 25 28 0
0 26 2 30 22 25 8 20 13 12 5 17 9 7 29 14 24 23 19 18 28 1 10 27 3 4 15 11 16 6 21 0
0 27 22 5 10 20 15 2 29 16 23 6 4 3 14 9 26 25 13 7 8 21 1 28 24 11 30 19 17 12 18 0
0 9 2 19 17 18 3 12 22 4 29 28 7 16 15 6 21 14 1 26 24 20 10 5 8 11 30 25 23 27 13 0
0 9 21 6 18 2 3 28 14 27 4 16 22 15 7 1 25 30 24 5 26 29 20 10 8 12 23 17 13 19 11 0
0 30 22 1 14 6 24 4 28 20 21 12 2 13 27 15 5 29 16 11 10 25 8 23 17 19 18 3 9 7 26 0
0 4 15 21 12 6 20 7 10 23 5 11 19 24 14 16 9 30 3 29 22 28 17 18 2 13 8 27 1 26 25 0
0 7 19 28 5 22 18 23 13 12 3 26 2 1 21 6 20 8 16 9 4 25 11 14 17 15 10 27 24 29 30 0
0 21 27 25 14 5 2 13 6 24 8 23 29 20 12 9 1 4 30 15 16 10 28 11 26 3 17 19 7 18 22 0
0 19 29 3 20 2 25 12 1 7 22 17 11 26 9 10 5 6 15 23 13 30 28 16 14 21 24 18 8 4 27 0
0 28 11 30 13 27 22 25 20 23 5 26 16 18 10 4 8 29 3 1 21 17 7 24 12 2 6 9 14 15 19 0
0 12 15 22 10 5 11 25 4 14 26 27 1 6 19 8 20 2 29 16 7 23 9 13 24 18 30 21 3 28 17 0
0 13 12 9 2 14 25 17 19 6 15 8 24 26 4 27 18 29 22 20 16 28 23 3 21 30 7 5 10 11 1 0
0 4 11 10 14 16 5 17 6 28 30 18 27 22 3 19 7 29 20 24 26 23 15 21 25 8 1 12 2 13 9 0
0 26 20 5 22 3 13 30 18 6 14 27 19 25 12 11 24 28 16 10 8 4 17 9 29 7 15 21 2 23 1 0
0 22 11 10 17 20 5 7 26 25 6 19 12 21 16 24 3 13 8 14 15 4 1 28 18 2 30 23 9 29 27 0
0 9 3 14 24 2 10 8 20 27 11 28 16 26 29 25 4 17 6 15 12 19 18 7 1 5 22 23 21 13 30 0
0 19 11 16 15 26 17 14 1 3 20 24 22 12 8 13 10 6 9 30 4 23 27 25 2 28 29 5 18 7 21 0
0 19 14 6 18 10 20 13 16 28 9 15 22 7 3 17 24 2 27 29 4 21 5 25 12 26 8 30 11 23 1 0
0 14 1 18 8 21 4 3 13 7 20 9 24 5 29 10 15 23 16 25 30 2 6 11 28 19 17 12 26 27 22 0
0 9 19 28 23 6 3 24 22 17 20 15 11 4 10 14 26 30 5 2 12 18 13 1 29 27 25 16 8 7 21 0
0 25 4 5 15 1 13 18 7 3 8 17 16 30 27 20 11 26 12 2 14 28 21 6 23 22 10 19 29 9 24 0
0 24 1 27 9 6 12 13 19 14 11 7 18 10 16 2 8 3 4 17 26 30 23 5 29 28 21 20 22 25 15 0
0 6 26 24 23 2 15 27 17 13 21 19 9 25 10 12 7 3 1 20 22 30 11 5 29 18 16 4 8 28 14 0
0 22 1 2 16 6 21 28 13 26 18 11 14 20 3 17 7 5 25 27 24 29 15 10 30 12 9 23 4 8 19 0
0 4 28 1 21 30 7 2 20 26 14 5 29 25 24 23 27 6 9 16 12 17 3 10 15 18 8 19 13 22 11 0
0 21 10 2 20 18 25 16 9 27 7 8 3 23 24 13 12 6 11 17 28 1 30 22 26 5 19 4 15 14 29 0
0 1 6 9 25 5 2 11 3 7 29 20 30 17 8 10 26 4 16 12 15 27 23 14 19 24 18 28 13 22 21 0
0 6 23 3 25 4 7 22 24 30 16 15 10 12 5 13 18 2 14 29 9 17 27 21 19 1 28 26 20 11 8 0
0 11 13 2 5 14 8 7 17 9 23 19 25 21 29 20 18 15 4 12 22 30 10 3 16 27 6 24 26 1 28 0
0 11 3 20 14 7 25 16 6 13 1 2 26 15 28 8 29 12 10 30 17 22 24 18 27 21 5 4 19 9 23 0
0 23 5 14 4 28 12 20 8 19 25 9 11 3 15 2 26 13 16 21 1 7 18 27 24 30 22 29 17 6 10 0
0 18 15 29 23 27 19 7 26 25 28 21 30 5 9 24 13 10 1 8 11 3 16 6 14 4 17 12 2 20 22 0
0 6 9 18 23 1 7 20 16 30 17 4 3 29 12 14 22 5 11 13 10 21 19 15 24 25 28 26 8 27 2 0
0 12 3 1 6 4 2 30 29 16 23 10 21 5 17 19 22 14 13 26 7 28 18 27 11 25 9 15 8 24 20 0
0 1 27 13 9 10 4 26 16 12 19 8 20 17 23 21 6 18 7 3 2 25 24 15 5 28 30 14 22 29 11 0
0 19 27 16 5 18 25 22 2 9 11 1 10 3 12 23 6 8 7 26 30 29 24 4 17 28 14 15 20 13 21 0
0 16 29 27 18 4 22 6 20 1 19 3 5 2 11 21 30 23 24 28 9 8 13 10 7 14 15 12 17 25 26 0
0 26 5 25 28 17 1 10 20 11 8 14 22 6 24 29 19 23 7 2 3 15 16 30 9 4 12 13 18 21 27 0
0 15 13 16 5 14 4 7 19 28 9 23 20 18 30 29 1 12 22 3 17 26 6 2 25 10 11 8 24 27 21 0
0 18 22 9 14 6 16 20 19 10 1 30 29 21 26 23 5 8 17 13 3 11 27 7 12 24 28 15 25 2 4 0
0 14 24 30 1 21 9 4 29 27 25 23 19 18 10 2 17 13 28 8 11 5 15 6 26 22 12 16 20 7 3 0
0 29 18 8 30 26 23 9 17 21 15 4 3 19 27 13 25 16 28 6 5 24 20 1 11 14 22 10 12 2 7 0
0 12 7 2 17 29 16 5 13 4 9 18 21 26 1 10 24 25 27 8 15 11 14 19 28 6 30 22 20 3 23 0
0 26 9 3 6 8 19 23 30 28 22 2 25 11 21 1 13 16 5 15 17 4 14 18 20 12 29 27 10 7 24 0
0 10 28 25 9 12 30 29 2 16 6 18 3 24 20 7 19 21 15 4 23 11 13 14 27 22 26 17 8 5 1 0
0 14 7 27 11 26 20 2 23 9 12 19 25 15 5 22 10 1 28 13 30 3 21 6 24 16 8 17 29 4 18 0
0 4 17 16 21 1 10 29 25 22 7 19 28 5 15 6 12 3 8 26 11 13 27 24 2 14 9 20 23 30 18 0
0 3 17 1 21 27 10 13 26 11 7 19 6 12 4 8 23 14 28 20 25 24 5 22 18 15 2 16 29 30 9 0
0 28 18 5 26 3 4 24 17 7 12 9 14 16 15 6 13 27 20 29 30 25 10 19 23 8 1 22 2 21 11 0
0 10 12 4 23 8 20 29 28 24 9 13 19 30 17 25 3 22 18 15 6 21 5 7 2 1 11 27 26 14 16 0
0 14 22 13 7 26 19 17 5 10 18 20 16 24 1 11 29 30 23 27 21 15 28 25 2 4 6 12 3 9 8 0
0 5 1 28 3 18 23 15 17 19 29 21 24 8 30 10 27 16 22 25 20 13 2 4 9 11 7 26 12 6 14 0
0 26 28 15 8 27 7 19 2 12 6 16 14 30 29 1 20 9 5 21 4 3 18 22 23 24 11 13 25 10 17 0
0 18 13 17 14 7 1 28 27 2 30 19 15 20 10 29 9 3 24 21 4 23 12 16 6 25 22 26 11 5 8 0
0 23 16 7 27 6 28 19 30 24 17 14 18 10 3 29 2 15 22 4 25 9 13 12 5 1 26 8 11 20 21 0
0 14 27 13 24 20 22 30 15 5 19 18 3 8 6 11 16 23 9 17 1 4 2 29 7 25 12 28 21 26 10 0
0 9 19 25 1 6 16 23 8 10 28 2 18 11 14 29 22 21 26 27 24 12 30 17 20 13 3 7 15 5 4 0
0 30 14 6 24 3 15 28 11 19 5 2 21 16 22 27 4 23 1 17 12 26 10 18 29 20 8 7 25 9 13 0
0 27 13 3 11 5 21 9 2 15 7 12 29 6 8 19 20 16 24 1 30 4 10 22 23 26 28 25 14 17 18 0
0 5 10 15 16 26 3 6 22 2 12 24 11 23 13 18 25 28 29 17 30 8 1 21 14 7 4 20 19 27 9 0
0 8 22 18 14 19 10 21 27 5 25 3 13 16 6 30 12 24 11 20 4 28 7 1 9 23 29 15 2 17 26 0
0 2 10 24 12 25 20 4 30 17 27 18 8 6 26 3 19 5 9 11 23 29 28 14 21 1 16 15 22 13 7 0
0 24 29 3 13 16 18 25 11 9 12 15 22 27 2 8 28 7 17 21 20 10 14 1 4 5 19 26 23 6 30 0
0 5 20 9 30 17 29 27 23 13 26 14 6 3 18 11 7 28 8 12 10 4 24 19 15 22 2 16 1 21 25 0
0 8 3 14 24 12 30 15 10 11 7 22 26 16 21 27 9 19 23 1 17 29 18 2 4 5 13 6 25 20 28 0
0 8 5 11 23 28 30 12 9 26 19 22 3 17 13 24 14 16 21 15 20 2 1 27 6 10 7 25 4 29 18 0
0 17 29 11 7 27 15 28 22 21 3 24 6 30 8 19 16 2 23 26 25 13 14 12 1 10 9 18 20 4 5 0
0 18 5 21 30 16 22 20 17 24 2 6 12 25 3 7 10 27 1 23 14 13 15 8 4 26 19 11 29 28 9 0
0 15 4 20 6 18 5 25 22 10 12 16 17 1 3 21 29 28 23 26 30 24 2 14 9 19 7 27 13 11 8 0
0 9 21 26 7 22 20 5 30 25 1 10 2 23 13 4 27 8 24 29 12 17 11 28 14 15 16 18 3 19 6 0
0 5 22 27 23 9 3 14 28 4 18 26 6 13 17 24 2 7 15 12 19 8 10 30 25 29 20 11 1 21 16 0
0 11 13 5 6 30 19 15 1 29 26 10 20 14 7 18 12 24 17 21 16 4 3 27 2 23 8 28 9 22 25 0
0 21 13 2 27 12 28 1 5 17 29 3 4 24 11 6 10 19 16 22 7 18 9 23 20 30 14 8 25 26 15 0
0 8 25 20 4 19 5 16 10 13 30 7 9 26 3 15 18 1 6 28 22 27 2 23 11 17 12 24 21 29 14 0
0 6 17 8 26 28 20 19 4 14 13 30 11 16 24 15 5 9 1 3 27 7 18 29 10 2 23 21 22 12 25 0
0 20 29 10 27 15 30 12 16 5 1 9 14 4 8 6 13 3 19 18 22 24 21 7 17 2 26 28 11 25 23 0
0 21 26 20 27 11 9 7 13 5 19 2 18 8 23 22 6 25 10 12 15 24 28 14 29 17 1 3 30 4 16 0
0 21 22 8 20 14 15 25 30 29 23 17 26 9 1 2 3 13 11 4 28 19 12 18 27 16 24 10 7 5 6 0
0 12 26 24 3 30 27 13 25 2 22 17 10 8 5 11 7 23 21 16 18 19 20 14 1 4 28 29 6 9 15 0
0 30 20 15 14 28 18 2 24 7 6 17 12 21 29 1 9 11 19 5 4 27 23 25 10 16 22 3 26 13 8 0
0 25 11 21 28 1 24 8 9 13 4 19 27 29 30 20 22 12 7 6 2 16 26 18 14 23 15 5 10 17 3 0
0 10 20 18 15 4 26 19 8 24 30 2 14 12 22 25 6 3 23 16 7 21 28 11 29 5 17 13 27 1 9 0
0 27 6 24 28 14 22 2 15 18 4 21 11 13 9 5 8 10 3 26 1 30 25 20 7 12 17 29 23 19 16 0
0 8 24 30 19 25 29 26 20 11 2 10 17 7 28 6 16 22 27 13 21 9 23 5 12 1 15 4 18 14 3 0
0 2 29 17 25 16 14 9 30 27 6 22 24 7 8 13 1 10 18 21 28 3 26 19 20 23 12 15 5 11 4 0
0 9 8 12 4 30 11 19 3 2 14 1 27 16 29 26 5 18 24 7 15 28 23 10 20 6 25 13 17 22 21 0
0 3 28 4 30 26 20 14 25 19 5 12 16 24 23 18 1 11 10 21 15 29 27 17 2 8 7 22 9 13 6 0
0 11 20 27 17 13 4 9 18 15 30 2 22 16 12 3 28 1 29 23 24 10 26 5 14 8 7 6 19 21 25 0
0 16 10 20 6 24 3 13 1 11 21 9 12 2 22 14 5 27 8 7 19 25 26 23 18 30 17 4 15 28 29 0
0 18 4 2 5 25 23 7 29 22 9 19 16 27 15 12 14 24 21 3 28 13 6 11 17 10 1 20 30 8 26 0
0 15 11 18 14 2 10 3 13 30 24 7 22 4 17 28 29 27 26 8 6 1 5 9 23 19 20 16 25 21 12 0
0 12 17 6 29 1 28 10 13 7 4 30 14 9 27 16 8 24 25 26 21 5 18 20 15 19 3 23 2 11 22 0
0 14 24 22 29 1 16 26 30 23 13 28 17 8 4 9 18 3 27 10 5 19 2 20 15 7 11 21 6 25 12 0
0 6 27 10 28 19 30 12 17 22 21 3 7 18 11 2 16 13 4 25 15 26 20 1 24 5 29 9 8 23 14 0
0 6 2 16 14 18 23 7 27 9 1 5 28 19 3 30 4 11 21 17 8 25 12 10 15 29 22 13 26 24 20 0
0 22 30 26 5 7 19 8 3 29 15 14 12 9 27 2 28 11 13 1 25 20 17 6 10 23 21 18 24 16 4 0
0 25 2 6 1 23 26 14 11 17 18 16 13 29 21 24 8 5 7 3 12 19 30 27 15 10 4 20 28 9 22 0
0 27 22 16 7 13 26 6 19 21 28 17 8 18 14 5 12 23 20 15 11 1 10 3 9 2 4 29 24 30 25 0
0 1 23 2 21 5 30 25 18 10 22 27 8 9 16 24 4 11 6 28 17 7 14 26 3 20 29 12 13 15 19 0
0 7 14 21 11 2 12 30 4 6 16 23 27 9 3 22 28 18 25 15 29 20 5 10 8 13 1 17 24 19 26 0
0 20 27 19 15 9 13 10 22 24 3 16 8 4 21 5 23 30 11 29 7 2 6 28 25 12 17 1 18 26 14 0
0 7 17 29 20 22 3 27 21 8 1 13 28 23 10 14 30 19 15 6 11 25 12 9 4 26 2 18 24 5 16 0
0 28 13 4 3 9 26 23 30 7 20 17 18 8 15 6 11 12 21 24 19 5 16 22 29 1 27 25 2 10 14 0
0 11 4 1 3 9 28 29 27 12 16 19 25 22 20 5 6 23 10 17 15 18 24 8 30 2 14 13 21 26 7 0
0 25 20 9 1 19 13 15 24 18 27 21 16 4 11 30 7 26 29 8 23 6 10 2 5 12 3 14 17 28 22 0
0 28 15 14 30 7 5 23 17 18 11 19 6 12 20 2 21 29 24 4 8 3 1 13 9 25 22 26 16 27 10 0
0 4 8 23 18 14 30 13 5 6 10 9 15 29 2 11 27 25 22 28 26 7 17 3 24 1 21 12 16 19 20 0
0 28 13 25 23 29 4 11 14 16 3 17 21 15 22 30 7 5 27 9 10 26 24 8 12 6 19 1 18 20 2 0
0 30 26 28 6 12 23 29 25 21 13 3 16 1 19 24 22 8 27 11 20 15 14 9 7 4 18 2 5 17 10 0
0 27 17 5 14 10 15 21 8 11 4 24 7 19 28 30 20 13 22 3 18 1 9 29 25 2 23 26 12 6 16 0
0 27 10 29 6 23 21 2 19 4 14 15 8 5 26 13 30 22 7 24 20 9 3 11 25 18 12 17 28 16 1 0
0 21 28 13 22 9 19 30 10 8 25 16 6 5 17 11 2 7 12 3 14 1 26 15 29 24 4 20 27 23 18 0
0 30 9 19 25 26 11 24 27 13 7 29 15 2 16 4 12 21 3 22 5 1 23 14 20 17 8 18 28 6 10 0
0 9 20 27 16 13 1 24 6 15 4 11 5 2 28 29 14 26 8 17 12 23 7 18 22 10 21 3 19 30 25 0
0 22 5 15 9 25 12 1 18 10 19 11 13 8 3 28 27 7 2 16 20 6 30 14 29 4 26 21 24 17 23 0
0 9 6 16 8 5 17 29 20 13 26 7 18 23 19 2 12 1 4 15 11 14 10 25 28 24 30 22 3 21 27 0
0 8 16 1 20 18 29 17 24 5 4 27 7 12 9 10 15 19 23 14 28 21 13 2 11 22 6 3 26 25 30 0
0 3 17 24 4 14 20 9 23 12 8 21 7 1 26 28 13 30 19 15 10 22 2 16 6 5 18 25 29 11 27 0
0 2 25 22 11 23 3 8 17 20 16 14 7 18 10 9 24 21 6 1 15 30 28 13 12 4 27 19 5 26 29 0
0 23 24 28 30 25 9 7 14 21 27 8 18 29 26 22 15 17 19 1 11 12 6 4 10 3 5 16 13 2 20 0
0 25 20 28 26 8 12 3 2 11 27 14 7 21 18 24 23 29 17 6 16 30 22 15 19 4 10 13 5 9 1 0
0 3 14 10 6 8 9 22 24 21 1 28 17 26 27 23 16 12 13 18 29 20 25 5 15 7 2 30 19 4 11 0
0 28 29 22 6 27 18 23 19 24 11 8 13 14 3 30 9 4 1 7 21 12 2 20 16 10 17 25 15 26 5 0
0 27 24 7 8 16 13 20 14 10 30 15 6 12 11 21 5 26 4 17 3 28 23 25 22 19 1 2 29 9 18 0
0 25 7 20 3 1 23 24 5 19 8 9 11 6 30 28 12 2 29 16 17 10 27 21 13 4 18 22 26 14 15 0
0 6 30 26 20 7 4 9 3 11 16 8 23 22 28 5 10 27 17 13 29 15 24 1 19 2 12 14 18 25 21 0
0 7 15 5 2 14 1 6 26 30 12 25 24 18 13 9 11 23 4 8 17 16 29 3 27 28 21 20 19 10 22 0
0 29 11 6 18 9 27 24 12 22 25 23 8 20 26 1 15 2 16 7 30 21 17 4 3 5 14 10 28 19 13 0
0 10 9 19 26 17 2 23 14 12 24 6 28 7 18 20 25 21 15 8 16 11 27 13 5 4 3 22 29 30 1 0
0 17 8 3 10 28 18 25 21 7 13 9 27 22 16 4 30 20 1 26 5 19 2 23 15 12 11 29 14 6 24 0
0 24 20 1 17 21 12 16 27 3 22 13 30 19 23 5 15 11 25 14 2 6 28 4 18 10 9 8 29 7 26 0
0 7 17 18 24 11 14 4 10 22 23 16 8 1 21 20 5 25 29 6 12 30 3 13 28 27 26 2 9 19 15 0
0 9 3 18 8 23 20 1 19 25 21 5 30 24 27 26 6 29 14 11 17 12 7 28 2 13 16 22 4 10 15 0
0 17 13 4 22 6 29 21 15 2 25 7 20 11 24 28 3 16 30 1 9 14 18 19 12 8 26 10 27 23 5 0
0 16 25 18 21 4 22 28 20 26 24 13 7 1 10 27 2 8 5 15 23 9 17 30 3 29 6 19 12 14 11 0
0 9 19 2 4 11 21 28 30 7 24 16 15 18 29 14 10 3 26 27 25 5 12 1 17 20 8 13 22 23 6 0
0 5 10 9 4 17 7 24 3 8 21 6 19 26 20 25 16 28 2 23 22 15 1 14 27 30 29 13 12 18 11 0
0 19 13 21 17 24 5 6 16 2 20 8 3 30 26 12 28 25 22 15 10 14 18 27 11 1 29 7 9 23 4 0
0 5 7 15 13 27 30 21 29 16 9 18 19 1 11 17 4 26 2 23 14 3 10 6 24 12 22 28 20 8 25 0
0 26 28 1 12 30 6 8 29 13 21 15 7 20 19 18 11 9 27 10 23 4 17 5 14 22 25 2 24 16 3 0
0 16 9 8 18 15 13 21 24 3 1 10 4 11 29 17 26 7 20 22 6 12 30 5 23 14 28 25 27 2 19 0
0 6 16 2 23 18 22 15 19 24 11 21 29 3 30 28 7 5 13 1 8 25 27 9 4 26 12 20 10 14 17 0
0 26 23 3 12 28 5 7 19 2 18 29 17 22 1 6 14 27 4 11 10 24 25 13 16 9 30 21 8 15 20 0
0 1 7 27 23 29 11 16 8 28 20 17 30 26 15 12 4 19 25 2 13 9 10 24 5 14 22 3 18 21 6 0
0 4 8 25 16 12 1 13 29 2 26 28 7 23 24 17 22 30 14 18 11 20 21 6 3 19 9 10 15 27 5 0
0 30 22 16 19 28 21 26 5 1 17 13 25 29 3 9 14 6 4 23 11 24 8 15 2 12 10 27 20 18 7 0
0 1 14 16 29 5 10 27 15 23 24 26 6 3 13 8 22 17 28 25 4 20 18 19 11 2 9 7 30 12 21 0
0 12 20 3 30 7 28 26 24 13 29 2 15 21 6 16 11 27 4 1 25 18 19 22 8 10 14 5 9 17 23 0
0 28 23 1 6 25 21 26 27 14 9 5 4 7 10 2 13 30 3 8 18 24 22 12 16 20 19 11 29 15 17 0
0 23 5 30 8 4 12 27 1 9 10 13 21 6 16 29 11 20 22 17 3 18 28 15 24 26 25 14 2 19 7 0
0 26 18 24 17 5 6 10 13 30 11 15 20 8 2 1 27 14 3 23 29 4 21 9 7 25 12 22 28 16 19 0
0 7 4 26 12 28 13 2 9 1 3 8 19 11 24 30 15 18 17 14 25 22 6 27 20 10 16 29 21 23 5 0
0 2 16 27 9 18 3 17 12 1 15 20 14 11 28 13 26 21 29 22 4 25 30 10 8 19 6 5 23 7 24 0
0 3 10 21 23 7 6 27 16 14 28 5 25 22 11 9 12 19 20 17 8 15 4 1 18 29 24 13 26 2 30 0
0 16 27 28 26 25 13 1 12 17 30 21 18 3 24 29 22 2 23 10 9 14 5 11 7 6 19 4 15 20 8 0
0 28 29 13 23 24 20 10 18 11 21 16 4 14 22 17 19 12 7 27 6 9 1 30 8 2 25 15 5 26 3 0
0 23 22 2 17 24 15 9 8 18 5 12 13 1 27 10 30 26 21 7 3 25 19 14 28 29 11 4 16 20 6 0
0 7 9 5 13 26 4 23 17 11 14 6 12 22 28 15 19 2 10 16 20 25 29 30 8 18 24 3 21 27 1 0
0 6 4 18 1 19 27 25 21 13 20 15 30 17 24 7 26 16 8 3 29 23 5 2 12 9 14 11 28 22 10 0
0 10 22 20 4 6 28 21 5 26 11 7 16 1 8 24 25 12 29 15 2 13 17 18 14 27 3 19 30 23 9 0
0 18 2 14 17 10 3 27 22 25 21 24 6 8 7 28 11 29 5 15 13 26 1 4 16 19 9 20 12 30 23 0
0 28 12 26 22 5 15 3 17 30 7 13 6 29 20 9 21 8 16 1 14 4 11 25 10 27 2 18 19 24 23 0
0 29 16 23 6 2 19 21 8 3 30 15 24 25 14 27 18 5 4 28 13 20 7 9 17 11 22 1 12 26 10 0
0 2 25 4 30 16 11 27 29 12 21 1 8 24 10 3 17 23 26 6 19 9 28 5 20 22 18 13 14 7 15 0
0 28 11 23 22 29 9 17 4 19 20 3 25 12 1 10 2 24 13 7 5 16 18 21 14 6 27 15 8 30 26 0
0 6 14 9 8 16 20 21 3 7 2 27 13 15 11 24 17 30 12 5 10 28 22 29 1 19 23 25 4 18 26 0
0 14 20 25 7 21 6 15 19 13 3 22 23 2 26 9 16 30 8 27 18 1 5 12 11 24 10 17 28 4 29 0
0 28 9 22 2 30 6 4 8 21 26 24 13 18 5 27 29 10 14 15 12 1 23 17 20 16 7 19 3 25 11 0
0 26 17 8 6 19 5 7 9 22 1 15 20 12 11 30 4 13 3 25 18 2 29 16 24 23 27 10 28 21 14 0
0 18 24 28 29 30 22 10 13 2 19 26 3 6 14 25 15 23 1 5 11 27 21 8 12 20 4 16 17 9 7 0
0 29 28 17 6 19 18 22 9 24 8 13 4 2 15 25 5 23 21 12 27 10 7 1 16 26 20 11 14 30 3 0
0 24 3 18 12 29 23 14 11 25 21 6 17 10 1 30 13 20 9 28 16 22 19 15 4 26 7 8 27 2 5 0
0 6 9 2 28 25 27 30 16 26 15 7 23 17 11 12 24 22 19 1 13 10 3 18 8 20 4 5 21 29 14 0
0 23 24 3 16 22 6 18 12 20 9 10 7 21 15 29 25 1 17 13 26 5 28 2 30 4 14 8 11 27 19 0
0 30 18 3 17 27 9 10 14 13 20 23 24 16 19 5 29 8 4 6 25 28 22 1 21 7 26 2 15 11 12 0
0 26 10 19 11 23 14 18 3 20 7 13 16 9 8 1 6 21 25 27 22 15 4 24 29 17 30 2 5 28 12 0
0 9 6 8 15 20 16 3 23 1 25 11 30 12 27 29 26 21 7 4 14 19 24 28 2 13 10 22 17 5 18 0
0 18 20 10 26 14 11 24 30 15 28 2 4 19 13 16 21 23 17 1 3 7 9 12 27 6 22 25 5 8 29 0
0 27 10 28 30 4 19 6 16 23 15 5 11 13 1 8 29 14 21 17 20 9 2 12 26 18 22 7 3 24 25 0
0 29 1 12 24 6 5 18 17 25 30 9 2 22 27 7 26 23 11 4 19 3 15 16 13 8 14 28 10 21 20 0
0 30 28 24 9 27 1 6 23 29 4 3 25 10 7 17 20 2 13 11 15 22 19 26 12 5 18 21 8 14 16 0
0 1 21 18 15 11 25 8 12 19 7 2 6 20 26 5 4 22 28 17 29 16 14 10 30 3 24 23 9 27 13 0
0 4 2 23 11 29 17 8 13 20 5 7 16 27 18 25 10 21 24 15 3 1 6 19 22 14 26 12 28 30 9 0
0 11 2 18 20 5 30 13 3 17 4 12 10 28 19 26 14 7 21 6 16 22 1 8 9 15 29 23 27 24 25 0
0 3 21 19 16 26 18 20 1 4 27 17 24 11 29 9 12 25 30 13 6 8 23 5 10 14 22 15 2 7 28 0
0 15 24 16 7 22 10 12 30 18 11 2 27 21 1 25 6 4 8 17 5 29 9 14 20 3 19 13 26 28 23 0
0 17 9 21 11 7 28 27 5 15 24 23 1 19 29 14 10 2 6 12 20 30 16 22 3 4 18 13 8 25 26 0
0 14 5 22 17 1 11 29 26 3 4 24 30 13 2 27 8 18 10 7 20 21 23 12 15 19 9 25 6 28 16 0
0 25 14 18 17 12 26 28 22 24 27 1 11 23 8 6 7 10 3 16 30 29 13 19 9 5 15 21 20 4 2 0
0 23 30 5 15 25 27 11 21 12 17 4 14 20 22 29 18 6 8 13 7 9 2 19 10 28 1 3 24 16 26 0
0 21 30 9 15 19 18 2 28 6 23 7 20 29 11 13 3 4 1 16 12 24 8 14 5 26 22 25 17 10 27 0
0 21 20 7 30 4 17 1 12 28 13 10 27 19 18 26 11 29 8 3 2 25 9 22 16 24 5 6 23 15 14 0
0 12 6 15 19 13 5 2 9 1 18 17 21 23 20 4 7 16 22 8 10 29 25 14 26 24 30 27 3 28 11 0
0 24 18 25 29 26 4 20 1 19 6 9 16 27 28 22 21 12 13 17 30 23 3 5 7 15 2 14 11 10 8 0
0 11 16 15 22 30 27 13 9 3 6 21 18 4 8 5 29 19 14 1 7 23 25 28 2 24 12 17 20 10 26 0
0 21 1 24 18 9 22 7 5 3 23 10 8 15 26 2 11 16 25 30 12 4 28 14 27 19 20 6 13 17 29 0
0 9 1 15 28 22 14 7 16 6 29 21 17 23 30 5 12 26 24 20 8 25 13 2 19 10 11 4 3 18 27 0
0 15 23 1 14 16 8 19 6 30 11 17 3 13 25 7 12 27 5 29 2 26 28 10 9 22 24 4 18 21 20 0
0 7 2 16 14 5 21 12 4 10 15 26 22 3 23 6 18 20 17 25 24 30 9 29 11 13 8 1 19 27 28 0
0 26 12 24 27 20 11 10 25 18 2 3 5 9 19 21 4 1 29 15 30 13 6 28 23 14 8 7 16 22 17 0
0 13 12 24 14 29 26 15 21 25 30 6 4 27 20 16 17 19 2 10 8 18 5 9 22 3 7 11 28 23 1 0
0 11 18 30 6 13 16 15 1 26 17 29 27 4 21 3 24 10 23 2 14 28 22 5 9 25 19 8 7 12 20 0
0 21 3 23 19 17 10 16 15 13 27 25 20 12 6 14 9 2 22 26 28 7 5 1 8 24 18 29 11 30 4 0
0 30 17 1 2 8 14 13 26 3 21 25 18 23 7 29 11 27 19 24 28 10 4 22 9 20 16 15 5 12 6 0
0 9 5 8 27 23 30 1 18 25 22 26 28 10 21 3 4 20 14 17 7 29 16 6 24 11 12 15 19 13 2 0
0 27 5 29 13 30 7 20 14 17 28 9 10 3 4 16 26 25 8 15 22 1 24 19 2 12 23 11 18 6 21 0
0 3 14 10 1 22 4 19 11 9 27 26 17 2 23 29 15 30 28 13 16 12 18 20 25 6 21 8 7 5 24 0
0 28 27 15 22 10 12 1 3 14 4 29 17 6 8 2 24 26 30 21 20 19 7 11 23 18 13 5 25 9 16 0
0 22 23 5 18 9 7 10 20 27 19 11 21 24 15 8 12 14 2 29 4 13 17 28 30 26 16 6 25 3 1 0
0 14 26 5 13 22 25 15 12 8 16 11 6 2 20 28 21 24 17 27 4 19 3 9 29 10 30 23 1 7 18 0
0 16 4 8 18 28 29 24 17 13 1 21 3 30 12 7 9 27 2 26 11 22 19 25 6 20 10 14 23 15 5 0
0 15 9 30 23 5 10 13 12 16 8 11 17 18 2 14 27 28 7 6 3 25 1 4 22 24 19 21 29 26 20 0
0 7 25 16 18 21 1 11 26 5 28 17 30 24 15 27 3 12 8 9 4 13 19 22 14 2 23 20 10 6 29 0
0 28 16 10 17 21 5 9 15 14 12 22 27 11 30 24 4 13 3 18 1 20 25 23 8 7 6 19 2 26 29 0
0 2 1 16 3 6 13 26 14 10 23 12 25 29 18 27 9 24 28 22 8 15 4 5 7 30 20 11 21 19 17 0
0 23 30 13 14 12 4 26 1 21 28 15 29 5 25 17 9 2 22 6 8 11 20 16 10 27 24 3 7 19 18 0
0 16 14 9 21 26 11 20 24 15 29 25 5 6 30 4 18 12 7 8 19 13 2 17 23 3 10 28 22 27 1 0
0 10 30 24 4 25 26 2 29 13 3 28 19 27 8 7 5 1 14 17 11 22 15 21 20 18 16 23 6 12 9 0
0 24 1 29 14 11 2 23 13 3 17 28 6 8 12 9 7 18 26 4 15 16 25 22 19 27 30 20 10 5 21 0
0 22 18 23 30 14 7 3 12 15 4 10 5 29 1 25 21 6 27 9 17 24 2 28 20 8 16 13 19 11 26 0
0 1 17 15 11 22 4 26 13 29 19 20 2 23 16 6 9 10 7 21 14 5 3 28 24 27 12 8 30 18 25 0
0 20 8 4 29 9 26 13 21 14 18 25 5 3 30 10 22 28 16 12 11 19 15 2 1 24 27 6 7 23 17 0
0 9 14 26 8 11 19 21 18 4 29 1 5 7 2 3 23 27 12 17 10 22 25 24 13 20 30 6 15 16 28 0
0 9 11 15 21 24 29 16 18 20 26 13 1 28 10 22 19 2 30 12 27 14 3 25 17 4 6 7 23 8 5 0
0 13 17 27 16 29 23 18 1 5 8 26 20 9 10 22 3 21 2 24 15 28 12 30 6 25 11 4 19 14 7 0
0 21 11 16 8 12 24 4 25 3 26 22 15 17 30 10 18 20 19 9 6 14 7 23 1 28 29 2 13 5 27 0
0 28 19 15 16 3 21 25 11 30 7 5 27 26 14 23 20 22 17 24 29 12 2 6 9 18 4 13 8 10 1 0
0 14 6 10 13 11 20 4 15 9 19 5 17 21 28 22 18 3 2 8 26 29 24 12 27 16 30 25 7 1 23 0
0 19 30 1 28 12 11 27 16 6 10 23 5 29 21 17 7 15 18 9 14 20 8 25 2 22 13 26 4 24 3 0
0 23 25 9 11 14 18 16 13 8 6 4 5 15 20 26 1 24 27 22 19 2 10 3 28 7 12 17 21 29 30 0
0 25 13 17 10 3 7 16 21 12 8 4 6 9 5 27 23 29 15 26 2 1 22 18 20 30 24 19 11 28 14 0
0 7 8 10 17 11 5 1 12 3 18 25 28 22 21 26 30 19 4 20 15 13 14 9 2 29 27 16 23 6 24 0
0 7 22 8 14 11 4 6 24 16 10 18 5 19 3 2 26 17 21 28 29 25 30 27 20 1 15 9 13 23 12 0
0 25 27 9 3 5 15 12 16 21 23 11 13 14 19 6 28 8 24 1 17 20 22 7 26 30 10 29 4 2 18 0
0 11 8 26 17 13 28 27 19 20 22 9 30 23 5 21 16 2 3 24 15 25 6 14 12 29 7 18 1 4 10 0
0 11 15 18 2 17 22 9 3 19 28 29 20 16 1 21 8 27 10 4 14 30 13 6 12 7 24 25 23 5 26 0
0 11 27 19 6 30 20 14 7 12 22 15 8 23 3 2 25 1 5 4 28 17 21 10 24 26 9 16 29 18 13 0
0 19 28 12 2 23 3 10 5 26 13 22 29 20 14 25 16 7 6 11 27 8 17 9 24 1 15 21 18 4 30 0
0 11 6 27 26 9 19 14 3 16 24 5 7 15 29 22 8 25 20 1 17 4 28 21 13 23 18 10 2 12 30 0
0 29 19 28 23 11 9 27 3 18 2 20 14 25 7 1 15 13 24 30 5 16 10 8 6 17 21 26 22 12 4 0
0 16 15 14 12 24 11 4 2 18 23 8 1 6 20 27 10 19 3 5 26 28 29 9 17 7 21 30 22 25 13 0
0 2 11 5 25 1 30 10 16 22 13 28 19 7 4 24 26 14 18 9 3 12 21 27 23 8 15 29 20 6 17 0
0 29 8 26 13 22 11 25 21 30 23 28 1 18 10 7 16 9 6 3 2 17 12 4 20 19 14 15 27 5 24 0
0 23 25 28 26 14 6 20 11 30 21 29 22 4 24 9 10 13 19 2 3 17 27 8 18 12 5 16 7 15 1 0
0 1 19 28 30 12 6 7 22 10 8 17 16 9 5 24 15 18 3 21 26 14 2 20 11 13 29 25 4 23 27 0
0 4 10 24 19 9 22 27 1 7 23 5 28 26 8 13 25 11 6 17 12 30 3 14 20 16 21 29 18 15 2 0
0 24 20 13 22 4 7 14 3 25 2 21 30 1 26 8 15 9 11 10 18 6 27 28 29 19 5 16 17 23 12 0
0 16 12 13 19 4 28 20 7 17 6 3 14 26 10 5 23 27 1 30 15 24 21 18 2 8 25 9 29 11 22 0
0 29 7 26 10 2 30 17 20 19 25 11 28 12 1 5 8 4 22 15 3 6 9 13 14 18 21 23 16 27 24 0
0 21 9 23 14 11 18 12 7 6 20 2 19 16 30 28 27 4 3 26 13 17 29 10 22 1 5 8 25 24 15 0
0 7 18 6 24 3 4 9 15 17 2 14 12 5 19 29 27 28 10 22 21 30 25 20 26 8 23 11 1 13 16 0
0 23 26 25 18 2 21 28 13 9 20 29 6 12 27 3 8 24 10 22 11 4 19 7 30 1 15 16 14 17 5 0
0 27 28 4 6 8 11 16 9 13 17 21 30 5 3 18 15 10 2 26 7 14 19 29 24 25 12 20 22 23 1 0
0 11 4 25 19 22 27 7 6 17 23 29 3 10 12 5 20 16 8 13 2 21 24 26 1 28 15 18 30 9 14 0
0 12 14 5 15 11 4 17 27 20 29 24 10 23 2 21 13 8 1 28 16 25 18 9 6 7 19 22 26 3 30 0
0 20 19 9 16 28 13 14 18 7 11 24 1 27 23 25 12 2 30 29 17 22 4 21 6 3 15 5 10 8 26 0
0 22 25 13 28 29 19 3 17 12 4 18 15 21 2 16 30 8 26 10 7 24 6 9 1 23 5 14 20 27 11 0
0 12 19 23 18 17 8 14 15 28 27 7 22 25 13 16 6 4 30 11 20 10 24 29 21 3 26 2 1 5 9 0
0 21 8 10 14 15 19 18 3 6 2 1 13 9 11 28 20 5 12 22 17 29 25 26 30 7 24 4 16 23 27 0
0 23 9 26 20 6 8 25 16 2 5 21 30 1 28 10 27 11 29 15 14 18 24 22 12 17 3 4 7 13 19 0
0 5 11 12 29 9 6 3 7 8 30 18 23 15 16 24 4 28 2 20 14 13 25 17 21 22 1 27 10 26 19 0
0 23 29 7 11 18 16 10 14 27 20 8 1 19 30 21 25 28 17 6 12 26 5 22 15 3 13 4 2 9 24 0
0 11 20 22 26 17 14 2 29 8 24 27 4 5 13 12 23 21 3 10 28 7 25 1 30 6 18 9 16 19 15 0
0 18 15 26 13 25 11 30 28 21 5 19 12 1 16 6 17 29 27 4 8 9 14 3 24 22 10 2 7 20 23 0
0 9 3 11 2 8 15 6 28 13 17 4 1 14 16 18 12 10 25 22 5 24 30 19 23 26 20 7 21 27 29 0
0 2 9 21 30 12 22 15 13 18 3 16 5 17 29 10 28 20 7 19 1 24 6 11 25 26 27 8 23 4 14 0
0 1 13 22 11 17 15 18 28 21 30 16 27 3 12 10 19 5 23 29 24 8 4 26 9 20 7 2 14 25 6 0
0 24 23 4 30 22 5 18 14 7 28 10 9 1 25 27 15 17 3 11 29 26 20 21 6 13 2 12 19 16 8 0
0 1 27 10 4 16 18 8 19 12 9 28 7 23 6 14 24 30 22 13 26 2 3 20 15 11 25 21 17 5 29 0
0 7 27 3 6 19 20 8 23 13 5 17 16 30 28 4 15 1 11 21 12 26 14 25 10 9 22 29 2 24 18 0
0 2 14 15 23 20 18 24 5 3 7 19 1 8 13 21 12 27 29 26 28 4 22 6 25 10 16 17 11 30 9 0
0 30 28 25 26 22 14 29 24 4 12 23 16 6 3 21 13 8 27 15 1 7 19 11 18 10 5 20 9 2 17 0
0 22 24 4 16 10 17 6 3 23 13 9 19 26 18 12 2 29 14 20 27 25 11 15 21 28 1 5 8 7 30 0
0 4 2 8 20 6 24 25 30 15 3 13 22 21 9 14 28 7 19 5 1 26 18 10 27 17 29 12 16 11 23 0
0 17 7 5 27 3 24 6 30 2 11 14 29 8 26 9 23 1 20 15 21 25 16 22 18 28 13 4 10 19 12 0
0 29 15 14 22 25 3 9 20 4 17 6 12 2 30 8 21 27 10 26 19 24 18 5 11 16 13 1 23 7 28 0
0 28 23 8 13 2 30 29 18 21 6 17 1 22 16 15 14 25 4 12 24 19 11 7 26 9 5 10 20 27 3 0
0 7 5 18 12 4 22 28 25 13 29 27 20 10 1 30 6 11 15 24 16 3 19 2 23 9 8 14 26 17 21 0
0 30 6 25 11 18 22 29 9 15 21 7 13 5 24 16 2 20 8 19 10 26 1 23 12 17 27 4 14 3 28 0
0 17 29 1 20 27 30 9 11 16 6 13 28 12 8 10 2 25 24 21 7 23 19 14 5 22 15 3 18 26 4 0
0 5 29 3 21 26 7 2 11 24 4 6 20 12 22 16 28 25 1 13 18 27 17 8 10 19 9 30 23 15 14 0
0 25 19 20 6 11 4 21 24 16 9 18 1 28 7 3 17 26 14 5 12 10 15 13 22 23 27 2 8 29 30 0
0 6 23 16 10 9 18 4 26 30 19 13 5 15 8 2 21 28 7 12 22 11 17 1 14 29 25 3 27 20 24 0
0 8 19 1 17 12 16 23 30 13 2 4 9 22 6 25 3 20 15 18 14 11 21 29 24 27 10 5 26 7 28 0
0 25 26 11 12 29 14 10 15 2 9 24 21 5 8 19 28 7 22 20 16 17 23 13 4 18 1 30 3 27 6 0
0 1 24 29 2 5 26 9 16 15 10 8 12 28 13 14 7 18 25 22 19 21 27 4 23 20 17 11 3 30 6 0
0 21 15 23 13 8 7 5 14 22 27 26 25 3 20 6 11 19 10 28 1 17 24 12 9 18 2 16 30 4 29 0
0 2 4 15 7 8 19 24 22 29 10 6 23 28 27 20 30 18 26 16 1 14 21 3 5 13 25 9 11 12 17 0
0 18 1 8 16 12 2 3 19 21 17 30 23 26 10 24 11 29 15 9 7 20 14 5 27 6 13 4 25 22 28 0
0 5 8 19 2 28 9 25 10 1 3 22 14 4 18 24 26 27 20 29 17 7 30 13 16 21 11 15 12 6 23 0
0 26 19 16 4 11 5 6 3 21 12 22 13 8 17 27 1 20 2 7 14 25 10 29 9 28 30 24 18 15 23 0
0 27 19 7 17 3 18 25 23 30 21 14 22 11 8 2 10 20 13 26 5 28 29 1 12 15 16 24 6 4 9 0
0 16 9 13 15 20 29 6 23 3 4 19 25 14 24 1 8 10 22 18 21 7 30 11 2 27 5 28 26 17 12 0
0 25 12 5 13 16 27 19 30 1 28 4 21 18 20 3 2 24 8 14 6 11 22 9 10 23 29 26 17 7 15 0
0 5 1 9 29 12 28 30 16 13 6 21 7 17 14 22 20 15 24 18 3 2 19 26 25 8 27 10 11 23 4 0
0 28 25 23 27 14 21 11 30 10 24 13 22 16 12 29 4 18 7 1 3 8 15 19 6 2 5 20 17 26 9 0
0 12 11 15 8 9 25 3 26 29 16 5 19 20 14 7 13 21 18 4 30 17 27 23 2 1 6 10 24 28 22 0
0 8 18 19 7 4 12 25 27 5 29 2 17 6 11 20 24 9 26 21 22 14 10 3 23 15 30 13 1 16 28 0
0 30 6 18 26 19 22 10 13 2 20 27 7 12 1 17 8 25 4 21 3 11 5 16 28 24 23 15 9 29 14 0
0 25 8 15 3 14 7 2 5 1 28 19 9 10 29 27 18 17 22 21 23 16 26 12 24 30 4 20 6 11 13 0
0 20 18 4 17 10 14 27 5 30 28 3 8 21 13 24 26 22 1 2 23 16 11 15 29 25 12 9 6 19 7 0
0 17 9 3 21 5 4 20 8 7 28 24 6 23 18 25 15 26 27 12 16 11 22 19 10 1 13 29 14 30 2 0
0 18 28 29 1 3 10 14 7 11 4 21 16 17 6 19 9 25 23 26 13 8 27 2 15 12 5 20 24 22 30 0
0 5 23 18 30 17 14 7 13 15 3 28 1 26 8 10 12 19 4 6 9 21 24 22 11 20 29 27 16 2 25 0
0 19 22 1 3 17 7 21 8 10 28 5 14 25 20 30 4 12 11 29 18 27 6 16 26 2 13 15 9 23 24 0
0 24 18 7 9 17 2 16 5 11 6 29 13 10 22 12 3 14 28 4 1 26 23 20 21 30 8 19 15 25 27 0
0 4 13 18 16 26 10 20 15 19 30 12 8 17 3 7 5 22 6 9 2 28 11 14 25 24 21 29 23 27 1 0
0 26 6 8 16 21 11 27 17 25 2 10 20 1 3 22 5 24 23 19 18 29 13 14 30 12 7 28 9 15 4 0
0 1 18 12 9 26 29 5 15 10 19 21 6 7 23 2 28 4 25 27 20 8 30 16 13 14 11 3 22 17 24 0
0 5 19 24 25 4 15 9 1 14 28 30 11 18 2 26 17 20 7 23 16 22 6 21 27 10 8 12 13 29 3 0
0 29 17 24 26 14 2 19 4 22 11 21 23 5 3 30 12 7 20 8 28 15 1 9 16 18 27 6 25 13 10 0
0 7 22 21 14 23 5 29 11 13 24 25 6 30 10 28 19 12 8 26 20 16 3 9 18 15 17 1 4 27 2 0
0 13 16 25 10 7 23 12 17 4 11 24 18 26 6 2 22 14 15 29 19 30 9 28 8 27 5 20 1 21 3 0
0 1 2 8 14 23 25 5 11 16 6 15 18 30 20 21 13 26 29 7 17 3 4 10 27 19 22 28 9 12 24 0
0 8 24 27 15 1 5 18 25 7 6 17 19 23 9 2 10 11 30 16 14 28 4 29 22 26 21 20 12 3 13 0
0 28 21 24 18 26 30 14 1 5 22 23 8 11 3 25 10 9 13 7 4 20 27 29 15 16 6 12 17 2 19 0
0 12 17 18 2 26 7 25 9 16 14 6 23 4 13 1 28 27 19 24 29 5 20 21 15 10 3 8 11 22 30 0
0 7 3 23 17 18 9 26 13 10 25 8 2 5 20 12 15 19 22 14 1 16 4 27 30 28 11 29 6 21 24 0
0 3 27 12 10 2 19 14 28 7 26 16 9 18 17 13 25 5 20 22 23 11 4 30 8 1 21 15 29 6 24 0
0 13 5 4 20 6 19 1 7 12 21 3 28 22 24 25 18 9 11 10 16 26 30 8 27 14 29 23 2 17 15 0
0 8 23 25 6 21 22 1 3 10 26 16 24 27 4 2 13 30 9 19 17 7 14 11 15 18 29 5 12 28 20 0
0 22 8 23 9 27 25 13 2 4 21 6 14 10 24 28 7 16 5 17 18 20 29 26 3 30 15 12 11 19 1 0
0 16 29 30 24 4 9 15 23 3 7 28 22 17 20 8 10 25 6 1 27 14 2 19 12 26 18 21 13 5 11 0
0 22 25 29 2 15 4 9 26 16 8 14 10 23 11 28 17 21 5 3 6 13 19 30 18 27 20 7 1 12 24 0
0 2 28 30 12 24 27 13 7 5 16 10 21 17 23 19 20 25 29 14 22 18 3 9 6 26 15 1 4 11 8 0
0 13 9 5 28 2 30 1 22 8 6 4 23 29 27 24 7 10 21 12 19 3 17 20 11 16 15 25 18 14 26 0
0 11 4 6 7 8 27 25 19 29 13 30 17 21 1 3 2 9 14 5 18 23 10 15 28 16 24 20 26 22 12 0
0 27 15 2 23 1 25 10 11 29 3 4 6 13 12 28 18 19 16 8 9 7 17 14 5 26 21 22 30 20 24 0
0 22 12 20 1 24 14 9 5 11 27 3 15 29 28 10 7 25 6 26 2 19 16 21 4 23 17 18 30 8 13 0
0 6 29 18 4 1 11 7 19 16 14 17 27 28 10 23 25 8 15 13 26 2 24 21 9 12 20 5 22 3 30 0
0 16 4 24 17 13 22 21 7 27 1 5 18 30 10 2 11 9 14 20 3 23 12 6 28 15 29 26 25 19 8 0
0 10 28 14 29 7 24 26 15 2 23 3 6 19 21 13 1 30 4 5 16 25 22 18 11 8 9 17 27 12 20 0
0 11 7 23 18 2 12 6 14 20 15 25 3 30 9 1 26 27 8 24 16 22 19 5 4 21 17 28 13 10 29 0
0 15 4 29 25 12 28 26 7 14 18 22 10 2 27 21 17 19 24 23 13 5 11 8 3 1 30 9 6 16 20 0
0 24 5 3 30 23 21 16 17 29 4 2 13 8 19 18 1 25 28 14 22 20 10 9 12 11 15 27 6 7 26 0
0 6 7 15 28 25 5 10 12 26 18 17 4 16 11 29 14 3 30 20 21 22 13 23 9 2 24 27 19 8 1 0
0 30 25 11 7 27 22 29 14 10 17 21 12 1 23 5 4 2 20 6 18 16 24 19 13 9 15 26 8 3 28 0
0 8 14 21 2 15 23 27 7 13 18 25 6 9 10 19 20 26 3 11 24 17 1 28 29 22 16 12 5 4 30 0
0 2 23 29 18 24 8 6 11 19 17 5 27 9 16 14 28 20 12 26 7 3 21 30 10 13 4 15 22 1 25 0
0 7 29 25 27 20 18 15 30 3 26 8 11 24 12 10 9 6 19 22 1 14 21 17 16 13 23 28 5 4 2 0
0 11 21 10 9 3 23 28 24 30 4 25 7 19 16 18 2 5 29 22 1 20 13 15 27 12 17 14 8 6 26 0
0 23 24 13 7 12 14 20 3 30 2 8 27 21 5 10 28 22 17 19 29 26 18 25 6 9 16 1 15 11 4 0
0 2 5 12 7 16 24 14 19 21 13 20 29 9 8 27 28 15 23 25 3 10 22 11 18 4 6 17 1 30 26 0
0 17 7 6 30 28 13 10 26 9 12 18 21 25 16 1 11 20 8 14 3 4 27 29 19 22 5 15 23 2 24 0
0 21 11 6 5 15 13 19 9 25 4 20 12 24 8 7 29 30 17 2 26 28 16 22 10 23 18 1 27 3 14 0
0 30 27 8 29 16 9 28 23 15 18 22 12 25 20 2 1 14 13 5 3 17 6 4 26 21 10 19 11 24 7 0
0 23 12 20 24 16 30 27 21 7 25 9 17 2 5 10 6 13 8 15 3 11 1 14 22 18 29 26 19 4 28 0
0 3 11 12 17 18 4 10 5 21 7 2 14 23 24 22 29 25 30 6 20 28 15 9 13 19 1 27 8 16 26 0
0 21 5 4 27 29 12 22 2 1 16 13 10 3 14 19 17 18 28 23 6 26 7 30 11 25 15 8 9 20 24 0
0 12 1 18 25 9 29 14 21 5 7 10 30 8 22 2 20 17 15 24 19 27 6 28 13 16 11 3 23 4 26 0
0 10 29 25 17 11 23 6 7 20 21 15 26 24 22 13 3 1 18 16 8 12 27 4 19 30 9 14 2 5 28 0
0 16 29 6 10 19 7 22 23 4 5 12 25 30 21 26 28 24 15 11 27 3 14 1 18 8 13 20 2 9 17 0
0 3 24 10 6 14 28 9 5 16 13 8 15 7 30 1 22 4 23 26 27 12 21 19 17 18 29 20 25 2 11 0
0 15 12 2 13 29 26 30 24 22 20 1 17 5 18 3 11 21 23 27 9 10 7 16 8 25 6 14 19 4 28 0
0 8 7 13 22 5 26 19 17 23 4 21 9 14 11 16 29 1 2 25 18 6 20 10 30 15 28 24 3 27 12 0
0 14 19 5 13 21 24 29 23 16 15 2 22 8 25 4 1 7 10 20 3 18 28 11 6 26 12 17 27 30 9 0
0 16 21 14 23 11 29 3 8 18 2 30 24 4 17 25 12 6 1 9 27 15 13 26 28 20 22 7 19 10 5 0
0 14 5 8 25 28 30 6 24 2 17 12 4 1 22 21 29 20 11 3 13 26 10 19 18 9 7 27 15 23 16 0
0 1 5 18 22 4 16 28 14 15 6 11 29 12 26 23 7 19 21 24 8 30 9 25 27 2 10 17 20 13 3 0
0 30 1 4 2 9 29 25 6 10 20 12 21 22 17 14 16 13 15 23 11 18 8 7 19 3 26 27 24 28 5 0
0 10 11 3 25 27 24 4 23 2 16 17 20 14 19 18 6 28 1 30 8 22 7 9 26 5 12 13 29 15 21 0
0 29 24 21 19 22 1 3 27 26 15 12 17 9 10 30 11 20 23 2 8 6 13 28 7 14 18 4 5 25 16 0
0 13 4 21 3 11 5 30 29 20 22 6 23 12 25 1 27 18 28 7 2 24 14 26 9 19 8 10 15 16 17 0
0 23 3 12 22 21 19 30 16 15 10 24 20 29 17 6 13 11 26 5 27 18 25 1 9 14 7 2 8 28 4 0
0 23 25 27 13 1 22 12 4 5 30 14 15 11 6 26 18 20 10 3 16 28 7 2 19 17 21 8 24 29 9 0
