# n n_solutions
33 1000
# n x n distance matrix
0 6826 5281 3443 4833 6260 6484 6529 6931 6977 7291 6390 5630 6905 7400 7710 11524 8514 9095 9167 10796 10124 10336 11886 11363 9304 8945 9687 9631 8570 5797 6103 6762
6826 0 2109 3807 6122 2505 2507 2600 2570 2668 2507 1788 1984 600 781 921 5672 1702 2624 2640 4272 3701 3667 5124 4539 2517 2580 3383 3748 3640 2418 1063 2184
5281 2109 0 1910 4036 1252 1442 1526 1843 1920 2126 1118 360 1868 2884 2996 7762 3700 3847 3931 5531 4850 5124 6711 6319 4522 4687 5491 5813 5464 3255 2195 1562
3443 3807 1910 0 3101 2817 3041 3088 3488 3535 3848 2983 2236 3712 4522 4729 9228 5491 5755 5842 7433 6746 7034 8620 8205 6315 6276 7077 7256 6594 3905 3448 3324
4833 6122 4036 3101 0 3939 4085 4049 4396 4368 4780 4565 4140 5768 6902 6963 11792 7580 7116 7242 8532 7844 8393 9968 9835 8372 8700 9500 9849 9436 6911 6161 4531
6260 2505 1252 2817 3939 0 223 282 670 721 1044 721 948 2000 3244 3189 8065 3701 3238 3354 4801 4101 4539 6140 5920 4465 4957 5728 6200 6132 4300 3041 608
6484 2507 1442 3041 4085 223 0 100 447 500 824 728 1118 1972 3224 3140 8005 3612 3059 3178 4600 3900 4356 5953 5756 4360 4904 5663 6161 6146 4404 3114 447
6529 2600 1526 3088 4049 282 100 0 412 447 806 824 1208 2059 3312 3220 8080 3679 3080 3201 4601 3901 4373 5968 5787 4420 4981 5738 6242 6239 4504 3214 500
6931 2570 1843 3488 4396 670 447 412 0 100 400 921 1500 1992 3231 3088 7902 3471 2720 2846 4204 3505 4002 5590 5442 4177 4825 5560 6105 6198 4638 3301 400
6977 2668 1920 3535 4368 721 500 447 100 0 412 1019 1581 2088 3324 3176 7981 3546 2751 2879 4210 3512 4026 5608 5478 4244 4909 5640 6191 6293 4738 3401 500
7291 2507 2126 3848 4780 1044 824 806 400 412 0 1081 1769 1910 3104 2915 7660 3220 2340 2469 3805 3106 3613 5197 5069 3889 4614 5325 5905 6087 4707 3337 565
6390 1788 1118 2983 4565 721 728 824 921 1019 1081 0 761 1280 2523 2475 7355 3023 2801 2900 4455 3765 4100 5700 5393 3807 4244 5020 5481 5423 3721 2402 538
5630 1984 360 2236 4140 948 1118 1208 1500 1581 1769 761 0 1655 2765 2830 7657 3492 3522 3612 5197 4512 4809 6403 6040 4308 4560 5360 5728 5470 3413 2247 1204
6905 600 1868 3712 5768 2000 1972 2059 1992 2088 1910 1280 1655 0 1252 1204 6081 1838 2282 2325 3981 3361 3448 4981 4500 2657 2969 3753 4201 4205 2954 1565 1615
7400 781 2884 4522 6902 3244 3224 3312 3231 3324 3104 2523 2765 1252 0 424 4891 1170 2607 2580 4103 3623 3420 4742 4052 1910 1802 2607 2973 2983 2408 1334 2863
7710 921 2996 4729 6963 3189 3140 3220 3088 3176 2915 2475 2830 1204 424 0 4879 806 2195 2163 3679 3201 3000 4346 3687 1603 1769 2549 3023 3224 2831 1708 2745
11524 5672 7762 9228 11792 8065 8005 8080 7902 7981 7660 7355 7657 6081 4891 4879 0 4440 5869 5738 6040 6161 5393 5234 4304 3847 3111 2343 1972 3014 5728 5780 7592
8514 1702 3700 5491 7580 3701 3612 3679 3471 3546 3220 3023 3492 1838 1170 806 4440 0 1824 1746 3061 2683 2334 3577 2886 824 1456 2109 2751 3324 3522 2500 3182
9095 2624 3847 5755 7116 3238 3059 3080 2720 2751 2340 2801 3522 2282 2607 2195 5869 1824 0 141 1708 1081 1303 2906 2731 2061 3201 3687 4440 5147 4967 3679 2630
9167 2640 3931 5842 7242 3354 3178 3201 2846 2879 2469 2900 3612 2325 2580 2163 5738 1746 141 0 1655 1063 1200 2801 2600 1941 3100 3569 4328 5063 4957 3687 2745
10796 4272 5531 7433 8532 4801 4600 4601 4204 4210 3805 4455 5197 3981 4103 3679 6040 3061 1708 1655 0 700 761 1526 1923 2823 4085 4275 5099 6146 6511 5300 4204
10124 3701 4850 6746 7844 4101 3900 3901 3505 3512 3106 3765 4512 3361 3623 3201 6161 2683 1081 1063 700 0 806 2154 2334 2630 3883 4201 5008 5920 6014 4750 3505
10336 3667 5124 7034 8393 4539 4356 4373 4002 4026 3613 4100 4809 3448 3420 3000 5393 2334 1303 1200 761 806 0 1603 1562 2061 3324 3535 4356 5385 5825 4664 3931
11886 5124 6711 8620 9968 6140 5953 5968 5590 5608 5197 5700 6403 4981 4742 4346 5234 3577 2906 2801 1526 2154 1603 0 984 3000 4103 3996 4788 6080 7083 6053 5532
11363 4539 6319 8205 9835 5920 5756 5787 5442 5478 5069 5393 6040 4500 4052 3687 4304 2886 2731 2600 1923 2334 1562 984 0 2193 3189 3023 3807 5122 6307 5385 5316
9304 2517 4522 6315 8372 4465 4360 4420 4177 4244 3889 3807 4308 2657 1910 1603 3847 824 2061 1941 2823 2630 2061 3000 2193 0 1264 1627 2402 3324 4114 3238 3920
8945 2580 4687 6276 8700 4957 4904 4981 4825 4909 4614 4244 4560 2969 1802 1769 3111 1456 3201 3100 4085 3883 3324 4103 3189 1264 0 806 1300 2061 3354 2886 4500
9687 3383 5491 7077 9500 5728 5663 5738 5560 5640 5325 5020 5360 3753 2607 2549 2343 2109 3687 3569 4275 4201 3535 3996 3023 1627 806 0 824 2121 4004 3668 5249
9631 3748 5813 7256 9849 6200 6161 6242 6105 6191 5905 5481 5728 4201 2973 3023 1972 2751 4440 4328 5099 5008 4356 4788 3807 2402 1300 824 0 1476 3847 3807 5768
8570 3640 5464 6594 9436 6132 6146 6239 6198 6293 6087 5423 5470 4205 2983 3224 3014 3324 5147 5063 6146 5920 5385 6080 5122 3324 2061 2121 1476 0 2817 3280 5818
5797 2418 3255 3905 6911 4300 4404 4504 4638 4738 4707 3721 3413 2954 2408 2831 5728 3522 4967 4957 6511 6014 5825 7083 6307 4114 3354 4004 3847 2817 0 1392 4242
6103 1063 2195 3448 6161 3041 3114 3214 3301 3401 3337 2402 2247 1565 1334 1708 5780 2500 3679 3687 5300 4750 4664 6053 5385 3238 2886 3668 3807 3280 1392 0 2901
6762 2184 1562 3324 4531 608 447 500 400 500 565 538 1204 1615 2863 2745 7592 3182 2630 2745 4204 3505 3931 5532 5316 3920 4500 5249 5768 5818 4242 2901 0
# set of given starting solutions
0 3 21 16 19 25 2 22 9 17 29 30 13 18 14 27 12 20 10 4 15 7 26 32 28 11 1 6 5 31 24 8 23 0
0 18 32 4 27 24 22 12 19 10 11 21 6 13 3 23 1 31 2 5 8 15 28 9 17 7 29 26 14 20 25 16 30 0
0 25 29 32 22 19 26 4 10 16 9 8 20 1 24 13 15 31 18 21 5 28 6 12 11 30 3 27 2 14 7 23 17 0
0 23 7 32 18 10 26 29 5 13 19 3 27 12 21 9 8 6 22 25 11 15 28 17 24 4 2 30 14 20 31 1 16 0
0 15 30 29 32 9 23 26 19 4 11 21 27 28 1 25 10 3 22 16 12 6 31 18 17 8 14 2 5 13 24 7 20 0
0 11 3 18 2 13 16 22 10 29 26 19 20 8 17 23 25 15 6 32 31 9 14 12 24 7 30 27 21 28 4 1 5 0
0 27 22 28 1 8 17 7 5 13 26 18 6 10 11 29 2 4 32 15 3 9 25 20 30 31 23 16 19 24 14 12 21 0
0 27 8 29 9 25 11 1 23 5 31 13 24 32 18 4 30 10 19 22 20 3 7 6 16 21 2 12 15 28 26 14 17 0
0 7 16 24 21 13 17 23 9 26 27 1 32 10 8 22 28 20 5 31 15 11 29 6 18 4 3 30 14 19 2 25 12 0
0 26 16 4 2 29 1 31 24 27 5 20 23 17 11 7 32 9 15 19 28 3 22 8 25 10 13 12 18 21 14 30 6 0
0 18 1 14 26 4 25 10 31 17 2 22 24 9 21 3 30 28 29 16 19 8 13 15 32 23 6 7 12 5 20 27 11 0
0 24 1 29 4 10 17 22 12 2 27 30 14 13 3 21 11 9 7 5 28 18 19 26 8 15 32 31 6 25 20 16 23 0
0 3 10 32 25 22 11 20 24 29 23 27 2 15 6 19 5 31 4 26 12 9 8 21 28 16 18 13 1 7 14 17 30 0
0 20 5 12 6 19 7 13 32 2 31 18 22 17 9 4 30 26 27 11 25 10 24 29 15 1 8 3 14 16 28 23 21 0
0 1 14 6 15 23 5 3 2 20 11 25 29 27 17 31 13 21 32 18 12 7 8 28 9 22 24 30 16 26 19 4 10 0
0 29 12 10 28 7 17 31 16 4 24 13 26 11 8 30 18 22 1 25 15 23 3 32 5 20 14 2 19 21 27 6 9 0
0 1 7 16 29 6 20 10 15 3 11 14 18 31 13 19 27 9 23 4 2 28 5 17 8 12 21 24 22 25 32 30 26 0
0 27 15 12 7 25 8 19 22 2 21 32 18 1 23 24 17 4 3 20 31 26 13 10 9 6 16 29 14 5 11 28 30 0
0 23 16 9 31 20 30 15 12 1 10 7 17 3 32 8 27 19 5 2 11 6 22 18 26 4 13 28 21 14 24 25 29 0
0 5 4 15 13 16 9 10 8 25 11 24 1 21 26 32 28 2 17 27 12 14 18 31 30 3 23 20 7 29 6 22 19 0
0 23 22 19 14 31 26 9 13 12 7 17 10 2 18 6 11 32 1 16 4 15 5 3 30 27 8 29 20 28 25 24 21 0
0 21 10 25 5 23 4 11 28 6 32 9 22 3 7 29 14 17 19 12 24 15 18 8 16 30 20 13 1 31 26 27 2 0
0 31 6 13 19 29 32 2 4 23 11 12 28 10 22 9 25 18 1 21 27 16 20 3 14 24 8 15 5 26 30 7 17 0
0 13 5 26 17 15 19 23 4 6 31 32 16 8 10 29 2 1 20 21 24 18 30 12 11 7 3 27 25 14 9 28 22 0
0 9 10 32 15 1 2 3 17 18 30 25 26 31 14 13 27 6 21 7 29 11 28 22 20 12 19 24 23 16 4 5 8 0
0 5 14 16 8 26 22 27 6 7 2 11 23 18 20 1 10 4 15 24 25 12 13 19 9 29 32 3 21 28 31 30 17 0
0 9 3 10 1 18 11 21 14 8 15 13 12 31 7 22 4 20 24 5 23 2 29 32 17 26 19 28 27 6 16 25 30 0
0 19 30 12 27 2 4 23 31 9 5 11 21 15 26 10 1 29 3 6 25 8 16 20 18 24 32 28 17 22 13 7 14 0
0 13 8 27 11 3 5 22 23 20 30 18 24 14 4 9 17 29 21 10 26 19 7 2 32 16 12 1 6 15 31 28 25 0
0 10 7 19 4 22 32 2 3 5 31 25 6 12 30 1 13 27 11 28 14 26 9 21 23 20 29 15 17 18 24 16 8 0
0 29 3 17 5 26 12 19 8 9 11 16 20 24 30 2 7 22 28 32 31 4 23 21 25 6 10 13 1 27 14 15 18 0
0 28 31 4 11 2 13 9 10 16 14 15 32 21 29 18 24 25 23 3 12 1 7 22 17 20 30 19 8 5 6 26 27 0
0 20 9 7 6 10 4 2 17 24 31 26 11 27 32 3 1 21 18 28 14 19 15 12 25 8 30 22 23 13 5 16 29 0
0 1 28 18 32 23 24 16 5 8 12 29 19 30 21 31 4 26 14 7 6 27 15 9 11 3 10 20 25 2 17 22 13 0
0 28 19 14 20 7 26 4 1 17 22 11 3 23 8 9 5 25 15 31 6 30 12 16 27 32 2 10 13 21 29 18 24 0
0 26 10 32 28 8 30 22 24 18 20 19 14 5 27 25 12 6 7 3 4 23 2 16 17 21 1 31 11 29 13 9 15 0
0 17 16 27 13 20 30 32 2 23 22 1 26 18 12 6 29 8 21 7 19 9 24 25 5 15 3 14 11 4 10 31 28 0
0 26 22 11 21 25 20 2 1 5 6 28 15 4 13 24 12 23 17 32 9 3 19 29 18 30 8 10 27 16 7 14 31 0
0 14 8 27 1 20 31 18 16 19 30 17 13 21 11 26 29 5 9 7 22 2 28 3 24 10 15 4 32 6 12 25 23 0
0 3 21 13 22 32 7 5 24 2 4 9 26 12 11 10 30 25 20 27 31 29 8 28 6 1 18 17 15 14 16 19 23 0
0 23 17 31 30 32 12 4 29 18 20 1 7 19 14 25 2 27 3 15 21 13 16 10 11 6 5 24 22 26 28 9 8 0
0 27 17 15 11 19 26 13 10 28 24 23 22 6 5 31 21 29 1 16 12 3 18 32 2 20 7 8 30 4 25 9 14 0
0 6 27 16 28 19 3 15 1 13 11 29 20 30 31 9 32 4 10 7 25 2 8 17 18 26 5 12 21 23 14 22 24 0
0 11 27 9 23 10 13 21 20 3 14 4 6 28 8 12 1 31 5 30 26 16 18 17 22 25 29 32 7 15 24 19 2 0
0 16 29 14 9 2 10 6 21 3 5 28 31 17 26 23 22 1 32 15 12 8 4 19 20 7 13 11 27 25 24 18 30 0
0 6 2 18 13 3 15 25 20 19 4 23 7 30 26 31 12 28 14 8 32 29 17 9 10 1 16 24 11 5 27 22 21 0
0 11 6 17 22 14 31 5 13 15 20 12 19 29 24 10 21 26 16 32 3 9 7 4 23 2 25 8 28 1 18 30 27 0
0 14 12 25 5 23 27 8 19 2 9 15 7 30 13 31 22 16 11 6 28 17 24 18 3 20 32 10 21 1 29 26 4 0
0 25 3 11 21 20 19 28 13 10 22 31 26 2 32 29 24 17 16 23 15 7 18 27 1 8 30 4 6 12 5 9 14 0
0 1 29 19 28 15 13 3 8 5 27 32 17 22 12 18 24 26 30 10 14 23 21 6 2 9 7 16 31 20 11 4 25 0
0 4 30 20 10 17 23 1 3 8 2 18 15 31 25 14 22 26 29 21 12 16 27 9 5 28 19 13 32 7 24 11 6 0
0 32 8 24 23 18 14 7 4 13 1 12 29 3 30 26 28 5 6 25 15 2 31 19 11 9 27 17 16 10 22 21 20 0
0 15 11 7 2 21 25 4 29 3 16 32 5 30 23 18 12 6 8 20 24 10 9 26 14 27 28 1 22 31 13 19 17 0
0 16 1 32 10 11 22 29 25 31 27 21 7 30 6 19 26 15 2 4 23 18 9 3 24 17 14 8 28 5 20 12 13 0
0 5 4 28 6 3 24 27 2 10 12 23 7 1 9 8 16 26 18 11 25 20 14 32 21 19 13 15 17 22 30 29 31 0
0 28 8 19 30 1 32 17 21 18 25 5 12 10 13 14 23 16 15 29 6 20 11 7 4 24 26 27 3 22 2 31 9 0
0 18 1 6 10 24 32 3 11 23 29 22 28 25 21 12 19 4 17 8 31 5 15 20 7 14 26 2 13 30 9 27 16 0
0 19 21 12 2 25 20 29 15 6 22 23 7 11 30 9 3 4 28 17 1 14 16 24 5 26 32 31 13 8 27 18 10 0
0 10 31 22 2 8 18 25 19 12 24 4 26 20 3 7 15 6 21 32 16 30 28 9 5 29 17 23 13 11 27 1 14 0
0 31 22 23 16 20 4 6 11 5 1 9 29 21 15 8 27 14 19 12 7 3 13 2 28 30 18 17 24 26 10 25 32 0
0 29 14 21 24 26 3 9 31 10 7 17 32 22 6 18 20 4 1 25 15 19 8 12 2 23 13 11 30 16 28 27 5 0
0 13 21 31 28 11 1 10 12 5 32 16 18 7 22 8 30 23 3 6 29 2 15 14 27 4 17 20 19 24 9 25 26 0
0 22 8 32 7 19 14 2 27 31 1 16 5 6 17 10 21 24 15 30 13 28 11 3 18 9 25 23 4 26 20 12 29 0
0 9 14 19 11 20 22 25 5 26 1 2 21 16 7 13 4 24 32 3 17 6 10 28 31 30 29 18 12 8 15 23 27 0
0 27 6 25 3 32 13 10 28 2 30 1 31 5 7 18 8 24 12 11 14 23 17 9 20 21 29 19 4 22 16 26 15 0
0 8 24 25 6 28 5 15 3 31 11 2 9 1 16 27 4 20 7 21 10 26 12 13 23 18 29 14 30 32 22 19 17 0
0 14 19 13 22 29 2 11 17 30 26 32 12 28 27 3 5 23 7 15 16 20 24 4 18 25 8 6 1 21 9 10 31 0
0 18 24 23 15 8 21 12 27 25 29 6 10 22 28 11 20 30 4 9 26 5 1 16 19 17 14 3 31 7 2 32 13 0
0 1 10 24 5 6 25 27 11 21 18 20 14 7 3 9 19 13 29 31 17 15 2 26 12 32 28 30 16 23 8 22 4 0
0 7 3 30 5 29 17 21 16 4 12 25 11 31 10 18 22 28 23 26 27 9 32 14 2 15 6 20 24 13 8 19 1 0
0 27 4 32 5 2 22 16 15 20 30 8 25 19 23 28 6 14 21 3 1 13 24 7 9 10 29 18 12 31 17 11 26 0
0 15 16 10 32 6 14 7 31 11 13 9 30 24 17 20 21 8 26 5 19 22 12 18 2 25 27 1 3 23 28 4 29 0
0 8 5 11 13 31 7 2 3 27 16 19 28 10 15 18 20 6 26 29 24 1 22 23 9 14 4 30 17 25 32 21 12 0
0 17 29 4 6 23 7 28 1 5 21 16 24 27 12 18 25 8 2 31 22 30 10 15 20 14 3 26 11 32 9 19 13 0
0 30 20 5 13 21 31 3 12 29 23 27 25 18 9 1 10 32 7 2 19 15 4 17 8 24 11 6 26 28 22 16 14 0
0 27 5 8 3 28 11 7 2 1 29 31 15 30 32 23 10 4 21 26 14 24 22 25 20 6 13 12 18 17 19 16 9 0
0 14 12 18 23 15 11 3 30 4 32 9 24 19 8 5 1 13 6 29 20 22 27 28 31 21 2 16 26 7 25 10 17 0
0 2 14 22 15 3 20 13 31 25 24 4 1 12 18 28 16 7 29 8 32 27 10 30 6 26 5 9 19 21 23 11 17 0
0 13 26 6 14 9 28 1 25 17 24 18 22 27 32 15 11 2 8 7 3 12 29 19 16 5 30 21 10 31 20 23 4 0
0 2 22 28 18 12 9 11 15 14 16 23 8 10 19 21 5 6 20 13 7 24 4 26 27 3 31 30 17 32 1 29 25 0
0 17 8 23 16 29 14 24 1 11 7 28 18 5 22 10 9 21 20 30 31 15 19 13 12 32 4 26 25 2 27 3 6 0
0 1 23 30 17 3 9 21 4 5 32 24 2 10 7 11 19 8 16 26 12 31 15 13 6 18 14 29 28 27 22 25 20 0
0 2 6 27 32 19 15 23 7 9 17 22 8 12 11 28 24 21 31 4 26 25 16 1 14 30 20 29 18 10 13 5 3 0
0 29 24 7 15 19 8 10 2 28 6 1 16 25 27 9 23 22 31 32 12 4 3 14 11 18 21 5 13 17 20 30 26 0
0 27 29 25 14 16 10 20 21 1 12 4 11 26 17 13 19 6 31 8 32 7 30 24 28 22 15 9 2 5 23 3 18 0
0 26 28 32 1 6 16 20 27 15 22 11 5 31 4 21 13 7 3 19 18 2 23 29 25 30 14 8 9 17 12 24 10 0
0 32 29 17 19 20 25 16 14 21 31 5 12 4 13 9 3 1 28 27 15 7 2 26 8 22 23 6 30 11 24 10 18 0
0 24 29 25 2 3 23 13 1 14 17 10 20 31 16 30 11 9 15 4 8 12 21 18 5 19 6 26 27 28 7 22 32 0
0 28 23 29 19 32 11 22 25 17 30 3 10 5 7 2 13 1 4 6 9 31 16 8 27 18 21 24 26 12 20 14 15 0
0 1 12 5 15 2 13 23 17 14 10 9 22 8 26 30 16 19 18 11 7 28 4 6 25 32 27 31 21 3 29 20 24 0
0 25 21 26 12 6 14 31 1 23 24 18 8 29 5 3 7 10 22 9 2 32 20 28 27 11 16 15 30 19 13 4 17 0
0 5 26 19 11 9 31 22 1 10 18 30 20 32 6 29 8 17 14 13 25 28 21 7 2 23 12 16 15 24 27 3 4 0
0 22 12 18 10 11 23 15 4 6 26 27 13 31 19 32 24 3 28 20 2 21 30 9 5 29 1 8 25 7 16 17 14 0
0 17 14 7 11 15 13 23 19 30 6 12 31 18 4 27 32 3 26 24 1 8 10 28 21 20 25 5 16 2 9 22 29 0
0 14 25 24 22 19 5 2 26 21 29 31 13 3 15 28 23 16 20 17 8 1 12 4 11 18 6 32 30 7 9 10 27 0
0 26 11 15 10 31 13 3 18 17 4 30 2 8 25 22 20 23 24 9 6 12 7 32 27 19 21 28 1 16 29 5 14 0
0 23 14 7 31 11 15 3 22 10 28 5 17 13 8 21 4 2 16 6 27 32 9 18 12 19 26 25 24 30 29 1 20 0
0 24 20 17 12 22 4 15 21 7 28 10 13 30 5 8 6 26 23 16 31 29 18 3 9 32 11 19 1 27 14 25 2 0
0 14 21 17 9 18 29 3 1 31 12 7 10 28 15 8 26 20 6 27 30 11 16 2 13 23 25 19 24 4 22 5 32 0
0 22 7 27 9 3 5 30 8 2 18 32 26 15 28 14 10 19 17 21 29 31 24 23 13 6 12 1 20 4 16 11 25 0
0 6 26 9 32 16 7 12 30 3 18 25 19 22 27 20 2 15 10 29 1 21 13 28 11 8 17 14 31 4 23 5 24 0
0 29 6 19 10 30 24 21 20 13 16 17 18 14 5 22 8 27 3 12 31 2 23 15 9 25 28 4 32 1 7 26 11 0
0 13 1 2 7 28 30 26 8 18 6 9 17 25 4 12 5 22 14 19 20 29 27 3 24 11 21 31 10 23 32 16 15 0
0 24 9 16 20 29 18 23 19 8 13 3 4 30 10 27 1 5 17 2 22 32 7 6 26 14 25 11 15 31 28 12 21 0
0 12 25 11 15 32 21 16 28 4 22 2 13 17 5 26 18 24 19 27 31 9 6 7 29 8 14 20 3 30 10 23 1 0
0 25 27 10 18 23 24 15 16 4 6 14 9 5 31 21 19 28 8 7 29 17 30 2 11 13 12 26 3 20 22 32 1 0
0 5 15 1 3 4 31 27 20 12 7 18 13 23 22 28 2 8 6 10 19 11 30 9 32 14 17 24 16 26 25 21 29 0
0 7 19 30 22 25 24 9 27 2 17 4 31 10 26 28 1 21 8 14 18 6 23 11 32 5 12 29 13 16 20 15 3 0
0 9 26 22 24 14 11 25 18 8 2 10 31 28 7 29 27 13 32 21 19 3 23 30 5 15 17 6 16 20 1 4 12 0
0 22 30 18 21 3 13 7 31 1 4 29 26 15 28 16 19 20 32 6 17 23 2 27 9 10 12 8 24 14 5 11 25 0
0 31 12 27 8 15 5 9 25 28 22 16 32 29 1 20 30 14 7 17 11 4 19 2 18 13 3 23 26 6 10 21 24 0
0 23 25 26 13 30 28 29 31 10 4 24 11 21 6 22 32 27 2 20 17 15 14 18 8 1 5 7 9 16 3 12 19 0
0 23 4 14 21 15 18 26 22 6 19 9 5 17 2 32 8 28 1 3 13 7 30 29 11 10 20 12 27 16 31 25 24 0
0 17 21 6 28 23 1 16 8 29 30 5 19 12 11 20 22 7 9 4 31 3 14 25 2 32 24 10 18 15 27 13 26 0
0 14 1 22 32 5 31 28 6 23 24 29 19 27 3 30 7 9 21 20 18 10 8 12 2 15 4 13 25 11 17 26 16 0
0 5 18 1 8 27 13 10 6 14 26 11 7 32 3 25 29 28 12 22 4 20 31 19 17 24 9 15 30 21 2 16 23 0
0 20 17 6 22 26 12 8 13 7 14 2 18 30 31 1 25 29 19 27 5 32 16 24 28 3 23 10 21 9 4 15 11 0
0 26 31 29 23 25 12 1 6 9 2 18 21 8 3 19 28 15 17 7 32 16 4 11 10 5 24 30 14 27 13 22 20 0
0 32 29 15 31 8 20 12 6 30 3 5 17 18 25 13 7 21 19 26 16 23 4 2 9 24 28 10 22 1 27 14 11 0
0 3 13 15 31 21 22 28 19 16 18 4 24 12 29 10 27 14 5 25 30 2 23 6 7 8 1 20 9 11 32 26 17 0
0 21 4 22 14 31 18 32 10 5 16 20 23 27 12 17 8 30 25 2 13 6 11 26 3 15 19 28 1 9 24 29 7 0
0 5 6 23 1 20 2 15 29 16 8 32 22 9 10 4 19 30 14 28 13 21 3 11 7 25 26 24 17 12 31 18 27 0
0 13 5 18 32 21 3 8 23 1 9 2 24 19 22 20 25 28 27 15 29 17 31 10 26 30 6 12 14 4 7 11 16 0
0 19 2 22 3 10 4 25 18 21 28 13 23 11 1 6 15 31 8 29 30 12 17 27 32 5 24 16 9 20 14 7 26 0
0 13 12 5 21 25 1 11 2 14 3 29 7 9 27 15 20 16 6 31 18 22 10 8 32 19 30 28 26 23 4 24 17 0
0 19 8 17 24 27 13 32 12 15 2 11 28 29 22 7 14 9 23 30 6 16 21 18 26 31 1 4 5 3 20 25 10 0
0 23 18 24 6 12 25 28 15 30 29 10 16 1 21 22 3 5 11 19 9 4 31 2 20 14 17 32 7 27 13 8 26 0
0 28 14 20 25 17 6 3 5 18 22 15 2 26 16 31 21 1 29 12 30 27 23 7 32 19 4 11 13 10 9 8 24 0
0 30 10 19 24 26 12 23 5 13 20 18 17 32 2 11 1 3 31 27 15 14 29 8 21 7 28 22 4 25 16 9 6 0
0 29 19 9 17 7 13 31 25 28 32 11 15 2 3 5 26 14 21 23 12 10 30 8 4 18 27 24 20 22 16 1 6 0
0 6 7 8 12 28 10 20 3 9 24 26 31 25 15 29 13 18 30 23 1 17 27 19 22 16 21 5 14 11 4 32 2 0
0 7 16 9 2 20 8 25 15 12 26 5 24 28 19 10 22 1 17 31 18 14 23 11 13 30 27 21 32 3 29 4 6 0
0 32 9 7 26 30 25 22 12 8 17 11 13 3 27 29 2 20 31 16 28 10 23 19 5 6 15 4 21 24 18 1 14 0
0 32 18 16 5 3 13 31 12 15 1 27 23 11 28 24 19 8 21 4 14 6 9 30 26 17 20 10 25 7 29 22 2 0
0 12 30 18 16 32 15 19 13 28 6 7 29 21 3 31 24 25 8 20 11 10 27 23 1 26 5 22 14 4 9 2 17 0
0 25 11 2 7 32 22 4 5 21 15 17 19 29 23 12 10 30 1 24 6 3 31 13 8 18 26 20 27 28 9 16 14 0
0 23 7 29 18 6 12 21 24 1 31 11 26 3 14 8 22 2 15 20 17 28 13 25 19 5 30 4 9 16 32 10 27 0
0 15 27 32 9 6 31 30 11 14 23 28 5 3 1 7 29 17 25 26 4 10 19 20 21 16 8 2 18 12 13 24 22 0
0 10 13 28 6 3 5 7 9 31 32 8 2 16 19 21 20 15 17 4 26 24 1 30 14 29 22 12 11 18 23 27 25 0
0 31 23 17 10 11 19 14 2 16 9 28 27 3 7 15 13 29 20 21 25 12 18 22 1 30 5 8 4 24 32 6 26 0
0 26 17 4 30 13 16 18 7 15 25 6 14 22 9 27 8 3 2 1 23 19 20 24 31 32 10 12 29 11 5 28 21 0
0 7 23 15 6 5 3 29 18 24 12 2 17 1 21 28 8 4 26 20 25 22 9 16 13 31 11 32 14 10 19 30 27 0
0 22 3 5 13 30 25 1 28 27 31 15 2 19 12 21 26 17 29 23 16 32 11 14 4 8 24 18 20 7 10 6 9 0
0 3 20 12 25 4 22 32 28 7 11 30 5 18 19 21 23 14 8 13 17 10 31 15 16 9 24 1 27 2 29 6 26 0
0 25 30 6 26 1 13 28 2 23 21 19 3 8 16 18 10 32 31 17 29 11 5 4 27 22 20 15 24 7 12 14 9 0
0 18 7 24 25 6 10 27 11 13 8 15 12 30 19 32 17 16 4 20 31 28 1 2 5 26 29 14 9 22 23 21 3 0
0 32 11 17 7 24 22 3 19 8 18 29 21 4 2 30 5 15 23 13 20 10 28 16 14 12 27 6 31 26 1 9 25 0
0 6 7 25 11 8 12 31 3 22 14 21 17 30 16 1 5 10 9 29 20 24 26 28 23 32 27 18 13 2 15 19 4 0
0 14 29 8 16 2 13 5 1 27 3 20 22 21 26 17 32 23 31 30 28 25 9 7 18 12 15 10 4 6 19 11 24 0
0 20 1 24 7 28 6 19 5 17 26 25 2 4 9 16 23 30 32 21 13 14 3 27 31 11 29 18 15 22 10 12 8 0
0 25 31 26 12 18 19 32 15 13 17 5 9 10 11 20 4 28 1 27 24 16 8 3 14 29 2 22 6 23 7 30 21 0
0 4 3 21 2 20 25 11 27 28 31 29 26 10 13 7 15 32 5 18 12 14 9 19 17 1 30 24 22 6 16 23 8 0
0 32 17 2 14 19 12 5 8 31 21 30 26 25 18 27 9 15 11 29 16 7 6 3 24 22 1 10 28 13 20 23 4 0
0 8 25 31 32 3 28 18 13 17 26 24 4 1 16 23 27 6 15 29 10 21 7 22 9 20 11 2 19 14 12 5 30 0
0 30 27 28 4 17 22 6 25 20 2 18 29 16 15 24 9 19 5 11 31 10 3 7 23 32 21 1 14 13 26 8 12 0
0 14 18 4 28 31 26 17 25 12 2 9 15 22 11 10 21 16 1 24 13 27 8 3 5 23 19 7 29 6 20 30 32 0
0 25 31 1 2 4 10 13 8 26 24 3 11 18 20 5 30 15 16 6 32 23 21 17 14 12 28 9 27 29 19 22 7 0
0 28 18 6 16 31 14 22 7 30 8 3 17 10 24 12 26 19 5 23 4 9 29 2 13 27 1 25 11 32 21 15 20 0
0 26 17 25 22 5 8 7 31 1 9 6 2 13 23 11 21 18 4 27 28 30 20 10 29 24 32 15 12 16 19 14 3 0
0 11 23 28 5 25 19 17 20 9 2 13 32 10 12 4 14 30 27 18 26 16 29 1 24 15 21 6 8 7 3 31 22 0
0 26 2 6 27 25 15 11 12 4 10 29 8 14 20 31 32 19 18 9 16 1 23 5 22 24 30 3 13 17 21 7 28 0
0 3 5 12 13 20 16 29 9 18 22 15 2 26 28 21 6 17 27 10 11 14 30 24 31 4 8 25 23 7 1 32 19 0
0 21 30 8 12 13 17 5 4 16 3 22 7 9 19 25 15 2 28 26 10 14 29 18 27 20 6 1 24 23 31 32 11 0
0 11 20 13 22 32 4 8 12 28 5 7 15 18 3 21 10 31 6 29 25 19 9 26 30 16 23 17 24 14 1 2 27 0
0 17 23 10 1 26 4 19 21 24 13 29 12 22 8 18 11 14 20 16 28 3 2 31 7 25 5 15 27 32 30 6 9 0
0 26 24 4 14 23 17 19 8 29 7 12 3 10 25 20 13 9 27 32 1 2 30 31 28 16 15 6 21 5 22 18 11 0
0 28 3 22 15 8 26 11 21 27 14 1 12 18 16 25 9 32 20 30 2 7 23 29 4 31 13 19 17 6 24 10 5 0
0 29 22 19 20 14 26 8 12 13 21 4 9 5 30 25 31 6 7 28 17 11 27 2 23 32 15 10 18 1 16 24 3 0
0 25 9 5 10 1 26 20 17 23 16 14 15 29 28 2 8 6 18 24 31 21 19 30 11 3 7 4 13 27 12 32 22 0
0 13 32 2 12 26 17 9 21 1 3 31 5 30 4 15 22 27 25 28 6 16 7 8 23 24 14 29 18 11 19 10 20 0
0 10 2 30 11 29 18 9 1 15 32 26 20 23 31 13 12 14 19 4 5 28 3 22 7 25 8 17 16 27 6 24 21 0
0 10 20 6 13 12 16 28 14 7 22 3 17 4 25 29 11 26 31 19 21 9 8 23 32 24 30 15 1 27 2 18 5 0
0 11 14 1 6 7 22 3 25 21 15 8 2 4 23 27 9 28 16 30 10 17 26 19 24 20 18 29 32 31 5 12 13 0
0 16 32 9 8 26 29 13 14 19 10 1 28 30 25 18 7 15 3 4 27 11 21 5 24 2 17 6 23 31 20 22 12 0
0 13 31 3 14 15 22 19 27 12 21 11 32 20 23 29 16 6 4 5 30 28 2 26 1 25 9 7 10 8 17 24 18 0
0 12 20 25 17 2 19 15 16 23 28 14 27 6 7 1 8 31 11 3 18 4 22 10 24 13 32 26 5 9 30 29 21 0
0 17 25 30 1 26 12 5 2 8 19 27 7 29 14 11 22 18 10 15 32 21 6 20 16 3 9 24 4 23 28 31 13 0
0 27 11 6 15 10 24 28 1 32 20 25 4 21 19 23 22 18 9 17 5 13 8 7 14 12 31 26 29 16 30 3 2 0
0 5 18 17 11 10 8 4 1 15 32 24 2 20 7 19 26 14 30 12 23 31 9 29 13 22 28 6 21 25 27 3 16 0
0 6 24 31 16 5 8 19 28 22 25 30 11 15 1 17 2 4 9 27 13 29 20 14 12 7 18 26 10 3 21 23 32 0
0 16 15 32 30 20 2 26 23 1 18 12 7 13 11 21 8 10 5 29 31 22 25 4 19 3 9 28 27 6 17 14 24 0
0 11 30 3 15 26 10 23 4 24 18 7 1 27 19 29 32 16 13 6 2 9 25 12 14 8 20 31 28 17 22 5 21 0
0 26 1 16 17 8 20 7 22 19 5 23 28 15 24 3 6 9 13 4 14 18 10 27 12 21 29 30 31 25 32 11 2 0
0 20 7 17 22 4 25 13 12 11 23 8 26 24 9 2 14 29 10 15 5 18 3 30 32 27 28 31 21 1 16 6 19 0
0 13 4 6 8 28 26 5 30 11 1 24 27 3 18 2 15 12 14 7 32 25 22 21 20 31 9 16 19 10 17 23 29 0
0 30 3 28 8 29 10 31 15 2 19 17 5 13 18 32 23 6 9 21 4 25 22 14 24 27 26 12 1 11 20 7 16 0
0 27 23 22 20 5 4 8 9 15 26 29 30 32 3 6 2 13 31 12 16 17 19 11 28 1 24 18 14 21 25 7 10 0
0 21 4 12 24 20 18 31 15 28 8 6 1 14 29 10 30 22 19 7 17 9 26 25 16 5 23 32 13 3 11 27 2 0
0 27 19 12 11 5 32 29 16 6 22 10 2 7 3 21 1 15 13 23 8 14 17 31 24 18 9 30 4 25 20 28 26 0
0 16 12 25 13 32 8 3 23 5 24 9 18 28 20 7 27 17 31 6 22 14 19 1 4 11 21 29 2 26 30 15 10 0
0 7 25 11 9 23 24 14 32 2 1 28 17 10 22 20 4 12 30 15 6 3 27 21 13 26 5 19 31 16 18 8 29 0
0 7 2 3 16 31 9 11 25 8 6 21 17 18 1 14 5 22 19 30 24 13 28 26 27 20 10 15 29 12 32 23 4 0
0 13 11 2 18 7 10 21 16 27 9 8 1 29 12 6 15 5 23 32 25 30 24 20 3 17 14 4 19 22 26 28 31 0
0 26 18 32 9 31 5 16 7 4 23 3 2 14 1 10 28 25 19 30 13 27 21 6 12 11 15 8 24 20 22 17 29 0
0 31 20 12 30 27 7 15 2 25 17 22 4 19 18 14 28 8 13 26 16 10 1 29 21 32 11 5 6 3 9 23 24 0
0 23 32 17 10 2 9 19 14 18 8 6 28 25 11 31 22 16 20 24 26 4 5 30 1 21 3 27 15 13 12 7 29 0
0 27 20 8 17 12 28 24 25 11 32 22 7 26 14 5 10 19 1 13 16 23 2 15 9 29 3 31 18 21 30 4 6 0
0 26 32 6 8 12 29 4 3 2 15 24 10 17 20 16 31 21 30 1 25 27 9 28 7 23 22 19 11 13 14 5 18 0
0 2 9 21 17 16 23 19 10 12 3 15 13 4 18 7 6 5 25 29 20 28 31 30 8 1 11 32 26 22 14 24 27 0
0 30 11 6 32 7 3 9 29 2 25 13 8 23 28 1 22 10 21 15 18 14 24 19 26 16 27 17 5 31 4 20 12 0
0 5 25 31 19 1 13 3 27 17 15 12 7 11 24 10 6 20 2 29 21 16 28 32 4 8 26 14 18 23 9 30 22 0
0 3 10 24 5 7 16 4 23 25 1 11 17 21 20 15 13 28 32 19 9 18 12 26 2 14 6 30 22 29 31 27 8 0
0 14 2 8 32 13 19 1 22 27 24 20 17 7 10 23 18 30 3 25 12 26 9 31 16 6 28 5 11 15 21 4 29 0
0 5 13 9 28 31 30 18 25 15 3 26 29 14 19 11 24 27 22 10 8 20 17 6 12 4 32 1 2 21 7 16 23 0
0 29 5 19 26 1 16 8 17 32 12 20 30 15 27 10 22 4 7 31 18 6 2 13 21 9 28 25 3 24 11 14 23 0
0 23 26 31 19 30 27 18 5 14 10 24 4 2 6 1 8 22 9 21 7 25 29 15 11 12 32 3 13 20 16 28 17 0
0 12 30 17 23 11 27 18 22 1 20 2 5 7 4 6 24 29 8 32 19 28 21 15 31 14 10 13 16 9 3 25 26 0
0 28 17 12 25 20 10 22 1 19 13 31 26 11 23 9 3 14 18 15 27 7 32 8 4 30 21 6 2 16 24 5 29 0
0 8 3 6 31 30 26 18 19 21 27 28 32 15 17 9 24 16 14 20 1 5 11 10 4 29 22 25 23 13 2 12 7 0
0 1 24 30 15 25 12 27 17 22 18 7 32 9 3 23 10 26 31 5 14 11 21 13 8 20 16 28 6 19 2 4 29 0
0 31 13 18 14 11 2 30 19 20 5 10 22 29 24 26 32 28 23 1 16 25 8 9 7 21 27 3 15 12 6 17 4 0
0 3 16 11 32 1 9 21 23 6 29 30 24 14 19 28 10 20 25 31 26 18 5 17 4 8 15 2 27 13 22 12 7 0
0 14 22 13 5 31 20 8 27 11 3 32 29 6 23 12 16 9 26 21 10 30 18 19 25 15 28 24 2 17 4 7 1 0
0 23 18 26 24 2 1 31 14 21 7 12 9 11 13 4 32 6 5 16 8 27 28 30 15 29 25 20 3 22 17 10 19 0
0 30 11 15 4 6 22 12 17 20 2 16 25 9 28 29 32 31 21 10 14 18 27 24 19 5 7 26 3 8 1 23 13 0
0 15 5 18 22 10 26 29 13 7 14 16 19 6 28 31 32 8 11 1 3 25 20 27 23 30 17 21 12 9 2 4 24 0
0 4 11 20 9 24 28 22 27 18 8 32 31 16 10 1 7 3 12 13 5 26 30 23 19 21 6 17 25 15 14 29 2 0
0 26 3 11 12 27 9 4 15 22 6 32 21 24 5 2 13 17 10 28 23 30 1 19 7 8 14 31 18 25 20 16 29 0
0 28 19 21 8 17 22 3 6 31 13 7 29 24 14 23 18 20 10 32 26 12 30 1 16 4 27 5 15 11 25 2 9 0
0 23 10 2 6 31 18 26 20 5 3 1 11 9 17 15 19 4 29 22 7 8 13 14 28 24 30 12 27 32 16 21 25 0
0 32 15 18 29 5 6 8 22 31 1 4 9 21 28 2 25 16 14 13 7 10 12 19 11 26 17 30 3 23 20 27 24 0
0 4 21 10 18 29 23 27 2 3 22 24 8 32 14 31 9 11 17 19 13 25 7 20 5 26 28 16 6 15 1 30 12 0
0 21 26 32 9 17 23 1 14 18 31 22 13 19 6 27 11 29 3 16 10 7 12 5 30 24 4 15 8 2 25 20 28 0
0 15 23 9 17 27 28 25 18 19 32 5 7 1 16 10 24 13 14 11 30 3 4 20 21 8 22 6 26 2 31 12 29 0
0 20 25 2 29 16 30 27 6 5 1 18 13 21 31 26 4 28 11 12 15 23 19 8 24 10 14 9 3 17 32 22 7 0
0 28 9 18 6 31 12 26 19 25 2 30 8 5 17 1 11 20 3 4 29 10 32 22 24 16 21 14 7 23 13 27 15 0
0 17 7 20 29 1 30 5 12 14 32 31 19 8 2 6 4 10 11 25 9 18 26 22 13 24 28 21 3 27 16 15 23 0
0 13 27 26 24 21 9 3 32 29 11 1 23 8 12 16 18 5 30 25 14 28 19 20 15 31 10 17 22 6 7 2 4 0
0 22 28 25 27 17 30 18 7 11 15 31 20 13 19 6 14 9 5 1 29 12 32 8 10 4 21 26 3 2 23 16 24 0
0 21 4 26 13 22 10 17 20 12 8 24 11 23 2 3 32 18 28 30 31 9 27 25 16 19 1 5 6 29 7 14 15 0
0 22 25 3 20 8 31 17 16 10 26 24 14 1 27 23 29 7 15 11 19 5 6 12 28 32 2 4 9 18 30 21 13 0
0 6 8 10 4 19 15 28 16 26 3 31 32 24 14 13 2 9 22 12 25 18 20 7 29 21 5 23 30 17 27 1 11 0
0 26 9 14 18 5 21 10 32 1 29 16 19 4 28 15 31 7 30 2 23 11 20 13 6 25 3 24 12 22 27 17 8 0
0 15 20 7 29 27 5 9 13 1 17 23 4 18 25 26 10 3 6 22 31 30 21 32 14 2 8 28 16 11 24 19 12 0
0 26 7 24 23 27 16 8 2 19 5 13 9 28 14 29 30 22 3 25 6 31 10 18 17 20 32 15 1 12 4 11 21 0
0 2 25 15 14 28 22 31 29 13 1 26 24 3 27 17 21 19 18 12 16 4 8 7 9 23 30 11 32 20 5 10 6 0
0 18 25 7 11 15 16 26 5 1 32 6 20 10 21 3 8 22 19 14 4 13 24 29 17 2 12 28 23 30 27 9 31 0
0 9 22 27 2 21 29 31 17 15 7 26 10 12 3 11 6 16 4 13 14 32 28 19 25 30 5 24 23 8 1 18 20 0
0 19 11 22 16 13 31 23 2 6 17 15 5 1 18 26 14 9 20 32 24 28 25 21 7 4 29 30 27 10 8 3 12 0
0 22 14 26 30 16 25 2 17 20 32 8 19 23 31 3 29 24 11 27 15 28 18 13 7 1 4 10 5 6 9 21 12 0
0 17 3 10 5 32 25 28 15 7 20 23 21 18 1 16 11 2 26 22 8 29 24 13 30 6 31 12 27 19 14 4 9 0
0 21 22 10 32 14 11 1 29 20 13 24 5 9 12 7 16 18 3 4 23 25 6 27 2 28 17 31 8 26 30 19 15 0
0 5 18 31 22 24 4 15 17 14 27 19 30 32 16 2 8 20 3 21 13 26 23 1 28 11 7 25 6 12 10 9 29 0
0 3 12 1 2 19 17 24 16 13 7 5 26 9 18 27 30 22 31 20 14 29 15 10 4 21 23 11 32 28 6 8 25 0
0 26 18 2 13 31 8 32 3 16 7 11 10 6 25 21 15 22 23 19 27 9 24 30 1 5 14 17 28 20 29 4 12 0
0 13 2 12 23 1 27 30 15 31 18 14 21 4 22 17 19 25 9 16 29 6 28 10 26 32 11 7 5 3 8 24 20 0
0 23 19 9 31 22 29 16 4 21 32 14 7 17 28 13 20 2 25 12 1 30 24 8 5 15 11 3 18 6 10 26 27 0
0 29 9 30 19 18 20 16 3 24 25 22 5 11 1 8 23 31 15 17 2 4 10 27 21 13 7 32 14 12 26 28 6 0
0 15 25 24 29 9 16 4 7 6 8 18 27 22 32 21 23 2 14 26 28 30 1 10 19 11 17 13 3 31 20 12 5 0
0 19 27 4 17 11 26 13 24 5 15 23 32 6 16 3 8 29 31 30 7 1 22 28 20 2 25 18 10 21 12 14 9 0
0 1 10 27 28 7 29 12 26 32 5 4 6 21 23 8 22 30 19 16 14 9 17 25 2 11 20 31 13 24 3 15 18 0
0 5 19 6 30 18 32 9 20 12 27 21 26 22 14 8 31 4 11 24 1 15 3 10 7 28 29 25 23 17 13 16 2 0
0 6 4 23 18 1 7 12 22 24 32 3 8 9 10 13 11 27 17 28 20 5 16 26 21 14 15 31 19 29 30 2 25 0
0 30 1 26 8 32 11 25 13 17 16 10 19 31 23 28 21 14 18 27 4 15 29 12 6 5 24 9 22 20 3 2 7 0
0 9 31 16 5 21 27 10 23 2 13 7 25 11 32 12 6 30 14 20 18 28 26 19 8 4 1 24 29 3 17 15 22 0
0 7 13 20 8 27 10 30 21 4 31 3 22 5 17 11 28 6 19 16 25 24 14 23 18 29 1 15 9 26 32 2 12 0
0 8 11 13 5 12 6 4 25 30 16 24 21 31 32 14 18 17 28 15 7 10 27 9 3 2 19 20 1 22 26 29 23 0
0 26 23 10 1 19 22 31 15 16 7 21 28 3 18 9 32 6 14 11 8 12 17 27 13 25 20 2 4 29 24 5 30 0
0 4 25 18 10 28 8 24 22 11 23 26 15 9 17 20 12 19 6 1 2 5 21 7 30 29 13 3 31 14 16 32 27 0
0 32 3 24 12 5 4 22 28 15 7 26 2 31 18 21 30 6 10 29 17 13 11 16 23 8 14 19 9 25 1 20 27 0
0 4 16 18 24 30 10 7 5 1 21 14 27 17 19 6 12 25 9 23 22 3 15 11 26 2 31 8 28 29 32 13 20 0
0 20 25 3 4 23 11 14 1 22 16 24 21 13 31 7 32 2 5 15 6 8 19 10 12 17 27 18 28 26 29 9 30 0
0 19 4 15 6 9 24 25 3 2 20 21 26 29 17 22 31 27 28 11 8 7 32 12 5 13 23 1 30 14 16 10 18 0
0 31 6 26 11 17 14 4 23 19 2 3 7 15 8 30 12 16 28 5 29 20 25 32 22 27 9 18 24 21 10 1 13 0
0 32 9 20 21 8 28 23 15 6 1 10 30 5 3 18 14 25 13 31 29 11 24 7 26 27 12 17 19 16 2 4 22 0
0 25 11 20 9 10 6 8 32 14 28 17 21 16 27 1 19 22 24 13 23 31 12 30 3 15 26 29 7 2 4 5 18 0
0 10 25 8 20 1 24 32 15 31 16 21 29 19 30 9 23 17 14 22 5 18 27 6 12 3 2 7 28 26 11 4 13 0
0 6 4 26 15 28 25 20 30 19 27 10 16 18 21 14 1 12 29 17 32 9 22 31 2 13 7 11 3 5 24 23 8 0
0 13 1 3 16 6 10 30 8 28 11 32 27 31 26 2 23 15 24 17 21 22 19 7 9 29 12 14 4 25 20 18 5 0
0 21 31 3 32 23 12 18 28 22 9 26 4 20 11 2 24 15 14 19 6 7 29 13 10 25 27 17 16 5 8 1 30 0
0 4 24 21 1 30 23 29 22 20 14 13 15 19 16 28 31 25 7 9 32 18 3 27 26 11 6 8 17 10 12 5 2 0
0 29 26 25 30 14 10 9 5 15 12 17 31 22 20 27 21 11 2 28 32 16 19 7 3 23 4 24 18 13 6 1 8 0
0 2 14 10 31 21 12 30 9 17 24 15 32 7 6 29 11 28 19 18 8 16 4 5 3 20 23 13 27 22 1 26 25 0
0 23 17 4 30 19 20 25 29 27 22 3 2 15 16 9 6 28 18 10 11 7 13 8 24 32 12 26 14 5 21 31 1 0
0 29 7 17 8 28 21 3 26 5 19 9 16 22 23 32 11 24 14 25 10 13 27 12 4 1 20 31 15 6 2 30 18 0
0 3 31 23 28 11 9 30 25 29 18 5 4 14 22 20 21 24 10 1 27 6 2 17 8 15 19 26 32 7 16 12 13 0
0 11 8 12 22 5 17 26 27 28 3 25 15 30 23 24 20 32 4 14 2 29 18 19 1 9 13 31 7 16 6 21 10 0
0 13 15 16 11 25 24 21 19 32 3 8 14 20 4 1 7 22 17 29 23 31 12 26 18 28 27 6 2 30 5 9 10 0
0 7 20 10 15 9 14 11 12 21 32 27 2 6 3 25 24 1 16 29 22 13 17 30 28 23 5 31 8 18 26 4 19 0
0 8 21 26 10 18 5 13 20 30 24 6 3 15 23 25 11 4 2 31 9 12 32 1 22 27 14 7 19 29 16 28 17 0
0 32 10 31 21 29 23 16 24 27 22 30 17 28 7 12 26 20 2 9 19 4 8 15 5 18 11 25 6 3 14 13 1 0
0 6 8 14 20 16 15 10 25 26 29 2 18 11 21 31 17 22 24 12 13 28 32 23 7 27 30 1 4 19 3 9 5 0
0 12 11 16 24 23 7 5 14 20 2 10 18 3 9 27 8 30 21 4 31 22 13 15 28 26 17 29 19 25 6 1 32 0
0 22 12 5 11 4 16 28 7 26 23 25 6 19 30 1 29 21 14 20 9 27 8 32 3 15 10 31 13 2 24 17 18 0
0 21 4 24 18 10 8 14 15 20 3 22 11 2 17 16 7 30 31 27 1 25 32 29 6 12 23 9 19 13 26 5 28 0
0 23 31 18 20 17 16 22 9 8 21 27 32 29 10 12 2 25 14 19 1 24 28 30 3 6 4 7 15 11 26 13 5 0
0 11 24 1 29 26 17 32 22 20 2 13 7 5 23 21 8 12 31 6 18 30 9 25 14 16 10 19 27 28 3 15 4 0
0 15 31 16 23 8 1 9 25 19 2 5 30 13 29 21 10 27 7 18 4 20 32 17 6 3 26 12 14 24 11 28 22 0
0 3 4 22 10 19 2 6 32 30 12 26 1 7 15 25 28 5 9 21 31 11 14 27 13 20 29 17 16 8 23 18 24 0
0 3 30 11 2 1 23 20 24 17 12 16 8 9 22 7 6 21 28 4 5 13 32 29 19 27 18 14 25 10 31 15 26 0
0 9 3 7 29 8 27 25 20 22 18 13 5 19 15 2 23 12 16 6 31 10 4 1 30 32 21 26 17 14 28 11 24 0
0 17 28 3 8 1 21 16 5 31 12 19 27 14 20 32 2 29 24 13 7 11 26 15 18 30 22 4 23 10 6 25 9 0
0 26 27 3 23 16 21 20 6 13 17 31 11 28 32 14 18 2 4 10 1 29 5 24 19 22 7 8 30 12 25 9 15 0
0 10 11 32 4 5 18 12 23 3 2 8 31 15 1 27 26 19 29 17 22 9 30 7 25 28 16 21 24 20 14 6 13 0
0 2 6 5 20 28 26 11 15 21 9 12 30 1 22 14 16 7 18 8 13 17 3 32 27 4 25 23 10 24 19 31 29 0
0 16 26 4 32 14 3 22 6 17 12 28 30 13 31 11 21 15 19 18 9 27 20 29 2 5 7 24 23 1 8 25 10 0
0 6 28 7 26 18 32 9 22 24 10 3 8 16 31 4 17 13 1 12 11 25 14 15 20 29 30 21 19 5 23 2 27 0
0 1 11 19 32 24 30 29 10 28 3 27 14 23 8 18 5 31 6 12 25 20 16 2 13 21 26 22 7 9 15 4 17 0
0 5 23 18 24 27 8 22 32 12 29 13 26 28 1 31 4 7 11 21 14 16 2 15 19 30 9 25 17 20 10 3 6 0
0 24 32 5 6 2 13 1 22 20 19 26 25 11 16 28 29 15 9 21 23 17 10 3 31 12 30 8 4 7 14 27 18 0
0 11 25 30 26 5 6 7 32 24 4 29 23 27 21 28 10 15 13 17 22 19 8 16 9 31 1 12 2 20 14 18 3 0
0 10 31 15 6 20 2 22 3 5 17 30 13 7 4 16 14 21 11 1 19 9 12 26 27 28 24 8 23 25 18 29 32 0
0 32 1 19 5 16 31 26 21 27 25 3 24 18 10 13 14 30 4 22 11 12 9 29 20 8 7 2 15 6 17 28 23 0
0 7 29 11 19 27 3 13 30 23 28 8 15 20 21 26 6 1 9 2 18 12 16 32 25 31 24 5 4 17 22 10 14 0
0 21 17 14 5 11 13 31 29 32 1 12 19 9 24 16 26 27 8 7 28 4 3 20 2 22 25 23 18 10 6 30 15 0
0 5 4 15 7 20 28 31 3 2 19 25 23 10 26 13 27 16 21 32 22 11 18 12 14 30 6 1 8 29 9 17 24 0
0 3 25 28 10 32 20 18 9 13 31 17 19 16 8 4 15 5 11 14 26 29 6 21 22 24 12 30 27 2 1 7 23 0
0 28 17 24 21 16 23 26 29 15 14 8 27 6 9 32 11 13 10 18 7 2 30 3 22 25 19 5 4 20 31 12 1 0
0 10 17 22 26 29 31 27 6 23 7 2 24 15 13 12 14 28 21 11 3 30 25 1 16 20 32 19 5 4 9 8 18 0
0 1 29 2 15 16 9 19 12 28 30 13 26 31 11 24 3 20 5 8 6 7 10 17 18 21 32 4 23 22 14 27 25 0
0 2 21 30 12 4 3 15 14 19 8 5 6 1 10 32 29 27 11 18 25 7 13 31 9 26 24 20 28 23 22 17 16 0
0 27 21 5 12 20 28 7 3 17 25 16 10 2 29 23 18 8 14 31 30 19 13 24 11 1 26 9 4 32 15 6 22 0
0 27 19 31 16 13 4 1 7 28 18 11 30 32 23 21 26 14 12 29 3 6 2 25 22 5 15 17 20 10 24 9 8 0
0 29 10 23 21 26 31 27 12 15 32 16 14 5 13 22 1 4 24 19 7 25 11 3 2 20 18 8 30 9 28 6 17 0
0 14 5 11 3 12 29 22 10 32 28 30 16 15 1 9 21 13 6 27 19 31 23 24 17 4 25 20 7 8 26 2 18 0
0 15 20 13 4 7 12 16 14 5 8 2 29 1 22 9 24 26 28 23 32 19 10 6 18 27 30 21 25 17 3 11 31 0
0 24 15 20 19 9 18 2 32 25 14 12 21 16 30 13 22 10 23 7 6 1 28 3 4 8 17 31 27 26 5 11 29 0
0 16 23 24 1 21 2 12 7 14 26 15 31 8 6 10 18 20 30 29 32 25 4 27 13 5 17 28 22 19 3 9 11 0
0 10 29 22 30 17 8 19 31 12 11 18 5 20 13 7 2 3 24 1 32 16 6 9 23 14 4 15 28 25 27 26 21 0
0 21 20 24 23 25 30 11 16 12 10 9 26 8 27 28 4 2 6 7 1 14 3 29 17 19 5 15 22 18 31 13 32 0
0 22 7 30 25 16 15 5 13 21 2 32 4 8 19 23 1 26 29 14 11 18 20 17 10 27 31 24 6 3 9 12 28 0
0 23 6 15 21 1 16 19 2 31 27 18 8 20 12 4 28 13 11 22 17 26 7 14 24 5 30 29 9 32 3 25 10 0
0 8 26 31 25 19 24 17 4 16 18 27 10 14 32 22 5 13 9 3 6 7 30 2 12 23 1 20 11 15 21 28 29 0
0 29 5 27 4 20 11 17 6 1 9 12 30 14 10 16 26 32 19 23 8 21 7 24 15 18 25 22 2 3 28 31 13 0
0 28 10 17 31 21 13 3 30 15 8 6 18 22 2 20 32 9 11 7 14 26 16 5 12 19 1 27 25 23 24 4 29 0
0 22 25 7 18 10 30 11 13 28 2 20 15 32 24 29 26 17 23 8 31 5 6 3 4 16 12 9 21 27 19 14 1 0
0 32 11 1 3 19 22 31 21 26 13 9 28 17 18 29 6 30 8 4 2 7 12 14 5 25 24 10 23 20 16 15 27 0
0 32 28 29 31 4 26 17 23 19 1 24 15 20 18 7 10 12 21 8 30 14 9 27 22 16 5 25 2 6 3 13 11 0
0 3 7 19 9 32 12 11 20 23 16 29 17 8 5 6 26 30 2 10 22 27 18 4 13 21 28 1 15 24 31 25 14 0
0 16 23 2 18 26 8 11 5 1 9 22 20 25 14 29 24 19 10 3 13 31 12 7 32 4 27 28 17 21 6 15 30 0
0 6 4 2 5 12 31 30 8 19 14 26 3 7 32 22 11 9 23 24 17 28 18 20 10 27 13 1 29 15 16 21 25 0
0 12 15 10 30 32 9 21 24 23 31 7 13 6 4 18 11 27 19 28 1 16 2 5 3 26 17 8 14 20 25 22 29 0
0 27 26 9 6 13 5 7 2 17 18 22 14 30 31 15 23 8 11 16 25 1 29 4 32 10 20 3 19 28 12 24 21 0
0 20 28 9 11 19 10 5 4 30 13 8 22 23 24 1 32 2 15 31 27 3 14 29 7 12 16 6 17 18 25 21 26 0
0 8 9 20 2 18 30 32 16 15 11 24 25 28 31 3 4 14 29 22 5 19 12 13 17 26 1 6 23 21 10 27 7 0
0 11 7 29 21 13 15 27 1 22 23 3 2 20 18 31 28 12 25 5 4 24 32 30 9 16 14 10 17 8 6 19 26 0
0 3 12 24 4 1 11 14 8 27 19 21 15 13 2 31 9 26 17 20 32 18 5 29 16 25 10 30 7 22 6 28 23 0
0 25 2 4 10 6 5 17 7 11 31 27 9 32 1 8 14 26 28 23 22 16 3 21 13 29 15 19 12 30 20 18 24 0
0 4 19 18 11 32 27 17 8 25 23 28 3 15 12 6 22 30 2 26 7 1 5 13 21 20 24 16 14 31 9 29 10 0
0 10 26 28 2 20 13 1 19 11 31 17 4 21 8 22 29 24 14 7 6 30 18 12 32 9 25 16 23 15 27 5 3 0
0 22 5 17 15 25 26 4 30 9 28 11 8 14 32 21 3 19 27 1 16 12 31 13 10 2 20 29 18 7 23 24 6 0
0 30 10 25 29 20 2 23 16 22 9 5 1 21 26 8 6 4 11 3 27 24 28 12 14 32 17 7 18 15 19 31 13 0
0 18 11 3 24 15 2 4 7 10 8 31 19 14 5 12 20 13 9 21 23 30 32 6 1 25 29 16 27 22 17 26 28 0
0 17 11 25 6 9 26 22 4 12 29 3 19 2 10 32 15 16 18 5 24 27 31 7 20 21 30 23 8 13 14 28 1 0
0 17 11 29 9 6 28 15 12 4 26 8 23 18 13 1 20 19 14 7 21 27 24 30 2 32 31 3 22 5 10 16 25 0
0 6 12 4 20 13 7 19 25 31 11 8 18 2 30 32 23 16 9 17 28 22 5 27 29 14 10 24 21 3 26 1 15 0
0 31 29 10 26 32 23 9 19 14 20 21 30 5 12 22 15 17 6 1 4 3 11 2 8 16 13 24 27 28 25 18 7 0
0 1 22 8 9 27 2 21 31 23 29 6 24 25 13 14 15 16 11 32 26 5 4 30 7 28 19 20 3 17 10 12 18 0
0 11 13 1 12 8 20 2 28 14 27 26 5 10 23 21 25 17 32 18 4 22 6 31 29 9 3 16 7 15 24 19 30 0
0 29 27 5 14 13 19 15 28 22 4 11 12 30 9 16 23 7 18 20 6 31 2 17 3 10 8 24 1 32 26 21 25 0
0 9 13 20 6 32 11 3 10 8 28 7 5 26 16 4 2 24 21 12 25 14 1 29 31 17 30 22 15 23 18 19 27 0
0 19 32 15 22 28 16 6 9 18 24 8 27 13 4 30 21 1 17 29 2 3 25 31 11 23 12 20 14 7 5 10 26 0
0 29 27 17 14 24 11 19 32 26 4 21 28 7 6 18 13 10 5 2 12 3 8 30 1 31 16 20 15 22 9 25 23 0
0 9 17 3 8 21 25 1 22 27 5 10 28 4 14 23 19 31 29 24 12 13 32 26 16 18 30 20 6 11 7 15 2 0
0 14 24 1 25 22 3 5 15 16 4 26 32 6 29 27 21 2 19 9 7 20 28 23 30 11 18 31 13 12 17 10 8 0
0 11 23 8 20 4 10 1 6 5 15 29 7 24 22 32 26 14 27 17 16 2 25 21 3 13 30 18 28 12 19 9 31 0
0 27 30 24 11 20 29 4 12 13 16 1 26 3 18 22 14 17 10 32 15 9 6 23 21 5 8 28 31 2 25 19 7 0
0 28 24 14 15 11 12 10 7 18 4 29 13 22 3 26 19 16 32 17 8 5 23 27 1 30 31 21 25 6 2 20 9 0
0 20 29 5 27 9 24 16 22 30 31 32 1 4 10 11 12 23 28 2 15 19 8 21 14 18 26 3 7 13 17 25 6 0
0 26 24 19 29 31 14 30 16 4 10 1 20 27 6 13 11 15 12 25 2 18 22 9 23 8 21 32 17 7 3 28 5 0
0 21 14 2 24 11 32 8 27 1 16 28 3 10 12 23 20 13 19 17 15 25 6 18 4 26 5 29 7 31 30 22 9 0
0 15 12 20 28 11 25 6 22 14 27 21 9 30 8 31 5 7 13 17 2 29 3 26 23 18 19 16 1 10 24 32 4 0
0 21 7 1 16 25 3 31 9 5 32 20 10 22 18 15 2 29 4 23 26 12 27 8 13 6 17 14 11 19 24 28 30 0
0 1 11 30 18 5 3 31 27 8 10 21 24 25 19 12 23 15 13 26 32 14 9 29 16 6 4 22 28 2 17 7 20 0
0 19 8 20 32 14 17 31 1 9 3 10 28 21 27 15 26 16 11 2 5 30 25 12 4 7 22 24 6 29 13 18 23 0
0 4 21 15 14 18 24 7 5 32 16 20 12 19 31 6 8 23 27 17 22 11 9 25 28 1 3 13 26 30 2 29 10 0
0 7 21 13 29 15 18 30 19 26 10 31 20 17 16 23 5 24 12 28 14 22 3 1 32 25 6 27 8 9 4 11 2 0
0 5 16 28 13 21 27 22 2 24 9 19 7 14 17 10 30 29 4 20 12 32 11 31 6 15 3 25 18 23 26 1 8 0
0 1 4 3 25 21 32 11 14 5 26 15 12 7 2 24 9 20 8 27 31 23 29 10 18 19 6 30 16 22 13 28 17 0
0 24 22 5 26 18 7 2 10 13 19 27 11 16 23 1 21 8 20 3 6 31 9 29 14 32 28 4 30 12 17 25 15 0
0 28 19 9 24 2 3 25 23 18 1 27 10 32 29 16 4 17 26 14 11 30 7 20 31 6 22 5 8 15 12 21 13 0
0 1 20 28 2 11 26 15 3 12 9 6 13 32 21 4 19 24 25 7 14 18 29 10 30 8 27 31 23 5 22 17 16 0
0 17 8 2 27 13 5 32 7 29 9 28 10 19 6 22 1 25 31 3 12 26 30 15 16 24 11 14 20 4 18 21 23 0
0 21 1 6 17 3 4 16 13 8 5 24 7 18 14 11 23 10 19 25 20 28 9 22 30 12 31 26 27 2 29 32 15 0
0 28 10 25 20 18 12 13 8 23 15 29 26 31 19 3 1 4 5 21 27 6 11 16 14 32 30 7 24 17 2 22 9 0
0 14 20 27 16 3 19 17 9 6 5 7 29 13 31 8 4 22 18 15 21 1 24 11 12 25 10 30 26 2 23 32 28 0
0 9 7 3 8 12 26 15 32 29 28 17 22 20 31 5 21 14 25 30 23 2 27 19 16 24 13 1 11 18 6 10 4 0
0 13 31 12 24 7 4 2 1 27 30 29 6 19 15 26 22 11 28 21 23 20 14 5 8 16 32 25 9 10 17 18 3 0
0 3 13 30 19 18 23 32 11 10 21 5 12 25 14 2 27 7 29 17 1 28 8 31 22 20 4 6 15 24 16 9 26 0
0 14 29 18 8 20 12 11 5 16 22 21 10 15 9 3 28 2 31 25 23 17 26 27 4 24 30 32 13 19 1 6 7 0
