# n n_solutions
36 1000
# n x n distance matrix
0 2545 1456 1964 707 2500 921 1414 1581 2360 2600 2915 1208 2256 2780 2720 1941 806 3488 2340 3676 2729 3041 3138 3313 3324 608 1615 2451 1843 1431 3710 2220 1780 1000 1802
2545 0 1456 2302 2641 3306 1627 3959 4022 3721 4753 5420 3178 4205 5315 4004 1403 2459 3640 4770 4472 2376 984 1252 2580 4229 3061 3511 1431 3026 2137 5474 3100 806 3328 4327
1456 1456 0 2420 1272 1992 854 2778 2687 3448 4019 4338 2501 2751 4045 2607 1802 1824 4036 3405 3231 1526 1640 2507 3361 4248 2061 2061 1004 1600 700 5024 3041 1044 1979 3061
1964 2302 2420 0 2600 4220 1627 2942 3400 1486 2831 3944 1523 4220 4272 4606 900 1204 1627 4110 5464 3940 3238 1972 1414 1941 2002 3573 3220 3635 2906 3257 806 1676 2942 3436
707 2641 1272 2600 0 1802 1204 1581 1414 3061 3140 3162 1886 1700 2780 2024 2402 1500 4167 2140 2969 2202 2906 3471 3883 4031 1170 1004 2147 1140 921 4332 2920 1992 707 1802
2500 3306 1992 4220 1802 0 2607 3041 2500 4860 4838 4500 3689 1655 3765 806 3757 3255 5841 2886 1252 1303 2983 4472 5322 5813 2952 1400 2039 670 1341 6092 4666 3036 2061 3000
921 1627 854 1627 1204 2607 0 2334 2459 2596 3275 3801 1711 2901 3701 3067 1216 1000 3255 3220 3858 2370 2213 2280 2751 3400 1442 2200 1811 2061 1280 4204 2195 860 1802 2720
1414 3959 2778 2942 1581 3041 2334 0 707 2563 1886 1581 1503 1920 1389 2863 3220 1802 4143 1216 3939 3748 4410 4477 4356 3584 984 1676 3716 2408 2500 3220 2816 3189 1000 500
1581 4022 2687 3400 1414 2500 2459 707 0 3220 2580 2000 2088 1220 1389 2213 3517 2202 4729 761 3289 3383 4318 4716 4804 4248 1403 1100 3522 1923 2247 3920 3395 3312 707 500
2360 3721 3448 1486 3061 4860 2596 2563 3220 0 1565 2961 1204 4326 3605 5020 2353 1655 1726 3764 6020 4939 4600 3443 2483 1029 1984 3828 4393 4201 3712 1772 721 3000 3061 3036
2600 4753 4019 2831 3140 4838 3275 1886 2580 1565 0 1503 1581 3801 2376 4741 3551 2308 3257 2842 5813 5315 5481 4780 4022 2308 2002 3534 5024 4176 4011 1345 2220 3956 2785 2193
2915 5420 4338 3944 3162 4500 3801 1581 2000 2961 1503 0 2441 3080 1063 4159 4468 3041 4687 1838 5217 5315 5953 5748 5280 3801 2360 3100 5292 3911 4080 2640 3511 4622 2549 1500
1208 3178 2501 1523 1886 3689 1711 1503 2088 1204 1581 2441 0 3138 2765 3818 2051 728 2647 2716 4827 3905 3905 3324 2912 2220 781 2624 3500 3023 2624 2531 1315 2376 1860 2002
2256 4205 2751 4220 1700 1655 2901 1920 1220 4326 3801 3080 3138 0 2200 1100 4101 3036 5700 1300 2137 2842 4219 5147 5557 5353 2370 707 3301 1345 2102 5140 4386 3649 1300 1655
2780 5315 4045 4272 2780 3765 3701 1389 1389 3605 2376 1063 2765 2200 0 3300 4606 3178 5300 900 4318 4753 5685 5866 5675 4554 2370 2404 4909 3257 3635 3635 4019 4560 2080 989
2720 4004 2607 4606 2024 806 3067 2863 2213 5020 4741 4159 3818 1100 3300 0 4272 3522 6191 2400 1077 2109 3764 5115 5818 6020 3041 1220 2816 1019 1910 6053 4940 3634 2000 2692
1941 1403 1802 900 2402 3757 1216 3220 3517 2353 3551 4468 2051 4101 4606 4272 0 1442 2332 4272 5008 3252 2353 1280 1565 2828 2236 3405 2441 3257 2416 4123 1702 860 2927 3676
806 2459 1824 1204 1500 3255 1000 1802 2202 1655 2308 3041 728 3036 3178 3522 1442 0 2683 2927 4459 3289 3178 2720 2601 2561 824 2416 2807 2617 2059 3206 1421 1655 1746 2280
3488 3640 4036 1627 4167 5841 3255 4143 4729 1726 3257 4687 2647 5700 5300 6191 2332 2683 0 5360 7080 5544 4623 2807 1315 1131 3352 5099 4770 5243 4534 2973 1334 3190 4401 4638
2340 4770 3405 4110 2140 2886 3220 1216 761 3764 2842 1838 2716 1300 900 2400 4272 2927 5360 0 3423 3935 5020 5478 5522 4775 2109 1565 4186 2416 2906 4177 4031 4070 1442 728
3676 4472 3231 5464 2969 1252 3858 3939 3289 6020 5813 5217 4827 2137 4318 1077 5008 4459 7080 3423 0 2202 4001 5675 6574 7000 4060 2282 3106 1843 2594 7119 5879 4272 3052 3764
2729 2376 1526 3940 2202 1303 2370 3748 3383 4939 5315 5315 3905 2842 4753 2109 3252 3289 5544 3935 2202 0 1800 3624 4763 5770 3313 2370 948 1526 1303 6432 4565 2408 2765 3860
3041 984 1640 3238 2906 2983 2213 4410 4318 4600 5481 5953 3905 4219 5685 3764 2353 3178 4623 5020 4001 1800 0 2121 3551 5178 3624 3580 948 2906 2140 6319 4019 1600 3612 4701
3138 1252 2507 1972 3471 4472 2280 4477 4716 3443 4780 5748 3324 5147 5866 5115 1280 2720 2807 5478 5675 3624 2121 0 1552 3649 3498 4440 2683 4104 3206 5200 2731 1503 4080 4919
3313 2580 3361 1414 3883 5322 2751 4356 4804 2483 4022 5280 2912 5557 5675 5818 1565 2601 1315 5522 6574 4763 3551 1552 0 2325 3413 4883 3889 4810 3981 4080 1802 2360 4310 4850
3324 4229 4248 1941 4031 5813 3400 3584 4248 1029 2308 3801 2220 5353 4554 6020 2828 2561 1131 4775 7000 5770 5178 3649 2325 0 3000 4841 5126 5166 4604 1843 1208 3613 4080 4049
608 3061 2061 2002 1170 2952 1442 984 1403 1984 2002 2360 781 2370 2370 3041 2236 824 3352 2109 4060 3313 3624 3498 3413 3000 0 1843 3059 2282 2009 3162 2024 2267 1081 1456
1615 3511 2061 3573 1004 1400 2200 1676 1100 3828 3534 3100 2624 707 2404 1220 3405 2416 5099 1565 2282 2370 3580 4440 4883 4841 1843 0 2690 854 1442 4837 3807 2942 781 1600
2451 1431 1004 3220 2147 2039 1811 3716 3522 4393 5024 5292 3500 3301 4909 2816 2441 2807 4770 4186 3106 948 948 2683 3889 5126 3059 2690 0 1972 1280 6013 3921 1581 2830 3944
1843 3026 1600 3635 1140 670 2061 2408 1923 4201 4176 3911 3023 1345 3257 1019 3257 2617 5243 2416 1843 1526 2906 4104 4810 5166 2282 854 1972 0 900 5423 4036 2617 1414 2418
1431 2137 700 2906 921 1341 1280 2500 2247 3712 4011 4080 2624 2102 3635 1910 2416 2059 4534 2906 2594 1303 2140 3206 3981 4604 2009 1442 1280 900 0 5141 3420 1726 1565 2683
3710 5474 5024 3257 4332 6092 4204 3220 3920 1772 1345 2640 2531 5140 3635 6053 4123 3206 2973 4177 7119 6432 6319 5200 4080 1843 3162 4837 6013 5423 5141 0 2469 4726 4070 3538
2220 3100 3041 806 2920 4666 2195 2816 3395 721 2220 3511 1315 4386 4019 4940 1702 1421 1334 4031 5879 4565 4019 2731 1802 1208 2024 3807 3921 4036 3420 2469 0 2433 3087 3313
1780 806 1044 1676 1992 3036 860 3189 3312 3000 3956 4622 2376 3649 4560 3634 860 1655 3190 4070 4272 2408 1600 1503 2360 3613 2267 2942 1581 2617 1726 4726 2433 0 2640 3580
1000 3328 1979 2942 707 2061 1802 1000 707 3061 2785 2549 1860 1300 2080 2000 2927 1746 4401 1442 3052 2765 3612 4080 4310 4080 1081 781 2830 1414 1565 4070 3087 2640 0 1118
1802 4327 3061 3436 1802 3000 2720 500 500 3036 2193 1500 2002 1655 989 2692 3676 2280 4638 728 3764 3860 4701 4919 4850 4049 1456 1600 3944 2418 2683 3538 3313 3580 1118 0
# set of given starting solutions
0 7 27 5 23 8 24 4 28 32 16 34 12 20 35 29 25 26 18 21 30 14 11 15 22 33 6 10 17 9 2 19 31 3 1 13 0
0 9 11 20 27 13 5 29 32 6 4 12 7 35 15 19 14 34 21 2 1 17 26 30 31 18 22 10 23 28 8 3 33 25 24 16 0
0 35 32 11 24 1 23 14 4 29 28 19 13 25 27 16 2 10 7 20 34 22 9 30 15 6 31 5 26 18 21 3 8 12 33 17 0
0 33 7 17 29 1 12 34 24 19 26 2 13 30 18 8 16 22 14 25 4 9 3 27 28 11 31 10 20 35 15 6 32 21 5 23 0
0 25 3 22 35 30 1 29 28 27 9 4 11 7 34 24 20 33 23 18 2 19 10 12 14 13 16 26 5 31 8 17 32 6 21 15 0
0 27 9 26 11 6 24 19 17 25 34 2 21 13 4 5 29 35 33 15 3 12 30 16 31 20 28 1 18 22 10 23 8 14 7 32 0
0 23 20 27 10 9 7 24 33 18 3 4 6 32 19 5 21 16 11 29 1 25 30 28 34 35 17 2 13 8 12 14 31 26 22 15 0
0 4 9 18 31 13 23 30 19 6 26 20 25 14 5 1 7 28 34 17 22 11 21 2 3 29 35 12 27 10 16 24 32 33 15 8 0
0 10 25 16 24 12 4 17 1 6 18 14 27 15 28 35 26 9 11 3 21 34 22 8 33 5 32 23 2 13 30 20 29 7 19 31 0
0 27 31 3 11 2 26 7 9 15 19 17 24 12 28 1 18 8 32 4 6 25 10 23 20 21 30 5 14 16 34 33 13 29 22 35 0
0 13 15 14 7 10 30 33 27 5 9 1 26 20 16 4 31 12 17 22 18 28 21 35 11 3 25 19 23 29 2 6 34 24 8 32 0
0 29 16 14 30 8 28 10 7 21 33 31 6 35 20 18 2 22 4 9 5 32 26 1 24 34 11 19 17 13 3 27 23 25 12 15 0
0 1 27 9 11 25 7 30 28 10 18 33 29 32 14 26 35 31 16 17 21 24 3 15 19 34 8 12 22 4 5 2 23 13 6 20 0
0 7 17 5 15 13 11 28 25 29 33 27 16 3 19 21 18 8 4 35 31 32 23 9 30 26 22 12 34 6 10 24 20 1 14 2 0
0 27 6 28 14 19 24 5 10 17 13 23 3 16 4 21 12 29 34 2 11 22 31 9 1 26 32 33 15 20 30 18 35 8 25 7 0
0 27 12 23 7 33 35 19 25 16 24 29 1 2 6 5 34 17 20 11 14 18 13 4 31 22 10 26 8 3 21 15 28 30 9 32 0
0 18 31 23 35 15 20 2 4 32 19 12 17 26 6 11 22 30 21 34 10 5 9 24 13 29 3 7 28 14 25 16 33 1 27 8 0
0 9 8 19 30 15 14 33 32 6 1 22 5 28 26 23 18 7 31 11 4 16 17 25 3 21 10 34 24 35 27 12 29 2 20 13 0
0 32 25 16 11 27 5 19 14 9 2 22 21 1 30 12 31 15 34 24 23 13 20 4 6 8 17 26 35 29 33 7 3 28 18 10 0
0 1 15 24 5 18 33 8 19 32 16 26 11 10 2 13 6 34 28 17 31 4 30 12 3 20 14 29 9 22 35 25 21 27 7 23 0
0 32 11 28 3 12 17 29 4 9 20 25 15 10 35 24 14 5 27 7 21 26 33 23 34 1 2 19 16 13 30 18 8 6 22 31 0
0 24 18 21 1 25 32 10 11 5 12 8 34 33 26 22 20 28 4 19 14 31 27 9 7 16 13 23 15 3 29 6 2 30 17 35 0
0 28 20 5 17 14 24 6 22 8 11 12 9 25 30 10 31 26 2 13 1 34 15 4 16 27 21 33 29 7 35 3 32 19 18 23 0
0 11 8 26 10 16 7 18 21 27 6 14 15 2 34 3 13 28 20 33 1 30 17 9 5 35 19 22 29 25 23 31 24 12 4 32 0
0 16 34 33 6 32 22 35 14 27 23 18 12 24 3 10 7 15 13 11 20 2 28 30 5 4 8 26 1 19 31 29 9 25 17 21 0
0 27 19 3 1 13 23 15 29 17 4 28 5 30 14 32 16 33 2 35 11 31 12 10 25 26 8 34 22 9 24 7 6 18 21 20 0
0 14 26 2 30 33 1 7 12 31 20 32 16 25 17 6 34 15 13 21 9 29 27 22 24 3 18 23 19 35 10 28 11 4 5 8 0
0 21 3 20 22 31 33 2 4 6 9 27 35 17 1 14 25 32 30 12 26 10 24 34 5 15 16 18 23 28 13 11 7 19 8 29 0
0 30 2 4 29 12 9 16 23 32 18 6 26 22 8 20 25 10 15 27 5 35 21 11 19 3 7 1 31 34 24 33 13 28 14 17 0
0 25 17 4 13 31 9 26 20 34 33 2 14 18 16 19 12 6 10 5 22 3 28 7 1 8 15 24 11 21 29 35 32 30 27 23 0
0 13 20 10 3 11 23 33 1 24 4 9 22 29 28 15 5 26 25 14 6 21 17 30 8 35 16 27 2 32 12 7 18 31 34 19 0
0 25 30 35 29 6 2 19 32 14 8 26 33 9 3 24 15 13 28 18 23 12 7 11 10 1 31 20 4 27 16 34 17 5 22 21 0
0 4 32 3 31 2 18 28 25 34 29 6 33 23 21 15 20 11 8 1 27 30 17 16 10 9 35 22 12 5 19 26 13 24 14 7 0
0 11 26 17 15 25 7 28 35 21 22 14 12 5 27 9 29 33 4 24 20 23 19 8 3 1 34 16 30 31 6 13 32 18 2 10 0
0 11 22 16 6 34 25 8 4 13 29 19 2 10 1 31 21 7 12 27 33 30 24 32 14 28 35 17 26 18 5 3 15 20 23 9 0
0 22 30 1 16 6 34 18 14 25 17 29 13 9 4 24 26 12 31 11 8 2 7 15 33 32 23 19 5 20 3 27 28 21 35 10 0
0 33 21 23 1 18 29 8 32 19 30 35 27 34 15 20 9 10 5 25 13 11 17 26 12 28 22 14 6 16 31 4 3 2 24 7 0
0 21 23 1 18 31 2 10 8 33 6 11 14 15 12 29 9 26 3 24 25 30 16 17 22 35 27 7 32 5 34 4 28 13 19 20 0
0 15 28 8 5 9 30 17 12 3 26 25 31 22 27 14 19 29 6 4 18 20 1 16 21 2 34 33 7 13 35 24 32 10 23 11 0
0 17 25 23 35 18 16 6 2 27 15 22 31 12 24 8 4 29 28 10 30 20 3 19 9 21 26 34 7 14 33 13 5 11 1 32 0
0 25 18 10 19 16 9 13 21 30 33 12 8 7 5 20 23 27 28 11 14 26 4 29 24 32 2 35 1 15 31 34 6 17 22 3 0
0 33 34 19 20 10 11 14 28 24 16 32 30 2 15 6 27 3 13 17 23 12 1 31 18 25 35 26 21 4 29 8 7 9 22 5 0
0 12 3 28 31 15 30 25 10 22 18 19 7 2 26 8 11 23 16 29 20 13 24 6 5 21 32 33 9 1 17 14 27 4 35 34 0
0 5 28 4 34 30 1 6 22 13 29 3 25 21 11 27 18 35 10 31 17 2 7 32 33 24 15 8 26 20 12 16 19 23 9 14 0
0 18 20 14 13 2 11 15 16 9 24 27 8 32 26 5 19 12 4 10 33 7 30 35 1 17 31 3 25 29 6 23 34 22 21 28 0
0 22 28 9 24 16 20 30 13 3 6 32 33 19 27 15 34 10 14 7 18 2 17 5 29 23 11 26 35 31 25 8 1 4 12 21 0
0 25 6 13 33 10 5 20 12 28 24 32 27 2 9 1 11 35 8 18 29 23 30 26 7 15 22 14 19 3 31 17 16 34 4 21 0
0 29 21 10 5 7 2 24 19 1 35 25 14 4 9 23 17 12 11 8 16 15 27 30 6 3 20 32 28 31 13 22 18 33 34 26 0
0 2 11 10 21 24 27 33 5 18 9 17 31 34 22 8 1 12 26 19 3 13 4 16 14 30 20 25 23 32 28 7 35 15 29 6 0
0 16 2 18 5 8 1 34 31 26 9 7 28 4 12 17 3 10 22 21 30 35 25 33 13 11 20 24 19 27 29 23 6 14 32 15 0
0 30 32 20 34 21 14 1 18 13 3 11 27 29 19 9 23 35 24 22 6 4 17 33 16 26 10 31 28 25 7 8 5 12 2 15 0
0 19 28 27 11 1 12 31 5 18 33 25 23 14 26 16 35 13 8 2 4 21 7 22 3 29 10 9 20 34 24 6 32 30 15 17 0
0 6 22 23 26 15 12 18 14 2 27 24 28 13 21 30 11 7 8 17 31 4 10 25 33 1 16 32 35 29 34 3 9 19 20 5 0
0 13 30 34 15 9 7 12 16 6 1 33 19 29 35 32 3 5 31 18 4 28 11 14 21 27 22 8 24 26 20 10 17 2 25 23 0
0 26 10 5 9 17 16 33 35 28 20 14 30 29 32 25 22 1 15 21 27 24 8 34 6 2 3 7 11 4 19 18 23 31 13 12 0
0 12 10 26 28 16 27 14 5 13 8 30 29 23 31 20 17 32 1 11 35 7 15 25 34 21 19 22 4 9 3 18 24 6 33 2 0
0 28 8 29 34 3 6 24 35 13 26 4 19 31 18 30 22 15 20 5 2 32 7 17 23 11 21 16 1 10 9 12 27 33 25 14 0
0 30 27 31 9 4 25 21 10 3 12 20 8 32 5 29 35 6 13 23 7 15 19 26 17 16 24 18 34 1 14 22 33 28 11 2 0
0 7 25 16 11 17 27 8 19 12 22 18 1 23 6 10 35 34 13 20 31 5 21 24 30 4 32 15 14 29 2 9 3 28 33 26 0
0 31 16 25 7 10 17 23 8 28 22 14 6 24 13 26 11 19 29 34 5 2 20 27 15 18 12 32 21 4 1 35 3 33 9 30 0
0 25 28 35 33 32 27 2 20 11 1 15 29 5 9 24 23 21 31 3 4 17 34 22 14 30 13 16 6 18 26 10 7 19 8 12 0
0 2 11 28 30 15 26 5 19 20 24 33 31 16 35 12 9 8 27 21 4 7 13 6 34 22 29 3 25 32 14 1 17 23 18 10 0
0 14 1 18 22 13 31 12 24 5 30 27 25 33 29 15 9 7 26 21 34 10 17 23 19 32 3 20 2 16 28 4 11 6 8 35 0
0 20 11 5 19 2 34 17 8 4 10 16 21 24 22 7 29 28 1 33 3 26 31 15 27 6 18 30 23 12 13 35 14 32 25 9 0
0 25 15 29 9 32 7 22 16 11 6 18 27 14 4 3 35 23 12 10 1 13 21 24 30 20 26 5 17 31 2 19 34 33 28 8 0
0 11 12 21 24 23 28 15 14 35 7 17 19 20 22 16 5 25 13 3 26 9 30 31 32 27 4 10 2 8 18 33 29 34 1 6 0
0 8 10 29 26 33 15 16 31 11 17 35 30 13 14 24 2 1 4 3 34 7 5 19 25 21 18 20 27 6 9 12 32 28 23 22 0
0 21 29 5 11 4 31 25 16 28 24 35 12 17 19 3 14 20 2 15 32 23 8 1 22 34 18 6 9 7 30 27 33 10 13 26 0
0 8 25 4 15 24 35 17 10 31 23 34 3 33 21 27 18 12 6 14 20 19 13 32 5 29 7 30 1 11 22 9 26 2 16 28 0
0 35 17 33 30 27 22 28 32 21 11 10 29 20 31 19 3 34 1 8 4 14 25 23 7 18 6 15 13 2 26 16 12 5 24 9 0
0 33 6 1 3 8 14 9 13 23 17 11 29 31 24 21 22 18 28 30 35 20 26 25 4 12 2 34 5 19 27 16 32 7 15 10 0
0 23 1 14 11 29 4 7 32 8 17 5 21 9 28 25 2 31 30 27 26 19 35 13 22 6 34 20 3 12 33 15 24 10 16 18 0
0 2 25 21 23 9 13 33 1 18 30 11 35 4 28 19 8 15 34 26 5 27 22 3 29 17 31 10 20 32 6 7 14 12 24 16 0
0 13 4 15 9 16 23 32 22 2 29 25 26 14 7 1 30 6 31 27 34 10 20 19 21 33 5 35 3 11 8 17 18 24 12 28 0
0 15 16 12 32 5 34 35 18 27 11 8 19 10 20 3 28 26 21 4 25 22 14 31 9 24 30 33 23 1 7 29 2 6 13 17 0
0 33 35 13 8 16 1 22 20 14 27 12 32 4 18 15 21 23 7 31 6 2 28 11 24 17 34 9 25 29 26 10 19 5 3 30 0
0 11 22 16 28 35 7 19 5 21 4 34 1 15 18 2 29 10 20 30 31 27 3 32 33 23 24 12 8 13 6 17 9 25 26 14 0
0 33 34 4 21 2 8 22 20 16 35 9 13 23 29 27 17 7 10 3 19 32 11 6 31 28 14 5 30 26 24 18 12 15 25 1 0
0 20 23 15 1 4 9 22 27 34 30 8 2 14 7 18 26 28 29 10 3 21 6 19 16 33 11 12 31 17 5 32 25 24 35 13 0
0 1 10 9 30 7 25 14 20 21 24 18 31 3 2 5 19 13 8 29 28 22 11 15 35 32 16 23 26 4 33 27 12 6 17 34 0
0 16 33 19 5 13 3 7 1 8 9 2 11 29 12 35 17 31 28 30 20 14 24 21 10 32 25 22 34 18 27 6 4 15 23 26 0
0 27 24 32 19 34 6 29 25 1 23 30 31 20 18 15 13 22 26 7 8 3 14 17 21 33 12 16 2 11 5 10 28 4 35 9 0
0 12 18 2 4 33 1 11 25 19 22 7 35 28 31 23 3 10 13 34 8 5 30 16 24 6 26 9 17 32 29 14 15 21 27 20 0
0 17 5 19 35 8 13 34 29 28 24 12 4 16 3 6 15 2 7 26 25 18 20 32 22 11 30 21 23 27 14 33 10 31 1 9 0
0 10 19 35 1 5 4 8 15 13 7 16 2 11 23 27 14 34 30 25 31 29 3 22 12 28 24 33 21 9 17 26 6 20 32 18 0
0 17 33 11 20 27 3 2 22 24 8 15 4 9 34 10 25 16 35 5 13 28 31 7 32 12 1 6 18 14 30 19 29 26 21 23 0
0 13 27 35 14 12 2 24 6 10 32 16 23 3 4 8 20 29 7 31 17 15 9 1 26 18 25 28 22 19 33 11 21 34 5 30 0
0 4 24 12 28 7 26 10 33 18 1 6 3 27 8 34 17 20 22 11 13 2 30 15 16 19 9 21 31 14 32 35 23 29 25 5 0
0 35 28 27 6 9 22 1 26 2 24 12 31 25 23 29 3 8 21 13 20 4 15 17 19 16 30 18 7 14 5 32 34 11 10 33 0
0 30 25 22 3 13 15 35 8 14 19 24 5 21 23 1 33 27 32 2 17 11 20 31 12 26 9 4 29 28 7 18 10 16 34 6 0
0 16 24 30 3 8 20 10 15 23 18 21 35 28 27 14 33 25 9 31 32 2 29 1 22 12 34 17 5 11 4 7 19 6 26 13 0
0 5 6 22 1 31 30 9 13 23 15 14 7 33 27 18 16 29 19 24 25 20 10 32 17 34 35 26 8 2 12 4 21 28 3 11 0
0 4 31 12 20 10 3 18 27 16 7 14 34 5 21 33 26 9 17 24 22 35 8 32 11 13 19 30 15 2 29 6 23 28 1 25 0
0 29 24 13 23 6 9 25 31 5 17 26 16 15 10 20 27 28 30 11 12 1 19 22 35 4 34 14 18 8 7 3 2 21 32 33 0
0 17 9 16 23 1 12 32 18 31 30 22 25 8 33 28 35 15 6 20 2 27 3 11 7 26 10 4 5 29 24 19 21 13 14 34 0
0 2 26 14 31 5 30 24 11 22 33 17 9 8 21 20 18 27 12 10 15 13 34 1 4 35 23 29 6 32 19 25 7 28 3 16 0
0 19 34 23 30 14 10 16 17 22 27 5 12 33 11 3 29 32 9 15 21 31 20 35 26 4 28 7 25 24 2 1 18 13 6 8 0
0 8 13 34 23 9 4 5 19 12 1 7 18 31 20 22 24 14 30 25 16 3 33 10 35 32 27 15 2 11 17 29 21 26 6 28 0
0 28 2 30 12 21 19 8 23 20 26 18 25 34 4 29 17 31 33 22 9 24 7 11 27 10 32 5 13 6 35 14 3 1 16 15 0
0 23 29 21 2 13 25 8 10 4 35 31 20 3 16 33 28 30 9 11 15 7 34 6 12 32 26 5 19 1 17 18 27 22 24 14 0
0 21 19 26 15 32 28 29 25 20 3 10 14 5 27 12 9 17 16 6 31 8 2 7 22 24 23 13 1 33 30 18 34 4 35 11 0
0 25 31 28 14 19 12 6 34 4 23 11 1 30 17 29 18 26 10 35 8 33 24 32 27 5 22 3 16 9 15 2 13 20 7 21 0
0 4 35 5 23 10 1 6 9 14 29 19 32 13 2 21 15 28 22 11 33 12 27 20 31 34 24 8 17 26 25 3 16 18 30 7 0
0 33 10 30 35 5 26 24 27 31 17 4 12 29 22 9 23 28 32 6 7 11 34 18 20 2 8 14 3 1 13 15 16 21 25 19 0
0 32 34 7 24 25 13 20 30 3 26 14 1 28 35 18 4 27 16 19 15 12 31 23 29 17 2 22 5 11 6 8 33 21 10 9 0
0 6 4 7 8 18 32 27 25 22 11 16 3 19 26 12 5 24 10 34 9 2 35 1 29 28 31 30 17 23 15 21 13 20 33 14 0
0 23 14 16 15 4 5 10 25 24 28 9 33 6 35 30 20 26 13 3 2 1 22 34 17 18 12 11 21 19 29 32 31 7 8 27 0
0 30 16 9 15 25 7 34 21 31 23 8 35 5 26 22 19 6 12 13 1 24 4 20 18 3 32 11 28 17 2 10 27 14 29 33 0
0 16 28 9 11 15 23 19 35 34 12 20 30 24 6 33 26 27 32 14 10 17 29 8 4 2 18 22 21 1 3 13 7 25 5 31 0
0 3 15 25 7 35 9 11 16 14 31 13 34 29 8 12 18 4 6 30 32 23 22 24 1 5 17 27 2 26 10 20 28 33 19 21 0
0 25 21 2 9 4 27 32 35 20 31 26 24 10 28 16 30 15 33 22 3 13 11 18 12 19 34 8 17 23 6 1 7 5 29 14 0
0 31 32 12 20 5 29 1 18 34 21 24 30 9 4 3 8 28 2 6 11 7 13 22 26 35 14 16 33 10 19 23 17 27 25 15 0
0 32 27 24 33 2 11 15 20 7 25 16 10 6 9 17 1 35 23 4 26 22 30 8 12 5 13 3 29 14 34 21 28 31 18 19 0
0 28 5 14 34 15 3 7 9 12 25 26 2 22 18 16 32 31 33 13 17 20 21 6 24 23 29 27 1 10 35 30 19 8 11 4 0
0 6 3 14 17 35 26 15 5 16 1 22 10 18 4 33 23 31 29 2 11 7 9 13 8 21 27 25 28 24 30 19 20 34 12 32 0
0 7 26 21 12 33 15 13 24 5 3 4 25 22 11 6 31 9 19 28 23 35 27 29 17 10 20 34 32 2 8 30 16 1 14 18 0
0 4 29 32 15 6 8 31 28 5 35 26 3 23 17 25 2 1 34 9 7 19 33 18 22 27 20 12 16 11 13 10 21 30 24 14 0
0 30 13 5 16 18 29 9 12 15 32 20 22 10 19 27 26 17 1 11 6 4 34 23 33 28 21 14 7 35 3 8 24 25 2 31 0
0 4 34 12 30 31 3 32 28 21 9 14 20 17 29 22 33 23 1 8 2 11 19 15 10 18 35 13 24 7 16 27 25 6 5 26 0
0 35 10 3 2 24 12 22 26 34 11 9 32 17 13 1 18 30 16 7 19 14 28 5 6 15 29 4 33 27 20 25 8 23 21 31 0
0 29 3 23 1 35 18 12 33 26 14 30 7 19 9 34 28 17 31 22 15 21 5 6 16 32 27 8 4 13 25 11 20 2 24 10 0
0 22 11 23 1 21 10 5 19 33 32 3 28 29 20 16 12 2 25 26 7 8 15 31 4 30 18 17 27 35 24 13 6 34 9 14 0
0 15 25 35 29 34 5 27 22 7 23 6 13 28 9 11 32 31 20 18 19 26 2 3 14 21 17 12 4 10 24 33 8 1 30 16 0
0 20 19 23 34 7 12 13 17 28 4 26 6 3 29 24 16 1 9 5 35 33 21 15 30 14 8 27 18 32 10 31 11 2 22 25 0
0 19 27 9 6 31 25 24 13 4 17 26 5 21 29 18 33 1 35 7 22 10 15 30 14 34 11 20 12 23 32 2 28 3 8 16 0
0 34 18 32 35 2 1 10 5 3 8 33 7 13 20 22 26 15 29 6 14 16 21 30 17 25 28 31 23 27 4 19 11 24 12 9 0
0 34 35 12 17 1 20 2 3 22 14 15 13 5 26 16 30 8 29 28 7 27 33 23 4 21 9 31 6 18 10 11 25 32 24 19 0
0 28 29 31 16 12 6 34 27 25 33 13 14 1 2 5 11 22 30 21 10 26 35 3 7 8 17 9 20 32 15 19 4 23 24 18 0
0 8 32 15 13 30 22 19 14 24 6 3 4 12 27 34 33 7 31 20 10 28 18 23 1 9 26 16 17 35 2 11 25 29 21 5 0
0 29 22 8 7 19 23 11 14 15 16 26 2 18 21 12 10 24 9 1 17 6 4 35 13 20 30 5 34 32 31 27 3 28 33 25 0
0 12 22 17 31 30 27 7 26 8 35 20 6 32 1 13 33 4 23 14 24 34 25 28 19 10 15 2 29 21 3 11 18 16 5 9 0
0 14 19 17 31 22 25 24 33 9 12 27 4 29 6 21 10 30 16 18 28 26 11 23 8 13 2 3 5 32 15 35 1 34 7 20 0
0 1 18 34 31 10 17 30 19 4 35 20 24 22 2 33 23 26 28 25 27 3 16 15 7 6 5 8 29 21 12 14 13 32 11 9 0
0 21 9 26 12 1 24 22 14 35 30 3 19 4 31 34 27 5 11 25 20 2 16 6 18 17 10 7 32 29 23 15 8 28 13 33 0
0 25 34 31 7 16 9 11 19 15 23 17 1 20 18 8 3 29 12 22 26 2 14 30 32 35 10 28 24 5 13 21 6 4 33 27 0
0 13 18 32 27 21 31 17 23 10 14 11 34 1 20 6 12 8 22 35 4 3 25 15 24 26 19 9 5 28 30 16 33 2 7 29 0
0 35 23 27 17 34 5 21 2 4 29 11 28 18 32 8 15 16 1 14 25 9 10 20 22 6 33 7 26 13 30 24 12 3 19 31 0
0 35 17 28 5 4 18 26 30 14 10 9 16 13 1 2 29 3 32 23 11 24 33 22 20 31 8 7 15 6 27 21 12 25 34 19 0
0 1 6 29 7 8 21 16 3 32 35 5 10 31 9 27 22 23 19 26 33 30 13 20 18 12 28 11 14 24 17 15 34 2 4 25 0
0 11 9 1 10 31 30 2 12 8 24 15 3 20 17 16 35 13 6 34 29 21 26 14 4 32 22 23 19 28 5 7 18 25 33 27 0
0 8 11 17 21 4 9 25 33 34 23 19 30 13 14 22 16 32 2 6 29 12 18 31 5 3 10 7 24 26 28 20 35 15 27 1 0
0 30 14 18 28 20 23 27 34 16 11 10 21 33 5 24 32 13 3 15 17 4 12 25 19 2 26 31 6 22 29 9 1 35 8 7 0
0 8 6 19 33 15 10 2 5 20 12 26 22 23 25 35 4 24 34 28 9 13 3 1 31 18 11 32 30 17 21 14 7 16 27 29 0
0 18 17 15 26 3 21 19 4 16 9 5 7 10 35 27 11 29 34 13 30 8 1 31 20 32 23 12 14 33 22 24 6 25 28 2 0
0 10 33 15 18 12 28 22 6 25 13 26 9 14 2 20 21 32 27 11 29 3 16 17 30 7 31 34 23 19 24 8 35 4 1 5 0
0 35 13 32 30 9 28 33 1 4 12 14 25 15 7 31 21 27 34 8 23 5 3 26 10 16 2 24 6 29 22 18 20 19 11 17 0
0 21 15 25 1 29 28 14 12 34 33 35 6 20 24 23 11 31 17 16 10 22 4 9 8 27 30 32 2 18 26 3 19 7 13 5 0
0 17 16 33 2 31 23 8 32 15 21 5 4 20 12 14 3 11 34 26 7 27 1 6 28 13 10 30 24 29 22 18 9 35 19 25 0
0 12 6 14 33 27 8 5 24 15 28 1 4 20 7 32 9 35 10 25 11 34 31 21 18 29 23 17 30 2 19 3 13 26 16 22 0
0 35 7 1 13 6 3 14 4 5 21 12 22 8 11 24 28 16 25 27 10 17 9 23 15 33 2 30 29 20 26 18 19 32 31 34 0
0 29 35 27 21 2 34 28 17 26 13 16 15 8 30 11 12 32 4 22 6 5 25 31 24 33 3 9 10 23 1 7 19 18 14 20 0
0 27 16 19 15 31 5 25 10 6 13 33 7 29 34 18 11 2 17 24 35 21 28 14 20 9 1 22 12 8 4 26 30 3 32 23 0
0 21 1 15 31 17 26 14 22 35 10 25 30 23 33 3 5 18 24 29 20 9 28 32 19 34 7 4 13 16 11 12 8 6 27 2 0
0 5 11 22 6 15 2 16 3 9 14 29 7 27 24 10 33 26 31 25 8 4 23 18 34 28 32 12 35 21 1 19 13 20 17 30 0
0 9 7 2 12 10 20 33 29 23 15 26 17 5 27 18 11 14 3 34 4 6 8 24 13 25 28 22 30 35 32 21 16 1 31 19 0
0 27 29 30 25 21 12 8 7 6 22 35 18 32 10 9 13 23 24 28 3 34 26 33 1 2 16 31 20 5 14 19 15 11 17 4 0
0 17 3 29 31 26 25 7 35 2 20 8 34 1 22 10 12 18 27 9 23 33 5 11 14 6 16 28 13 30 24 15 19 32 21 4 0
0 27 5 28 29 31 1 7 21 17 11 9 6 2 4 33 10 26 25 15 23 16 18 14 22 34 32 20 19 24 3 35 8 13 12 30 0
0 21 1 29 3 28 32 27 10 11 6 16 4 33 17 9 26 30 15 20 13 19 25 24 7 5 12 2 8 31 18 35 14 23 22 34 0
0 4 17 11 16 32 30 22 35 19 31 21 23 27 29 14 20 1 7 28 2 12 9 6 8 34 26 5 18 25 13 15 33 10 3 24 0
0 16 9 6 5 27 4 7 11 2 15 22 20 1 33 14 26 17 30 35 28 34 24 29 3 19 23 32 25 18 10 13 21 12 31 8 0
0 11 16 14 27 4 34 12 32 15 2 25 10 35 33 28 18 7 26 17 30 8 20 6 22 19 29 1 3 21 24 31 5 9 23 13 0
0 30 8 31 24 1 21 15 22 32 29 27 18 10 2 26 4 13 25 20 5 34 7 23 3 9 17 16 33 6 28 11 19 12 14 35 0
0 32 31 30 34 19 25 28 11 20 6 12 33 7 3 35 15 17 27 9 26 13 22 21 8 23 2 5 18 24 1 29 10 4 16 14 0
0 27 34 33 22 16 31 11 20 13 12 29 26 28 30 5 9 14 19 32 2 15 3 1 4 23 10 35 25 17 8 21 6 24 18 7 0
0 24 31 33 26 11 20 14 13 22 5 17 6 3 32 16 12 34 21 9 7 1 8 23 10 30 4 27 29 19 2 25 18 15 28 35 0
0 20 30 34 11 28 18 19 14 3 10 21 12 23 6 1 22 13 8 15 2 24 9 4 26 35 17 33 31 25 16 27 5 7 32 29 0
0 35 31 23 16 12 3 30 18 24 4 10 34 19 13 22 1 2 5 17 14 9 27 7 21 6 8 28 11 20 25 32 33 15 29 26 0
0 28 21 27 2 1 26 14 7 20 30 23 29 33 25 22 6 32 9 16 35 5 18 15 34 10 13 24 17 3 12 4 8 19 31 11 0
0 27 29 31 22 13 14 9 17 26 5 4 18 24 7 34 20 23 6 19 35 25 30 16 21 33 8 2 32 3 28 11 1 12 10 15 0
0 15 14 31 8 33 7 16 27 26 22 28 12 18 35 11 17 32 24 30 1 29 20 4 10 5 3 9 21 13 34 23 2 19 6 25 0
0 4 7 22 3 8 17 13 27 30 2 14 12 26 25 15 1 34 20 11 35 32 19 9 10 33 31 28 23 5 6 29 18 24 16 21 0
0 26 1 13 20 17 8 27 33 24 29 25 7 10 14 2 5 15 21 31 4 30 18 35 6 3 11 23 28 34 32 22 9 12 16 19 0
0 13 25 4 8 11 2 26 29 16 23 27 1 31 20 18 35 19 32 5 7 22 33 6 34 12 24 21 17 3 9 14 28 30 15 10 0
0 32 8 2 11 16 12 10 31 5 26 9 19 28 24 29 14 25 34 17 4 30 7 13 27 6 3 23 1 35 21 22 20 18 33 15 0
0 25 10 22 4 3 31 20 9 13 28 34 7 6 11 2 17 15 35 23 33 18 5 14 16 27 19 29 32 24 21 26 12 8 1 30 0
0 18 11 28 3 15 2 25 27 12 35 32 5 13 31 30 7 8 21 16 26 29 22 1 23 20 17 10 24 4 9 6 14 19 33 34 0
0 1 32 5 24 3 16 7 25 20 13 21 19 35 30 23 26 27 14 11 8 31 6 22 17 29 18 2 4 33 9 10 28 34 12 15 0
0 22 11 24 4 6 33 18 21 20 29 17 1 30 34 15 23 32 27 14 12 5 7 9 8 26 35 31 16 2 3 10 19 28 25 13 0
0 31 33 16 15 19 2 11 18 21 14 17 34 7 25 12 6 5 20 23 4 9 10 1 28 26 35 13 8 24 27 30 29 3 22 32 0
0 16 15 32 20 7 34 21 26 6 11 28 17 14 35 5 23 1 22 12 2 10 18 9 4 19 8 33 30 27 25 31 29 13 24 3 0
0 15 11 23 16 5 33 3 7 8 21 24 19 30 13 26 17 25 27 20 10 4 35 1 14 18 31 6 12 29 34 22 9 28 2 32 0
0 21 17 4 34 16 22 28 25 20 35 19 32 31 15 18 1 29 14 9 23 5 3 24 13 10 7 11 12 6 8 33 2 30 27 26 0
0 3 2 20 34 24 22 15 19 13 9 5 1 8 18 29 26 6 11 28 35 10 12 31 14 25 7 4 27 30 33 23 21 32 16 17 0
0 24 15 10 27 25 21 30 34 7 6 2 19 13 23 31 12 22 14 18 28 17 4 29 16 32 1 3 26 5 9 33 20 11 8 35 0
0 12 31 23 26 15 9 25 4 29 27 18 33 6 19 28 24 35 20 22 11 14 21 7 8 13 16 1 34 10 2 32 30 3 17 5 0
0 2 19 27 6 30 21 31 14 10 20 18 1 26 16 13 4 8 22 12 33 15 11 32 34 3 35 9 25 5 7 23 24 29 28 17 0
0 6 20 15 24 18 16 30 2 12 7 10 27 33 3 11 14 28 34 17 35 22 21 19 5 25 26 23 1 13 29 8 32 31 9 4 0
0 6 13 2 10 24 18 27 12 21 35 22 4 19 30 3 23 26 31 14 1 9 16 11 17 34 5 25 32 20 8 33 15 7 28 29 0
0 15 7 33 32 19 16 30 35 20 25 14 8 6 13 28 11 18 4 34 1 12 26 5 10 21 27 31 2 22 29 24 17 23 9 3 0
0 8 9 12 25 2 21 1 14 30 32 24 26 16 33 35 11 20 31 27 34 10 7 6 4 17 28 23 5 29 13 3 22 15 19 18 0
0 23 14 25 20 1 35 22 8 9 4 21 19 3 10 13 31 29 18 17 5 11 15 12 2 33 16 32 7 27 30 26 34 28 24 6 0
0 13 22 27 9 24 18 32 2 25 29 12 11 3 20 8 23 21 14 33 28 1 5 15 31 19 4 10 30 16 35 7 34 26 6 17 0
0 9 7 8 26 27 2 18 24 28 5 32 1 33 20 10 21 17 13 30 14 34 11 23 3 19 12 29 35 22 6 25 15 31 4 16 0
0 11 18 7 21 16 9 25 4 26 5 3 24 2 6 22 28 33 23 12 31 8 34 15 35 20 17 27 10 29 1 19 30 13 14 32 0
0 30 20 33 31 34 10 35 3 2 19 24 29 16 18 12 14 7 1 9 28 6 27 26 32 25 8 17 11 13 5 4 21 23 22 15 0
0 33 6 2 29 5 8 9 25 30 14 35 4 10 15 18 20 34 24 3 26 1 7 21 32 13 22 27 28 19 23 12 11 31 17 16 0
0 19 15 17 20 7 2 23 25 22 28 9 27 29 32 14 13 10 24 6 8 3 21 16 35 30 1 31 26 11 4 34 33 12 5 18 0
0 3 8 24 6 23 26 18 28 1 22 13 35 11 21 4 25 32 16 31 17 33 29 30 34 5 27 2 20 19 12 14 15 10 9 7 0
0 19 13 32 5 14 26 8 35 6 24 30 10 34 27 16 23 3 15 28 21 17 12 9 22 33 20 7 2 29 4 18 25 31 1 11 0
0 3 14 24 9 18 13 6 17 19 10 23 29 21 28 25 35 33 34 2 20 27 22 31 5 4 16 12 15 8 7 32 11 1 30 26 0
0 4 1 5 29 13 33 11 2 27 12 6 21 10 15 35 18 3 32 22 23 14 25 19 17 26 31 9 8 34 20 7 28 24 16 30 0
0 10 21 35 2 4 8 34 26 1 32 33 18 23 31 7 3 13 24 27 25 28 19 20 6 30 5 14 17 9 15 29 22 11 16 12 0
0 2 27 10 22 16 35 14 4 23 13 17 21 30 7 8 5 11 26 1 31 6 29 20 25 18 9 19 33 3 34 32 15 24 28 12 0
0 24 19 3 22 16 20 32 6 10 28 35 31 12 17 23 1 2 5 34 18 13 7 9 27 25 21 33 11 4 30 15 8 14 26 29 0
0 6 11 19 29 1 14 27 25 4 24 18 10 22 5 23 2 21 12 30 20 35 17 7 15 28 9 26 8 32 3 13 16 33 31 34 0
0 25 23 17 27 35 7 28 12 5 2 20 22 34 24 30 8 9 15 11 21 29 33 6 1 10 19 3 13 4 31 14 16 32 18 26 0
0 28 23 21 33 32 3 4 5 6 1 29 34 9 25 16 8 19 26 35 17 15 27 10 20 30 7 22 2 24 14 12 13 31 11 18 0
0 16 4 29 17 26 7 33 15 2 9 35 27 8 22 23 13 18 14 34 30 3 19 25 5 24 32 6 31 1 12 28 11 20 21 10 0
0 3 10 33 34 11 16 7 26 8 6 9 25 24 12 15 32 21 35 28 2 27 19 5 23 14 20 22 1 13 31 17 18 4 30 29 0
0 35 3 9 28 24 6 34 8 32 27 22 11 23 14 12 25 16 4 10 7 19 30 20 2 33 13 1 18 21 31 29 17 26 5 15 0
0 33 12 34 29 20 30 24 26 35 28 17 11 25 9 32 6 3 13 10 19 18 31 2 23 14 15 1 22 16 5 27 21 4 7 8 0
0 9 18 27 12 28 3 32 26 19 16 34 10 30 15 2 17 6 13 4 22 25 8 11 1 21 24 14 23 7 5 35 31 29 20 33 0
0 17 10 23 30 35 12 34 20 21 7 32 1 28 3 13 14 24 9 6 8 26 11 16 25 29 31 27 4 19 5 33 18 2 15 22 0
0 8 1 32 3 7 21 13 30 10 2 34 18 26 16 20 9 29 14 33 31 12 23 17 5 11 22 24 19 4 15 25 6 28 27 35 0
0 18 1 5 15 28 7 24 19 31 14 9 6 20 10 25 11 23 30 17 21 2 32 22 13 34 12 26 8 33 27 16 35 4 29 3 0
0 26 1 28 4 22 10 9 34 25 6 31 27 2 13 32 8 14 18 15 21 30 3 7 33 20 35 11 19 23 17 16 24 5 12 29 0
0 2 11 28 34 33 1 10 6 18 35 19 20 14 32 4 25 17 15 24 22 16 9 13 26 30 7 8 3 21 5 12 31 23 29 27 0
0 35 14 26 18 6 10 24 17 9 25 16 30 33 27 5 1 15 23 31 20 32 3 19 4 12 7 34 28 13 22 21 11 8 2 29 0
0 6 5 12 27 34 16 3 19 22 31 35 20 33 23 26 17 1 4 25 13 8 32 15 21 11 28 2 10 18 30 24 29 14 7 9 0
0 9 8 21 34 3 29 11 12 15 30 10 2 26 27 6 7 20 22 1 31 18 17 24 13 33 5 25 14 23 28 19 32 35 16 4 0
0 27 25 32 12 14 23 24 8 6 9 5 15 7 4 17 2 13 19 11 33 31 29 20 18 10 1 34 35 3 22 26 16 30 28 21 0
0 20 3 27 23 28 29 11 33 22 1 12 5 34 17 10 16 18 15 32 31 8 30 14 7 9 4 2 13 6 35 26 19 24 21 25 0
0 15 4 33 12 9 6 16 2 20 28 22 10 30 19 29 35 21 24 32 34 26 7 25 27 23 18 31 11 5 17 8 13 3 1 14 0
0 35 1 4 7 32 25 16 21 13 9 28 11 15 34 3 5 2 23 33 18 26 29 20 24 10 30 12 22 27 14 8 6 17 31 19 0
0 12 14 7 2 10 1 33 11 28 31 32 5 30 8 3 21 18 20 22 19 25 27 15 6 24 4 17 35 23 26 29 16 9 13 34 0
0 35 5 16 13 23 31 17 25 2 15 22 24 1 8 33 21 34 27 9 30 3 18 12 4 32 6 26 14 11 19 28 29 10 20 7 0
0 24 29 10 19 18 8 11 34 9 35 26 14 32 13 4 16 15 6 23 3 2 5 21 17 22 25 1 30 20 27 33 12 7 28 31 0
0 13 22 15 23 14 12 26 27 33 24 20 7 16 17 31 4 28 29 8 18 19 10 5 11 32 30 9 2 25 21 35 3 34 1 6 0
0 22 33 27 24 13 3 19 1 5 7 6 14 34 30 16 25 2 12 21 23 26 4 28 31 35 32 18 15 20 29 8 11 10 17 9 0
0 14 16 34 33 27 21 6 31 18 28 3 10 25 32 35 20 29 2 13 22 15 30 7 12 9 19 24 1 8 11 26 23 5 17 4 0
0 30 14 15 33 21 32 5 13 20 1 2 28 8 11 4 29 3 6 25 27 19 23 34 35 22 12 18 31 7 9 10 16 26 24 17 0
0 19 7 5 6 32 31 35 15 28 4 23 18 21 11 24 29 26 12 10 2 1 20 3 33 27 16 14 9 22 30 8 17 34 25 13 0
0 19 34 8 9 17 29 5 7 26 14 18 27 4 35 2 20 15 25 32 28 6 23 33 31 13 22 21 1 16 10 12 24 30 3 11 0
0 19 28 10 34 35 12 5 22 8 13 7 33 9 23 17 24 21 6 25 27 20 14 29 26 2 31 15 30 3 11 18 16 1 4 32 0
0 2 8 4 35 11 24 13 21 27 33 5 1 14 3 30 29 23 20 32 34 16 19 18 25 7 6 17 9 10 12 22 26 28 15 31 0
0 10 21 8 34 29 9 26 25 27 14 1 13 20 12 22 16 11 4 28 5 18 7 23 24 33 19 15 6 2 3 32 35 30 31 17 0
0 28 30 6 31 22 4 33 25 19 13 26 5 29 1 21 35 9 34 16 11 18 2 12 24 20 3 14 15 32 17 7 27 8 23 10 0
0 4 23 19 35 32 14 5 21 22 3 24 26 28 13 29 17 10 25 2 27 1 16 7 8 9 31 33 12 30 34 18 11 15 20 6 0
0 28 5 16 24 8 11 12 26 35 29 4 7 1 17 9 23 32 13 27 6 31 3 20 19 34 22 14 33 25 10 2 18 21 15 30 0
0 35 31 18 7 28 34 3 11 9 5 14 30 2 22 21 16 29 23 26 13 8 20 33 15 12 17 10 1 24 19 25 32 27 6 4 0
0 35 25 13 1 34 30 21 9 12 7 2 29 20 4 26 22 10 27 28 24 3 33 31 15 6 18 19 11 8 14 32 16 23 5 17 0
0 11 10 2 32 5 31 19 16 3 24 25 23 17 18 6 8 35 28 12 4 14 21 15 20 29 30 9 13 27 33 26 7 34 22 1 0
0 28 12 5 33 25 6 23 20 19 18 15 21 10 3 22 35 8 34 29 27 24 26 16 31 13 2 1 4 32 14 17 7 11 9 30 0
0 9 11 24 32 3 34 17 19 13 31 12 22 28 29 23 30 14 6 1 4 20 5 21 26 27 16 15 7 25 35 8 33 10 2 18 0
0 10 21 5 20 13 24 27 12 23 32 30 34 22 2 15 33 31 17 7 6 4 29 3 19 14 26 8 16 35 11 18 1 28 25 9 0
0 9 35 10 32 19 6 1 27 23 8 21 18 15 29 7 28 5 4 20 22 17 30 34 13 14 3 26 24 12 25 16 31 2 11 33 0
0 17 19 11 12 3 2 5 14 35 9 22 31 10 18 26 8 25 24 20 30 6 27 21 34 13 1 33 16 15 4 29 7 23 28 32 0
0 10 31 6 4 18 20 32 1 16 5 34 28 9 14 2 8 11 33 21 30 3 24 7 19 13 35 22 26 12 25 17 29 15 23 27 0
0 12 15 23 35 30 28 19 29 14 33 10 11 21 22 25 6 8 9 3 18 2 24 20 5 32 13 1 27 26 4 17 31 16 34 7 0
0 7 11 31 15 25 16 4 19 30 14 33 5 23 34 35 21 28 26 17 12 18 1 6 32 27 10 20 8 24 29 13 9 22 3 2 0
0 7 12 10 29 14 19 4 1 9 17 6 28 16 32 27 13 31 25 21 11 15 5 8 24 22 18 2 23 30 3 34 26 33 20 35 0
0 15 26 4 24 20 29 8 23 22 3 25 1 30 33 28 34 10 16 21 19 12 5 13 18 31 32 17 27 7 6 14 9 11 2 35 0
0 26 35 23 2 25 29 21 9 1 11 8 7 27 33 15 32 18 20 3 14 10 4 5 16 28 24 34 22 31 13 6 17 19 30 12 0
0 9 35 16 33 18 28 22 12 2 27 10 11 23 21 20 17 26 32 25 14 7 1 29 31 6 5 34 3 19 13 4 30 24 8 15 0
0 25 21 31 7 3 28 30 24 22 23 35 32 9 20 6 15 8 1 29 19 33 16 14 17 2 26 13 18 10 34 5 4 11 12 27 0
0 28 27 6 13 29 1 4 5 26 35 32 14 30 25 31 8 7 24 9 21 23 11 19 34 2 12 16 17 22 15 20 18 33 3 10 0
0 13 8 30 28 24 14 11 12 16 19 15 21 26 17 33 4 35 22 18 5 25 27 3 10 23 7 2 31 32 29 1 20 9 6 34 0
0 31 30 18 25 19 9 6 10 32 8 2 17 29 35 24 5 12 1 7 3 33 15 26 23 22 4 11 28 14 34 16 27 21 20 13 0
0 28 10 26 1 16 19 3 12 11 18 24 14 20 35 30 17 15 2 23 13 4 9 6 8 29 22 5 34 25 31 27 32 21 7 33 0
0 26 15 35 2 11 3 24 18 32 29 7 30 6 10 21 33 19 31 20 23 17 9 4 12 28 8 1 14 5 27 34 13 25 22 16 0
0 34 35 21 9 13 33 26 29 12 25 15 16 22 24 32 14 3 6 1 30 10 18 2 31 5 19 7 20 23 28 27 11 8 4 17 0
0 11 35 3 9 8 20 14 23 34 22 33 4 12 7 10 6 26 17 16 27 31 25 2 24 30 21 32 28 5 29 18 19 13 1 15 0
0 10 34 16 28 11 32 23 26 29 27 20 25 30 33 22 19 13 15 9 4 21 35 18 17 14 24 3 12 31 5 1 6 2 7 8 0
0 31 4 21 28 12 19 9 5 24 13 6 14 3 16 2 1 25 34 32 18 15 29 35 26 8 33 22 10 30 23 7 27 17 11 20 0
0 33 3 31 10 28 7 26 4 6 30 22 34 24 5 9 13 8 16 14 25 11 32 18 17 12 1 35 29 2 27 15 19 21 20 23 0
0 28 33 16 13 35 1 9 14 24 2 27 4 20 12 34 22 30 7 5 11 10 8 32 15 18 19 25 23 26 29 6 21 31 17 3 0
0 7 27 23 11 22 18 3 26 9 24 25 17 2 5 1 14 32 10 35 13 34 21 8 31 4 20 12 30 19 6 29 28 15 33 16 0
0 35 31 8 11 24 12 16 27 32 17 10 19 26 18 20 29 3 15 9 4 21 22 14 13 23 5 30 34 6 25 33 2 1 7 28 0
0 22 16 1 23 6 9 3 10 35 8 7 13 31 24 34 21 19 33 17 28 4 14 18 20 29 30 26 27 5 25 32 11 12 15 2 0
0 24 33 9 25 3 16 34 30 31 27 19 10 20 32 15 4 7 28 14 1 29 8 5 21 6 12 35 23 13 2 18 17 26 11 22 0
0 1 17 9 28 30 3 23 5 12 33 24 22 31 14 6 16 13 34 32 25 35 7 18 8 19 27 26 15 4 29 2 11 10 21 20 0
0 5 7 19 28 32 6 10 14 11 22 33 25 17 23 1 2 26 18 15 24 31 12 30 16 29 8 27 34 35 9 13 20 3 4 21 0
0 15 29 24 31 19 4 21 34 5 9 6 23 12 32 20 25 8 16 17 10 35 26 33 28 11 18 3 13 30 27 7 14 2 1 22 0
0 12 30 31 20 22 28 27 7 8 18 14 17 4 24 11 10 32 19 25 35 21 15 23 33 2 1 16 5 34 13 9 29 3 6 26 0
0 33 21 26 1 14 15 19 30 35 13 10 23 6 25 18 8 9 34 2 12 29 22 32 20 28 17 11 24 27 3 31 7 4 5 16 0
0 6 2 23 17 19 15 34 1 21 22 27 7 11 32 12 25 28 13 9 14 8 18 20 4 5 10 29 35 26 30 16 31 24 33 3 0
0 18 35 19 24 31 25 2 14 11 9 20 32 8 22 17 16 13 12 7 15 3 23 6 1 27 5 29 34 10 30 33 4 28 26 21 0
0 6 24 4 13 32 8 28 34 26 22 30 3 18 9 21 29 11 23 25 7 1 10 5 14 35 15 19 17 31 27 33 12 2 20 16 0
0 35 22 18 4 14 31 9 28 13 15 17 16 30 11 20 27 19 26 3 33 25 2 5 10 6 34 1 8 29 23 21 12 32 7 24 0
0 27 34 20 28 12 24 22 18 3 10 9 15 4 19 23 5 30 8 14 21 26 33 2 7 29 32 11 17 25 1 35 31 13 16 6 0
0 34 8 30 33 19 15 6 21 5 24 10 27 1 11 23 2 29 22 7 9 18 31 32 3 26 12 35 17 20 25 14 13 16 4 28 0
0 23 15 1 7 19 27 30 3 32 22 8 25 33 28 16 17 26 9 24 2 6 13 10 5 12 29 34 11 18 4 20 21 35 14 31 0
0 6 4 19 35 29 24 22 23 31 34 15 20 14 1 11 12 26 18 16 2 30 17 25 33 3 28 27 13 5 32 21 9 8 10 7 0
0 14 35 33 25 11 29 13 2 27 22 5 7 18 17 3 10 28 21 23 31 15 24 12 32 8 20 34 30 6 9 4 26 1 19 16 0
0 35 10 9 26 5 22 23 4 30 27 25 34 12 29 20 32 2 19 28 13 18 33 3 8 31 1 11 7 24 6 15 16 14 21 17 0
0 6 25 13 21 11 17 4 31 12 7 33 5 26 18 35 9 16 29 28 1 24 10 2 8 32 23 34 22 3 14 27 19 15 20 30 0
0 18 34 35 6 9 13 8 25 3 29 15 28 12 23 7 31 2 30 1 21 24 4 16 10 19 22 32 5 14 33 27 20 11 17 26 0
0 26 3 32 20 7 17 27 35 14 29 24 1 5 31 13 22 18 34 16 21 25 19 11 23 4 10 9 2 30 33 8 6 15 28 12 0
0 24 18 26 33 22 28 35 9 8 29 30 19 3 17 16 31 4 13 12 25 27 10 32 2 1 20 7 34 15 6 23 14 21 5 11 0
0 24 23 14 16 2 22 4 33 20 30 13 35 11 34 31 9 7 3 8 25 27 10 12 18 19 17 5 6 15 29 21 1 28 26 32 0
0 7 5 22 21 17 28 24 13 16 1 20 27 23 3 29 31 10 9 4 35 6 34 19 18 12 14 11 30 32 8 25 26 15 2 33 0
0 26 23 27 29 12 9 1 4 33 30 6 8 24 22 21 20 3 35 16 7 28 18 32 14 25 13 10 5 31 2 15 19 34 11 17 0
0 9 34 13 5 22 24 20 3 11 17 19 12 25 7 6 16 21 1 35 27 28 8 30 18 29 31 15 32 10 26 14 2 23 33 4 0
0 8 12 7 15 33 19 22 2 25 20 23 29 34 28 30 13 21 35 26 17 4 16 27 32 9 18 5 14 31 6 11 24 10 3 1 0
0 12 25 16 20 35 10 29 27 22 5 15 9 32 30 18 4 11 24 28 21 8 2 34 26 1 3 19 23 31 7 33 14 13 17 6 0
0 34 31 6 8 3 20 13 28 17 24 32 35 15 2 21 7 14 5 4 18 25 22 16 19 23 29 33 9 1 12 30 27 10 26 11 0
0 35 31 34 4 1 22 6 11 5 20 32 24 10 2 7 3 26 14 30 8 23 33 13 9 27 21 19 15 25 16 12 17 28 18 29 0
0 30 14 11 35 23 25 4 15 33 34 7 2 5 13 19 10 1 18 24 6 32 20 27 22 3 8 21 29 31 12 26 16 17 28 9 0
0 11 7 27 29 34 5 24 4 25 31 30 3 15 21 1 17 10 6 9 13 23 20 33 14 16 8 19 32 22 28 2 12 26 35 18 0
0 1 9 15 34 29 25 35 14 32 23 27 28 22 21 19 16 17 33 11 18 24 6 5 2 13 30 7 12 10 4 26 31 8 20 3 0
0 34 22 31 26 29 19 20 16 4 6 10 21 7 18 23 33 8 3 14 9 25 12 27 32 15 13 2 35 11 1 17 5 24 30 28 0
0 18 14 23 31 27 10 6 3 28 7 12 16 35 8 34 2 20 21 26 22 17 15 1 25 29 24 13 33 11 5 9 32 19 4 30 0
0 5 4 19 23 8 32 11 27 16 28 21 14 20 2 17 24 9 6 3 26 25 7 29 31 35 15 1 13 34 33 30 10 12 22 18 0
0 17 19 25 29 28 22 6 16 33 34 15 26 14 5 31 27 3 8 32 20 9 12 30 13 4 23 11 18 2 1 7 35 10 21 24 0
0 9 1 7 25 32 29 19 17 18 4 12 15 35 27 6 8 23 33 16 20 26 3 13 31 34 24 10 2 11 28 5 30 14 21 22 0
0 1 10 24 14 35 26 18 4 7 16 25 5 34 23 17 32 30 27 20 8 19 15 21 6 22 13 31 3 9 33 28 12 29 2 11 0
0 14 7 10 26 25 22 23 30 6 34 27 9 2 15 21 24 4 5 20 33 28 19 17 12 32 11 29 8 16 3 18 1 35 13 31 0
0 30 19 21 15 23 31 22 5 7 26 4 25 34 28 17 20 18 27 14 3 1 2 6 29 11 13 9 35 12 10 16 33 8 24 32 0
0 32 7 33 24 1 21 3 13 31 4 16 25 35 12 17 6 8 11 26 18 9 30 10 2 19 27 15 23 29 22 28 20 34 14 5 0
0 9 28 18 32 8 7 5 22 33 29 26 24 27 34 30 25 3 21 11 19 31 2 16 15 17 1 13 10 12 23 4 20 6 35 14 0
0 16 23 33 25 28 20 32 35 29 1 9 7 11 6 14 24 13 27 10 30 17 3 2 21 34 26 5 31 8 22 15 4 19 12 18 0
0 5 34 9 7 4 22 16 10 18 28 8 35 29 21 27 25 11 12 3 20 23 15 13 19 31 14 17 33 30 32 6 1 2 26 24 0
0 4 10 31 26 34 29 30 1 22 9 15 12 8 3 21 33 35 20 17 11 14 32 28 7 24 25 16 18 5 23 2 27 19 13 6 0
0 29 33 25 13 26 14 11 23 16 1 12 24 19 7 3 20 6 4 35 17 34 21 28 31 8 10 5 15 2 32 22 18 30 27 9 0
0 2 11 8 32 16 22 33 31 20 1 13 28 9 21 6 4 23 17 10 14 24 3 12 27 34 15 19 35 26 5 18 29 25 7 30 0
0 7 19 17 32 2 23 4 27 10 25 26 30 18 12 33 16 34 28 3 14 11 21 13 1 9 35 15 22 24 20 31 8 29 5 6 0
0 27 7 6 2 16 11 29 20 17 13 32 1 23 26 22 8 31 3 21 12 28 33 14 9 19 34 18 25 4 5 10 15 35 30 24 0
0 23 11 28 17 1 21 25 6 14 30 29 12 7 19 32 8 26 3 5 2 35 22 31 16 13 34 4 10 15 18 20 9 33 24 27 0
0 25 20 17 30 28 27 1 13 18 23 15 11 2 4 22 6 5 12 29 14 32 24 9 34 31 33 21 16 8 19 3 7 35 26 10 0
0 30 2 5 20 9 16 13 25 11 22 14 21 23 26 7 34 6 33 4 10 19 8 18 35 12 17 31 1 29 27 28 15 3 32 24 0
0 3 19 25 1 23 24 6 2 8 18 35 22 30 12 9 5 14 27 4 26 31 20 21 13 33 11 29 28 7 34 17 15 16 10 32 0
0 1 19 5 13 31 7 20 30 8 22 32 25 16 23 3 26 9 18 14 35 33 6 11 17 21 28 29 2 34 12 24 15 27 10 4 0
0 30 20 28 16 2 15 3 35 7 22 11 27 6 12 32 18 13 31 26 23 17 21 29 33 4 10 5 8 34 24 1 14 25 9 19 0
0 21 2 11 7 1 14 8 33 22 16 35 30 28 27 25 13 3 34 31 9 24 10 18 12 26 29 19 4 6 32 5 23 17 20 15 0
0 10 27 11 2 4 24 9 13 15 25 26 19 17 31 21 20 23 14 16 5 29 32 12 3 22 18 35 28 7 6 33 8 30 1 34 0
0 15 17 8 12 7 22 3 4 14 27 32 35 34 1 19 31 2 23 18 24 30 33 5 21 29 9 25 11 26 20 28 16 6 13 10 0
0 4 24 20 27 26 15 30 13 2 32 1 22 10 11 33 29 12 25 3 8 21 35 19 31 7 16 6 14 5 28 17 34 9 18 23 0
0 24 18 25 6 26 21 2 11 22 13 4 32 1 20 35 17 12 28 14 27 30 31 10 19 15 23 5 8 16 9 34 33 3 7 29 0
0 31 10 1 20 13 23 9 22 25 18 7 17 26 33 21 35 6 3 30 32 24 2 14 4 5 29 16 27 11 15 12 34 8 28 19 0
0 21 25 34 22 30 28 4 8 11 6 31 32 1 35 19 15 23 10 24 17 5 13 14 20 27 2 26 33 12 29 16 7 3 18 9 0
0 12 4 10 20 8 18 24 14 23 29 17 15 28 5 34 35 7 16 13 30 25 19 6 21 22 11 31 32 27 9 33 3 1 26 2 0
0 25 11 8 33 17 27 10 13 4 7 22 16 9 31 23 1 5 24 20 3 19 15 14 29 30 35 21 28 18 2 32 26 34 12 6 0
0 16 26 19 1 11 13 3 5 35 10 28 15 34 23 9 24 17 29 20 4 7 18 2 33 30 14 6 12 32 31 22 25 8 27 21 0
0 31 19 33 17 29 22 26 32 21 34 4 35 24 14 8 15 1 28 9 23 18 25 5 3 11 30 12 13 20 7 16 10 27 6 2 0
0 23 22 1 19 31 9 20 16 8 6 3 33 4 29 17 34 2 14 28 25 10 18 30 32 15 7 5 21 11 24 35 13 26 12 27 0
