# n n_solutions
45 1000
# n x n distance matrix
0 583 934 5059 5092 7083 7180 6530 2220 269 1735 4924 5277 5367 5261 282 921 2236 2758 2580 1029 1006 6324 6407 1 3498 6185 8149 12983 8221 4176 5048 5162 6525 4501 5466 2927 2121 2209 3911 3961 4148 2807 3000 3061
583 0 403 4632 4657 6691 6789 6152 2700 403 1726 4614 4850 4935 4827 316 640 1984 2692 3162 1612 1588 6860 6940 582 4022 6720 7810 13182 7976 4071 4850 4972 6390 4242 5111 2601 1811 1923 3687 3736 4031 2596 3114 3189
934 403 0 4603 4619 6686 6786 6162 3100 800 1570 4245 4451 4535 4426 701 450 1665 2462 3473 1950 1931 7067 7145 933 4225 6926 7850 13530 8090 4297 5012 5139 6585 4366 5150 2696 1944 2071 3842 3889 4250 2777 3451 3530
5059 4632 4603 0 100 2100 2200 1627 5889 4790 6116 7392 6741 6753 6657 4808 5048 5813 6806 7306 5860 5814 11271 11360 5059 8508 11136 3373 12050 4049 2912 2308 2418 3624 1726 960 2247 2996 2952 2102 2081 2816 2690 4161 4243
5092 4657 4619 100 0 2102 2202 1649 5954 4823 6124 7353 6688 6699 6603 4838 5063 5807 6802 7357 5903 5858 11317 11406 5091 8549 11182 3395 12145 4104 3008 2408 2517 3716 1824 1040 2302 3041 3001 2193 2173 2912 2758 4243 4326
7083 6691 6686 2100 2102 0 100 583 7615 6817 8212 9360 8590 8587 8500 6844 7134 7910 8905 9178 7810 7763 13170 13261 7082 10467 13038 1389 11597 2555 4031 2983 3000 3354 2941 1677 4176 4972 4904 3551 3508 3962 4477 5640 5700
7180 6789 6786 2200 2202 100 0 670 7702 6914 8312 9455 8681 8678 8590 6942 7233 8009 9004 9270 7905 7858 13261 13354 7180 10562 13130 1303 11584 2505 4103 3047 3061 3373 3023 1767 4272 5069 5000 3635 3593 4036 4569 5720 5780
6530 6152 6162 1627 1649 583 670 0 7032 6265 7701 8988 8276 8280 8188 6296 6612 7433 8421 8600 7242 7194 12592 12684 6530 9897 12461 1746 11377 2617 3465 2441 2469 3001 2360 1096 3613 4414 4341 2968 2926 3394 3900 5060 5122
2220 2700 3100 5889 5954 7615 7702 7032 0 2300 3712 7083 7496 7587 7481 2402 3140 4396 4701 1802 1526 1500 5675 5772 2221 3324 5554 8393 11175 8060 3832 4933 5000 6020 4695 5942 3676 3080 3061 4070 4114 3860 3201 2137 2121
269 403 800 4790 4823 6817 6914 6265 2300 0 1872 4941 5228 5315 5206 111 917 2274 2881 2811 1250 1220 6587 6670 268 3764 6448 7890 12900 7980 3968 4816 4932 6312 4254 5204 2666 1860 1952 3671 3721 3937 2567 2869 2936
1735 1726 1570 6116 6124 8212 8312 7701 3712 1872 0 3422 4069 4174 4080 1775 1128 901 1025 3256 2200 2219 6145 6209 1734 3404 6005 9403 14703 9659 5797 6566 6690 8116 5933 6706 4266 3504 3626 5398 5446 5757 4316 4732 4795
4924 4614 4245 7392 7353 9360 9455 8988 7083 4941 3422 0 1303 1400 1389 4830 4024 2692 2600 6618 5604 5618 8709 8746 4923 6378 8579 10722 17762 11403 8275 8720 8860 10360 7963 8251 6389 5869 6010 7605 7644 8207 6717 7684 7766
5277 4850 4451 6741 6688 8590 8681 8276 7496 5228 4069 1303 0 111 100 5119 4356 3201 3478 7324 6113 6116 9794 9838 5276 7308 9660 9974 17734 10791 8060 8343 8485 9972 7566 7655 6122 5745 5883 7300 7332 7981 6545 7738 7829
5367 4935 4535 6753 6699 8587 8678 8280 7587 5315 4174 1400 111 0 111 5206 4447 3303 3589 7428 6209 6212 9906 9950 5366 7418 9772 9973 17793 10803 8110 8379 8521 10006 7601 7672 6170 5805 5942 7343 7375 8030 6600 7808 7899
5261 4827 4426 6657 6603 8500 8590 8188 7481 5206 4080 1389 100 111 0 5099 4341 3206 3511 7333 6107 6110 9838 9883 5260 7337 9704 9884 17681 10707 8000 8273 8414 9900 7495 7573 6060 5693 5830 7234 7267 7920 6489 7696 7787
282 316 701 4808 4838 6844 6942 6296 2402 111 1775 4830 5119 5206 5099 0 806 2163 2780 2860 1303 1277 6603 6685 282 3773 6463 7930 13009 8039 4049 4883 5000 6389 4310 5240 2707 1902 2000 3733 3783 4016 2630 2973 3041
921 640 450 5048 5063 7134 7233 6612 3140 917 1128 4024 4356 4447 4341 806 0 1360 2059 3269 1824 1817 6726 6801 920 3889 6585 8300 13805 8532 4695 5440 5565 7000 4805 5600 3140 2376 2500 4272 4320 4651 3195 3748 3820
2236 1984 1665 5813 5807 7910 8009 7433 4396 2274 901 2692 3201 3303 3206 2163 1360 0 1004 4130 2942 2951 7000 7060 2235 4294 6860 9166 15164 9560 5936 6579 6711 8184 5887 6502 4215 3535 3671 5412 5458 5883 4390 5099 5173
2758 2692 2462 6806 6802 8905 9004 8421 4701 2881 1025 2600 3478 3589 3511 2780 2059 1004 0 4031 3176 3200 6363 6414 2757 3832 6226 10149 15728 10501 6753 7467 7596 9047 6800 7474 5124 4401 4531 6296 6343 6708 5239 5748 5813
2580 3162 3473 7306 7357 9178 9270 8600 1802 2811 3256 6618 7324 7428 7333 2860 3269 4130 4031 0 1562 1594 3992 4085 2581 1529 3862 10057 12603 9815 5573 6649 6726 7810 6324 7504 5060 4326 4356 5692 5739 5590 4701 3911 3905
1029 1612 1950 5860 5903 7810 7905 7242 1526 1250 2200 5604 6113 6209 6107 1303 1824 2942 3176 1562 0 50 5420 5507 1030 2657 5283 8786 12657 8705 4509 5503 5600 6846 5063 6154 3640 2863 2915 4440 4490 4504 3373 3036 3067
1006 1588 1931 5814 5858 7763 7858 7194 1500 1220 2219 5618 6116 6212 6110 1277 1817 2951 3200 1594 50 0 5463 5550 1007 2704 5327 8737 12622 8655 4460 5453 5550 6797 5014 6106 3593 2818 2869 4391 4440 4454 3324 2988 3020
6324 6860 7067 11271 11317 13170 13261 12592 5675 6587 6145 8709 9794 9906 9838 6603 6726 7000 6363 3992 5420 5463 0 100 6325 2842 141 14040 14988 13731 9507 10604 10673 11655 10312 11496 9033 8276 8318 9679 9726 9533 8692 7810 7787
6407 6940 7145 11360 11406 13261 13354 12684 5772 6670 6209 8746 9838 9950 9883 6685 6801 7060 6414 4085 5507 5550 100 0 6407 2920 223 14135 15079 13829 9604 10700 10770 11754 10406 11588 9123 8364 8407 9773 9821 9630 8784 7907 7885
1 582 933 5059 5091 7082 7180 6530 2221 268 1734 4923 5276 5366 5260 282 920 2235 2757 2581 1030 1007 6325 6407 0 3499 6186 8149 12984 8221 4176 5048 5162 6525 4501 5466 2927 2121 2208 3911 3961 4148 2807 3000 3061
3498 4022 4225 8508 8549 10467 10562 9897 3324 3764 3404 6378 7308 7418 7337 3773 3889 4294 3832 1529 2657 2704 2842 2920 3499 0 2701 11423 13984 11264 7025 8075 8161 9300 7690 8808 6296 5515 5571 7061 7110 7034 6016 5400 5400
6185 6720 6926 11136 11182 13038 13130 12461 5554 6448 6005 8579 9660 9772 9704 6463 6585 6860 6226 3862 5283 5327 141 223 6186 2701 0 13914 14940 13612 9386 10480 10551 11541 10184 11365 8900 8141 8184 9551 9599 9411 8561 7690 7668
8149 7810 7850 3373 3395 1389 1303 1746 8393 7890 9403 10722 9974 9973 9884 7930 8300 9166 10149 10057 8786 8737 14040 14135 8149 11423 13914 0 10804 1503 4606 3488 3448 3162 3736 2700 5223 6029 5941 4368 4320 4561 5412 6307 6350
12983 13182 13530 12050 12145 11597 11584 11377 11175 12900 14703 17762 17734 17793 17681 13009 13805 15164 15728 12603 12657 12622 14988 15079 12984 13984 14940 10804 0 9302 9749 9808 9679 8464 10547 11160 11676 11988 11851 10602 10581 9838 11200 10080 10000
8221 7976 8090 4049 4104 2555 2505 2617 8060 7980 9659 11403 10791 10803 10707 8039 8532 9560 10501 9815 8705 8655 13731 13829 8221 11264 13612 1503 9302 0 4242 3201 3106 2195 3733 3153 5393 6166 6053 4310 4260 4229 5414 5922 5943
4176 4071 4297 2912 3008 4031 4103 3465 3832 3968 5797 8275 8060 8110 8000 4049 4695 5936 6753 5573 4509 4460 9507 9604 4176 7025 9386 4606 9749 4242 0 1118 1170 2353 1208 2482 1941 2420 2280 905 901 100 1562 1708 1746
5048 4850 5012 2308 2408 2983 3047 2441 4933 4816 6566 8720 8343 8379 8273 4883 5440 6579 7467 6649 5503 5453 10604 10700 5048 8075 10480 3488 9808 3201 1118 0 141 1640 781 1600 2370 3067 2941 1170 1123 1077 2256 2823 2863
5162 4972 5139 2418 2517 3000 3061 2469 5000 4932 6690 8860 8485 8521 8414 5000 5565 6711 7596 6726 5600 5550 10673 10770 5162 8161 10551 3448 9679 3106 1170 141 0 1500 921 1677 2505 3195 3067 1300 1253 1140 2376 2879 2915
6525 6390 6585 3624 3716 3354 3373 3001 6020 6312 8116 10360 9972 10006 9900 6389 7000 8184 9047 7810 6846 6797 11655 11754 6525 9300 11541 3162 8464 2195 2353 1640 1500 0 2408 2704 3996 4651 4518 2778 2735 2376 3807 3901 3905
4501 4242 4366 1726 1824 2941 3023 2360 4695 4254 5933 7963 7566 7601 7495 4310 4805 5887 6800 6324 5063 5014 10312 10406 4501 7690 10184 3736 10547 3733 1208 781 921 2408 0 1308 1676 2433 2319 632 585 1118 1702 2701 2765
5466 5111 5150 960 1040 1677 1767 1096 5942 5204 6706 8251 7655 7672 7573 5240 5600 6502 7474 7504 6154 6106 11496 11588 5466 8808 11365 2700 11160 3153 2482 1600 1677 2704 1308 0 2540 3345 3265 1890 1850 2400 2804 4002 4069
2927 2601 2696 2247 2302 4176 4272 3613 3676 2666 4266 6389 6122 6170 6060 2707 3140 4215 5124 5060 3640 3593 9033 9123 2927 6296 8900 5223 11676 5393 1941 2370 2505 3996 1676 2540 0 806 728 1220 1261 1860 608 2256 2353
2121 1811 1944 2996 3041 4972 5069 4414 3080 1860 3504 5869 5745 5805 5693 1902 2376 3535 4401 4326 2863 2818 8276 8364 2121 5515 8141 6029 11988 6166 2420 3067 3195 4651 2433 3345 806 0 141 1897 1944 2360 860 2121 2220
2209 1923 2071 2952 3001 4904 5000 4341 3061 1952 3626 6010 5883 5942 5830 2000 2500 3671 4531 4356 2915 2869 8318 8407 2208 5571 8184 5941 11851 6053 2280 2941 3067 4518 2319 3265 728 141 0 1772 1820 2220 721 2009 2109
3911 3687 3842 2102 2193 3551 3635 2968 4070 3671 5398 7605 7300 7343 7234 3733 4272 5412 6296 5692 4440 4391 9679 9773 3911 7061 9551 4368 10602 4310 905 1170 1300 2778 632 1890 1220 1897 1772 0 50 806 1104 2121 2193
3961 3736 3889 2081 2173 3508 3593 2926 4114 3721 5446 7644 7332 7375 7267 3783 4320 5458 6343 5739 4490 4440 9726 9821 3961 7110 9599 4320 10581 4260 901 1123 1253 2735 585 1850 1261 1944 1820 50 0 801 1154 2156 2227
4148 4031 4250 2816 2912 3962 4036 3394 3860 3937 5757 8207 7981 8030 7920 4016 4651 5883 6708 5590 4504 4454 9533 9630 4148 7034 9411 4561 9838 4229 100 1077 1140 2376 1118 2400 1860 2360 2220 806 801 0 1500 1746 1788
2807 2596 2777 2690 2758 4477 4569 3900 3201 2567 4316 6717 6545 6600 6489 2630 3195 4390 5239 4701 3373 3324 8692 8784 2807 6016 8561 5412 11200 5414 1562 2256 2376 3807 1702 2804 608 860 721 1104 1154 1500 0 1649 1746
3000 3114 3451 4161 4243 5640 5720 5060 2137 2869 4732 7684 7738 7808 7696 2973 3748 5099 5748 3911 3036 2988 7810 7907 3000 5400 7690 6307 10080 5922 1708 2823 2879 3901 2701 4002 2256 2121 2009 2121 2156 1746 1649 0 100
3061 3189 3530 4243 4326 5700 5780 5122 2121 2936 4795 7766 7829 7899 7787 3041 3820 5173 5813 3905 3067 3020 7787 7885 3061 5400 7668 6350 10000 5943 1746 2863 2915 3905 2765 4069 2353 2220 2109 2193 2227 1788 1746 100 0
# set of given starting solutions
0 28 3 16 34 31 18 25 15 7 9 35 42 14 29 1 13 32 41 40 20 12 24 22 4 11 8 2 44 30 36 23 19 6 38 21 37 39 27 33 43 17 5 10 26 0
0 22 25 8 34 21 19 18 40 24 20 39 32 42 5 9 12 4 30 26 17 13 41 1 2 35 36 6 31 10 28 16 15 44 38 14 7 11 29 33 23 37 3 43 27 0
0 3 8 27 26 7 15 22 33 17 29 11 38 14 34 16 6 39 4 1 44 43 21 19 37 9 10 12 24 31 32 25 13 2 5 41 20 36 18 28 35 30 42 23 40 0
0 4 3 41 28 20 35 38 9 2 18 1 42 33 16 27 5 12 23 14 43 31 17 37 34 44 19 7 15 32 30 8 11 25 22 24 40 21 29 13 6 26 10 36 39 0
0 31 18 20 17 1 28 33 37 34 15 26 35 10 2 8 5 16 41 4 3 36 6 21 42 9 30 44 27 25 39 32 14 11 38 12 22 43 29 13 24 7 23 19 40 0
0 4 22 5 39 32 42 24 16 29 35 21 26 37 12 19 8 1 40 17 20 6 44 3 10 27 2 28 34 38 33 25 41 36 43 9 15 30 13 11 18 23 14 31 7 0
0 39 38 18 9 20 34 21 10 43 26 27 31 30 14 12 15 22 4 36 29 1 44 25 35 17 32 16 8 13 7 3 41 42 11 28 2 19 37 24 23 5 6 33 40 0
0 33 6 39 18 24 14 40 42 29 31 27 23 35 41 15 5 2 12 25 44 21 11 3 4 32 30 22 28 36 37 16 20 7 17 9 19 26 13 34 8 1 43 38 10 0
0 25 41 1 4 11 9 24 40 20 31 34 16 8 10 23 37 3 33 14 2 32 39 19 35 44 26 43 29 15 30 13 18 22 36 17 42 21 7 6 5 28 27 12 38 0
0 22 5 40 42 36 44 8 34 26 3 17 33 29 9 23 16 37 20 4 24 35 7 2 10 15 18 41 25 43 31 1 39 11 27 13 21 12 38 19 32 30 14 6 28 0
0 31 1 14 16 41 7 6 30 12 13 11 17 10 21 27 19 25 39 40 36 34 32 23 44 8 24 15 42 38 5 35 2 9 20 28 29 26 3 43 33 22 4 18 37 0
0 35 9 39 36 44 7 13 17 5 28 26 11 40 3 4 18 16 2 23 6 15 32 30 37 1 14 43 22 19 29 20 10 21 8 42 27 38 31 24 33 34 12 41 25 0
0 19 34 13 6 12 7 43 28 25 35 11 44 8 10 38 37 32 36 24 42 20 18 14 22 2 3 5 29 17 33 31 23 26 21 15 30 1 27 39 41 9 16 40 4 0
0 37 2 42 11 4 43 21 8 41 31 22 3 27 36 1 16 20 40 19 44 38 32 10 18 17 5 23 12 13 34 28 35 30 39 6 24 14 26 33 25 29 9 7 15 0
0 16 39 41 34 4 33 18 8 10 32 6 27 25 30 2 23 29 28 31 44 3 40 14 13 19 15 43 35 42 12 26 17 11 36 9 37 1 7 5 24 21 20 38 22 0
0 4 1 39 31 42 9 12 36 20 40 43 35 18 21 37 34 41 11 2 28 29 23 30 32 27 17 22 26 38 25 44 16 33 13 6 24 19 7 8 3 15 10 5 14 0
0 36 32 44 17 8 31 15 9 43 28 27 34 23 37 14 18 24 16 10 35 40 25 4 29 5 41 1 22 33 19 13 2 39 42 6 21 7 26 12 38 3 11 30 20 0
0 21 41 36 8 24 25 9 35 29 28 38 37 33 12 11 22 42 20 26 23 19 31 3 32 40 17 1 2 44 15 4 43 10 27 13 18 39 5 14 30 7 6 16 34 0
0 42 7 11 6 9 4 23 41 38 19 24 14 36 39 32 15 3 1 26 5 2 10 17 37 13 29 33 28 12 34 18 31 21 35 44 22 27 43 16 8 20 30 25 40 0
0 35 38 11 5 26 22 10 21 34 33 19 43 29 32 37 39 44 14 13 17 18 1 41 7 36 25 27 23 9 6 42 4 28 2 3 31 16 12 20 40 15 30 8 24 0
0 42 23 8 27 13 21 7 24 38 35 41 3 31 11 12 9 15 28 10 22 6 20 14 26 5 30 33 25 18 4 17 16 19 37 32 1 40 43 36 34 29 39 44 2 0
0 10 16 22 15 44 14 27 41 19 23 24 3 18 35 12 40 42 29 20 2 37 39 43 11 8 25 21 38 31 6 1 13 26 9 4 36 5 28 30 17 32 34 7 33 0
0 33 26 19 31 5 28 4 13 35 22 17 44 42 30 16 7 40 9 24 32 14 21 3 10 27 1 15 29 8 12 37 38 6 41 20 25 39 34 43 11 23 2 18 36 0
0 3 34 17 43 7 8 6 39 41 22 11 44 27 16 25 12 33 42 36 15 28 21 19 13 40 31 23 18 5 29 4 20 2 38 32 35 9 1 10 24 26 30 37 14 0
0 23 1 27 6 31 43 16 11 37 24 14 29 10 26 19 17 21 3 33 4 40 35 36 44 30 7 2 25 32 20 12 38 13 5 18 9 42 15 39 41 22 28 34 8 0
0 21 16 34 40 17 36 18 10 27 9 42 8 41 37 14 11 22 44 7 24 19 13 33 1 25 28 26 30 4 32 2 15 39 23 12 29 43 35 20 31 38 5 3 6 0
0 4 23 25 10 41 26 44 20 7 31 21 30 28 9 40 35 14 24 8 17 18 32 1 39 42 5 13 38 34 22 36 3 43 15 6 11 37 19 16 27 12 29 2 33 0
0 29 15 14 43 31 5 34 21 1 20 28 12 44 8 25 10 36 17 39 19 22 33 7 18 23 27 40 6 16 37 9 41 30 2 11 38 13 4 26 32 24 35 3 42 0
0 42 1 20 14 34 36 37 32 38 19 6 10 23 31 29 16 26 33 25 27 13 2 8 40 39 28 18 35 7 11 44 3 5 24 15 43 17 12 22 4 9 30 41 21 0
0 25 22 6 37 24 1 42 5 35 15 13 10 4 23 21 11 38 8 29 17 14 7 39 41 36 44 40 31 34 32 19 3 2 26 27 43 9 33 12 16 18 28 30 20 0
0 31 23 3 38 30 36 40 39 32 2 42 1 17 10 16 33 27 35 26 11 5 12 41 24 6 22 21 34 28 4 43 8 19 18 14 20 9 25 7 13 44 15 37 29 0
0 30 13 44 4 41 7 6 43 32 42 28 36 25 8 40 26 15 35 19 27 34 10 16 17 20 38 1 14 2 18 12 11 3 39 23 9 29 37 31 5 33 22 21 24 0
0 8 13 40 38 5 22 17 30 27 11 15 24 32 36 28 23 20 37 19 33 4 44 42 39 9 34 26 18 35 25 2 12 3 43 7 29 10 41 6 21 16 1 31 14 0
0 2 8 7 38 32 42 39 31 5 37 40 11 44 30 29 27 26 3 12 21 1 33 14 19 9 28 36 34 10 16 25 6 4 24 43 35 23 18 41 15 13 17 20 22 0
0 21 16 1 37 2 35 36 41 7 5 6 43 20 10 14 24 26 30 28 33 29 42 13 8 3 23 39 38 44 25 31 19 27 18 4 12 32 22 9 40 11 15 34 17 0
0 22 5 32 37 40 31 12 44 14 9 19 23 10 6 21 28 15 35 26 18 42 11 16 24 41 43 4 39 8 30 33 1 38 20 36 7 3 29 25 17 2 27 13 34 0
0 31 25 42 35 41 36 9 22 2 4 34 1 7 38 43 3 28 21 44 10 23 15 27 26 20 37 8 33 13 18 24 14 12 40 5 32 19 29 6 17 11 16 39 30 0
0 23 16 30 28 35 27 42 20 38 19 32 8 21 26 37 1 36 6 12 17 7 4 14 41 24 10 3 13 40 34 29 44 5 2 33 43 22 15 9 11 31 18 25 39 0
0 30 9 31 32 23 42 27 33 35 29 40 5 6 38 34 24 4 12 39 44 37 11 17 16 2 19 18 28 7 21 43 15 41 14 10 26 22 3 25 8 20 13 36 1 0
0 26 32 23 39 6 40 29 34 33 9 10 11 5 38 12 31 7 21 35 22 4 24 25 13 41 15 44 17 16 36 42 14 19 30 8 37 28 2 20 3 43 1 18 27 0
0 16 18 12 4 3 1 31 27 22 40 9 32 44 34 26 14 28 21 17 29 20 11 39 15 10 6 33 8 36 41 25 24 35 42 5 30 13 43 7 38 19 23 2 37 0
0 7 15 43 34 36 31 37 1 11 19 18 16 24 29 10 4 20 9 23 22 42 12 38 17 30 21 33 35 3 44 13 5 41 40 14 26 2 28 6 32 27 25 8 39 0
0 34 3 15 42 9 41 10 25 24 21 14 35 16 20 32 26 27 13 44 39 19 5 7 12 28 38 31 4 30 29 6 2 36 40 22 11 18 17 33 23 37 8 43 1 0
0 42 6 3 18 1 5 14 22 32 23 4 28 43 15 37 35 10 21 16 2 20 30 41 44 33 25 38 13 29 34 7 36 11 9 17 27 8 24 26 12 31 19 39 40 0
0 27 34 43 26 39 7 5 38 23 15 30 28 1 10 37 13 41 20 44 3 25 12 22 21 24 29 18 9 6 33 19 11 31 32 40 42 8 2 4 35 36 17 14 16 0
0 1 29 27 42 4 6 5 25 31 10 14 40 13 41 32 33 9 24 16 34 18 22 39 20 3 17 2 43 12 28 11 7 23 37 8 19 38 26 21 44 36 15 35 30 0
0 13 9 25 18 10 16 44 40 31 30 41 7 37 15 3 8 4 42 5 20 14 21 24 39 34 23 35 19 22 32 27 2 29 1 6 17 33 12 28 11 26 43 36 38 0
0 44 35 43 24 27 1 13 33 16 39 11 37 4 17 3 10 21 38 31 9 36 12 8 14 41 26 25 7 5 6 22 40 30 20 34 2 42 18 15 23 32 19 29 28 0
0 17 24 41 12 6 13 33 15 11 7 8 23 42 38 3 21 16 26 22 1 27 25 34 37 29 32 31 4 9 28 5 30 35 19 36 20 10 2 18 44 39 40 14 43 0
0 39 10 6 32 24 1 43 37 25 30 20 9 23 42 40 7 2 11 34 41 22 4 13 26 31 8 35 27 38 15 17 29 14 5 33 18 28 44 19 36 21 3 12 16 0
0 34 30 44 33 16 42 3 23 4 8 22 1 37 27 39 18 41 7 9 26 32 25 19 24 2 11 14 28 29 31 12 17 40 35 15 38 5 20 13 36 21 43 6 10 0
0 10 24 19 4 1 21 22 26 38 3 30 41 42 31 14 34 39 5 18 12 11 28 37 33 16 8 40 23 6 13 25 2 27 43 29 7 32 36 35 9 17 44 15 20 0
0 17 8 4 30 37 24 31 22 9 43 41 7 2 36 11 21 20 23 33 35 13 5 18 27 16 3 42 26 34 44 28 25 19 15 10 12 1 29 38 39 40 32 14 6 0
0 23 30 3 44 27 22 9 10 8 42 32 13 5 33 36 15 21 29 1 35 38 7 19 18 28 17 24 20 39 4 6 43 2 41 40 12 14 31 34 11 26 25 16 37 0
0 35 5 18 36 6 17 34 25 10 2 32 29 41 23 8 22 21 4 24 30 38 20 15 31 14 42 9 13 44 19 27 12 37 28 7 33 39 3 1 40 16 43 11 26 0
0 16 29 23 11 15 40 33 31 32 44 20 39 38 7 14 8 5 1 21 25 34 4 9 22 12 6 41 24 28 18 26 37 17 35 13 27 3 36 42 10 30 2 43 19 0
0 23 3 33 18 26 25 20 32 14 24 6 30 35 28 44 7 11 5 12 9 37 36 31 16 15 43 4 19 22 38 34 17 40 41 21 29 13 1 42 39 2 10 27 8 0
0 9 3 27 29 2 26 21 28 4 19 37 22 43 25 18 5 40 7 41 42 36 23 12 1 33 31 39 17 38 11 16 13 35 10 32 30 20 6 14 34 44 8 15 24 0
0 11 1 21 5 33 35 23 9 7 29 44 18 25 30 28 10 36 19 14 34 13 38 39 16 4 3 41 12 6 20 43 42 15 17 32 37 22 27 24 8 40 31 2 26 0
0 12 18 22 13 27 16 10 31 44 1 33 39 32 11 23 2 8 40 7 4 5 20 35 19 21 17 43 34 42 3 37 25 15 28 6 38 26 24 30 36 14 9 41 29 0
0 26 44 32 42 30 19 35 38 15 12 36 3 22 5 33 23 17 18 7 31 28 1 13 9 10 41 27 24 37 20 16 8 21 34 43 2 29 14 39 6 40 25 11 4 0
0 39 34 6 3 14 12 35 18 32 36 10 28 15 16 29 13 4 25 17 8 27 42 40 33 24 44 22 41 7 2 21 5 43 20 38 30 1 26 23 9 31 11 19 37 0
0 4 37 12 38 13 22 25 31 14 8 41 15 28 36 24 7 20 26 29 17 19 3 10 30 6 34 9 21 40 43 39 44 5 1 32 18 27 11 35 2 42 33 23 16 0
0 33 24 7 4 35 17 1 9 38 11 3 36 6 25 20 5 14 41 15 12 2 28 19 21 34 18 29 39 16 22 32 26 27 40 13 10 37 31 30 23 42 8 43 44 0
0 22 8 1 39 6 30 19 5 40 14 23 2 25 33 13 18 12 20 15 24 43 31 29 11 10 32 17 3 37 26 9 38 35 36 16 4 41 21 34 7 42 28 44 27 0
0 32 3 20 37 2 26 16 38 18 9 34 12 11 21 4 24 36 22 19 30 13 14 44 42 40 29 41 8 15 35 27 39 6 23 5 1 31 17 10 33 25 7 28 43 0
0 36 3 29 16 31 6 11 8 44 20 1 2 19 39 42 17 33 24 7 21 27 10 4 5 15 23 43 32 13 9 41 30 18 25 34 37 14 26 28 22 38 40 35 12 0
0 35 11 22 7 21 37 44 41 18 16 24 20 33 12 10 27 39 9 23 29 25 38 3 4 2 5 43 34 32 26 14 28 36 6 15 40 13 31 42 17 8 19 30 1 0
0 31 36 7 3 25 35 28 40 23 13 24 42 22 33 38 1 21 34 41 9 16 14 5 43 17 30 6 15 10 39 26 18 8 37 19 2 20 12 27 32 29 4 11 44 0
0 36 5 41 29 20 39 9 25 24 43 14 33 44 3 4 31 38 35 28 27 18 13 2 12 6 30 16 21 26 22 7 8 1 32 42 23 34 19 17 11 37 15 10 40 0
0 41 26 22 44 6 39 13 37 9 30 23 5 29 10 35 43 34 27 20 17 3 2 40 15 18 16 4 21 36 14 33 28 12 38 32 1 24 42 19 11 7 25 8 31 0
0 32 9 18 1 44 35 30 40 10 41 6 37 22 12 19 23 7 14 31 34 26 33 21 29 4 27 25 15 20 43 24 5 39 28 16 2 42 3 8 11 36 38 17 13 0
0 21 29 7 34 9 27 20 12 18 23 42 15 26 3 43 33 24 40 4 10 16 8 35 19 39 32 44 30 2 13 1 36 38 6 22 11 41 5 31 37 25 17 14 28 0
0 21 7 42 16 2 34 3 11 27 40 24 39 8 22 32 43 14 44 26 9 18 30 1 35 33 23 29 25 20 12 41 6 15 19 5 31 36 37 28 13 10 38 4 17 0
0 40 32 43 1 44 7 37 24 39 25 12 2 28 21 3 8 11 18 36 9 17 33 22 29 42 14 41 38 19 15 27 34 23 26 30 31 20 5 16 10 4 6 35 13 0
0 26 16 9 28 39 29 31 20 30 35 2 8 4 13 11 32 43 40 18 14 44 22 27 36 38 6 42 34 24 33 12 3 7 37 10 1 21 25 17 23 5 15 19 41 0
0 6 7 4 26 24 36 22 15 27 19 21 8 33 30 20 13 1 42 17 28 14 5 9 37 40 38 18 11 43 44 3 41 23 2 10 12 25 32 39 34 29 31 16 35 0
0 36 25 35 33 9 27 3 11 14 43 29 4 32 6 41 15 19 12 5 34 42 44 38 23 18 8 22 20 26 28 2 37 17 1 13 7 30 21 40 24 39 31 10 16 0
0 12 7 34 20 3 22 25 31 19 17 29 28 30 13 36 33 39 2 35 23 40 37 26 6 41 38 11 24 21 18 44 4 15 32 14 1 8 10 9 42 27 5 16 43 0
0 37 14 35 22 20 1 7 21 28 23 33 24 43 4 6 39 25 11 42 26 9 29 10 34 19 3 40 27 16 30 5 44 31 2 13 41 32 15 38 17 18 36 12 8 0
0 14 27 15 40 26 16 25 6 24 4 34 36 1 21 17 12 43 3 20 37 18 10 42 5 31 11 7 2 38 35 23 32 19 13 28 8 41 29 44 9 33 39 30 22 0
0 15 6 13 1 9 12 5 38 7 34 8 26 2 17 40 30 3 20 43 25 11 42 31 21 33 29 41 39 10 18 4 22 24 19 36 32 14 16 35 37 27 23 28 44 0
0 3 13 15 37 42 43 24 32 8 31 4 11 36 12 23 26 39 20 10 30 7 34 38 41 33 1 2 25 16 40 29 17 22 27 21 18 14 19 6 28 5 9 44 35 0
0 9 27 40 30 8 26 37 10 42 32 13 28 25 22 7 2 36 3 15 19 17 20 11 38 21 35 39 16 1 12 44 24 4 18 41 5 31 33 34 43 6 23 29 14 0
0 35 6 4 18 11 32 30 40 25 9 29 8 19 26 44 24 31 13 17 39 20 14 15 21 23 37 12 2 38 34 16 1 27 42 41 5 7 36 33 3 10 28 22 43 0
0 29 17 15 3 21 27 38 4 39 44 7 32 13 40 35 24 14 25 18 30 5 20 43 8 37 2 23 19 12 10 22 6 31 41 34 16 11 33 9 26 42 1 28 36 0
0 44 24 7 37 22 39 2 25 35 36 21 18 30 27 10 31 4 38 6 40 9 3 32 29 13 11 19 16 43 34 20 1 33 14 15 17 41 26 8 12 42 23 5 28 0
0 42 2 39 44 31 34 21 40 35 38 10 11 22 43 13 24 8 33 20 32 26 14 37 27 23 41 30 1 29 16 17 36 7 6 19 18 12 9 3 5 25 15 4 28 0
0 30 6 10 42 21 31 38 35 9 36 4 32 37 26 43 24 11 14 12 18 25 44 2 19 17 8 1 15 23 3 29 33 5 7 16 28 13 39 22 27 20 34 40 41 0
0 34 30 1 33 2 28 3 18 21 17 36 5 11 42 13 16 44 23 8 24 10 41 7 39 20 14 22 38 9 37 6 19 25 32 43 26 35 4 40 29 31 12 27 15 0
0 1 8 16 22 14 30 23 10 7 24 39 44 4 31 29 35 9 32 38 2 15 37 34 3 5 40 20 42 43 25 33 28 27 11 26 36 17 18 12 13 41 19 21 6 0
0 6 44 42 43 38 29 10 9 4 23 2 22 13 26 21 33 41 16 15 37 11 14 8 27 35 12 39 36 17 34 1 31 24 32 40 3 28 7 25 30 5 18 20 19 0
0 22 32 44 12 7 25 11 30 15 2 26 21 5 33 42 40 4 8 28 35 19 34 20 13 3 36 18 27 23 31 9 38 6 10 39 29 17 37 16 43 24 41 1 14 0
0 15 41 22 8 10 18 31 7 30 19 6 2 12 35 4 13 25 23 40 9 27 16 14 44 39 17 26 5 34 38 29 43 21 42 1 32 36 3 28 33 11 20 24 37 0
0 16 18 27 23 44 24 39 33 22 32 15 12 42 20 25 3 1 38 28 13 9 4 11 36 17 29 10 30 6 35 26 41 7 2 21 19 31 8 40 37 34 5 43 14 0
0 38 30 16 25 13 17 29 8 24 40 19 34 36 27 26 28 32 9 39 33 2 22 20 35 10 42 11 4 15 14 6 7 44 43 21 3 41 5 37 12 23 18 31 1 0
0 14 9 18 1 41 8 34 20 11 39 32 33 19 37 44 17 26 27 22 7 31 6 2 3 43 28 23 30 5 40 21 12 38 29 15 35 4 13 16 42 36 10 25 24 0
0 16 40 25 4 38 28 2 13 36 20 32 15 10 35 30 24 5 41 21 37 34 23 9 14 6 42 44 1 27 33 8 11 12 7 43 3 31 29 18 22 19 17 26 39 0
0 25 22 20 37 26 15 35 28 13 33 3 42 9 21 5 6 43 12 40 19 31 36 41 34 30 18 2 10 17 16 1 27 38 29 7 24 32 44 11 4 14 23 39 8 0
0 35 8 26 12 28 20 33 30 38 39 4 43 37 3 1 14 27 13 34 19 10 25 9 18 17 29 16 40 24 11 36 41 23 22 2 21 31 5 6 42 44 15 32 7 0
0 30 26 29 34 17 21 4 39 15 40 22 25 9 23 11 13 12 20 16 31 1 43 8 37 14 44 28 7 24 18 41 36 42 6 19 10 27 35 32 38 5 2 33 3 0
0 2 22 33 32 12 3 25 9 44 8 15 29 17 37 27 30 28 42 36 7 24 6 11 41 35 43 16 5 21 13 38 31 39 1 14 23 19 18 34 20 40 4 26 10 0
0 28 30 38 23 42 20 19 36 25 1 26 24 27 18 10 5 15 22 17 37 34 11 6 7 41 44 33 31 32 12 14 8 39 2 3 29 35 21 16 9 4 40 43 13 0
0 39 14 3 11 32 30 12 26 8 17 28 25 24 6 42 23 38 36 22 1 41 37 10 13 43 31 9 21 7 15 5 35 40 2 4 34 33 27 16 18 44 19 29 20 0
0 28 1 4 12 20 34 5 7 17 40 21 10 13 36 3 9 30 24 31 22 38 32 25 14 33 8 37 43 15 44 19 35 26 29 23 11 6 18 2 41 27 39 16 42 0
0 37 13 17 7 1 22 19 33 5 10 23 40 44 30 21 12 26 25 3 35 24 2 20 18 34 31 16 32 42 4 28 38 36 27 11 14 39 9 8 43 29 15 6 41 0
0 1 6 23 10 42 29 16 8 9 40 32 27 13 24 20 14 7 36 15 38 39 21 4 28 18 19 11 5 26 3 41 37 22 17 25 12 44 2 30 35 43 33 34 31 0
0 2 33 7 20 10 38 43 3 25 35 5 1 39 18 4 23 11 32 42 15 12 30 27 40 26 41 6 36 24 9 22 21 44 8 31 16 29 13 19 28 34 37 17 14 0
0 6 20 9 24 17 29 21 36 42 10 3 18 7 15 11 13 31 8 2 44 37 33 4 43 28 16 1 38 12 27 22 32 26 5 39 14 25 23 30 19 35 41 34 40 0
0 19 7 23 43 11 32 17 13 9 40 38 30 25 5 3 4 31 37 33 1 26 41 21 29 39 8 27 20 10 44 2 22 16 28 15 24 6 12 35 42 36 18 34 14 0
0 3 20 7 31 28 35 10 9 40 38 2 17 11 22 39 26 14 23 15 13 24 18 42 30 33 21 19 25 44 37 6 8 34 41 1 32 16 27 43 29 5 4 36 12 0
0 24 36 9 5 18 26 34 2 3 23 11 37 19 35 4 17 25 10 12 14 20 16 33 29 43 21 6 22 42 13 8 31 7 38 30 39 1 41 40 32 15 27 44 28 0
0 5 3 23 18 41 7 28 9 1 10 33 14 27 15 42 25 38 17 21 20 24 31 4 2 26 8 40 44 11 43 22 36 29 35 12 30 6 13 32 37 19 34 39 16 0
0 11 18 32 43 8 25 10 6 27 37 16 14 9 24 44 28 38 12 36 21 7 41 42 33 19 3 39 23 4 30 35 40 22 34 17 20 1 29 31 15 26 13 2 5 0
0 39 4 43 23 17 5 30 20 21 44 11 28 25 9 3 41 24 13 22 42 33 2 34 12 27 15 31 29 18 7 26 32 16 1 38 37 40 6 19 8 35 14 10 36 0
0 14 17 15 9 34 25 43 5 1 21 8 11 31 24 42 19 18 20 2 13 44 41 12 29 4 33 6 22 32 38 35 36 7 27 30 37 16 10 28 39 26 3 40 23 0
0 11 15 36 35 2 10 29 14 23 1 38 43 26 9 7 28 5 42 27 33 19 3 37 4 41 21 30 8 24 13 39 18 25 17 20 40 32 31 22 12 16 34 6 44 0
0 5 6 11 14 19 18 41 33 23 2 20 25 13 39 42 17 1 36 22 21 28 8 4 35 24 16 34 12 27 37 30 9 29 10 43 26 3 38 15 44 31 32 7 40 0
0 5 28 22 24 42 41 43 26 9 29 40 33 20 30 13 2 39 36 12 1 17 21 19 37 23 18 32 35 25 38 14 6 8 31 3 27 15 44 10 11 4 7 34 16 0
0 22 3 36 30 2 35 4 19 37 32 34 41 43 18 6 14 31 26 5 21 29 12 15 38 11 25 10 9 44 1 16 13 8 40 42 20 24 17 28 23 7 33 39 27 0
0 39 33 40 16 7 26 9 2 31 11 37 4 42 17 3 5 8 21 34 24 28 38 25 32 41 19 27 12 14 43 44 30 6 18 23 29 10 1 20 13 36 15 35 22 0
0 1 5 6 14 4 9 43 18 17 25 8 3 31 35 7 26 16 15 40 41 13 34 39 30 21 37 38 19 44 22 24 36 33 29 27 10 20 11 28 42 2 32 23 12 0
0 6 25 3 15 26 17 12 39 38 4 30 2 24 42 1 34 11 33 44 43 29 35 9 14 36 40 28 32 7 41 21 18 27 10 19 23 37 8 13 16 22 31 20 5 0
0 18 32 44 16 4 15 22 23 3 14 34 21 35 7 27 12 43 10 13 41 37 8 9 40 2 31 6 36 1 20 29 26 30 17 11 39 25 42 38 33 28 5 19 24 0
0 9 12 42 13 30 14 31 32 7 43 38 3 24 8 39 22 2 28 6 20 19 35 41 37 29 10 15 21 40 34 23 17 1 16 11 25 5 4 44 27 26 33 36 18 0
0 33 12 25 37 32 8 24 22 17 9 27 21 26 19 16 15 10 18 5 43 2 35 41 39 42 4 23 31 29 11 30 44 13 1 36 34 38 3 6 20 40 28 14 7 0
0 19 30 33 41 29 34 27 24 39 16 15 37 11 23 26 44 6 18 2 1 12 21 31 42 25 3 28 32 14 40 22 7 5 13 17 20 43 35 9 4 38 36 8 10 0
0 21 1 7 15 3 22 17 41 8 32 11 43 19 25 6 35 2 39 34 37 38 24 5 33 31 42 29 27 44 36 16 23 10 30 9 40 26 13 4 20 18 28 12 14 0
0 9 42 10 31 26 30 22 3 36 34 16 14 19 20 43 12 37 2 18 8 39 25 17 7 40 44 6 29 4 1 32 23 38 41 28 11 27 5 24 15 13 21 35 33 0
0 41 3 28 31 15 39 6 38 10 37 24 40 43 8 36 1 14 12 29 35 27 4 17 33 5 34 25 18 26 32 23 44 20 11 19 16 13 30 2 9 22 7 42 21 0
0 26 43 41 12 34 16 35 1 11 5 27 36 39 14 20 32 3 10 30 29 17 40 21 33 6 13 44 28 42 24 25 37 9 31 18 8 2 4 22 7 15 23 19 38 0
0 28 21 5 36 1 31 32 27 6 24 41 40 44 35 33 39 34 2 19 25 26 10 22 9 37 42 23 17 12 30 20 29 14 13 43 11 15 4 3 16 8 18 38 7 0
0 8 9 41 32 35 11 24 5 22 42 23 37 28 33 29 17 19 38 21 18 39 36 2 4 7 34 25 30 12 10 16 43 13 20 6 15 26 27 14 31 40 1 3 44 0
0 29 27 21 35 25 30 11 7 34 16 19 22 5 1 26 9 24 28 42 17 41 43 39 12 6 44 2 36 15 40 38 13 18 4 33 14 31 37 23 20 10 3 32 8 0
0 2 4 6 42 24 35 1 11 26 12 40 32 7 33 34 38 9 28 19 44 18 15 14 41 43 27 13 17 36 21 29 22 10 20 31 23 25 30 39 16 5 8 37 3 0
0 34 28 41 10 33 16 5 29 15 21 38 24 19 32 18 30 22 27 3 43 35 25 26 4 31 17 2 23 11 20 37 12 42 13 40 39 8 7 36 6 14 44 9 1 0
0 13 6 11 43 7 36 41 24 33 20 22 31 44 8 26 28 21 27 5 37 4 42 2 1 23 15 3 32 25 12 30 40 9 10 38 14 18 39 19 34 29 17 16 35 0
0 2 35 25 41 27 6 36 28 10 44 3 22 1 11 37 19 40 14 21 32 9 16 26 38 30 31 29 43 42 12 5 39 13 8 15 34 17 18 33 24 20 7 23 4 0
0 30 41 23 21 35 13 27 1 29 3 33 8 38 2 14 44 37 26 9 43 15 6 22 4 36 31 10 17 32 18 24 7 34 19 25 42 5 20 40 11 16 12 28 39 0
0 9 7 43 12 35 44 21 6 30 18 40 15 14 34 25 5 11 16 10 2 20 24 26 27 17 29 39 23 36 8 38 32 1 22 42 19 13 41 28 37 31 3 4 33 0
0 36 24 39 6 9 4 32 27 21 8 43 11 2 40 7 38 15 33 28 26 41 12 42 19 22 5 25 14 13 31 3 37 35 44 20 18 1 34 29 10 17 30 16 23 0
0 26 37 40 18 44 13 31 23 16 11 12 4 33 39 43 28 25 24 14 35 19 34 3 21 42 8 20 17 29 9 5 7 38 30 27 22 41 15 2 32 1 10 36 6 0
0 17 29 20 41 33 7 27 36 1 3 25 12 16 24 38 39 44 9 2 21 13 6 22 8 14 11 32 30 23 4 26 43 37 42 31 34 28 15 5 40 35 18 19 10 0
0 34 33 32 28 44 17 22 43 38 12 9 16 21 24 18 20 3 7 4 30 42 5 40 11 29 13 14 1 23 19 37 15 2 10 39 27 35 25 36 6 41 31 8 26 0
0 41 37 26 14 11 22 9 10 43 16 24 25 21 31 12 3 40 38 6 36 17 7 29 33 13 35 30 42 18 39 15 1 8 32 28 5 23 27 34 20 19 44 4 2 0
0 37 30 34 41 31 24 32 11 36 29 28 44 23 25 7 3 8 12 18 1 13 43 38 6 14 40 35 10 27 33 4 20 2 17 19 5 39 42 9 21 15 22 26 16 0
0 11 34 44 9 14 33 38 25 12 15 10 28 36 43 7 24 17 22 39 19 18 8 32 6 2 23 21 26 20 35 1 40 42 37 4 16 31 41 27 30 29 3 13 5 0
0 36 2 30 33 24 15 11 6 27 28 12 39 10 25 42 26 17 9 3 44 5 7 1 18 40 22 21 20 23 34 13 8 29 35 16 37 4 14 43 32 38 19 31 41 0
0 39 4 10 1 33 28 9 29 12 35 42 19 5 38 17 13 25 11 15 16 2 44 6 14 37 22 31 36 18 23 26 8 7 40 24 27 20 41 30 3 21 34 32 43 0
0 41 28 33 8 1 22 6 44 24 3 40 11 25 26 37 15 36 31 5 20 12 27 29 18 7 38 21 9 14 2 35 43 4 42 16 10 39 34 19 32 30 23 13 17 0
0 31 3 42 20 21 2 39 1 36 6 11 19 29 17 27 24 43 22 38 40 35 18 10 32 37 9 5 26 25 41 30 16 12 8 34 13 7 14 15 33 4 44 28 23 0
0 16 15 29 26 13 3 19 40 10 11 9 4 37 23 35 12 8 30 7 25 22 20 28 34 1 43 5 17 2 27 21 42 41 18 14 6 32 33 24 39 31 38 44 36 0
0 28 12 19 22 41 15 2 10 43 24 30 5 4 44 35 27 39 3 38 31 21 42 9 6 20 34 14 11 40 16 1 29 7 17 8 37 36 23 18 26 25 33 32 13 0
0 2 25 9 10 40 3 37 28 36 11 31 16 12 29 34 26 41 5 4 17 43 35 7 22 42 30 20 1 39 27 38 19 15 14 18 32 24 13 44 33 21 6 8 23 0
0 30 19 38 16 8 40 14 39 1 21 42 28 29 36 35 10 33 37 4 12 11 32 23 17 18 41 31 22 15 24 25 44 3 13 6 26 20 9 43 7 2 5 27 34 0
0 20 4 43 11 25 10 41 32 34 30 3 29 9 44 15 19 36 24 5 1 17 35 39 28 7 2 26 27 16 8 42 31 23 6 14 33 18 38 40 22 21 13 12 37 0
0 1 2 29 12 27 35 3 6 39 28 25 19 41 4 23 9 5 44 14 42 26 38 22 37 21 16 24 32 17 11 36 8 31 43 34 30 20 10 13 18 33 40 15 7 0
0 1 28 10 31 8 6 35 14 32 30 11 15 9 34 13 12 38 20 2 19 29 42 4 17 43 36 40 23 44 39 24 3 18 33 26 16 5 37 22 7 27 21 41 25 0
0 24 38 15 11 9 27 31 1 10 17 5 32 4 2 30 43 3 29 40 35 21 34 18 39 33 22 42 12 44 20 8 16 36 37 23 25 13 6 26 41 19 28 7 14 0
0 38 30 16 20 19 25 34 4 7 33 13 18 27 6 21 11 24 1 44 17 36 28 8 5 12 41 22 10 39 31 37 26 3 29 23 35 32 43 14 15 9 2 42 40 0
0 12 5 6 38 25 18 35 42 39 9 29 26 36 33 15 23 8 28 10 41 20 2 16 11 14 44 3 40 31 22 24 4 21 1 43 32 7 37 17 19 13 27 30 34 0
0 12 44 17 16 10 41 7 36 32 40 24 1 31 13 34 27 22 2 23 14 3 4 29 39 35 19 38 21 26 33 25 6 5 42 28 30 43 18 37 9 11 8 20 15 0
0 20 32 36 35 17 7 22 44 12 37 38 10 4 13 39 30 3 28 1 2 18 23 15 5 24 40 21 29 16 6 33 11 31 9 25 27 14 19 41 43 8 26 42 34 0
0 8 33 22 31 40 14 34 41 17 37 27 4 10 2 26 32 25 44 28 36 3 43 39 30 1 15 38 11 13 16 5 19 23 18 6 29 12 35 9 20 42 24 7 21 0
0 36 33 7 35 24 10 4 43 34 1 31 28 23 16 12 44 14 30 21 41 8 19 29 20 40 27 39 5 9 26 32 3 11 13 17 18 42 37 15 38 22 6 2 25 0
0 28 17 36 33 21 44 23 43 20 5 11 14 9 7 29 39 25 42 22 13 6 18 24 10 30 15 27 37 16 38 4 32 26 2 1 8 3 35 12 41 31 40 19 34 0
0 24 38 1 9 29 19 33 2 31 25 36 14 6 3 27 42 23 7 26 13 15 22 12 17 44 40 41 21 28 34 5 11 16 39 20 32 18 8 30 37 43 35 4 10 0
0 2 13 17 9 37 8 43 25 24 5 6 27 29 41 11 42 30 10 34 33 31 26 19 16 4 36 20 14 40 35 7 28 38 22 23 44 18 15 21 3 32 12 1 39 0
0 13 15 34 36 5 22 35 41 43 12 23 31 17 8 27 9 42 6 39 38 30 21 26 33 44 19 14 3 4 2 28 25 32 20 24 7 18 11 10 40 29 16 1 37 0
0 32 6 43 34 33 29 12 28 15 13 5 25 42 18 44 35 17 22 19 38 14 10 4 30 36 3 41 31 8 2 40 9 1 24 37 21 11 26 7 27 39 16 23 20 0
0 3 7 31 41 21 5 17 22 40 11 6 35 36 14 29 37 2 33 32 23 38 39 44 4 9 43 15 26 10 24 42 16 1 27 18 30 28 20 25 34 8 13 19 12 0
0 30 24 44 3 38 20 11 34 29 37 22 23 7 6 32 9 12 42 1 13 33 36 35 26 5 15 28 27 16 2 25 17 4 21 18 14 10 43 8 40 19 39 31 41 0
0 32 23 27 25 19 4 21 1 38 17 26 35 15 10 7 20 3 12 11 13 8 5 36 31 44 9 34 18 37 16 24 43 33 30 2 22 40 29 41 42 14 28 39 6 0
0 2 23 27 19 14 30 3 35 6 31 13 20 32 17 33 1 9 5 34 40 26 10 25 11 22 42 36 8 28 44 7 39 12 15 41 21 38 4 18 24 16 37 43 29 0
0 3 1 23 36 33 19 12 20 8 32 10 22 4 9 11 17 43 44 34 7 2 40 31 13 25 24 28 15 41 35 16 38 5 37 42 18 39 29 21 6 30 26 27 14 0
0 31 38 14 35 15 1 4 5 24 36 44 19 17 20 23 33 32 21 39 11 8 9 13 25 30 42 10 40 3 43 41 18 29 16 6 28 27 22 26 2 34 12 7 37 0
0 31 40 13 8 25 11 35 32 12 23 22 16 29 15 14 18 7 42 27 4 21 5 30 37 1 28 39 10 38 44 26 2 34 36 17 43 20 33 24 3 41 6 19 9 0
0 43 11 14 1 3 20 26 32 35 6 19 5 30 29 38 4 36 39 44 25 37 24 22 10 21 34 42 16 13 18 31 41 33 2 15 17 8 28 9 7 23 27 40 12 0
0 11 21 7 26 42 25 13 31 1 20 3 32 15 33 34 9 38 4 44 27 37 8 35 18 28 23 14 10 29 5 12 24 16 39 19 40 22 36 17 43 41 30 2 6 0
0 2 30 1 33 27 15 16 23 28 14 11 26 19 20 25 43 12 31 42 44 24 9 10 5 41 3 18 17 21 6 37 36 38 35 29 13 39 32 8 40 7 22 34 4 0
0 5 3 23 7 35 20 18 6 21 29 38 13 41 31 14 10 1 30 28 19 37 42 34 16 44 32 9 43 25 17 39 8 33 15 26 2 4 27 22 36 40 11 24 12 0
0 29 25 27 39 17 18 26 15 33 28 38 40 14 36 8 41 9 10 12 20 37 21 23 44 19 34 32 5 2 30 11 1 22 7 4 16 35 13 31 3 6 24 43 42 0
0 3 6 35 12 19 43 25 14 39 11 24 5 18 10 21 20 29 38 15 1 40 9 26 44 2 23 30 4 7 31 36 41 37 17 16 28 8 13 32 33 34 42 27 22 0
0 35 30 18 43 20 37 34 42 41 12 6 16 17 4 25 5 2 21 22 11 14 27 31 3 33 26 24 44 39 38 9 23 28 36 1 19 10 15 40 13 32 29 8 7 0
0 6 40 24 29 10 42 15 12 38 4 16 27 7 43 8 26 31 17 5 14 3 1 18 11 30 28 32 41 22 44 2 9 23 33 37 39 34 21 19 13 36 20 25 35 0
0 43 13 33 12 23 16 7 10 22 24 1 15 28 37 38 9 29 18 27 25 44 39 31 8 42 40 6 4 26 17 41 11 36 3 30 14 34 32 35 2 5 21 19 20 0
0 24 33 37 6 28 29 13 7 25 12 41 17 5 27 21 34 31 16 20 4 1 15 30 23 19 2 8 10 18 26 35 32 42 40 22 39 44 3 43 9 36 14 11 38 0
0 26 6 11 2 8 17 9 40 33 44 13 43 27 18 5 34 22 32 28 1 30 3 7 35 39 12 29 19 15 21 31 24 10 23 20 16 25 36 38 37 4 42 14 41 0
0 14 2 39 44 25 20 35 19 38 22 40 8 28 27 37 7 21 43 17 5 32 3 33 31 23 30 26 4 15 41 16 42 13 18 34 9 29 6 1 36 11 24 10 12 0
0 37 18 16 1 5 2 23 17 38 13 20 30 29 28 36 39 44 19 40 25 32 27 21 33 6 3 4 42 8 7 15 22 31 9 11 26 12 41 35 34 10 14 24 43 0
0 32 18 23 37 6 21 24 30 15 34 36 13 5 2 11 38 12 43 22 8 3 7 20 4 33 9 10 40 31 17 35 16 28 29 19 39 41 14 1 25 27 42 44 26 0
0 10 40 11 3 9 37 35 23 19 22 15 33 43 27 24 41 8 36 28 39 13 5 29 18 44 21 2 38 16 25 42 14 12 1 20 26 34 30 6 17 31 7 32 4 0
0 19 5 35 26 28 2 23 11 1 25 24 36 18 16 34 29 3 43 31 4 6 13 17 8 21 44 42 9 41 37 33 12 32 7 10 27 14 15 30 20 39 22 40 38 0
0 18 11 5 28 33 14 27 44 40 25 36 20 21 42 37 13 34 35 9 17 26 8 30 24 4 43 38 31 12 29 3 41 32 19 2 15 6 1 39 22 16 23 10 7 0
0 9 11 27 38 23 21 10 14 20 3 37 22 30 4 43 34 8 19 16 25 17 31 28 13 33 5 6 36 2 29 24 44 26 40 41 15 32 1 7 42 35 39 12 18 0
0 10 38 4 26 37 40 12 9 44 1 13 22 5 33 29 21 36 27 19 14 43 16 41 35 7 15 39 32 28 23 17 24 11 18 2 20 25 3 30 31 42 8 6 34 0
0 8 26 1 38 13 4 33 37 10 19 20 25 21 12 16 17 3 2 29 27 18 36 9 11 31 22 41 15 7 42 28 5 32 14 30 39 40 23 43 34 44 35 6 24 0
0 14 17 27 22 8 20 34 43 31 30 18 35 21 9 41 19 11 33 1 29 38 15 44 25 6 7 23 12 4 36 24 28 26 39 3 10 42 16 2 32 37 40 5 13 0
0 19 17 8 41 40 42 44 27 20 36 6 16 24 30 32 29 2 35 31 3 14 34 25 39 26 23 9 12 21 33 22 1 5 38 37 18 43 15 13 28 11 7 4 10 0
0 12 17 41 16 13 29 4 3 33 21 24 1 18 7 22 19 20 36 2 27 28 6 11 39 40 44 37 23 42 26 10 32 31 15 8 43 14 35 34 9 38 30 25 5 0
0 19 5 14 41 32 4 3 21 23 6 2 24 9 36 43 18 40 30 17 29 15 31 28 20 12 26 27 37 25 13 16 8 34 42 11 39 22 44 10 33 7 1 38 35 0
0 44 31 17 24 32 9 5 15 39 27 19 30 6 42 34 20 10 43 14 38 1 18 35 33 11 7 37 41 36 21 23 8 25 3 13 22 28 40 2 12 29 26 4 16 0
0 5 3 8 6 20 35 17 21 19 16 22 39 23 2 40 44 10 7 38 43 33 36 37 27 30 18 32 42 9 1 41 31 4 15 25 13 29 26 12 14 24 28 11 34 0
0 37 11 15 12 8 39 43 2 28 21 4 22 7 5 16 10 17 35 25 33 44 23 20 42 6 13 32 26 29 40 31 41 34 19 24 1 27 18 38 9 14 30 36 3 0
0 14 24 36 37 43 6 16 12 2 41 26 10 32 30 33 11 31 17 20 27 4 40 13 38 21 1 28 34 9 23 18 19 8 5 22 35 25 7 3 15 44 39 29 42 0
0 5 6 19 27 15 11 40 29 14 23 7 32 22 24 26 8 3 21 35 13 36 42 4 1 41 39 20 34 12 18 33 10 25 43 38 2 44 9 17 37 30 28 31 16 0
0 13 18 36 23 39 9 40 26 20 44 7 41 29 19 31 34 22 12 15 42 30 2 16 5 8 37 38 11 28 32 24 6 14 3 4 27 25 21 1 43 33 35 17 10 0
0 31 26 18 28 5 21 3 34 22 10 19 9 13 14 11 4 25 40 12 23 39 24 1 33 8 41 6 37 15 20 44 32 17 30 2 16 38 35 27 7 43 42 29 36 0
0 6 38 9 18 22 15 17 27 34 39 30 29 7 28 10 23 40 21 42 31 33 26 14 5 1 4 41 35 32 13 11 20 12 19 16 44 43 2 3 37 36 24 8 25 0
0 24 16 44 11 17 32 33 4 20 30 29 5 9 7 25 23 22 28 10 1 39 18 12 3 2 37 13 21 41 40 36 31 38 8 27 19 42 34 6 15 26 35 14 43 0
0 32 30 43 44 13 23 10 35 9 19 37 28 1 22 40 21 36 29 33 5 12 26 31 7 17 14 20 39 41 34 25 15 8 24 16 2 38 27 6 42 4 11 18 3 0
0 35 10 23 38 31 32 44 5 28 7 14 15 2 3 26 20 6 40 16 33 29 19 8 22 12 27 42 11 30 34 17 1 24 9 41 18 25 13 4 37 43 39 21 36 0
0 2 35 13 10 9 29 37 19 15 14 20 26 30 34 23 12 25 27 38 40 31 32 17 4 16 11 44 7 43 24 39 6 18 41 42 5 28 22 36 1 21 8 3 33 0
0 11 29 35 16 32 41 18 19 13 3 24 27 15 33 14 8 5 10 7 36 43 38 9 26 4 20 30 12 44 39 37 25 17 31 42 21 1 6 34 22 40 2 28 23 0
0 39 2 34 3 26 25 44 31 36 20 43 33 37 1 30 29 38 7 28 6 32 5 19 13 15 17 9 14 12 42 11 35 18 8 4 24 40 27 10 41 21 23 16 22 0
0 35 42 12 4 5 36 2 33 41 17 37 31 24 25 9 10 18 8 38 34 26 3 27 13 15 44 16 32 40 43 19 28 29 39 21 22 1 11 6 23 20 7 14 30 0
0 41 23 2 31 33 42 5 26 11 43 15 30 16 44 27 1 32 20 7 39 38 3 21 29 19 4 8 28 9 25 40 37 18 34 22 35 12 10 6 14 17 36 24 13 0
0 3 20 33 12 27 38 22 35 15 28 43 31 9 7 5 13 18 11 2 16 8 23 36 6 17 14 4 26 24 10 25 39 42 32 19 40 1 29 34 30 37 21 44 41 0
0 34 41 13 17 11 38 16 40 31 6 36 43 22 8 39 12 7 32 18 19 20 35 14 2 10 21 42 23 28 1 26 44 9 24 15 27 4 25 33 5 3 37 30 29 0
0 15 36 44 7 27 16 22 10 28 24 13 19 17 5 21 39 8 42 33 30 38 6 43 41 26 32 37 29 18 35 25 12 23 2 31 9 1 3 40 14 20 34 4 11 0
0 34 1 17 9 40 31 5 30 26 39 37 20 11 43 19 35 24 16 33 36 38 14 6 18 21 42 23 28 44 12 29 41 22 27 8 2 25 32 13 15 3 7 10 4 0
0 25 43 2 44 28 14 40 18 38 31 32 30 24 8 21 41 35 33 7 1 10 27 4 13 16 9 23 20 34 36 12 15 17 11 26 39 6 42 37 3 29 19 5 22 0
0 26 7 37 36 5 4 38 27 33 41 10 35 28 39 19 43 29 13 12 32 44 2 18 11 42 1 20 34 15 25 6 40 30 23 31 16 8 14 9 21 3 17 22 24 0
0 25 35 41 44 38 34 10 9 8 32 11 36 4 7 31 6 27 12 3 40 13 17 37 22 21 30 5 28 16 19 39 42 43 24 2 26 20 1 23 15 33 14 18 29 0
0 23 8 29 2 5 6 4 25 38 14 24 10 30 22 21 3 34 12 42 28 15 31 26 27 32 7 36 18 19 43 16 39 41 33 20 37 13 9 1 11 17 40 44 35 0
0 44 43 6 19 31 9 38 41 42 27 3 22 33 17 16 20 12 15 8 24 14 29 23 13 26 10 21 11 4 28 39 25 2 36 34 35 7 5 32 30 1 40 37 18 0
0 43 6 35 15 26 42 29 38 37 31 25 11 41 10 12 3 34 18 13 2 23 17 40 44 39 33 19 20 8 14 28 27 9 30 22 5 36 24 4 32 7 21 16 1 0
0 37 43 44 41 38 12 20 15 3 18 19 28 2 25 36 42 1 17 27 14 22 30 39 16 29 21 6 40 4 23 24 11 5 7 33 35 26 31 34 13 9 10 8 32 0
0 39 9 3 42 5 1 38 18 22 25 29 17 4 7 32 8 23 36 41 35 15 40 13 33 10 19 44 28 11 31 12 16 21 14 2 26 37 27 24 20 6 34 30 43 0
0 14 31 13 11 34 6 9 28 41 4 40 16 26 17 12 5 21 20 32 2 35 38 36 39 37 30 18 27 10 24 42 15 8 23 19 33 22 44 25 29 3 43 1 7 0
0 25 3 7 27 41 5 29 40 28 23 33 18 20 42 30 43 11 9 38 17 24 2 4 1 26 13 36 12 6 15 35 10 37 44 14 22 8 34 31 21 19 32 39 16 0
0 22 13 1 24 20 21 10 37 39 41 25 26 3 14 5 9 30 4 11 7 12 15 36 19 2 18 35 44 27 8 42 38 16 40 31 33 23 43 6 28 32 29 34 17 0
0 30 10 34 40 17 24 19 44 20 8 28 18 32 15 27 43 3 36 42 21 33 41 5 1 9 13 14 4 2 25 37 31 11 35 16 7 29 38 23 26 39 12 6 22 0
0 26 7 37 42 20 3 24 21 30 28 4 41 29 1 44 8 36 6 15 14 11 43 10 22 34 19 40 25 23 5 17 13 39 32 31 16 33 35 38 9 27 12 18 2 0
0 19 32 42 36 24 43 30 4 22 17 9 28 29 35 27 3 34 41 20 31 1 12 38 23 26 11 7 6 5 14 8 13 10 40 37 44 21 15 16 33 25 39 18 2 0
