# n n_solutions
48 1000
# n x n distance matrix
0 257788 310593 151727 417734 140011 393180 355105 314017 262759 320664 119523 176995 53207 41880 207169 244385 437120 340027 418275 201811 106168 216503 90291 271798 386306 409689 363469 193112 374724 327323 144711 228349 116360 428531 328212 413564 308598 96663 197288 228490 250676 393441 333071 431155 258848 128334 133905
257788 0 472665 120434 636250 365699 312952 241352 56230 46208 565350 171235 160356 236719 220036 128944 100388 383268 225759 341890 226698 295602 71995 169931 527815 607546 346467 265368 362464 311492 157315 395006 174735 214123 675423 238211 330589 102890 352928 82431 218700 481939 348898 194690 683431 154172 237853 374307
310593 472665 0 358742 201166 184140 697677 650000 518686 502770 232683 414782 472274 363491 312414 490611 392965 746278 633710 724233 510455 404294 402137 367623 286258 184915 717287 662900 120318 681308 600058 344690 525222 265555 312258 627340 718276 562192 308411 456301 275506 159090 702670 618567 347120 546074 438905 208727
151727 120434 358742 0 516202 245786 367739 307036 174199 144358 446198 118362 151996 149715 110274 150085 95023 429745 290244 396638 216879 220889 65164 82711 413579 487296 395305 325305 244598 358028 244056 295962 196515 94929 556366 291505 387776 203456 248196 102693 139487 361690 389077 268526 566020 202299 186616 255995
417734 636250 201166 516202 0 279867 806371 772678 687726 658034 140170 536560 594598 467898 437700 622477 570859 841699 757725 829538 613493 480140 570634 498187 232181 31984 818560 779994 277730 785802 740799 376292 646056 422212 142601 745072 826297 713039 366838 601093 463728 168083 798673 750160 187619 675780 535990 284378
140011 365699 184140 245786 279867 0 532947 494593 419986 382360 201119 257263 315611 192309 157917 342633 317824 574834 479284 557698 340822 222225 306586 218429 185925 249011 548528 503430 89306 514042 461053 166897 367697 158984 311201 468121 553270 435156 125133 322657 242557 116840 531208 470556 324071 396174 265096 30378
393180 312952 697677 367739 806371 532947 0 74282 320838 266916 692829 283010 226569 340650 385317 217732 407547 72600 88019 29257 192921 330931 367153 331412 619837 774485 36486 48168 577395 26046 165819 451277 174595 443030 790941 76853 20611 222451 443407 268027 505225 638319 54960 122301 780417 166967 270387 522995
355105 241352 650000 307036 772678 494593 74282 0 246729 195145 667258 237973 179435 305048 340489 160317 338132 146849 16791 101947 168016 310942 299299 282648 600884 741124 110314 26692 529966 82032 91542 434747 126903 388992 769756 33104 89908 148308 418409 204811 441424 605072 121874 48127 763417 105332 243152 488360
314017 56230 518686 174199 687726 419986 320838 246729 0 71789 620236 224041 205041 291981 276164 168669 130375 393125 233034 348641 266853 348621 117467 225914 583901 659520 356282 272700 411993 323916 155836 450663 208157 265792 730378 251105 336391 98422 409056 131898 254377 535746 363103 198604 739036 178476 287862 429521
262759 46208 502770 144358 658034 382360 266916 195145 71789 0 578832 160148 134254 232967 229091 96974 145063 337516 179586 295800 195063 283451 111168 172476 534546 628477 300666 219241 388850 266002 112145 391928 137176 239083 688296 192606 284439 61066 354210 67500 258932 499201 303811 148547 693326 111173 219533 387541
320664 565350 232683 446198 140170 201119 692829 667258 620236 578832 0 439146 494612 364793 350002 527325 518212 721562 653430 713965 502106 362022 507659 408916 92143 113084 701321 671302 243640 670629 647680 247532 543157 359808 110173 637521 712071 628302 249695 515971 431791 93638 679460 650674 126788 577270 424864 191399
119523 171235 414782 118362 536560 257263 283010 237973 224041 160148 439146 0 58543 76502 102896 88236 203967 335239 222357 309957 104816 124595 162440 50213 384036 505300 304186 248755 294468 267571 208613 233030 111321 164986 545894 213174 303620 195775 199649 93094 251285 370028 292253 213690 545844 139380 71076 253355
176995 160356 472274 151996 594598 315611 226569 179435 205041 134254 494612 58543 0 129834 161194 40529 220715 282340 163823 254176 69373 158557 176655 104956 435647 563243 249785 190692 351980 212707 155766 277779 53006 217089 600206 155110 247160 153754 250538 79004 291158 427665 240236 156344 598224 82675 89142 310868
53207 236719 363491 149715 467898 192309 340650 305048 291981 232967 364793 76502 129834 0 64587 164102 244598 383915 290423 365445 148741 72989 209573 69650 307596 436247 356620 312177 245286 321831 284183 159144 179092 147924 470534 277178 360962 272020 123179 165521 254931 300085 340236 285937 469600 212507 75531 183529
41880 220036 312414 110274 437700 157917 385317 340489 276164 229091 350002 102896 161194 64587 0 185206 202508 434858 324661 411822 199690 134022 175292 60512 307790 406925 405116 351652 192225 368963 303137 186590 214141 83700 459256 316070 405907 278784 137942 166201 193136 273597 391416 313723 464642 239495 135057 159171
207169 128944 490611 150085 622477 342633 217732 160317 168669 96974 527325 88236 40529 164102 185206 0 202824 280226 143731 246573 98523 198622 159211 125255 471568 591472 245392 176364 370974 208167 120379 316374 49632 228677 634121 141880 237864 113346 286672 55324 288476 456889 240440 128816 633700 55470 129648 340559
244385 100388 392965 95023 570859 317824 407547 338132 130375 145063 518212 203967 220715 244598 202508 202824 0 475891 321997 436755 289939 315077 44104 176454 495946 544244 439536 360911 293129 403393 257162 389095 252423 158960 627760 331269 426057 203269 339790 147514 124045 428654 438962 292754 641883 242713 274827 333640
437120 383268 746278 429745 841699 574834 72600 146849 393125 337516 721562 335239 282340 383915 434858 280226 475891 0 160094 47661 235831 361643 434483 385094 643250 809714 36927 120503 626638 72578 238391 475316 233416 499061 814780 145113 60804 294814 475164 333046 568663 674546 43679 194767 800407 233385 309757 561785
340027 225759 633710 290244 757725 479284 88019 16791 233034 179586 653430 222357 163823 290423 324661 143731 321997 160094 0 116472 156226 298718 282890 266526 588108 726226 123251 39890 513739 92258 79335 422661 111677 372383 756482 28551 104882 134781 405013 188029 424712 590275 132159 35413 750784 88624 230107 473504
418275 341890 724233 396638 829538 557698 29257 101947 348641 295800 713965 309957 254176 365445 411822 246573 436755 47661 116472 0 216943 351984 396407 358786 639227 797604 20135 76618 604029 43759 193107 470572 202685 471009 810640 106084 13146 250220 465110 297191 534321 661615 48505 150066 798871 196176 293827 546887
201811 226698 510455 216879 613493 340822 192921 168016 266853 195063 502106 104816 69373 148741 199690 98523 289939 235831 156226 216943 0 142994 245922 154694 433275 581624 207884 169389 390931 173243 181207 266731 65362 269314 602894 136551 212983 199011 252445 147347 354125 445424 192214 164090 595611 107017 77655 330125
106168 295602 404294 220889 480140 222225 330931 310942 348621 283451 362022 124595 158557 72989 134022 198622 315077 361643 298718 351984 142994 0 277866 138622 290449 448158 339701 311863 292119 308608 311423 123965 195286 217459 460662 279523 350070 311895 113560 217248 326778 313520 318811 302879 452636 235422 71072 204155
216503 71995 402137 65164 570634 306586 367153 299299 117467 111168 507659 162440 176655 209573 175292 159211 44104 434483 282890 396407 245922 277866 0 140099 478012 542699 398381 321189 294535 361909 222364 360204 208844 149559 617780 290502 386058 171832 313107 103900 147863 421009 396819 255247 628908 201100 233515 318846
90291 169931 367623 82711 498187 218429 331412 282648 225914 172476 408916 50213 104956 69650 60512 125255 176454 385094 266526 358786 154694 138622 140099 0 362070 467435 353617 295319 247425 316802 242628 225371 157721 114784 517611 259784 352016 219387 183298 107302 205318 333973 342237 254034 521246 180094 107609 218919
271798 527815 286258 413579 232181 185925 619837 600884 583901 534546 92143 384036 435647 307596 307790 471568 495946 643250 588108 639227 433275 290449 478012 362070 0 204170 625381 602312 256880 596546 591200 168658 480680 338318 171573 569816 638392 578664 185110 468671 428479 127188 602135 589171 162844 517727 358026 163822
386306 607546 184915 487296 31984 249011 774485 741124 659520 628477 113084 505300 563243 436247 406925 591472 544244 809714 726226 797604 581624 448158 542699 467435 204170 0 786596 748281 251445 753872 710062 344823 614572 393768 137448 713399 794395 683013 334870 570875 439614 136273 766690 718956 179753 644589 504099 252768
409689 346467 717287 395305 818560 548528 36486 110314 356282 300666 701321 304186 249785 356620 405116 245392 439536 36927 123251 20135 207884 339701 398381 353617 625381 786596 0 83811 597284 37306 201802 456818 199598 466866 796910 108436 30500 258015 453135 297531 533834 650851 28640 158066 784343 197326 283789 536806
363469 265368 662900 325305 779994 503430 48168 26692 272700 219241 671302 248755 190692 312177 351652 176364 360911 120503 39890 76618 169389 311863 321189 295319 602312 748281 83811 0 542633 55798 118000 434886 137698 404321 772240 35588 65256 174337 421738 224067 461372 612032 95438 74268 764323 123081 246444 495679
193112 362464 120318 244598 277730 89306 577395 529966 411993 388850 243640 294468 351980 245286 192225 370974 293129 626638 513739 604029 390931 292119 294535 247425 256880 251445 597284 542633 0 561187 482301 254990 404943 149770 347553 507065 597997 446994 209560 338739 191005 150036 583087 499314 370355 426392 320812 119595
374724 311492 681308 358028 785802 514042 26046 82032 323916 266002 670629 267571 212707 321831 368963 208167 403393 72578 92258 43759 173243 308608 361909 316802 596546 753872 37306 55798 561187 0 171588 427900 162307 429795 767843 73440 41954 226235 421589 260580 496635 617867 39954 127669 756662 160816 250067 503133
327323 157315 600058 244056 740799 461053 165819 91542 155836 112145 647680 208613 155766 284183 303137 120379 257162 238391 79335 193107 181207 311423 222364 242628 591200 710062 201802 118000 482301 171588 0 432943 117921 334597 754471 102210 180707 57763 406109 143757 369249 576224 211466 43947 753603 76256 240384 460286
144711 395006 344690 295962 376292 166897 451277 434747 450663 391928 247532 233030 277779 159144 186590 316374 389095 475316 422661 470572 266731 123965 360204 225371 168658 344823 456818 434886 254990 427900 432943 0 318373 250942 340105 403096 469759 428057 53263 324431 361176 218630 433843 426451 329558 357563 194056 138096
228349 174735 525222 196515 646056 367697 174595 126903 208157 137176 543157 111321 53006 179092 214141 49632 252423 233416 111677 202685 65362 195286 208844 157721 480680 614572 199598 137698 404943 162307 117921 318373 0 268435 647412 102123 195114 134022 296204 104950 335791 478674 192571 108500 643522 42137 124390 361880
116360 214123 265555 94929 422212 158984 443030 388992 265792 239083 359808 164986 217089 147924 83700 228677 158960 499061 372383 471009 269314 217459 149559 114784 338318 393768 466866 404321 149770 429795 334597 250942 268435 0 469665 369204 463544 297401 198079 190880 112316 271744 456475 354703 482970 283859 213928 175093
428531 675423 312258 556366 142601 311201 790941 769756 730378 688296 110173 545894 600206 470534 459256 634121 627760 814780 756482 810640 602894 460662 617780 517611 171573 137448 796910 772240 347553 767843 754471 340105 647412 469665 0 739213 809640 736905 351486 624852 537877 200051 773708 755557 46018 682835 526611 301248
328212 238211 627340 291505 745072 468121 76853 33104 251105 192606 637521 213174 155110 277178 316070 141880 331269 145113 28551 106084 136551 279523 290502 259784 569816 713399 108436 35588 507065 73440 102210 403096 102123 369204 739213 0 96439 154173 388203 191239 428526 577185 112045 59976 732156 90126 212777 460708
413564 330589 718276 387776 826297 553270 20611 89908 336391 284439 712071 303620 247160 360962 405907 237864 426057 60804 104882 13146 212983 350070 386058 352016 638392 794395 30500 65256 597997 41954 180707 469759 195114 463544 809640 96439 0 237993 462817 287657 524964 658273 56985 137940 798599 186505 290318 543107
308598 102890 562192 203456 713039 435156 222451 148308 98422 61066 628302 195775 153754 272020 278784 113346 203269 294814 134781 250220 199011 311895 171832 219387 578664 683013 258015 174337 446994 226235 57763 428057 134022 297401 736905 154173 237993 0 395154 112628 319694 551744 265736 100185 739462 95038 242879 437942
96663 352928 308411 248196 366838 125133 443407 418409 409056 354210 249695 199649 250538 123179 137942 286672 339790 475164 405013 465110 252445 113560 313107 183298 185110 334870 453135 421738 209560 421589 406109 53263 296204 198079 351486 388203 462817 395154 0 287210 307956 201152 432371 404582 347736 332704 175426 99964
197288 82431 456301 102693 601093 322657 268027 204811 131898 67500 515971 93094 79004 165521 166201 55324 147514 333046 188029 297191 147347 217248 103900 107302 468671 570875 297531 224067 338739 260580 143757 324431 104950 190880 624852 191239 287657 112628 287210 0 237356 439162 294241 165875 628432 101166 156221 325372
228490 218700 275506 139487 463728 242557 505225 441424 254377 258932 431791 251285 291158 254931 193136 288476 124045 568663 424712 534321 354125 326778 147863 205318 428479 439614 533834 461372 191005 496635 369249 361176 335791 112316 537877 428526 524964 319694 307956 237356 0 338538 528347 399679 558407 338515 312440 266395
250676 481939 159090 361690 168083 116840 638319 605072 535746 499201 93638 370028 427665 300085 273597 456889 428654 674546 590275 661615 445424 313520 421009 333973 127188 136273 650851 612032 150036 617867 576224 218630 478674 271744 200051 577185 658273 551744 201152 439162 338538 0 631358 583699 220415 509408 367954 116815
393441 348898 702670 389077 798673 531208 54960 121874 363103 303811 679460 292253 240236 340236 391416 240440 438962 43679 132159 48505 192214 318811 396819 342237 602135 766690 28640 95438 583087 39954 211466 433843 192571 456475 773708 112045 56985 265736 432371 294241 528347 631358 0 167572 760227 196381 266118 518323
333071 194690 618567 268526 750160 470556 122301 48127 198604 148547 650674 213690 156344 285937 313723 128816 292754 194767 35413 150066 164090 302879 255247 254034 589171 718956 158066 74268 499314 127669 43947 426451 108500 354703 755557 59976 137940 100185 404582 165875 399679 583699 167572 0 752010 74385 232407 466973
431155 683431 347120 566020 187619 324071 780417 763417 739036 693326 126788 545844 598224 469600 464642 633700 641883 800407 750784 798871 595611 452636 628908 521246 162844 179753 784343 764323 370355 756662 753603 329558 643522 482970 46018 732156 798599 739462 347736 628432 558407 220415 760227 752010 0 680438 520762 310111
258848 154172 546074 202299 675780 396174 166967 105332 178476 111173 577270 139380 82675 212507 239495 55470 242713 233385 88624 196176 107017 235422 201100 180094 517727 644589 197326 123081 426392 160816 76256 357563 42137 283859 682835 90126 186505 95038 332704 101166 338515 509408 196381 74385 680438 0 164350 392724
128334 237853 438905 186616 535990 265096 270387 243152 287862 219533 424864 71076 89142 75531 135057 129648 274827 309757 230107 293827 77655 71072 233515 107609 358026 504099 283789 246444 320812 250067 240384 194056 124390 213928 526611 212777 290318 242879 175426 156221 312440 367954 266118 232407 520762 164350 0 253102
133905 374307 208727 255995 284378 30378 522995 488360 429521 387541 191399 253355 310868 183529 159171 340559 333640 561785 473504 546887 330125 204155 318846 218919 163822 252768 536806 495679 119595 503133 460286 138096 361880 175093 301248 460708 543107 437942 99964 325372 266395 116815 518323 466973 310111 392724 253102 0
# set of given starting solutions
0 37 36 12 26 8 13 29 6 16 31 32 23 38 9 44 20 17 18 1 35 43 7 22 25 47 41 11 2 27 30 4 24 28 45 21 5 46 34 19 10 39 42 33 40 3 14 15 0
0 12 41 11 32 46 27 22 40 18 30 14 21 1 20 29 3 43 26 37 34 31 10 16 33 36 15 17 19 24 28 45 42 2 13 7 25 38 35 6 9 8 47 39 4 44 23 5 0
0 42 1 33 21 44 31 4 19 16 27 37 6 5 17 18 30 38 36 45 39 20 46 15 40 43 22 8 35 41 7 2 29 47 32 9 25 24 34 12 11 14 10 23 3 26 28 13 0
0 18 5 13 29 38 15 32 22 10 8 41 25 34 37 4 33 39 12 27 40 46 11 1 31 2 14 20 26 9 7 16 42 35 6 44 36 24 3 23 45 47 30 28 21 17 19 43 0
0 9 36 45 1 10 27 30 46 29 12 39 38 3 15 43 19 28 32 6 31 20 25 22 44 17 41 18 24 14 2 33 37 16 26 34 23 47 42 11 7 13 40 35 8 21 5 4 0
0 41 37 19 31 29 11 18 7 9 35 12 26 28 34 32 25 1 17 6 27 2 20 24 36 10 42 4 33 30 5 8 46 39 23 40 3 43 22 13 44 14 47 38 15 21 45 16 0
0 38 46 18 25 21 9 13 35 3 29 23 45 4 7 41 15 37 6 1 12 32 2 44 33 11 24 10 16 40 22 39 47 19 36 26 31 27 20 30 8 43 5 42 14 17 34 28 0
0 35 18 3 31 28 17 25 43 20 41 39 44 26 30 24 11 42 36 37 33 47 45 15 29 6 13 21 46 22 23 2 32 27 16 4 34 14 1 10 7 19 12 40 9 38 8 5 0
0 14 2 5 35 33 4 43 39 45 37 28 25 36 42 8 17 12 3 23 10 41 29 9 19 16 18 47 1 20 7 15 21 11 46 13 34 40 30 6 24 32 31 38 27 26 22 44 0
0 4 13 39 47 22 9 16 26 11 45 37 10 38 23 20 43 15 32 17 31 46 34 30 40 33 41 14 5 42 35 2 7 21 36 18 8 44 6 12 28 29 3 27 25 1 19 24 0
0 19 41 24 40 46 34 21 39 20 27 15 28 26 17 37 3 38 5 45 47 2 9 31 42 14 12 30 44 23 25 35 33 43 22 1 13 8 18 29 16 6 11 7 36 4 32 10 0
0 32 30 47 19 36 10 34 31 11 17 27 41 25 37 42 33 23 20 35 43 12 45 14 1 39 24 4 13 44 3 5 40 38 46 9 26 2 16 21 28 29 8 22 18 15 6 7 0
0 15 30 38 7 9 33 25 36 39 41 32 27 42 23 4 34 18 45 44 17 21 11 2 5 29 46 1 40 14 37 31 35 3 6 28 26 12 22 43 16 8 47 19 10 24 20 13 0
0 2 4 16 9 17 10 39 38 32 13 26 21 24 40 42 12 3 45 31 8 46 30 44 47 27 37 43 14 35 7 36 23 33 34 28 25 1 20 15 6 19 11 29 22 18 5 41 0
0 10 14 31 37 34 5 18 12 45 43 1 21 47 4 30 7 46 13 32 25 36 26 44 33 29 24 17 11 28 8 3 41 19 35 2 6 15 38 22 23 16 40 9 27 20 42 39 0
0 1 6 2 7 35 32 30 41 15 21 36 14 17 34 40 33 43 26 12 16 4 18 29 46 47 28 20 11 13 31 3 10 24 45 39 8 9 22 38 5 42 27 23 44 19 37 25 0
0 47 3 31 4 1 45 14 26 23 43 13 2 22 38 34 40 28 18 36 5 30 16 7 12 35 24 32 27 42 44 15 17 11 25 10 41 29 20 8 19 33 21 37 6 9 39 46 0
0 33 14 30 41 20 36 34 29 37 47 16 44 23 21 12 35 7 46 25 3 5 40 15 28 17 38 18 4 43 11 2 9 42 13 22 19 1 10 27 24 45 8 31 6 26 39 32 0
0 29 35 5 33 46 10 2 45 31 32 42 36 1 30 9 20 43 11 14 27 39 26 23 12 18 24 22 34 41 38 44 37 19 4 13 7 17 8 16 15 25 6 47 21 3 40 28 0
0 2 14 36 1 13 15 3 40 27 35 45 25 23 22 7 43 5 11 6 31 34 9 24 17 20 47 16 10 12 46 18 32 33 38 19 44 28 42 26 29 21 37 8 41 30 39 4 0
0 33 27 31 7 1 40 14 23 25 30 9 38 3 10 16 18 32 5 34 4 29 12 26 41 24 21 6 39 45 42 15 44 22 36 43 13 47 37 46 17 2 8 28 19 35 20 11 0
0 22 25 47 1 19 41 27 38 13 24 14 21 16 45 43 8 31 18 44 30 10 17 33 32 42 40 23 15 36 7 2 26 35 11 4 20 37 46 39 12 29 5 9 34 28 3 6 0
0 20 45 22 8 15 27 30 9 21 37 43 16 40 41 5 13 34 46 31 14 28 35 3 7 36 2 10 24 26 11 1 44 25 4 18 38 19 12 29 33 17 42 6 32 47 39 23 0
0 38 4 47 22 35 42 40 39 13 43 15 29 23 2 6 33 20 21 12 34 9 7 1 14 28 24 31 16 26 32 25 18 17 11 8 36 27 46 10 37 30 3 19 5 45 41 44 0
0 5 42 21 22 11 28 43 19 33 15 1 16 46 45 39 38 29 17 47 6 37 7 41 36 31 30 23 35 34 40 12 18 3 2 20 9 14 10 13 44 4 32 8 24 27 25 26 0
0 33 36 11 13 41 40 42 39 43 19 25 29 28 32 18 45 2 21 10 15 47 23 8 7 30 44 12 38 4 5 35 3 1 22 27 6 9 31 20 34 17 26 14 16 24 46 37 0
0 27 12 29 34 30 26 44 19 11 16 35 42 24 3 47 46 14 9 43 37 31 17 13 23 41 6 18 36 21 1 22 38 2 33 20 40 10 28 5 7 25 4 39 15 8 32 45 0
0 15 5 40 46 10 28 22 33 43 18 27 47 41 17 3 36 29 32 42 8 16 31 4 44 20 13 1 14 34 30 12 9 37 11 19 26 6 45 2 38 39 21 23 35 24 25 7 0
0 2 29 14 35 32 5 17 9 36 24 16 44 28 19 1 10 23 34 33 25 11 8 42 43 41 47 3 4 45 6 22 26 13 27 21 18 12 15 20 40 7 31 38 46 39 30 37 0
0 33 30 6 45 10 32 18 16 22 12 27 11 28 3 40 36 41 38 34 19 17 9 20 25 44 1 31 37 24 13 2 23 21 39 7 15 42 29 5 47 14 26 43 35 8 4 46 0
0 34 30 22 11 35 15 43 27 10 28 20 46 4 26 19 40 45 3 16 31 39 12 23 21 8 33 14 2 25 24 9 37 44 32 5 6 7 47 13 17 42 29 18 1 38 36 41 0
0 16 10 9 34 11 13 40 18 21 29 19 3 1 39 14 36 23 6 12 20 47 31 8 33 28 5 32 42 41 4 46 24 45 15 27 26 22 7 35 37 17 30 38 2 43 25 44 0
0 12 4 3 33 45 30 47 43 31 27 21 1 39 34 14 13 42 23 2 28 46 10 41 20 6 36 19 40 18 29 16 22 17 37 9 11 32 8 24 15 26 7 44 35 25 38 5 0
0 18 27 13 21 16 32 45 33 4 17 37 20 31 44 36 3 43 41 7 1 46 10 9 11 22 6 42 5 28 14 12 24 2 8 35 38 47 29 40 23 25 39 30 26 34 15 19 0
0 33 7 9 11 1 10 4 18 23 6 8 22 2 26 47 27 3 19 38 12 42 44 14 40 46 31 5 45 32 28 17 30 43 24 39 41 21 35 34 36 15 37 16 29 13 20 25 0
0 18 7 30 33 14 1 26 15 22 4 17 9 23 13 16 10 37 47 3 11 38 39 20 28 25 24 35 31 8 43 42 32 19 5 40 21 12 41 6 34 2 44 36 27 46 45 29 0
0 27 45 31 11 34 26 36 8 32 19 42 24 22 40 35 1 7 46 3 39 23 25 29 17 14 6 37 30 2 4 21 16 18 12 38 13 43 10 5 44 9 15 41 33 20 47 28 0
0 16 30 18 32 25 4 46 9 36 1 40 10 7 34 28 23 38 3 47 2 26 12 19 13 27 31 43 29 5 41 37 24 6 8 22 44 35 14 20 21 33 11 17 15 45 39 42 0
0 37 13 8 42 1 2 10 47 39 19 25 43 11 30 40 6 24 41 46 23 27 17 15 35 32 38 28 18 7 34 20 44 45 14 29 4 26 31 5 36 16 9 21 33 3 12 22 0
0 33 14 32 8 42 15 3 18 11 43 20 40 12 13 41 19 21 10 47 4 37 30 7 1 6 31 17 25 46 39 9 5 26 2 16 38 35 23 27 24 45 29 44 22 34 28 36 0
0 14 27 41 46 15 12 31 45 38 8 42 17 20 22 33 16 21 37 10 13 4 24 29 36 11 28 23 7 25 19 9 26 40 1 39 47 35 43 32 2 30 34 44 5 6 18 3 0
0 12 22 7 26 44 42 21 5 35 16 2 1 45 34 20 33 24 27 29 10 15 32 47 30 36 18 23 3 8 6 43 4 14 25 11 19 38 13 31 41 37 9 17 39 40 46 28 0
0 35 40 31 45 21 9 37 1 19 27 30 24 36 15 12 26 38 22 18 43 14 3 41 5 7 23 11 20 6 42 32 17 28 25 10 34 4 46 13 16 2 8 44 39 47 29 33 0
0 3 40 42 21 4 25 45 16 47 11 6 41 17 1 14 46 30 28 15 8 10 29 12 9 5 39 31 38 44 18 24 35 37 7 27 26 36 22 13 34 2 33 43 23 19 32 20 0
0 1 20 7 31 18 24 47 30 28 5 37 42 12 4 19 22 34 25 26 40 17 13 3 8 46 15 27 36 33 38 6 9 21 35 45 44 39 41 16 43 29 11 32 14 2 23 10 0
0 15 14 43 1 22 29 8 16 45 33 4 25 21 9 30 46 24 40 10 28 36 5 18 26 3 42 23 20 32 47 12 2 34 44 39 17 31 13 27 11 38 37 19 41 35 7 6 0
0 35 29 46 44 20 31 5 22 28 27 45 23 47 41 10 25 30 33 14 1 36 19 4 43 7 3 13 8 26 34 40 32 9 16 21 15 24 17 39 18 37 38 2 42 12 11 6 0
0 1 28 29 18 40 23 3 41 15 38 7 8 45 10 12 20 25 43 2 6 31 42 47 5 13 46 39 30 11 26 16 33 21 24 22 36 14 35 4 27 9 19 44 34 37 17 32 0
0 17 34 29 18 39 44 45 6 24 27 15 5 47 46 31 43 4 10 32 42 7 19 20 37 26 13 16 30 33 25 8 21 28 40 12 1 38 23 35 2 14 22 41 9 3 36 11 0
0 11 29 38 39 35 27 13 1 6 4 12 31 18 3 47 25 14 40 42 34 30 37 7 15 9 44 32 24 41 22 17 33 26 21 8 45 28 36 16 43 5 46 10 19 20 23 2 0
0 10 36 39 15 16 9 6 31 11 41 7 23 44 42 20 43 18 33 22 28 40 19 47 1 27 17 14 29 4 2 3 8 32 46 26 5 37 25 38 34 24 12 45 30 35 21 13 0
0 10 29 43 39 30 9 21 26 15 3 31 35 16 13 32 34 33 2 22 27 25 17 20 42 7 14 11 23 45 36 19 4 28 46 44 38 24 5 1 41 6 18 40 37 8 12 47 0
0 43 4 13 17 33 46 26 10 42 41 40 45 18 38 11 30 3 8 37 36 47 20 22 35 39 15 2 24 25 14 31 12 7 28 19 32 34 9 27 1 6 16 23 21 5 29 44 0
0 35 32 46 26 1 18 3 19 36 7 2 10 16 25 20 30 5 22 27 4 38 24 43 11 28 47 39 31 41 12 21 44 37 34 14 13 23 45 40 17 15 8 6 29 42 33 9 0
0 33 32 8 42 10 18 47 44 3 45 35 36 40 6 13 31 12 5 21 14 43 39 29 27 4 19 28 38 1 34 9 30 16 7 46 22 25 24 37 2 41 17 11 15 20 23 26 0
0 25 28 10 18 19 3 8 16 12 32 7 22 21 29 27 2 6 13 30 45 40 46 24 15 39 47 23 14 9 20 5 37 43 41 1 36 44 11 31 33 38 35 26 34 42 17 4 0
0 25 26 46 13 31 17 15 3 45 7 2 29 24 36 30 43 16 33 4 28 10 34 42 37 32 44 19 12 22 35 11 41 8 39 5 6 1 23 9 40 47 21 18 20 38 27 14 0
0 1 15 3 11 46 27 36 17 10 40 29 16 22 34 8 4 44 28 25 45 31 18 14 5 32 33 12 42 37 47 19 2 7 24 9 13 23 20 35 6 41 43 38 21 39 30 26 0
0 37 41 45 44 9 12 46 18 13 26 47 22 35 27 32 34 20 30 5 16 38 33 23 3 1 29 42 25 4 2 11 40 19 14 36 17 28 31 6 39 15 7 21 8 10 24 43 0
0 5 39 4 24 36 46 45 41 2 3 10 42 12 13 37 43 40 44 28 47 1 6 8 33 26 21 23 17 14 11 18 20 22 34 15 30 25 16 38 7 27 32 29 31 9 19 35 0
0 31 8 13 27 18 30 16 37 11 38 36 10 26 34 9 5 39 7 1 21 23 29 42 15 3 33 6 14 17 28 46 22 44 19 2 12 32 35 43 25 45 20 4 24 41 40 47 0
0 9 31 43 44 45 18 32 29 16 33 22 26 36 38 21 20 23 7 27 8 5 6 15 40 41 37 34 39 11 1 47 4 17 25 10 35 2 30 13 24 12 14 19 28 3 46 42 0
0 43 18 33 2 1 45 35 17 39 11 42 14 25 7 41 22 5 37 30 6 47 4 10 28 20 23 31 38 8 16 24 15 3 40 29 21 9 19 32 26 13 27 36 46 34 44 12 0
0 43 46 7 16 31 35 37 26 19 39 8 32 28 5 1 29 45 27 38 41 42 15 6 33 30 22 3 47 20 9 25 21 34 10 13 14 17 4 40 44 18 11 23 12 36 2 24 0
0 29 34 17 40 37 10 32 15 8 41 9 33 36 31 2 1 3 20 44 11 30 42 7 21 38 24 16 18 27 23 28 25 4 19 22 14 13 45 12 5 46 39 6 47 35 43 26 0
0 37 29 24 16 42 19 7 28 13 45 3 38 39 31 30 47 44 8 6 15 33 36 41 10 23 14 22 46 27 5 4 26 9 17 32 40 18 2 11 1 43 25 12 21 20 34 35 0
0 33 32 15 18 39 14 40 28 34 47 23 21 31 11 20 13 38 3 1 41 17 5 25 36 8 42 29 26 35 16 24 30 7 45 19 43 10 2 37 4 46 9 44 27 22 12 6 0
0 47 28 4 19 35 27 37 42 43 17 44 23 5 21 13 45 32 3 26 24 22 15 9 29 25 11 14 16 10 34 6 30 2 41 12 33 7 39 36 18 20 1 46 8 40 31 38 0
0 28 1 12 25 42 46 17 24 40 16 8 15 2 6 3 44 19 11 37 33 31 5 18 41 47 38 26 21 36 45 32 10 34 29 22 39 35 9 20 27 7 13 43 30 4 23 14 0
0 13 15 34 8 6 47 1 37 11 42 14 9 38 22 40 17 31 4 32 41 21 26 46 35 43 25 36 30 20 23 10 27 3 24 39 44 7 5 16 45 28 33 19 2 18 12 29 0
0 33 44 6 34 39 17 40 43 28 38 19 45 24 15 10 32 29 27 14 22 30 7 18 37 11 12 20 26 46 13 41 25 3 1 21 2 16 8 4 35 31 5 42 47 9 36 23 0
0 47 46 39 19 17 34 11 7 13 9 16 8 45 25 30 43 28 33 5 15 20 3 26 14 6 10 38 44 1 37 22 24 27 41 32 35 40 12 23 18 29 21 4 36 2 31 42 0
0 36 22 31 33 28 10 19 2 12 47 6 38 25 35 3 17 18 23 4 21 26 42 15 1 13 20 44 11 41 27 45 7 43 9 5 14 30 37 46 29 16 40 8 39 24 32 34 0
0 12 31 34 3 5 42 14 4 46 11 17 2 27 6 44 47 19 32 41 37 43 28 21 7 1 30 16 45 29 24 15 20 25 18 33 35 23 36 38 9 10 40 8 26 13 22 39 0
0 24 2 38 44 19 45 12 26 13 6 20 1 21 28 29 42 16 22 27 33 17 47 37 14 3 8 43 4 15 39 34 9 11 23 10 30 40 5 36 35 31 7 25 46 18 32 41 0
0 8 5 41 40 21 22 47 10 20 38 16 36 12 19 11 29 7 24 6 1 37 28 44 27 9 34 13 4 45 18 39 32 17 23 33 46 3 43 31 35 42 25 30 15 14 2 26 0
0 7 20 46 4 31 24 27 5 30 3 34 17 6 37 9 25 14 22 32 40 18 38 11 1 23 16 15 21 26 8 41 36 44 12 29 13 42 39 19 33 10 43 47 28 45 2 35 0
0 15 46 1 9 5 32 10 13 19 25 12 33 37 14 40 41 3 26 29 24 21 36 20 2 22 11 4 8 30 38 28 43 17 42 18 16 47 34 35 7 23 6 27 44 31 45 39 0
0 29 23 24 6 5 20 41 31 26 32 45 15 34 25 14 3 40 4 37 39 13 7 28 10 2 11 33 47 43 44 1 12 35 19 21 42 9 22 18 16 46 27 36 17 30 8 38 0
0 15 4 1 9 45 36 8 42 10 35 6 24 22 12 2 19 40 39 21 25 44 33 31 37 30 13 27 47 7 26 17 20 41 23 11 5 32 16 28 34 3 38 46 14 43 18 29 0
0 3 15 32 30 36 10 43 20 38 16 23 35 33 34 12 13 37 19 6 22 41 39 45 18 21 42 1 46 2 8 14 27 24 47 26 4 25 7 40 5 28 17 31 11 29 9 44 0
0 28 20 37 19 3 45 46 6 13 5 31 18 47 38 12 17 2 8 34 29 9 10 21 27 7 22 39 35 14 42 36 40 15 23 43 1 4 32 11 24 26 16 30 33 44 41 25 0
0 5 25 42 15 30 43 45 18 34 6 20 31 44 4 37 33 46 28 2 39 47 12 32 41 10 22 1 21 9 40 36 8 23 38 3 16 13 35 17 7 27 26 29 24 11 14 19 0
0 17 32 10 19 15 27 14 26 28 16 45 46 7 44 42 11 33 39 47 40 24 13 20 9 6 34 38 36 35 41 31 21 25 5 3 12 18 4 43 23 2 37 29 1 30 22 8 0
0 36 19 47 33 14 3 38 16 32 2 6 15 13 12 40 20 35 39 34 31 28 41 29 24 5 25 43 18 27 17 37 9 42 45 8 1 22 4 11 10 23 46 44 7 26 30 21 0
0 10 31 34 17 16 40 26 7 23 2 27 13 18 12 45 37 4 24 46 29 11 43 41 19 8 3 15 9 22 33 14 20 25 6 38 28 42 36 39 5 32 30 1 47 21 35 44 0
0 26 1 42 6 22 13 33 46 43 31 19 41 40 3 36 9 45 4 29 11 17 47 10 24 35 16 14 20 5 23 32 38 15 25 2 18 34 44 7 37 21 39 27 30 28 8 12 0
0 35 34 14 44 31 41 29 36 32 37 24 7 47 10 5 3 6 19 27 8 1 28 43 12 18 46 42 2 15 9 4 30 22 45 20 40 21 39 17 33 38 23 16 25 11 26 13 0
0 47 36 39 45 6 4 19 27 12 15 26 9 16 28 5 18 7 43 38 37 17 31 3 8 33 13 23 35 2 30 25 22 14 11 44 41 20 34 40 32 42 10 46 24 1 21 29 0
0 22 19 31 6 39 43 29 25 11 12 35 37 9 41 32 44 13 46 42 18 7 36 45 23 28 17 30 4 40 5 15 33 1 3 24 38 14 47 10 20 16 26 34 2 21 8 27 0
0 41 12 10 19 24 11 27 33 4 35 31 45 6 20 29 32 8 3 38 46 18 22 2 25 26 42 47 7 40 36 44 28 5 16 34 15 14 9 13 43 17 23 21 1 39 37 30 0
0 12 23 32 31 30 25 46 10 45 24 34 35 29 27 40 1 7 20 3 26 33 28 42 44 43 11 13 39 6 41 47 18 2 4 37 19 21 38 36 8 17 22 15 14 5 9 16 0
0 32 28 30 12 18 34 17 43 40 7 33 2 27 39 35 14 21 6 29 45 3 47 31 38 16 19 37 22 26 44 25 10 4 15 23 9 46 13 1 42 36 24 41 8 20 5 11 0
0 33 9 28 16 18 45 43 2 3 17 31 36 40 23 29 26 12 32 19 21 8 37 27 30 1 35 47 11 25 4 42 15 13 38 14 44 22 10 5 20 6 34 41 24 46 7 39 0
0 11 26 22 20 21 35 12 41 19 5 30 15 2 45 32 7 28 4 27 44 31 1 43 29 36 10 34 16 6 23 14 38 13 25 3 47 18 9 37 46 17 39 42 8 24 33 40 0
0 36 26 17 38 33 35 41 20 44 25 39 19 30 42 2 18 45 16 22 34 7 24 23 5 10 21 11 1 46 32 15 9 28 37 3 12 29 40 31 8 14 4 27 6 13 47 43 0
0 34 1 15 3 11 37 16 27 29 7 42 35 33 6 12 26 46 20 39 8 14 40 22 43 38 24 18 31 23 2 19 9 47 41 32 28 13 36 10 44 17 25 30 45 5 21 4 0
0 14 19 43 46 8 44 1 18 15 3 13 12 7 37 38 16 40 29 11 9 45 47 33 26 17 22 41 23 10 32 6 20 28 27 42 2 31 39 25 34 4 24 30 21 36 35 5 0
0 20 30 31 11 42 8 10 44 27 7 16 6 25 13 18 32 47 17 2 29 26 4 34 40 35 15 21 14 36 37 39 23 5 19 46 41 9 12 22 33 43 1 24 38 28 45 3 0
0 44 31 43 24 29 14 40 30 11 10 41 3 32 28 9 23 16 15 35 46 4 19 5 20 12 13 26 27 8 38 47 45 1 2 36 6 37 39 21 34 42 33 22 7 25 18 17 0
0 36 23 14 10 11 40 7 42 27 32 39 15 30 45 12 31 29 35 16 21 26 18 17 28 9 41 19 46 37 44 6 33 3 25 1 22 47 2 4 8 34 20 13 5 24 43 38 0
0 16 8 33 24 20 7 37 23 43 13 42 40 30 36 25 5 10 38 21 44 46 3 9 18 17 6 11 45 47 2 12 1 29 31 4 15 32 22 41 19 34 39 26 27 14 35 28 0
0 23 19 29 17 14 31 21 9 4 26 8 16 33 35 43 24 3 34 46 30 47 28 1 40 45 10 38 12 20 39 44 7 32 15 22 25 6 11 42 13 5 41 2 36 18 37 27 0
0 17 10 20 32 18 30 43 19 34 29 23 40 46 11 5 4 9 2 25 36 22 37 12 33 45 44 14 6 38 41 3 28 42 31 13 16 1 8 35 24 15 21 39 47 26 7 27 0
0 22 16 37 42 25 7 41 47 31 12 44 19 21 24 30 28 20 18 36 11 39 34 38 3 27 2 8 32 35 10 29 6 9 23 43 14 15 46 4 33 5 26 17 40 13 1 45 0
0 22 12 45 32 43 27 17 30 35 2 16 14 40 41 13 8 31 15 46 10 25 38 37 4 24 34 42 7 21 39 26 23 33 9 19 29 1 18 6 11 47 20 5 36 28 44 3 0
0 45 28 41 12 39 40 10 47 38 42 22 31 18 24 3 21 26 33 9 30 2 43 11 29 5 7 15 35 23 32 13 8 36 17 19 25 20 16 27 34 44 4 37 1 14 6 46 0
0 36 37 34 17 16 46 30 40 7 28 26 13 32 42 6 20 4 22 31 27 45 2 3 41 35 9 21 1 12 39 15 29 44 5 38 25 8 24 11 33 10 43 19 47 14 18 23 0
0 13 17 39 5 46 18 41 29 30 7 12 23 36 9 4 20 44 14 21 31 2 45 6 35 34 42 27 10 38 22 16 25 43 37 24 8 11 40 26 19 15 3 1 28 47 32 33 0
0 33 16 32 21 37 1 30 34 26 9 44 5 18 40 42 10 45 27 8 22 36 19 46 24 20 38 41 25 15 7 23 14 31 4 29 12 43 13 17 3 47 39 11 2 6 35 28 0
0 24 30 36 15 40 42 28 8 13 20 38 2 22 16 18 34 27 33 14 43 1 41 35 5 45 37 3 17 10 25 19 26 32 39 11 6 12 31 47 46 29 44 23 4 9 21 7 0
0 17 6 30 32 24 16 13 11 7 35 25 47 8 40 28 2 12 42 36 43 34 1 20 45 44 5 22 18 3 38 39 27 15 4 9 21 46 10 14 29 31 33 23 26 41 37 19 0
0 12 14 13 32 19 7 22 10 45 30 44 27 38 23 39 9 42 36 4 35 47 24 8 18 3 1 31 16 2 29 26 25 15 37 33 20 34 43 5 28 21 40 41 17 11 6 46 0
0 40 45 19 5 25 2 33 17 23 11 37 12 36 13 22 32 30 14 4 39 6 7 29 3 26 24 8 31 18 1 38 43 44 28 46 9 10 47 35 16 34 20 27 21 42 41 15 0
0 15 14 3 22 25 5 36 21 46 28 9 12 19 43 32 33 24 30 26 20 35 37 23 16 13 39 6 8 1 7 38 34 29 47 27 4 18 31 45 40 17 2 10 11 41 42 44 0
0 8 35 14 36 42 1 20 11 29 44 24 6 41 27 7 33 28 32 12 3 21 16 5 47 46 45 37 13 40 34 19 2 39 15 23 31 9 43 38 18 30 17 22 26 25 4 10 0
0 5 16 18 23 7 46 2 47 39 45 25 43 11 22 30 31 15 34 28 35 20 40 21 26 9 8 14 6 41 17 38 29 36 42 44 27 24 37 10 4 3 32 13 1 12 19 33 0
0 5 45 30 12 3 17 39 34 4 31 32 28 38 7 11 33 44 36 9 19 35 18 13 20 24 40 1 47 21 37 16 25 29 15 41 2 46 8 42 6 26 22 14 27 23 43 10 0
0 42 1 6 33 10 25 21 9 44 3 29 38 30 19 40 22 18 32 14 46 24 7 17 23 11 35 15 8 26 45 34 13 43 27 36 31 41 2 39 20 16 4 47 5 12 28 37 0
0 41 27 38 10 30 22 43 35 21 15 14 4 29 12 8 36 37 28 26 47 44 45 24 42 19 25 2 34 18 20 5 33 1 40 3 13 46 9 31 17 23 6 7 39 11 32 16 0
0 30 47 35 10 23 45 36 2 28 1 19 14 31 18 46 13 9 7 4 15 11 32 38 25 21 24 34 40 43 12 16 42 44 6 3 37 26 5 17 39 29 33 41 8 22 27 20 0
0 20 1 36 14 45 32 7 22 4 24 41 6 3 11 27 46 38 18 16 9 31 25 37 8 35 39 34 21 43 12 17 44 19 13 28 5 2 42 29 10 23 26 30 40 47 33 15 0
0 47 11 38 23 16 41 6 3 1 4 46 34 19 27 25 8 26 13 44 45 40 7 33 2 18 20 37 12 36 30 24 39 32 28 29 43 31 14 10 35 21 5 42 15 17 22 9 0
0 36 34 17 42 26 35 31 20 23 12 14 19 25 47 13 43 37 30 5 21 1 6 18 3 40 2 4 33 41 7 32 38 27 39 45 28 24 16 15 8 29 10 44 11 22 46 9 0
0 22 33 18 32 10 43 41 37 40 34 11 15 7 2 45 39 4 29 5 36 28 25 30 9 27 1 21 24 42 46 16 14 26 19 6 8 17 44 13 47 38 20 23 12 31 3 35 0
0 10 1 40 21 18 20 2 26 15 14 17 30 19 16 37 42 45 41 46 3 44 9 43 11 5 12 28 22 8 35 23 27 38 7 24 25 4 33 39 32 34 47 36 29 6 13 31 0
0 11 47 36 1 31 4 26 9 33 19 24 38 3 43 10 5 14 12 30 23 28 7 20 8 21 40 37 29 41 39 6 18 15 46 35 22 2 32 17 27 44 42 25 16 13 34 45 0
0 26 7 33 15 24 31 17 36 12 34 43 9 41 18 47 39 30 40 28 37 10 21 46 16 38 6 44 2 23 35 20 11 32 8 22 27 14 4 29 5 1 25 42 3 13 45 19 0
0 45 12 17 30 20 21 16 24 27 6 14 26 18 34 31 1 40 39 3 22 2 35 10 47 37 4 28 5 13 33 23 19 41 36 46 43 32 11 8 42 25 9 29 44 38 7 15 0
0 42 10 24 28 43 20 25 13 37 32 14 18 45 21 36 7 35 39 44 46 19 38 9 1 29 41 23 30 8 22 5 47 17 4 6 27 16 2 31 33 26 12 34 15 11 3 40 0
0 39 33 29 23 47 14 21 5 46 37 11 6 19 10 26 7 40 36 27 28 35 17 16 25 43 2 45 30 32 31 34 9 13 8 22 18 12 41 15 38 20 1 24 42 4 44 3 0
0 46 31 10 34 32 43 33 12 35 21 18 17 1 2 44 16 47 11 7 22 26 41 45 3 39 4 40 9 29 37 23 30 8 27 20 25 19 28 15 6 38 13 24 36 14 42 5 0
0 43 8 40 11 19 25 32 2 30 44 15 34 41 35 45 14 20 3 16 24 42 13 23 46 36 29 1 27 47 4 26 9 17 5 38 18 39 10 31 37 33 21 22 7 12 6 28 0
0 11 2 30 36 34 28 46 21 31 10 1 26 16 7 39 8 41 42 47 14 38 40 25 43 6 27 9 32 23 35 44 29 45 19 20 17 22 18 13 15 3 24 12 37 5 4 33 0
0 5 41 29 19 33 22 20 42 26 40 43 37 3 27 44 30 16 24 46 13 9 17 8 25 21 23 36 10 11 39 14 7 1 2 38 28 45 15 6 35 4 31 34 12 47 18 32 0
0 32 10 29 33 3 5 17 26 31 6 16 47 24 28 30 45 38 39 44 15 40 18 34 43 11 46 35 19 42 1 12 27 41 37 23 4 2 9 36 20 13 22 14 8 21 25 7 0
0 8 13 31 15 18 3 22 46 29 16 45 1 26 14 41 42 21 28 10 4 34 11 24 35 19 12 5 25 27 39 40 7 37 33 20 17 44 36 30 47 6 2 43 23 9 32 38 0
0 13 15 12 3 9 32 40 1 5 20 22 39 8 26 18 34 23 46 45 37 27 29 28 11 31 25 41 19 24 30 16 10 4 17 7 21 35 38 14 44 33 6 47 42 43 36 2 0
0 7 31 46 27 18 2 10 29 43 30 39 9 22 23 16 40 45 34 4 35 41 42 28 26 25 21 38 36 44 20 8 11 32 47 5 33 17 37 6 19 1 24 12 14 13 15 3 0
0 34 21 5 12 26 2 39 35 11 15 28 13 20 27 8 33 46 9 23 47 43 17 25 29 1 3 6 40 4 45 42 18 19 30 31 10 32 24 37 16 7 44 22 38 36 41 14 0
0 39 36 44 27 12 35 32 10 5 29 13 37 40 34 33 25 19 2 30 20 15 31 3 14 42 38 16 41 1 11 43 6 24 17 23 21 26 28 9 45 22 18 7 4 8 46 47 0
0 8 11 2 19 23 35 24 26 30 5 1 32 31 9 6 15 16 25 41 29 36 17 37 45 13 21 39 40 10 46 12 44 27 4 14 22 7 20 3 47 42 43 34 38 28 33 18 0
0 34 45 32 47 1 3 33 27 24 23 14 37 30 41 19 17 39 25 46 4 7 16 12 36 40 13 28 35 31 20 9 11 22 2 44 26 38 15 10 43 5 21 8 29 18 6 42 0
0 31 22 43 25 1 32 26 5 8 29 27 11 10 47 44 33 36 39 37 3 6 4 46 18 9 23 30 7 40 20 42 35 2 34 38 15 28 41 16 19 21 45 12 13 17 14 24 0
0 31 29 30 16 35 39 23 38 8 17 3 4 15 19 34 47 5 46 32 36 41 21 40 22 9 14 26 10 37 33 42 2 11 6 43 7 28 45 12 27 13 44 20 18 1 24 25 0
0 6 37 8 9 1 27 31 26 7 43 21 38 32 2 45 24 16 18 19 17 22 14 46 42 25 29 41 40 4 23 20 35 15 5 34 36 44 47 39 28 30 3 10 13 33 11 12 0
0 23 16 7 38 6 43 44 21 45 22 24 19 17 30 27 4 8 3 18 10 34 29 28 15 13 14 5 35 12 33 11 31 20 26 37 42 41 32 1 36 9 2 46 25 47 40 39 0
0 9 15 5 43 22 24 10 23 19 44 12 27 42 40 37 16 1 34 36 3 28 29 26 17 25 33 45 8 31 7 35 14 4 11 30 21 6 46 32 20 41 47 39 13 18 38 2 0
0 32 20 21 4 47 40 38 31 13 5 8 6 26 28 11 14 33 7 23 45 24 15 34 9 25 22 37 3 27 10 44 41 1 36 46 19 43 39 18 42 30 29 16 35 17 12 2 0
0 36 30 3 26 29 13 41 27 44 22 6 43 7 33 4 34 8 20 10 19 12 9 18 31 37 35 23 1 17 46 39 16 38 45 42 14 2 24 25 15 32 47 40 5 11 28 21 0
0 30 34 41 40 25 18 36 14 44 23 10 8 3 22 33 13 2 29 1 47 24 42 26 7 38 46 15 9 20 21 5 43 39 37 12 6 45 32 27 35 31 19 4 11 16 28 17 0
0 26 11 13 20 40 39 27 46 9 1 4 42 41 28 2 36 12 25 15 10 17 32 19 21 33 45 6 8 30 14 24 18 37 44 47 23 5 31 35 7 3 16 22 43 34 29 38 0
0 41 22 12 38 25 32 23 33 11 31 19 4 20 36 17 8 15 35 24 1 27 18 42 30 3 28 9 46 26 44 40 16 37 29 39 5 47 13 34 7 14 2 45 43 6 21 10 0
0 3 14 29 1 25 13 43 23 4 9 44 39 35 6 31 38 21 42 24 46 17 37 2 20 27 16 19 33 32 47 45 15 34 5 11 7 18 22 12 28 36 10 8 26 30 41 40 0
0 46 29 8 3 23 14 26 47 18 28 12 25 2 32 41 45 40 19 10 21 4 38 39 30 22 34 27 36 33 11 6 24 20 16 7 31 42 1 13 43 5 37 44 9 17 15 35 0
0 6 3 36 25 12 2 22 33 29 37 13 46 38 35 14 34 41 39 18 45 8 1 47 44 4 19 40 21 15 11 26 43 31 27 5 7 28 20 23 10 24 42 32 30 9 17 16 0
0 42 15 29 21 23 6 2 40 32 13 31 4 43 26 18 19 46 39 44 35 14 1 16 36 8 17 33 7 27 37 22 41 10 9 5 20 24 3 45 47 25 30 28 38 34 12 11 0
0 18 15 39 1 23 47 37 14 40 28 26 43 38 44 11 10 46 31 36 33 17 25 3 12 35 24 2 41 6 29 20 19 4 13 22 32 34 30 45 9 42 7 5 21 8 27 16 0
0 2 21 1 46 40 33 23 10 22 16 28 20 11 45 27 18 19 31 13 34 12 39 32 36 4 7 42 8 3 35 14 9 43 17 5 15 24 41 6 38 44 30 29 25 37 47 26 0
0 40 41 6 18 43 32 13 45 39 7 22 30 15 1 33 23 37 16 24 42 26 4 35 9 12 38 14 46 27 44 8 20 21 31 29 11 47 25 19 28 36 34 3 17 2 10 5 0
0 13 4 39 32 24 27 47 26 40 1 10 37 20 5 34 23 7 33 44 14 11 2 42 35 15 22 41 29 30 18 46 9 3 21 43 19 31 25 28 12 17 36 8 45 6 16 38 0
0 19 23 34 38 25 47 8 29 35 26 16 43 3 28 12 45 37 42 14 33 40 44 21 41 22 24 39 6 2 46 20 32 13 31 30 11 7 10 15 1 9 17 5 4 18 36 27 0
0 10 23 15 1 39 35 16 37 24 32 20 2 38 42 28 22 25 34 18 8 5 26 45 13 29 30 40 33 17 4 41 3 43 27 47 31 19 6 11 21 14 9 46 7 12 36 44 0
0 23 47 26 3 36 28 24 19 17 45 5 21 27 38 2 33 4 42 15 16 7 30 1 6 25 18 11 13 39 41 34 9 10 37 35 29 8 31 40 43 20 46 22 44 32 14 12 0
0 24 20 13 32 11 44 37 45 15 30 26 39 33 21 3 4 17 10 41 40 9 46 22 6 5 29 47 19 38 42 43 23 28 35 36 1 16 7 25 18 27 31 2 8 34 14 12 0
0 36 13 45 37 39 42 16 43 8 30 7 25 27 40 2 20 34 6 21 15 38 26 9 46 12 32 10 23 33 47 19 35 1 24 28 17 4 11 22 31 29 3 18 41 44 5 14 0
0 6 42 16 10 37 39 32 27 12 3 38 1 43 15 41 33 46 25 45 26 35 23 11 18 24 14 44 29 47 36 17 9 22 28 19 34 30 21 8 5 13 40 4 20 2 7 31 0
0 35 19 17 30 8 3 5 13 33 29 26 1 11 15 21 2 18 6 27 4 38 25 34 46 28 22 12 16 32 39 7 47 37 43 36 10 45 31 20 24 14 44 41 23 42 9 40 0
0 34 37 44 32 21 17 41 29 5 8 11 9 31 39 6 47 14 1 2 26 25 3 4 12 23 45 38 28 10 30 33 40 13 27 16 24 36 18 7 15 35 19 20 46 43 22 42 0
0 26 25 3 38 16 39 12 14 34 47 37 6 21 13 32 5 30 31 35 9 10 27 23 4 42 36 40 22 2 45 28 33 46 11 18 19 43 7 17 29 41 24 20 44 1 8 15 0
0 42 32 34 6 4 36 12 40 35 17 11 9 39 3 46 23 13 18 8 16 26 21 30 22 47 37 25 43 31 20 41 19 7 2 38 28 5 24 14 45 1 29 15 33 10 27 44 0
0 11 7 23 20 30 5 42 37 47 34 12 19 3 39 26 21 13 32 45 4 24 14 36 29 15 2 41 40 31 22 8 35 28 16 17 1 6 38 46 25 43 33 10 18 27 9 44 0
0 41 42 47 14 8 34 3 44 36 27 24 37 29 28 15 10 26 21 39 20 16 18 23 30 22 5 4 17 13 19 38 25 11 6 32 35 7 40 46 33 45 31 2 1 43 12 9 0
0 30 18 45 28 41 14 11 8 34 1 6 19 15 22 26 16 9 12 13 46 10 44 38 29 2 24 47 20 40 39 4 25 43 35 23 42 33 32 17 27 31 7 3 37 36 21 5 0
0 42 8 15 28 29 47 12 4 1 13 33 3 14 30 16 6 32 26 45 9 5 31 37 17 25 36 10 7 44 43 2 27 20 38 34 46 11 24 40 21 35 18 23 22 39 41 19 0
0 43 35 19 30 27 42 26 5 45 11 37 15 12 9 1 46 32 24 39 17 29 20 36 38 8 2 14 13 41 3 47 40 7 16 33 23 44 22 10 4 18 21 6 25 28 34 31 0
0 13 30 24 19 6 16 22 44 23 33 42 43 1 7 38 28 4 21 9 36 15 40 46 2 34 31 32 14 8 18 5 20 45 17 39 41 47 3 12 37 35 27 25 26 11 29 10 0
0 16 5 46 31 20 33 37 43 6 3 41 8 18 2 24 19 25 22 11 21 28 47 42 29 15 12 36 13 34 45 44 1 23 26 4 32 10 14 30 40 35 9 17 7 39 38 27 0
