# n n_solutions
51 1000
# n x n distance matrix
0 1389 2102 3255 1720 1414 1140 2641 2202 2308 2831 1204 806 2915 1811 2473 2202 1726 1476 3190 3244 3206 2080 2202 2505 2308 2816 800 2996 2912 3087 2983 1000 3400 3178 3940 4393 1811 1581 3828 4220 3047 3132 3465 2500 3132 223 943 1581 2163 2617
1389 0 1236 1920 3106 2220 1676 2282 1166 2420 3401 1208 2088 4186 2692 3601 1860 3067 2758 4579 2088 2692 707 2158 2900 3310 1886 806 1615 2137 3264 1700 608 4295 3061 2731 3106 3041 1878 4304 5603 4420 4494 3417 3765 4204 1392 2332 1236 2640 2420
2102 1236 0 1529 3701 2102 2807 3492 2220 1627 2807 1063 2475 5011 3765 3546 854 3405 3577 5091 1204 1476 1063 3395 4110 4341 2906 1902 1897 905 2376 2332 1140 3911 2000 1910 2441 3190 1456 3544 6152 5044 4801 4648 3894 4026 1972 2941 2473 2102 1389
3255 1920 1529 0 4967 3605 3535 3501 2109 3100 4301 2507 3827 6107 4565 5059 2300 4802 4675 6420 781 2416 1220 3667 4560 5197 2531 2720 948 1708 3748 1581 2280 5433 3228 1004 1208 4651 2983 4949 7465 6303 6226 4700 5371 5554 3201 4186 2846 3622 2729
1720 3106 3701 4967 0 2039 2102 3712 3764 3275 3140 2662 1252 1503 1788 1886 3534 761 761 1476 4891 4494 3801 3125 2863 1769 4257 2416 4701 4390 3801 4623 2690 3052 4159 5597 6081 1264 2657 4052 2500 1345 1603 4085 1486 2483 1769 781 2942 2807 3764
1414 2220 2102 3605 2039 0 2549 4022 3324 1236 1421 1118 921 3535 3046 1456 1627 1476 2319 3190 3275 2505 2707 3612 3883 3395 4016 2059 3712 2545 1824 3911 1612 2088 2121 3966 4527 1131 707 2420 4243 3269 2758 4879 1802 2002 1204 1513 2915 824 1746
1140 1676 2807 3535 2102 2549 0 1649 1802 3401 3969 2184 1802 2720 1029 3443 3157 2473 1456 3492 3764 4130 2325 1118 1392 1664 2184 905 2973 3701 4205 2720 1702 4465 4237 4401 4741 2731 2683 4967 4401 3195 3700 2334 3324 4114 1360 1552 894 3301 3640
2641 2282 3492 3501 3712 4022 1649 0 1403 4609 5403 3330 3401 3984 2158 5069 4134 4123 3000 5015 4031 4965 2570 608 1421 2692 1118 1984 2630 4365 5456 2088 2701 6041 5325 4500 4638 4365 3959 6378 5824 4652 5315 1204 4972 5738 2830 3201 1131 4675 4687
2202 1166 2220 2109 3764 3324 1802 1403 0 3580 4561 2370 3000 4522 2758 4627 2969 3920 3220 5220 2630 3689 1208 1581 2507 3394 721 1403 1300 3041 4420 921 1746 5412 4172 3101 3275 4001 3041 5470 6174 4965 5295 2607 4701 5261 2302 3059 921 3801 3535
2308 2420 1627 3100 3275 1236 3401 4609 3580 0 1204 1280 2102 4767 4100 2334 800 2692 3500 4382 2549 1345 2600 4326 4792 4527 4301 2662 3517 1615 848 3900 1910 2376 900 3162 3764 2282 728 1931 5420 4494 3860 5630 2842 2641 2088 2701 3482 640 565
2831 3401 2807 4301 3140 1421 3969 5403 4561 1204 0 2193 2282 4617 4429 1581 2002 2408 3605 3883 3748 2370 3710 5020 5300 4716 5277 3420 4669 2789 921 5000 2817 1208 1562 4341 4947 1902 1523 1000 4838 4119 3195 6296 2184 1627 2617 2823 4280 761 1676
1204 1208 1063 2507 2662 1118 2184 3330 2370 1280 2193 0 1421 4031 3001 2570 1000 2343 2624 4031 2267 2002 1600 3052 3573 3512 3088 1389 2601 1746 2126 2844 640 3125 2061 2973 3500 2147 670 3106 5093 4000 3744 4356 2863 3114 1019 1923 2202 1431 1456
806 2088 2475 3827 1252 921 1802 3401 3000 2102 2282 1421 0 2692 2147 1676 2284 984 1403 2617 3676 3257 2731 2915 3047 2473 3622 1603 3700 3138 2745 3748 1565 2662 3001 4384 4891 1004 1431 3275 3676 2580 2416 4123 1702 2340 707 600 2376 1746 2549
2915 4186 5011 6107 1503 3535 2720 3984 4522 4767 4617 4031 2692 0 1838 3228 4964 2209 1442 1442 6158 5948 4891 3383 2716 1315 4830 3397 5663 5777 5303 5440 3911 4365 5656 6850 7280 2716 4123 5491 1900 943 2193 3900 2692 3716 3041 2118 3605 4310 5239
1811 2692 3765 4565 1788 3046 1029 2158 2758 4100 4429 3001 2147 1838 0 3538 4001 2420 1029 2901 4775 5000 3354 1552 1077 640 3001 1897 3982 4638 4838 3679 2630 4669 4981 5423 5770 2828 3373 5420 3667 2507 3324 2308 3244 4186 2022 1640 1838 3862 4428
2473 3601 3546 5059 1886 1456 3443 5069 4627 2334 1581 2570 1676 3228 3538 0 2968 1140 2549 2319 4695 3676 4143 4561 4560 3640 5277 3255 5147 3883 2459 5300 3006 1166 3023 5371 5948 721 2102 2302 3257 2601 1615 5714 608 670 2334 1941 4052 1697 2900
2202 1860 854 2300 3534 1627 3157 4134 2969 800 2002 1000 2284 4964 4001 2968 0 3080 3590 4801 1772 1004 1886 3939 4535 4509 3679 2308 2751 921 1523 3176 1486 3157 1204 2416 3008 2758 921 2692 5860 4837 4384 5232 3405 3361 2009 2846 3041 1360 565
1726 3067 3405 4802 761 1476 2473 4123 3920 2692 2408 2343 984 2209 2420 1140 3080 0 1414 1720 4609 3982 3716 3573 3466 2500 4500 2517 4681 3982 3125 4707 2549 2302 3544 5315 5841 509 2163 3298 2780 1802 1431 4652 854 1769 1676 921 3206 2158 3220
1476 2758 3577 4675 761 2319 1456 3000 3220 3500 3605 2624 1403 1442 1029 2549 3590 1414 0 2039 4716 4589 3465 2402 2102 1118 3640 1984 4280 4365 4143 4118 2469 3701 4400 5408 5841 1860 2807 4569 2954 1746 2334 3324 2220 3182 1615 806 2340 3140 3920
3190 4579 5091 6420 1476 3190 3492 5015 5220 4382 3883 4031 2617 1442 2901 2319 4801 1720 2039 0 6293 5693 5269 4410 3931 2570 5675 3891 6177 5700 4712 6092 4140 3313 5200 7000 7507 2102 3883 4604 1063 500 854 5162 1711 2617 3220 2247 4368 3807 4924
3244 2088 1204 781 4891 3275 3764 4031 2630 2549 3748 2267 3676 6158 4775 4695 1772 4609 4716 6293 0 1676 1503 4101 4936 5385 3162 2879 1664 1004 3101 2282 2247 4924 2531 707 1252 4382 2594 4304 7353 6236 6000 5234 5077 5126 3140 4123 3214 3132 2102
3206 2692 1476 2416 4494 2505 4130 4965 3689 1345 2370 2002 3257 5948 5000 3676 1004 3982 4589 5693 1676 0 2500 4838 5491 5514 4360 3255 3140 721 1552 3679 2433 3577 905 2100 2701 3605 1838 2716 6741 5769 5200 6109 4186 3940 3014 3832 3921 1979 781
2080 707 1063 1220 3801 2707 2325 2570 1208 2600 3710 1600 2731 4891 3354 4143 1886 3716 3465 5269 1503 2500 0 2600 3436 3982 1860 1500 1004 1835 3400 1300 1170 4716 3061 2088 2418 3640 2220 4531 6300 5122 5147 3765 4368 4709 2059 3023 1711 2961 2441
2202 2158 3395 3667 3125 3612 1118 608 1581 4326 5020 3052 2915 3383 1552 4561 3939 3573 2402 4410 4101 4838 2600 0 943 2102 1555 1664 2879 4295 5161 2418 2459 5575 5100 4638 4850 3848 3640 6010 5217 4044 4726 1303 4427 5232 2408 2657 921 4318 4472
2505 2900 4110 4560 2863 3883 1392 1421 2507 4792 5300 3573 3047 2716 1077 4560 4535 3466 2102 3931 4936 5491 3436 943 0 1403 2483 2236 3807 5015 5590 3361 3059 5663 5630 5510 5756 3841 4071 6300 4609 3505 4396 1236 4304 5220 2729 2624 1726 4664 5028
2308 3310 4341 5197 1769 3395 1664 2692 3394 4527 4716 3512 2473 1315 640 3640 4509 2500 1118 2570 5385 5514 3982 2102 1403 0 3605 2507 4622 5197 5217 4313 3201 4801 5423 6041 6400 2968 3811 5685 3206 2121 3130 2607 3252 4252 2501 1897 2475 4220 4901
2816 1886 2906 2531 4257 4016 2184 1118 721 4301 5277 3088 3622 4830 3001 5277 3679 4500 3640 5675 3162 4360 1860 1555 2483 3605 0 2022 1603 3689 5140 1004 2459 6103 4879 3535 3601 4627 3758 6191 6578 5375 5830 2236 5308 5922 2942 3605 1315 4517 4244
800 806 1902 2720 2416 2059 905 1984 1403 2662 3420 1389 1603 3397 1897 3255 2308 2517 1984 3891 2879 3255 1500 1664 2236 2507 2022 0 2302 2800 3500 2213 824 4123 3443 3534 3911 2607 1984 4393 4887 3689 3905 2968 3300 3905 921 1676 860 2690 2823
2996 1615 1897 948 4701 3712 2973 2630 1300 3517 4669 2601 3700 5663 3982 5147 2751 4681 4280 6177 1664 3140 1004 2879 3807 4622 1603 2302 0 2420 4272 632 2158 5707 3847 1941 2009 4632 3206 5440 7186 5990 6109 3811 5360 5714 3008 3935 2163 3931 3269
2912 2137 905 1708 4390 2545 3701 4365 3041 1615 2789 1746 3138 5777 4638 3883 921 3982 4365 5700 1004 721 1835 4295 5015 5197 3689 2800 2420 0 2100 2969 2009 3984 1529 1552 2158 3676 1838 3301 6762 5714 5303 5536 4327 4248 2751 3667 3373 2236 1118
3087 3264 2376 3748 3801 1824 4205 5456 4420 848 921 2126 2745 5303 4838 2459 1523 3125 4143 4712 3101 1552 3400 5161 5590 5217 5140 3500 4272 2100 0 4695 2758 2080 670 3622 4229 2647 1526 1204 5700 4903 4071 6463 3046 2549 2863 3337 4327 1004 1019
2983 1700 2332 1581 4623 3911 2720 2088 921 3900 5000 2844 3748 5440 3679 5300 3176 4707 4118 6092 2282 3679 1300 2418 3361 4313 1004 2213 632 2969 4695 0 2302 5968 4326 2570 2600 4726 3492 5830 7066 5859 6113 3238 5445 5903 3041 3889 1843 4244 3721
1000 608 1140 2280 2690 1612 1702 2701 1746 1910 2817 640 1565 3911 2630 3006 1486 2549 2469 4140 2247 2433 1170 2459 3059 3201 2459 824 2158 2009 2758 2302 0 3687 2641 2941 3397 2473 1303 3744 5185 4031 3981 3758 3201 3601 921 1910 1581 2059 2012
3400 4295 3911 5433 3052 2088 4465 6041 5412 2376 1208 3125 2662 4365 4669 1166 3157 2302 3701 3313 4924 3577 4716 5575 5663 4801 6103 4123 5707 3984 2080 5968 3687 0 2745 5536 6140 1843 2501 1392 4119 3667 2500 6780 1676 700 3220 3041 4965 1811 2879
3178 3061 2000 3228 4159 2121 4237 5325 4172 900 1562 2061 3001 5656 4981 3023 1204 3544 4400 5200 2531 905 3061 5100 5630 5423 4879 3443 3847 1529 670 4326 2641 2745 0 3001 3605 3101 1612 1811 6216 5345 4614 6400 3584 3182 2961 3601 4219 1392 640
3940 2731 1910 1004 5597 3966 4401 4500 3101 3162 4341 2973 4384 6850 5423 5371 2416 5315 5408 7000 707 2100 2088 4638 5510 6041 3535 3534 1941 1552 3622 2570 2941 5536 3001 0 608 5080 3275 4809 8061 6942 6700 5700 5768 5777 3841 4827 3785 3769 2668
4393 3106 2441 1208 6081 4527 4741 4638 3275 3764 4947 3500 4891 7280 5770 5948 3008 5841 5841 7507 1252 2701 2418 4850 5756 6400 3601 3911 2009 2158 4229 2600 3397 6140 3605 608 0 5630 3847 5414 8563 7424 7242 5821 6328 6369 4313 5303 4049 4365 3275
1811 3041 3190 4651 1264 1131 2731 4365 4001 2282 1902 2147 1004 2716 2828 721 2758 509 1860 2102 4382 3605 3640 3848 3841 2968 4627 2607 4632 3676 2647 4726 2473 1843 3101 5080 5630 0 1838 2789 3138 2256 1627 4992 728 1389 1700 1220 3373 1708 2830
1581 1878 1456 2983 2657 707 2683 3959 3041 728 1523 670 1431 4123 3373 2102 921 2163 2807 3883 2594 1838 2220 3640 4071 3811 3758 1984 3206 1838 1526 3492 1303 2501 1612 3275 3847 1838 0 2441 4940 3935 3465 4940 2500 2570 1360 2022 2828 761 1118
3828 4304 3544 4949 4052 2420 4967 6378 5470 1931 1000 3106 3275 5491 5420 2302 2692 3298 4569 4604 4304 2716 4531 6010 6300 5685 6191 4393 5440 3301 1204 5830 3744 1392 1811 4809 5414 2789 2441 0 5474 4904 3832 7291 2900 2061 3612 3801 5249 1702 2220
4220 5603 6152 7465 2500 4243 4401 5824 6174 5420 4838 5093 3676 1900 3667 3257 5860 2780 2954 1063 7353 6741 6300 5217 4609 3206 6578 4887 7186 6762 5700 7066 5185 4119 6216 8061 8563 3138 4940 5474 0 1208 1649 5800 2657 3423 4263 3280 5292 4830 5968
3047 4420 5044 6303 1345 3269 3195 4652 4965 4494 4119 4000 2580 943 2507 2601 4837 1802 1746 500 6236 5769 5122 4044 3505 2121 5375 3689 5990 5714 4903 5859 4031 3667 5345 6942 7424 2256 3935 4904 1208 0 1303 4726 2009 2983 3111 2121 4085 3956 5015
3132 4494 4801 6226 1603 2758 3700 5315 5295 3860 3195 3744 2416 2193 3324 1615 4384 1431 2334 854 6000 5200 5147 4726 4396 3130 5830 3905 6109 5303 4071 6113 3981 2500 4614 6700 7242 1627 3465 3832 1649 1303 0 5632 1029 1800 3101 2236 4517 3244 4420
3465 3417 4648 4700 4085 4879 2334 1204 2607 5630 6296 4356 4123 3900 2308 5714 5232 4652 3324 5162 5234 6109 3765 1303 1236 2607 2236 2968 3811 5536 6463 3238 3758 6780 6400 5700 5821 4992 4940 7291 5800 4726 5632 0 5500 6381 3679 3773 2193 5608 5770
2500 3765 3894 5371 1486 1802 3324 4972 4701 2842 2184 2863 1702 2692 3244 608 3405 854 2220 1711 5077 4186 4368 4427 4304 3252 5308 3300 5360 4327 3046 5445 3201 1676 3584 5768 6328 728 2500 2900 2657 2009 1029 5500 0 1029 2408 1772 4031 2220 3405
3132 4204 4026 5554 2483 2002 4114 5738 5261 2641 1627 3114 2340 3716 4186 670 3361 1769 3182 2617 5126 3940 4709 5232 5220 4252 5922 3905 5714 4248 2549 5903 3601 700 3182 5777 6369 1389 2570 2061 3423 2983 1800 6381 1029 0 2983 2607 4712 2012 3190
223 1392 1972 3201 1769 1204 1360 2830 2302 2088 2617 1019 707 3041 2022 2334 2009 1676 1615 3220 3140 3014 2059 2408 2729 2501 2942 921 3008 2751 2863 3041 921 3220 2961 3841 4313 1700 1360 3612 4263 3111 3101 3679 2408 2983 0 989 1746 1941 2408
943 2332 2941 4186 781 1513 1552 3201 3059 2701 2823 1923 600 2118 1640 1941 2846 921 806 2247 4123 3832 3023 2657 2624 1897 3605 1676 3935 3667 3337 3889 1910 3041 3601 4827 5303 1220 2022 3801 3280 2121 2236 3773 1772 2607 989 0 2300 2334 3140
1581 1236 2473 2846 2942 2915 894 1131 921 3482 4280 2202 2376 3605 1838 4052 3041 3206 2340 4368 3214 3921 1711 921 1726 2475 1315 860 2163 3373 4327 1843 1581 4965 4219 3785 4049 3373 2828 5249 5292 4085 4517 2193 4031 4712 1746 2300 0 3546 3584
2163 2640 2102 3622 2807 824 3301 4675 3801 640 761 1431 1746 4310 3862 1697 1360 2158 3140 3807 3132 1979 2961 4318 4664 4220 4517 2690 3931 2236 1004 4244 2059 1811 1392 3769 4365 1708 761 1702 4830 3956 3244 5608 2220 2012 1941 2334 3546 0 1204
2617 2420 1389 2729 3764 1746 3640 4687 3535 565 1676 1456 2549 5239 4428 2900 565 3220 3920 4924 2102 781 2441 4472 5028 4901 4244 2823 3269 1118 1019 3721 2012 2879 640 2668 3275 2830 1118 2220 5968 5015 4420 5770 3405 3190 2408 3140 3584 1204 0
# set of given starting solutions
0 39 20 11 28 7 46 25 40 38 43 22 45 26 6 50 3 10 23 27 30 5 21 35 42 15 9 48 33 2 18 37 14 24 17 41 29 12 19 31 49 44 36 1 13 8 47 16 4 32 34 0
0 21 19 33 26 4 29 39 13 49 50 3 23 47 12 7 14 17 36 15 48 8 27 9 46 43 31 35 18 28 11 41 37 22 16 44 25 24 42 5 34 38 2 32 45 30 1 10 6 40 20 0
0 34 13 22 19 9 47 23 28 37 11 2 26 16 17 41 36 45 32 31 40 7 44 35 21 18 42 12 3 15 14 25 50 10 29 8 46 1 4 24 38 49 33 30 43 6 48 5 20 39 27 0
0 6 40 1 13 32 38 49 11 24 29 34 43 41 17 31 8 33 36 30 39 21 37 3 50 14 22 42 45 16 23 7 10 48 27 46 9 20 19 25 15 44 2 47 26 12 28 4 18 35 5 0
0 42 15 8 11 44 18 33 7 1 29 13 21 23 28 39 36 27 14 34 24 20 6 40 12 26 10 48 19 38 41 32 35 43 17 2 3 5 37 9 25 30 47 16 45 22 4 31 49 46 50 0
0 35 14 11 36 17 10 32 43 15 9 8 27 16 18 26 37 19 34 38 13 29 47 24 12 5 22 21 39 1 50 42 45 2 31 48 30 25 7 46 44 20 6 41 40 28 4 33 3 23 49 0
0 1 11 9 5 31 4 23 27 49 10 3 6 34 21 7 45 44 48 22 38 17 20 13 40 12 33 47 15 24 36 28 2 26 30 8 43 37 46 25 35 32 39 16 14 19 18 41 29 42 50 0
0 50 25 19 18 3 4 35 7 16 5 40 28 23 10 39 17 36 8 2 26 29 49 44 27 43 1 48 11 12 13 6 33 32 38 14 15 46 21 45 22 31 20 41 24 9 37 47 34 30 42 0
0 17 3 38 10 26 43 28 41 42 21 39 36 32 46 27 16 50 47 8 23 24 1 9 12 11 34 33 15 7 4 49 6 37 44 5 14 19 45 20 48 40 25 18 31 35 2 30 22 13 29 0
0 41 44 19 12 3 13 11 31 7 34 1 9 50 22 10 47 48 24 15 16 45 21 32 18 36 49 30 27 29 38 2 43 35 8 5 37 46 20 42 17 40 39 6 4 28 23 25 33 26 14 0
0 7 34 19 35 6 26 30 42 15 29 31 18 41 49 5 37 32 47 25 13 38 48 33 36 12 3 24 50 44 22 1 40 43 4 45 9 39 28 46 20 10 27 23 16 17 8 2 14 11 21 0
0 43 13 26 27 40 32 38 22 50 37 42 15 19 21 36 2 34 29 33 46 11 31 3 44 35 25 49 24 5 12 1 6 23 39 28 4 18 20 9 16 7 10 8 41 17 45 14 48 30 47 0
0 17 23 48 38 21 7 44 50 46 24 26 16 13 3 22 28 42 25 14 45 31 10 4 5 12 47 11 49 36 18 34 43 37 6 1 30 27 39 15 40 20 33 9 2 35 29 32 19 8 41 0
0 40 36 14 47 7 3 37 32 27 1 13 4 17 24 43 22 49 28 10 23 2 16 25 21 38 35 19 45 39 18 15 34 48 12 50 33 29 46 31 8 11 30 9 26 41 44 6 5 20 42 0
0 19 13 50 22 11 35 18 45 37 9 4 30 7 23 17 44 41 31 48 12 25 8 39 5 24 15 29 27 38 47 1 14 42 33 46 16 21 6 32 26 49 10 28 2 3 40 34 20 36 43 0
0 12 24 3 15 7 33 40 27 4 49 9 43 14 6 37 10 11 8 20 34 18 31 35 13 29 23 38 16 28 39 25 50 32 22 46 26 48 41 36 19 5 47 42 44 45 17 1 2 30 21 0
0 8 43 17 18 41 12 15 5 11 22 20 23 47 48 34 42 38 21 32 31 25 30 49 26 13 40 36 27 33 35 2 44 16 1 3 37 4 45 6 39 9 14 7 50 29 10 24 46 19 28 0
0 21 19 47 1 46 2 32 28 40 16 45 49 3 26 35 41 48 23 37 31 11 12 36 15 13 44 20 14 7 22 18 25 34 33 39 6 5 38 10 42 4 43 9 17 29 50 8 30 24 27 0
0 20 24 21 7 22 36 10 30 26 49 32 23 45 6 15 37 42 8 1 34 25 29 3 41 16 17 46 12 2 48 35 5 43 18 19 14 47 33 11 27 40 38 31 44 28 9 50 4 13 39 0
0 36 25 24 30 5 39 37 22 41 26 27 18 43 13 45 6 46 7 1 21 44 47 48 12 15 11 3 34 23 32 38 17 2 42 4 50 28 29 9 20 19 8 31 14 35 49 40 10 33 16 0
0 42 50 41 39 19 2 4 5 31 23 14 34 32 44 26 18 8 3 21 40 35 20 6 10 47 22 48 30 45 7 27 1 43 15 17 37 25 33 29 9 12 49 28 11 24 16 46 36 13 38 0
0 27 26 36 21 38 35 2 9 49 41 20 30 29 14 23 34 3 16 11 40 5 10 18 46 50 6 39 43 42 25 13 7 47 33 28 32 24 37 4 12 45 48 1 19 22 44 31 15 17 8 0
0 46 23 24 32 1 9 31 7 48 37 35 20 34 36 4 17 39 40 10 41 22 42 26 14 2 11 27 13 19 28 6 5 18 12 38 44 47 21 25 33 49 50 3 8 29 43 30 45 16 15 0
0 25 17 23 4 5 7 28 47 9 20 38 44 2 45 13 46 12 48 29 34 49 15 31 18 33 10 8 39 11 16 42 26 22 19 50 41 37 36 24 6 32 21 1 40 43 27 35 3 14 30 0
0 30 43 9 4 47 6 40 29 16 42 45 26 24 31 35 34 23 21 3 11 2 46 15 27 18 50 37 41 38 7 5 8 49 17 48 19 13 32 44 22 36 10 1 14 12 25 39 33 28 20 0
0 32 48 10 5 1 9 49 50 24 12 31 44 4 40 36 15 27 7 35 22 30 29 39 45 28 41 34 11 13 23 18 6 25 26 2 14 20 38 42 47 33 37 46 43 19 16 17 21 8 3 0
0 19 24 35 33 40 18 47 7 8 23 17 43 22 34 39 15 21 2 38 27 30 41 31 20 3 48 14 9 45 4 13 36 49 42 16 25 37 50 28 12 32 44 10 5 1 26 46 11 6 29 0
0 18 17 39 20 23 25 37 45 40 5 41 13 6 9 26 8 11 3 48 7 38 1 42 16 47 19 15 35 50 28 46 33 30 36 32 14 4 21 24 10 2 43 34 22 44 29 12 49 27 31 0
0 36 1 31 34 48 29 41 30 46 49 24 10 6 26 35 9 11 19 38 8 43 25 2 47 16 50 39 27 22 21 44 5 7 28 42 40 45 3 32 37 23 20 18 12 13 14 17 15 4 33 0
0 20 40 35 22 50 29 30 12 48 21 3 19 42 10 31 14 11 43 38 49 17 5 39 24 8 46 1 36 44 47 13 34 15 4 26 7 6 16 18 27 33 28 2 23 32 37 41 25 45 9 0
0 5 13 32 3 2 22 10 41 4 34 46 23 8 30 45 44 39 40 19 33 49 1 50 12 18 20 27 15 26 16 35 29 36 38 43 17 37 31 11 7 47 42 24 28 21 25 9 14 48 6 0
0 37 14 11 6 8 13 2 19 30 47 27 25 40 32 22 38 39 41 43 4 29 7 12 49 35 17 23 24 42 45 36 46 3 10 9 34 5 26 48 1 20 50 15 33 16 28 18 31 44 21 0
0 38 41 47 28 25 8 9 48 18 17 7 10 49 36 46 42 21 19 3 4 12 43 22 5 26 30 14 24 44 35 20 37 13 50 39 40 6 15 11 16 23 45 33 31 34 29 27 1 32 2 0
0 49 38 47 48 36 4 18 24 17 3 29 8 23 33 50 41 6 2 1 28 15 5 43 27 19 26 22 40 31 13 46 32 20 25 11 7 30 9 37 42 44 21 34 39 14 35 45 12 16 10 0
0 34 26 5 17 32 8 39 40 20 37 10 44 18 27 42 22 28 33 43 38 2 50 45 4 29 7 41 23 24 13 47 21 9 12 25 6 11 19 14 16 49 35 36 1 46 48 31 30 15 3 0
0 22 16 35 48 41 18 2 26 14 34 31 49 50 39 17 10 1 36 47 19 23 20 28 7 37 25 8 45 6 43 42 32 24 46 21 38 12 15 3 33 44 9 27 30 40 11 13 4 29 5 0
0 21 19 41 35 44 48 39 16 45 23 46 22 29 50 47 12 40 3 25 18 26 24 20 2 13 36 28 32 30 1 42 4 11 43 15 9 5 34 6 38 10 8 27 31 37 7 33 49 17 14 0
0 15 24 46 42 34 49 43 38 33 3 47 2 41 4 19 7 11 26 13 25 8 37 27 35 18 6 39 5 30 9 44 45 32 21 29 36 16 50 48 1 22 14 17 31 40 20 28 12 23 10 0
0 14 48 37 9 50 35 28 20 27 47 19 1 24 7 49 46 22 40 29 17 39 36 16 31 6 25 13 3 43 11 30 15 8 44 45 38 26 41 32 10 2 12 21 23 4 42 34 33 18 5 0
0 47 16 2 9 44 23 25 27 14 38 12 40 11 24 18 7 21 28 42 48 19 17 30 33 10 46 49 43 36 5 29 32 41 50 26 13 31 37 34 45 6 35 1 39 3 4 8 22 20 15 0
0 24 23 17 41 11 1 2 37 42 30 39 46 6 18 33 32 25 19 22 14 38 8 31 3 47 49 50 21 15 16 35 44 40 20 28 7 5 12 9 27 29 34 10 43 13 45 26 48 36 4 0
0 43 11 12 6 16 24 27 39 19 7 28 2 40 42 4 45 50 21 47 10 33 32 8 18 31 26 5 44 38 22 3 1 17 36 41 37 48 14 15 49 23 34 29 9 46 20 13 35 30 25 0
0 46 38 14 49 5 45 24 22 42 18 30 40 16 6 32 37 50 47 33 7 27 41 21 44 4 48 13 15 34 12 26 28 19 35 43 39 9 10 1 3 8 20 25 2 29 31 11 36 17 23 0
0 6 21 18 10 26 48 33 39 30 29 35 24 9 16 31 11 19 15 20 38 34 36 42 45 50 3 49 17 44 14 46 27 37 40 7 43 4 32 41 12 47 5 2 8 13 28 23 22 1 25 0
0 13 24 35 42 50 36 2 40 7 29 8 33 5 3 21 14 27 31 12 9 10 46 25 37 11 48 30 43 16 19 4 44 39 47 17 41 28 23 49 34 20 6 45 15 38 26 22 18 1 32 0
0 7 43 33 20 3 48 30 23 8 22 26 42 49 16 14 12 38 5 41 13 18 15 40 47 9 27 50 28 19 34 10 11 1 46 37 2 24 29 21 36 17 44 31 39 45 32 6 4 35 25 0
0 34 50 13 23 21 47 49 6 24 22 16 31 3 18 29 40 46 28 44 32 27 14 35 2 1 9 37 30 15 12 39 5 10 20 41 19 45 38 26 43 11 33 17 36 48 7 25 42 8 4 0
0 25 17 4 20 24 36 40 28 3 41 23 34 49 44 31 39 18 38 46 1 5 14 43 26 22 32 45 42 33 11 29 48 19 47 30 37 8 7 12 16 15 10 6 27 50 21 9 13 2 35 0
0 23 25 3 29 31 39 9 19 37 49 10 28 45 35 30 34 46 40 13 42 2 50 20 16 33 43 17 15 8 7 1 18 41 44 26 6 11 12 47 48 32 38 22 24 4 14 21 5 27 36 0
0 8 1 21 2 19 27 46 45 23 31 5 30 41 47 18 12 35 25 37 33 42 38 9 6 29 24 39 17 15 20 43 48 22 14 3 50 4 13 11 10 7 32 40 28 36 44 26 16 49 34 0
0 10 40 33 8 39 38 34 43 25 12 24 30 37 18 23 17 35 7 5 15 1 9 42 19 32 4 13 46 22 45 26 50 14 49 3 21 41 11 16 36 44 6 2 48 28 27 47 29 20 31 0
0 13 33 22 23 45 9 19 26 27 28 25 8 2 11 48 4 38 14 47 40 35 17 41 34 5 3 20 7 39 1 18 30 12 6 24 50 31 42 44 16 15 10 37 21 43 49 36 29 46 32 0
0 30 4 29 34 20 16 26 47 2 23 36 40 33 46 49 28 43 37 21 48 8 22 42 3 18 32 9 13 5 1 38 45 50 6 15 41 7 19 10 14 35 24 27 25 39 11 44 12 17 31 0
0 37 20 12 22 17 31 16 21 11 45 10 44 27 38 14 15 9 33 35 46 28 18 2 41 4 43 40 3 34 29 13 30 23 47 5 1 32 8 36 48 50 26 7 6 19 25 39 24 42 49 0
0 41 26 36 14 12 48 2 42 43 19 15 10 49 6 40 8 34 25 18 46 17 1 35 20 7 21 3 39 47 44 27 9 37 16 30 11 50 24 5 22 32 45 13 28 38 29 23 33 4 31 0
0 37 40 31 38 18 43 13 21 50 25 11 9 23 3 29 41 10 49 8 12 16 47 14 30 44 48 46 26 35 24 17 6 22 15 19 7 28 32 42 39 27 20 5 34 1 45 36 33 2 4 0
0 29 3 8 11 39 31 48 16 14 41 9 23 25 19 46 32 10 28 38 36 18 40 49 45 15 33 35 24 47 6 34 43 7 2 26 27 13 4 30 22 5 37 21 44 17 42 12 1 50 20 0
0 13 35 4 42 18 21 40 19 27 5 38 11 47 12 32 39 48 1 29 26 31 6 8 44 20 43 2 24 15 7 25 14 41 30 23 49 34 36 9 28 37 17 33 10 22 3 16 45 50 46 0
0 19 23 8 25 45 22 17 42 14 15 11 38 26 36 47 12 5 44 30 29 24 10 7 50 48 16 31 3 37 46 6 9 32 49 35 2 34 4 13 27 41 18 1 20 21 40 28 33 39 43 0
0 21 28 47 49 16 9 6 42 25 43 19 3 1 13 24 33 35 4 38 41 40 27 34 2 18 48 22 15 45 46 36 20 31 11 26 7 14 30 17 5 12 44 37 50 10 8 39 32 23 29 0
0 33 31 32 21 4 6 50 40 37 17 38 10 5 42 20 43 1 26 39 16 14 27 48 22 45 18 12 3 28 11 2 29 36 47 15 13 46 25 44 34 8 7 49 19 35 23 30 9 41 24 0
0 40 21 17 39 5 35 46 13 29 22 4 42 31 2 7 36 41 1 10 45 44 24 9 6 28 38 32 27 25 50 11 19 48 8 15 16 3 30 26 49 47 33 20 34 23 12 37 14 43 18 0
0 34 45 41 28 4 44 43 38 32 3 16 7 21 20 25 11 48 24 15 29 23 17 18 13 8 33 9 50 19 2 27 31 26 12 35 14 1 6 47 37 39 40 22 10 42 46 36 30 49 5 0
0 31 15 29 24 42 30 20 1 47 28 32 50 5 16 49 46 35 4 17 13 7 3 21 48 27 9 8 10 45 25 26 23 44 39 2 19 12 6 18 36 22 40 37 43 14 38 11 33 41 34 0
0 5 6 8 10 16 34 22 27 43 24 1 9 44 17 45 31 39 48 12 49 21 23 36 26 41 42 7 2 33 4 28 30 15 50 47 14 38 29 25 13 20 3 40 46 32 35 18 11 19 37 0
0 7 49 45 3 23 32 12 22 35 14 41 6 10 44 42 28 2 21 27 36 24 4 47 1 18 37 20 9 19 16 8 34 40 48 26 5 15 17 38 25 31 33 46 30 50 39 11 13 43 29 0
0 2 31 7 47 16 35 19 22 43 33 29 24 30 45 28 25 11 23 3 26 4 5 27 9 20 41 39 40 50 36 1 34 13 14 46 18 17 15 49 38 10 6 42 8 12 21 48 44 32 37 0
0 8 14 12 29 6 25 21 10 1 37 20 5 18 3 48 35 33 4 50 36 46 30 31 19 23 42 11 15 39 32 24 38 40 34 45 49 28 2 26 43 41 47 44 16 7 13 9 17 27 22 0
0 48 31 7 42 32 20 13 3 17 45 22 37 47 41 19 40 28 4 12 10 14 34 24 16 35 46 11 44 33 8 49 36 30 9 43 6 39 25 50 38 29 5 26 1 21 27 23 15 2 18 0
0 32 42 14 8 45 2 17 10 11 7 24 27 43 35 44 48 46 5 47 21 1 36 26 16 40 37 41 34 25 15 39 30 28 38 4 31 18 12 29 6 19 13 20 9 33 23 3 49 22 50 0
0 34 3 27 23 45 16 25 12 46 29 43 35 20 17 50 8 40 11 14 2 7 5 32 21 4 10 19 49 26 44 48 36 18 42 31 1 13 24 30 41 47 38 15 9 39 6 22 37 33 28 0
0 23 24 41 18 38 36 32 50 20 45 11 46 1 28 34 9 6 8 30 4 42 49 29 33 14 19 37 35 21 5 22 26 15 47 44 13 16 40 43 48 17 31 27 25 2 7 10 12 39 3 0
0 15 44 31 42 6 28 36 35 38 37 45 29 7 4 19 43 48 26 47 18 9 11 24 16 27 23 17 14 21 3 50 34 25 12 8 49 39 10 40 13 41 46 1 33 32 20 30 5 2 22 0
0 25 26 24 15 44 29 48 19 30 6 43 16 1 28 31 47 33 2 37 5 10 11 46 49 32 21 39 9 27 45 20 42 38 35 7 22 18 4 41 23 34 13 14 17 36 8 12 3 50 40 0
0 21 10 46 34 24 29 12 48 25 40 11 39 49 32 4 42 17 44 20 18 31 23 38 45 36 19 27 3 30 7 8 15 35 22 9 43 50 41 33 26 14 5 16 1 28 2 6 13 47 37 0
0 40 33 39 30 42 21 4 19 3 36 35 46 38 11 48 6 49 45 15 31 9 1 14 13 24 22 16 47 17 44 18 41 8 28 7 43 34 29 10 5 37 2 20 27 23 12 25 32 50 26 0
0 29 7 32 3 25 17 8 22 9 49 5 26 1 16 41 18 39 10 30 2 4 14 11 45 50 42 27 19 36 34 37 20 13 38 43 33 48 35 15 46 44 6 31 12 21 47 23 40 28 24 0
0 21 4 7 36 23 5 50 28 19 16 13 49 27 31 44 24 11 12 15 47 17 39 6 45 43 2 1 46 20 33 9 34 32 26 30 14 42 8 35 41 48 22 29 3 25 38 40 18 37 10 0
0 13 19 12 46 15 40 34 50 27 16 36 22 49 1 7 5 47 2 41 39 20 14 11 30 4 29 3 26 48 17 37 33 25 43 10 18 9 42 8 35 6 21 24 45 28 32 23 44 31 38 0
0 18 26 2 37 47 8 23 29 7 16 36 11 35 42 30 9 20 31 19 22 10 4 24 39 21 6 44 28 33 48 27 45 12 34 50 46 17 5 49 25 32 1 40 38 13 41 15 14 43 3 0
0 18 31 41 37 32 19 27 30 20 11 10 44 24 21 48 4 25 22 12 34 16 28 13 49 3 15 39 7 46 38 36 8 29 14 9 45 26 43 6 1 5 40 42 2 47 33 50 17 23 35 0
0 25 46 49 33 21 31 27 26 41 47 6 28 38 20 42 44 22 50 34 17 35 12 3 18 23 32 11 24 19 8 30 15 43 2 13 5 48 40 1 29 36 39 4 37 14 45 7 10 9 16 0
0 19 37 16 31 3 29 44 46 25 50 9 43 28 17 39 14 18 45 24 21 42 12 27 6 38 2 41 8 34 22 13 47 26 40 35 11 7 4 23 30 15 1 20 33 48 36 32 10 5 49 0
0 48 39 42 2 44 6 36 35 24 20 32 31 15 28 46 16 21 17 34 49 14 37 25 45 12 23 8 27 47 22 40 3 18 26 1 5 50 13 33 10 30 41 11 43 29 38 7 19 4 9 0
0 18 36 33 42 31 14 47 26 23 11 21 28 46 20 48 38 40 7 5 10 50 34 44 2 9 25 19 29 12 1 6 17 15 4 45 16 8 35 37 32 13 24 30 39 41 3 43 22 49 27 0
0 27 45 7 24 15 48 29 9 20 41 13 23 12 46 36 37 3 25 44 33 17 35 34 42 49 21 39 16 2 31 32 38 43 11 6 50 19 14 26 10 18 40 28 22 47 1 8 4 5 30 0
0 2 4 27 37 3 36 24 15 25 38 34 30 16 47 33 8 17 48 39 14 43 41 7 10 32 21 18 5 19 42 26 50 49 46 11 40 28 1 6 45 22 20 35 23 31 29 9 12 44 13 0
0 35 41 22 42 26 31 47 11 37 6 4 18 13 46 17 25 14 8 38 20 30 28 15 44 5 19 49 9 45 36 1 33 27 34 24 43 10 16 7 23 21 48 40 39 32 2 29 50 3 12 0
0 37 24 23 31 12 45 34 17 21 5 18 15 33 47 10 36 1 20 39 14 6 22 32 2 30 50 46 40 4 29 13 38 35 43 3 25 11 49 28 41 42 19 26 27 9 8 48 44 7 16 0
0 3 38 34 31 10 42 21 48 33 17 8 43 4 15 1 30 14 27 22 44 11 49 13 20 12 36 2 45 24 37 46 40 39 47 26 25 32 5 19 16 29 18 28 9 6 35 7 41 50 23 0
0 40 30 22 3 12 39 50 35 13 29 23 42 21 37 6 38 8 49 2 1 15 4 17 31 9 46 34 18 7 48 14 25 11 27 45 26 43 32 33 36 28 19 44 10 24 41 47 5 20 16 0
0 16 22 6 50 37 45 28 20 4 29 30 32 10 38 13 25 33 41 35 7 47 34 24 8 14 43 1 21 2 17 44 31 18 48 5 49 12 3 46 15 39 11 23 27 36 42 40 19 26 9 0
0 36 37 35 32 44 16 3 13 2 45 47 42 9 21 25 41 40 6 33 27 19 34 4 20 50 24 28 43 8 18 29 46 30 14 5 23 22 48 38 49 31 7 12 26 10 11 1 17 15 39 0
0 48 9 19 17 14 3 31 46 28 39 44 15 49 21 32 25 26 12 8 7 38 40 20 18 34 13 30 29 45 1 27 10 16 33 22 23 47 35 50 11 24 37 4 36 42 43 5 41 6 2 0
0 29 39 18 50 24 36 10 5 35 31 16 46 26 41 34 30 15 14 32 47 19 13 8 9 22 49 33 23 4 27 2 12 20 3 37 40 17 45 38 43 42 28 48 25 21 11 7 6 44 1 0
0 2 14 21 22 46 18 15 26 42 47 41 16 4 30 45 37 12 48 44 33 5 7 1 39 50 19 17 23 25 13 34 40 20 6 32 8 3 43 36 49 29 24 10 11 38 27 31 9 28 35 0
0 38 34 13 5 7 8 35 32 25 50 11 6 19 23 21 46 43 41 33 45 10 14 20 3 12 48 49 42 17 29 15 37 1 36 22 27 40 16 24 9 31 30 44 28 26 39 4 47 2 18 0
0 37 7 1 4 29 9 12 50 39 3 30 22 45 2 6 36 14 17 15 8 26 41 42 27 43 21 23 48 40 16 32 28 10 46 44 31 13 47 34 38 11 25 5 18 35 24 33 19 49 20 0
0 17 38 22 47 35 42 23 5 25 2 50 15 46 33 13 12 10 26 49 3 29 30 31 40 32 36 37 4 8 19 34 45 14 21 28 39 9 6 41 11 7 1 48 18 24 43 16 27 20 44 0
0 49 19 37 46 9 12 5 24 38 10 28 4 32 7 17 2 30 42 15 22 40 6 3 23 26 16 50 33 25 48 43 21 14 13 47 44 31 41 27 34 8 39 20 18 29 11 45 1 35 36 0
0 15 14 36 38 22 17 7 26 2 8 5 12 41 30 33 46 37 10 23 19 45 25 35 20 27 39 50 18 1 3 40 21 48 32 6 4 13 11 43 24 34 47 44 31 49 16 28 29 42 9 0
0 28 15 24 1 22 49 9 36 46 10 4 31 14 23 16 21 18 40 5 45 47 48 44 43 32 30 3 42 17 19 7 6 29 25 35 11 41 27 13 8 37 38 34 33 26 12 2 50 20 39 0
0 35 34 32 29 37 14 8 3 6 45 30 12 9 43 44 28 4 7 5 20 18 21 2 26 46 19 1 10 42 13 16 48 15 36 47 33 11 39 38 17 50 25 27 31 22 24 41 49 23 40 0
0 50 10 17 19 8 27 9 12 37 36 22 49 1 16 26 14 48 38 33 43 3 15 13 25 45 39 31 24 20 7 11 40 47 28 35 5 32 41 2 6 30 34 23 46 42 29 21 44 4 18 0
0 36 18 30 46 29 25 28 27 19 7 11 6 39 37 3 10 16 22 9 12 34 45 24 31 13 14 44 23 5 20 33 50 15 1 48 4 35 32 21 40 49 8 26 2 41 42 43 47 38 17 0
0 40 18 2 12 34 14 31 33 29 42 44 7 21 45 35 48 19 49 16 5 3 26 9 13 39 32 43 10 4 50 30 37 6 20 22 15 36 28 47 11 38 41 23 46 8 17 25 24 1 27 0
0 11 35 22 38 3 39 23 26 2 12 36 27 45 42 47 14 32 37 44 15 20 24 13 5 8 1 49 43 41 28 30 17 31 25 21 50 6 34 4 29 18 7 40 46 19 10 33 16 48 9 0
0 26 17 32 1 47 29 30 33 42 43 8 5 27 15 10 6 9 37 44 22 28 24 40 34 49 19 16 23 46 20 45 13 18 50 39 3 12 21 48 41 14 38 4 35 7 25 2 11 36 31 0
0 5 8 29 48 42 7 31 44 32 40 22 21 25 39 17 3 18 15 20 45 27 16 12 33 41 11 36 50 37 46 4 28 43 49 38 14 9 23 26 34 10 30 35 47 6 19 1 2 24 13 0
0 2 25 48 3 30 5 39 28 18 37 24 40 33 42 41 9 47 10 26 8 50 7 4 20 22 49 36 29 45 14 11 32 15 1 27 13 6 34 31 38 21 44 16 19 46 23 12 17 43 35 0
0 31 48 43 32 37 1 7 15 28 22 4 13 47 2 50 9 38 30 24 17 44 41 45 42 19 26 20 39 6 21 49 23 35 11 5 16 3 36 8 34 18 14 12 29 25 33 40 27 46 10 0
0 18 30 43 12 27 4 36 34 35 46 16 13 3 39 9 29 28 37 50 11 23 14 41 5 47 32 15 19 49 17 21 26 40 8 20 7 1 44 2 38 33 22 25 45 10 6 31 24 48 42 0
0 38 4 20 16 8 23 48 29 7 10 47 37 44 13 12 25 27 11 5 43 6 31 17 42 41 18 26 30 45 33 50 34 28 1 9 36 24 19 21 39 49 3 2 32 40 15 46 14 22 35 0
0 22 37 44 17 23 21 15 50 4 25 32 5 6 27 9 39 1 19 48 35 42 43 49 16 30 7 2 31 29 45 24 12 3 8 46 28 34 40 26 14 10 11 47 36 18 33 13 41 20 38 0
0 38 24 43 13 6 36 20 9 26 3 5 22 44 12 41 11 17 37 28 45 50 31 27 15 29 35 23 48 2 7 10 14 34 47 49 33 19 25 39 32 18 40 30 46 42 4 21 1 8 16 0
0 35 5 29 41 36 34 37 42 49 10 32 17 11 1 48 12 43 26 6 23 15 18 27 9 40 3 39 21 46 16 31 14 25 19 38 4 22 45 24 44 8 13 33 50 7 47 28 20 30 2 0
0 19 27 49 35 48 50 24 13 17 6 32 15 43 7 2 20 10 12 38 28 23 5 3 44 47 37 4 36 31 30 21 1 22 41 34 18 39 33 11 26 8 9 45 29 40 16 42 46 25 14 0
0 50 30 19 48 37 32 34 1 4 11 3 26 47 2 33 40 7 21 46 14 24 41 13 17 22 18 43 27 6 28 9 16 42 49 8 29 38 23 45 12 35 25 5 44 20 39 36 31 10 15 0
0 41 22 38 25 28 49 1 20 17 24 21 3 27 36 10 5 46 33 12 4 44 42 9 37 23 48 29 31 50 47 39 45 16 7 32 14 30 43 26 18 15 19 2 11 6 8 34 35 40 13 0
0 27 11 20 45 37 15 36 32 4 22 10 49 31 29 21 25 38 42 12 5 28 3 7 47 2 40 44 33 13 17 24 23 41 39 19 6 34 26 14 18 50 35 30 48 9 8 16 43 46 1 0
0 1 24 33 25 5 2 27 37 46 16 18 39 44 36 3 34 50 12 23 35 41 40 45 6 11 48 29 32 31 9 4 26 8 14 28 47 22 43 17 20 42 19 15 7 38 10 30 49 21 13 0
0 28 34 12 38 11 21 3 37 15 23 43 13 16 48 8 47 1 46 40 2 33 27 50 9 36 42 26 30 22 19 32 35 24 25 10 45 20 29 5 31 39 18 7 44 14 41 17 49 6 4 0
0 23 31 35 43 10 41 26 2 15 28 37 17 40 16 7 27 12 20 42 32 30 44 48 34 1 21 24 25 9 38 33 18 36 49 5 29 45 11 22 3 46 50 8 47 13 19 14 6 39 4 0
0 17 40 33 23 43 19 24 1 50 11 30 46 15 35 49 38 41 37 45 32 36 2 5 16 44 6 20 26 14 25 10 42 48 31 29 8 12 28 3 27 7 9 21 34 22 18 4 47 39 13 0
0 19 6 11 40 33 14 49 39 25 13 24 5 36 16 21 38 48 43 29 3 44 1 9 4 45 7 23 17 32 26 28 41 42 34 12 37 47 18 10 15 30 50 22 8 27 46 35 20 31 2 0
0 7 41 5 44 15 48 27 36 6 2 39 31 8 23 47 40 9 19 46 45 25 10 50 21 11 13 35 18 28 17 34 43 12 20 3 33 26 37 49 32 1 14 4 30 29 16 22 24 38 42 0
0 38 35 31 18 43 2 37 32 8 6 44 29 9 15 39 5 22 34 16 21 41 49 4 24 10 46 14 13 23 26 33 28 12 27 45 40 25 3 42 1 48 50 19 30 36 20 47 7 11 17 0
0 18 48 17 28 36 12 43 7 27 11 24 19 40 50 20 21 16 15 33 26 34 39 25 29 47 8 42 1 31 22 6 38 10 4 35 44 3 14 9 23 5 45 49 2 13 37 32 30 46 41 0
0 7 28 17 36 8 37 40 45 49 48 6 30 27 13 38 25 1 44 15 3 18 50 47 12 5 11 41 22 20 4 33 2 43 23 10 35 46 9 34 14 21 26 42 39 19 16 32 24 29 31 0
0 39 15 44 18 40 20 14 41 6 36 4 49 9 31 34 46 25 16 1 2 47 8 24 10 26 29 23 7 22 19 42 3 38 17 11 35 43 21 33 45 50 37 28 5 32 12 48 30 27 13 0
0 16 7 37 8 40 22 46 23 50 11 45 3 5 35 30 14 24 1 10 31 47 19 13 34 29 18 20 12 9 4 44 2 36 25 33 28 49 39 26 41 32 42 27 43 48 17 15 21 38 6 0
0 30 11 16 18 34 45 19 24 22 21 10 48 31 33 36 13 7 42 4 5 17 8 50 26 32 20 27 6 37 46 9 25 47 2 14 49 23 44 15 41 28 3 1 39 43 29 12 38 35 40 0
0 45 34 41 44 48 35 46 28 47 50 22 37 21 27 36 18 3 43 29 24 2 33 14 42 32 30 10 7 8 49 16 38 17 23 12 4 1 15 11 19 9 25 31 40 26 13 20 5 6 39 0
0 25 8 18 10 47 19 7 14 34 36 37 11 38 48 16 39 42 1 24 35 27 3 45 29 43 32 9 15 46 50 40 49 13 41 20 12 26 28 33 22 30 6 21 44 4 17 23 31 5 2 0
0 5 39 2 27 14 18 15 42 33 30 23 17 47 48 3 21 19 9 50 31 43 46 7 25 12 40 37 45 1 22 34 13 32 28 35 8 36 26 29 10 41 24 20 6 44 4 38 49 16 11 0
0 48 22 21 28 46 49 11 43 44 3 33 29 10 42 7 36 24 14 19 41 34 2 15 20 4 9 25 1 38 50 47 18 32 13 27 12 40 37 39 17 26 8 31 16 30 23 5 6 45 35 0
0 28 36 4 38 47 29 27 12 6 18 14 26 17 7 35 2 45 40 5 10 37 13 11 44 50 21 15 32 3 33 20 23 8 49 46 34 30 9 31 24 16 39 25 22 43 1 41 42 48 19 0
0 22 4 34 38 6 14 9 8 12 18 46 45 5 48 15 20 28 23 16 21 29 39 35 37 19 1 36 31 40 10 42 47 43 2 49 32 24 7 13 11 50 25 27 3 33 26 30 41 17 44 0
0 26 29 12 37 7 11 1 15 9 18 21 24 23 49 5 13 36 39 4 25 32 3 30 8 44 2 40 41 31 34 48 35 43 6 10 14 38 42 33 17 46 16 19 27 20 22 50 28 47 45 0
0 14 6 29 11 42 28 20 49 40 32 12 43 36 33 44 21 17 48 31 1 25 35 4 39 41 22 37 30 2 34 47 7 15 3 8 16 23 9 5 45 50 24 19 13 27 46 18 10 26 38 0
0 44 19 8 38 35 4 23 31 43 17 50 16 12 14 34 5 18 15 20 26 45 36 33 28 49 3 13 48 37 25 9 39 40 46 11 24 47 27 32 21 41 1 10 29 6 7 42 2 22 30 0
0 3 47 22 17 10 4 8 33 32 41 15 38 16 36 23 42 50 9 34 43 44 49 6 30 13 27 1 46 35 45 12 37 18 29 39 28 31 2 21 19 40 20 25 14 7 11 48 24 5 26 0
0 36 19 35 17 16 3 29 31 20 48 44 21 32 26 34 13 47 22 30 33 15 39 12 24 4 46 50 2 41 40 14 28 38 1 18 27 10 49 23 25 11 43 5 6 9 37 42 7 45 8 0
0 26 50 34 19 25 27 28 39 49 5 37 21 4 42 35 2 12 30 16 7 20 17 14 13 3 18 32 31 15 11 48 38 40 46 1 9 10 44 33 43 36 45 29 47 8 22 23 41 24 6 0
0 37 40 33 35 44 19 6 48 38 27 5 25 4 50 31 17 20 42 36 41 12 10 45 30 18 26 11 15 8 46 7 3 32 47 29 13 49 43 9 22 34 23 14 16 39 24 2 28 1 21 0
0 13 16 41 40 9 11 19 23 42 48 24 28 29 27 26 39 43 3 15 8 2 35 10 46 44 22 31 49 18 38 25 4 12 30 5 21 32 1 34 33 7 45 36 20 37 17 6 47 14 50 0
0 29 36 49 27 4 6 30 2 50 12 1 45 5 28 41 38 33 22 42 32 48 16 39 14 21 11 24 10 35 37 19 9 13 40 23 20 3 25 8 15 34 18 43 44 7 31 17 46 26 47 0
0 8 30 40 5 46 35 43 1 34 11 38 4 48 28 49 33 15 17 20 44 3 2 25 10 16 13 42 23 14 36 37 7 31 27 18 9 21 50 45 26 29 22 39 32 47 6 12 41 24 19 0
0 3 21 9 28 13 35 34 49 14 23 17 22 42 19 37 47 6 46 1 18 11 38 33 16 30 27 8 10 4 26 45 48 20 29 12 43 36 32 39 41 7 2 5 15 44 31 25 24 40 50 0
0 40 5 43 44 8 20 13 14 3 26 37 42 17 45 9 2 22 6 24 19 50 12 49 34 1 23 7 28 30 27 31 18 38 10 11 4 33 46 35 41 48 36 32 47 39 15 25 29 21 16 0
0 13 46 27 18 42 44 37 14 36 16 15 33 21 24 3 23 31 10 40 32 48 47 7 29 12 20 22 4 5 8 45 1 49 17 34 50 2 25 43 28 9 19 30 26 38 11 6 39 35 41 0
0 5 4 38 29 33 42 30 47 37 18 20 14 16 22 17 46 36 49 12 31 28 3 9 41 7 25 48 35 45 10 26 50 24 13 21 40 27 11 43 23 8 34 39 19 2 1 44 15 32 6 0
0 28 12 13 9 30 46 17 20 43 50 37 33 7 15 29 8 18 21 26 11 34 3 19 32 44 22 2 4 10 36 25 40 49 35 38 5 47 31 16 24 14 39 1 6 42 27 45 41 48 23 0
0 29 17 44 32 26 12 39 23 31 9 34 47 19 2 40 3 28 48 14 22 49 30 43 13 36 25 7 45 4 35 24 15 50 10 6 27 8 41 33 42 38 16 37 21 20 1 46 18 5 11 0
0 19 15 11 10 3 26 23 28 24 20 41 43 30 6 2 27 21 1 7 40 36 13 42 44 8 46 16 47 9 50 45 39 37 31 4 48 38 5 34 25 35 22 49 32 14 12 33 18 29 17 0
0 16 48 32 29 44 3 14 12 2 31 20 28 33 25 22 4 5 38 21 41 9 43 19 8 45 18 47 10 27 7 49 39 15 26 11 13 40 24 36 30 6 34 46 23 37 1 42 35 17 50 0
0 36 33 47 31 15 30 26 19 16 5 23 50 46 9 49 25 48 7 20 4 34 28 35 32 41 22 42 2 6 1 37 27 11 24 10 18 43 13 3 45 12 17 39 14 8 44 21 40 38 29 0
0 7 18 13 15 11 30 25 22 1 41 8 44 39 50 2 5 17 9 10 19 4 32 46 42 12 28 21 6 43 16 47 38 27 35 20 34 48 31 3 45 36 14 23 40 26 37 49 24 33 29 0
0 41 37 47 25 31 30 40 3 26 12 43 9 24 11 35 44 27 19 17 23 32 14 1 34 29 8 46 10 21 28 42 5 18 22 49 38 6 15 7 48 16 45 39 36 50 33 2 4 20 13 0
0 23 44 5 11 4 37 45 29 42 48 2 17 50 28 40 35 25 13 15 24 19 10 41 18 3 38 47 49 34 22 8 33 39 27 20 21 31 7 30 26 16 1 46 32 36 14 6 43 12 9 0
0 22 31 21 34 43 25 13 18 3 19 9 28 44 16 41 17 4 2 40 42 32 26 15 29 5 50 49 35 33 37 11 23 45 36 12 39 10 30 24 27 6 7 20 38 47 8 46 1 14 48 0
0 11 41 24 50 7 34 23 39 12 27 10 42 16 18 36 25 9 37 38 17 14 32 4 8 40 20 13 30 45 31 22 28 21 46 6 44 47 1 49 35 19 43 15 2 48 29 3 26 5 33 0
0 36 25 10 11 46 24 38 19 1 44 2 47 37 16 23 7 30 33 21 3 22 12 45 14 39 4 26 8 20 29 49 28 40 13 35 27 18 31 42 48 6 15 5 32 41 43 9 50 34 17 0
0 10 18 27 41 20 12 3 1 11 25 6 26 17 24 7 22 46 40 31 28 33 29 50 4 43 45 35 30 21 36 37 14 9 16 23 48 49 2 5 19 39 34 38 42 8 15 44 47 13 32 0
0 46 42 9 30 17 22 38 3 25 14 19 16 2 48 15 5 31 37 34 36 13 41 29 32 47 28 6 50 40 11 8 26 33 44 4 39 35 21 12 45 27 1 43 7 24 10 23 49 18 20 0
0 9 25 11 47 44 8 4 40 20 13 34 36 2 23 18 37 16 50 48 6 29 45 28 15 46 26 49 39 27 43 33 30 35 21 24 10 32 14 3 19 5 7 22 41 1 12 38 31 17 42 0
0 19 12 20 25 36 9 24 32 46 44 37 43 49 2 33 28 4 26 18 27 6 14 1 50 40 13 15 8 21 31 48 35 45 39 23 22 29 16 47 11 3 42 5 17 41 30 34 38 10 7 0
0 18 21 2 44 23 7 19 39 29 32 30 3 8 28 27 41 45 38 36 12 17 5 40 43 31 10 33 22 11 9 35 13 25 49 24 1 20 46 26 48 42 14 47 4 50 37 16 6 34 15 0
0 33 41 43 17 25 7 9 48 47 26 32 6 30 21 24 35 5 49 42 44 23 31 50 10 29 18 3 13 11 38 1 45 2 14 4 46 22 39 15 34 16 28 37 40 8 27 20 19 12 36 0
0 17 6 8 12 18 14 35 15 40 9 36 23 37 25 24 50 1 49 31 20 30 27 19 28 43 33 26 29 34 46 45 13 39 21 10 42 44 2 48 4 11 5 7 47 16 32 38 41 22 3 0
0 26 19 8 42 22 21 28 32 14 46 48 9 39 36 25 15 50 47 44 2 17 20 24 29 16 38 31 43 7 40 35 3 33 11 49 37 41 34 10 27 23 12 30 18 45 1 5 13 4 6 0
0 23 18 34 21 9 24 22 6 10 30 12 47 4 45 41 8 49 31 14 2 50 11 7 40 27 28 36 35 39 15 33 43 17 46 38 3 44 37 19 32 13 5 29 25 16 1 48 26 20 42 0
0 49 29 27 34 21 20 6 48 37 10 2 32 35 17 31 5 19 13 39 22 4 33 8 25 18 28 11 44 50 24 45 43 41 15 12 38 16 30 47 7 9 26 40 36 42 14 1 46 23 3 0
0 39 11 10 31 34 15 38 3 50 14 9 27 42 19 28 13 5 22 8 7 43 36 35 41 49 21 32 12 25 26 44 47 29 30 33 16 20 45 37 46 48 23 24 2 6 18 17 4 40 1 0
0 30 22 21 49 18 35 38 5 36 46 42 2 16 24 31 48 44 1 12 20 14 37 29 32 4 6 43 39 26 33 47 45 23 41 10 28 11 17 15 3 13 7 8 19 25 40 34 50 27 9 0
0 11 27 42 34 2 18 33 41 17 9 48 31 28 3 32 24 36 16 46 45 49 29 19 44 38 22 50 39 14 37 4 21 1 15 6 35 30 40 26 8 12 47 10 25 23 7 5 13 20 43 0
0 45 6 43 42 1 2 15 10 38 12 34 14 13 31 8 3 48 33 41 4 29 44 40 5 50 16 35 23 36 18 21 9 30 49 39 37 22 19 17 32 20 26 11 24 28 7 25 47 27 46 0
0 32 18 25 4 15 26 9 35 43 21 1 29 16 23 28 17 6 11 13 14 40 2 5 7 20 39 38 45 42 24 47 22 33 19 30 50 12 27 49 36 37 10 41 34 44 8 46 31 3 48 0
0 24 40 10 36 26 50 28 7 45 32 18 1 38 25 21 33 37 30 11 2 49 9 35 41 48 42 4 46 13 8 20 5 22 16 29 17 39 27 23 12 31 6 44 15 3 14 19 34 47 43 0
0 39 30 29 6 43 22 47 40 16 46 48 14 20 1 31 49 4 21 37 34 38 9 8 27 33 50 42 36 13 3 26 7 28 24 32 25 12 19 45 41 17 2 11 15 10 44 23 5 18 35 0
0 14 13 49 50 45 47 10 23 35 25 2 26 9 43 17 24 21 42 8 46 27 6 11 19 30 34 5 38 48 39 41 16 33 22 12 15 40 44 3 7 36 28 4 20 29 31 18 1 32 37 0
0 17 26 25 23 19 30 3 16 37 43 48 20 34 4 35 28 2 47 44 13 46 33 12 7 50 18 29 49 9 14 27 41 21 36 22 6 11 10 45 38 31 15 1 32 24 40 42 5 8 39 0
0 14 40 42 12 29 19 2 10 31 11 3 48 46 6 36 16 22 34 37 49 21 7 30 8 17 25 24 13 28 5 38 20 35 26 32 18 9 15 39 45 4 33 47 27 44 23 43 41 1 50 0
0 3 11 22 31 50 14 20 21 16 5 40 15 1 36 2 6 47 48 44 39 41 42 8 9 33 24 43 10 38 30 28 46 35 17 18 4 7 32 49 45 26 25 19 23 29 34 13 12 27 37 0
0 20 12 9 32 6 26 4 37 46 48 43 44 34 50 11 35 38 2 36 24 21 19 15 23 14 28 25 22 45 3 47 18 16 31 5 27 49 29 8 41 17 42 7 30 1 40 33 13 10 39 0
0 21 49 34 3 20 29 10 5 50 44 24 1 40 14 7 48 28 42 12 43 25 30 32 19 45 26 47 9 23 38 22 35 6 11 15 18 16 8 13 33 27 36 2 39 46 4 41 31 17 37 0
0 43 30 36 29 7 34 41 32 14 46 10 38 37 23 44 45 20 12 3 49 35 2 27 18 22 9 5 16 31 28 21 39 47 50 13 8 17 48 42 26 15 24 1 19 33 4 11 6 25 40 0
