# n n_solutions
76 1000
# n x n distance matrix
0 2545 1456 1964 707 2500 921 1414 1581 2360 2600 2915 1208 2256 2780 2720 1941 806 3488 2340 3676 2729 3041 3138 3313 3324 608 1615 2451 1843 1431 3710 2220 1780 1000 1802 3310 3201 2692 2236 1414 3623 3606 3189 2061 1414 1118 2692 2061 2807 2968 1104 1414 2267 2701 4242 3716 2817 2000 3841 4326 3423 2236 2236 4301 3162 3623 538 728 3736 4123 3982 2061 2061 2000 300
2545 0 1456 2302 2641 3306 1627 3959 4022 3721 4753 5420 3178 4205 5315 4004 1403 2459 3640 4770 4472 2376 984 1252 2580 4229 3061 3511 1431 3026 2137 5474 3100 806 3328 4327 3417 3863 5060 3883 2912 1118 1063 670 2601 2912 3522 2886 2601 1886 3471 1838 3577 4810 4884 4947 1627 4328 4204 6378 4569 2126 824 824 1838 5556 6103 3047 1941 3328 4617 4071 4016 538 1811 2343
1456 1456 0 2420 1272 1992 854 2778 2687 3448 4019 4338 2501 2751 4045 2607 1802 1824 4036 3405 3231 1526 1640 2507 3361 4248 2061 2061 1004 1600 700 5024 3041 1044 1979 3061 2408 2640 4148 3452 2473 2563 2418 2118 2662 1456 2193 1780 1300 2683 3661 1476 2163 3635 3443 5110 3001 2901 3423 5099 3560 2000 848 1649 2969 4617 5056 1835 728 2607 3498 3114 3401 921 721 1170
1964 2302 2420 0 2600 4220 1627 2942 3400 1486 2831 3944 1523 4220 4272 4606 900 1204 1627 4110 5464 3940 3238 1972 1414 1941 2002 3573 3220 3635 2906 3257 806 1676 2942 3436 4810 4920 3342 1749 1029 2941 3157 2647 300 3264 3014 4172 3612 1140 1252 1000 3373 3605 4617 2731 2500 4753 2420 5255 5941 4178 2657 1503 4044 3828 4500 2418 2080 5021 5825 5517 2051 2184 3140 2061
707 2641 1272 2600 0 1802 1204 1581 1414 3061 3140 3162 1886 1700 2780 2024 2402 1500 4167 2140 2969 2202 2906 3471 3883 4031 1170 1004 2147 1140 921 4332 2920 1992 707 1802 2657 2500 3106 2915 2121 3758 3661 3312 2729 707 921 2061 1431 3313 3661 1649 948 2416 2280 4949 4026 2154 2549 3828 3635 3036 2121 2549 4242 3535 3889 700 728 3140 3420 3310 2692 2109 1581 538
2500 3306 1992 4220 1802 0 2607 3041 2500 4860 4838 4500 3689 1655 3765 806 3757 3255 5841 2886 1252 1303 2983 4472 5322 5813 2952 1400 2039 670 1341 6092 4666 3036 2061 3000 1004 707 4669 4716 3905 4310 4044 3901 4404 1118 2236 707 707 4661 5381 3220 1802 3700 2418 6726 4925 1220 4272 4648 1835 2360 2500 3640 4272 5024 5203 2416 2140 1676 1627 1552 4472 2828 1500 2267
921 1627 854 1627 1204 2607 0 2334 2459 2596 3275 3801 1711 2901 3701 3067 1216 1000 3255 3220 3858 2370 2213 2280 2751 3400 1442 2200 1811 2061 1280 4204 2195 860 1802 2720 3189 3301 3492 2617 1627 2701 2690 2267 1843 1746 1969 2549 1984 2137 2842 640 2137 3182 3471 4272 2846 3275 2692 4763 4313 2816 1431 1360 3413 3981 4494 1442 509 3448 4201 3894 2607 1166 1565 761
1414 3959 2778 2942 1581 3041 2334 0 707 2563 1886 1581 1503 1920 1389 2863 3220 1802 4143 1216 3939 3748 4410 4477 4356 3584 984 1676 3716 2408 2500 3220 2816 3189 1000 500 4019 3640 1627 2236 2000 5032 5020 4601 2906 2000 806 3500 2906 3984 3551 2370 1264 860 1923 4472 5060 2745 1414 2441 4808 4617 3605 3605 5700 2000 2308 943 2080 4600 4494 4589 1802 3471 3162 1640
1581 4022 2687 3400 1414 2500 2459 707 0 3220 2580 2000 2088 1220 1389 2213 3517 2202 4729 761 3289 3383 4318 4716 4804 4248 1403 1100 3522 1923 2247 3920 3395 3312 707 500 3501 3041 2247 2915 2549 5131 5060 4687 3413 1581 500 3041 2500 4356 4148 2668 707 1200 1264 5147 5292 2059 2121 2420 4197 4338 3535 3807 5656 2549 2707 1044 2080 4130 3860 4019 2500 3500 2915 1700
2360 3721 3448 1486 3061 4860 2596 2563 3220 0 1565 2961 1204 4326 3605 5020 2353 1655 1726 3764 6020 4939 4600 3443 2483 1029 1984 3828 4393 4201 3712 1772 721 3000 3061 3036 5643 5560 2213 412 984 4427 4632 4123 1208 3764 3023 5011 4390 2523 1140 2022 3500 2906 4477 1941 3944 5044 1403 4428 6685 5393 3920 2961 5510 2640 3361 2549 2863 6000 6481 6328 905 3501 4143 2607
2600 4753 4019 2831 3140 4838 3275 1886 2580 1565 0 1503 1581 3801 2376 4741 3551 2308 3257 2842 5813 5315 5481 4780 4022 2308 2002 3534 5024 4176 4011 1345 2220 3956 2785 2193 5772 5478 700 1166 1886 5643 5769 5277 2617 3736 2640 5197 4570 3959 2692 2915 3130 1749 3679 3026 5326 4632 600 3006 6648 6013 4707 4118 6592 1077 1802 2451 3306 6280 6356 6389 781 4396 4600 2900
2915 5420 4338 3944 3162 4500 3801 1581 2000 2961 1503 0 2441 3080 1063 4159 4468 3041 4687 1838 5217 5315 5953 5748 5280 3801 2360 3100 5292 3911 4080 2640 3511 4622 2549 1500 5500 5024 806 2549 2915 6444 6481 6030 3801 3535 2334 5024 4455 5077 4100 3676 2701 800 2683 4527 6325 3929 1581 1503 6166 6198 5147 4949 7211 707 728 2507 3623 6120 5805 6013 2061 4964 4743 3176
1208 3178 2501 1523 1886 3689 1711 1503 2088 1204 1581 2441 0 3138 2765 3818 2051 728 2647 2716 4827 3905 3905 3324 2912 2220 781 2624 3500 3023 2624 2531 1315 2376 1860 2002 4518 4382 1920 1029 509 4104 4205 3721 1431 2580 1835 3900 3269 2641 2061 1341 2302 2088 3352 3140 3894 3841 1029 3733 5522 4501 3140 2580 5015 2420 3041 1345 1824 4933 5300 5188 900 2816 3140 1486
2256 4205 2751 4220 1700 1655 2901 1920 1220 4326 3801 3080 3138 0 2200 1100 4101 3036 5700 1300 2137 2842 4219 5147 5557 5353 2370 707 3301 1345 2102 5140 4386 3649 1300 1655 2624 2009 3443 4060 3534 5314 5147 4870 4301 1300 1303 2332 1979 5008 5147 3324 854 2308 781 6268 5688 854 3330 3008 3106 3894 3534 4229 5575 3700 3733 1838 2408 3324 2729 3014 3679 3668 2662 2209
2780 5315 4045 4272 2780 3765 3701 1389 1389 3605 2376 1063 2765 2200 0 3300 4606 3178 5300 900 4318 4753 5685 5866 5675 4554 2370 2404 4909 3257 3635 3635 4019 4560 2080 989 4767 4204 1749 3214 3275 6403 6370 5966 4197 2954 1860 4368 3862 5348 4701 3758 2061 700 1676 5360 6449 3014 2220 1063 5303 5724 4891 4992 7009 1769 1581 2267 3394 5434 4916 5208 2716 4810 4304 2973
2720 4004 2607 4606 2024 806 3067 2863 2213 5020 4741 4159 3818 1100 3300 0 4272 3522 6191 2400 1077 2109 3764 5115 5818 6020 3041 1220 2816 1019 1910 6053 4940 3634 2000 2692 1612 921 4459 4816 4123 5048 4805 4627 4750 1341 2109 1500 1431 5192 5685 3624 1612 3373 1772 6942 5600 424 4219 4079 2009 3162 3224 4242 5069 4753 4825 2475 2563 2332 1649 1923 4500 3500 2236 2555
1941 1403 1802 900 2402 3757 1216 3220 3517 2353 3551 4468 2051 4101 4606 4272 0 1442 2332 4272 5008 3252 2353 1280 1565 2828 2236 3405 2441 3257 2416 4123 1702 860 2927 3676 4201 4429 3969 2563 1664 2102 2280 1772 1200 2961 3059 3580 3088 921 2088 854 3306 3996 4627 3573 1860 4491 3061 5643 5360 3354 1835 608 3157 4468 5091 2473 1726 4318 5300 4904 2778 1341 2483 1902
806 2459 1824 1204 1500 3255 1000 1802 2202 1655 2308 3041 728 3036 3178 3522 1442 0 2683 2927 4459 3289 3178 2720 2601 2561 824 2416 2807 2617 2059 3206 1421 1655 1746 2280 3996 3962 2607 1627 670 3420 3498 3023 1264 2202 1811 3361 2745 2184 2163 640 2184 2555 3413 3471 3301 3623 1746 4205 5060 3811 2418 1910 4295 3106 3687 1216 1208 4346 4883 4687 1612 2088 2500 989
3488 3640 4036 1627 4167 5841 3255 4143 4729 1726 3257 4687 2647 5700 5300 6191 2332 2683 0 5360 7080 5544 4623 2807 1315 1131 3352 5099 4770 5243 4534 2973 1334 3190 4401 4638 6435 6543 3929 2137 2184 3911 4242 3765 1442 4854 4427 5798 5240 1824 600 2624 4846 4601 5990 1403 3114 6306 3125 6152 7569 5682 4167 2823 5135 4332 5059 3862 3701 6621 7451 7142 2630 3671 4750 3635
2340 4770 3405 4110 2140 2886 3220 1216 761 3764 2842 1838 2716 1300 900 2400 4272 2927 5360 0 3423 3935 5020 5478 5522 4775 2109 1565 4186 2416 2906 4177 4031 4070 1442 728 3883 3306 2343 3417 3206 5883 5800 5437 4100 2163 1252 3511 3041 5099 4767 3420 1280 1140 860 5646 6053 2121 2505 1788 4404 4939 4252 4569 6370 2505 2451 1802 2830 4560 4019 4310 2954 4243 3560 2459
3676 4472 3231 5464 2969 1252 3858 3939 3289 6020 5813 5217 4827 2137 4318 1077 5008 4459 7080 3423 0 2202 4001 5675 6574 7000 4060 2282 3106 1843 2594 7119 5879 4272 3052 3764 1264 608 5536 5841 5091 5408 5100 5024 5640 2262 3176 1603 1931 5909 6606 4465 2683 4438 2701 7919 6100 1303 5283 5015 1019 3104 3649 4870 5178 5824 5869 3500 3383 1886 600 1140 5547 4026 2668 3471
2729 2376 1526 3940 2202 1303 2370 3748 3383 4939 5315 5315 3905 2842 4753 2109 3252 3289 5544 3935 2202 0 1800 3624 4763 5770 3313 2370 948 1526 1303 6432 4565 2408 2765 3860 1044 1612 5308 4904 3956 3224 2901 2863 4188 1802 2983 632 894 4060 5186 3001 2692 4535 3623 6637 3984 2523 4716 5724 2193 1063 1565 2941 3008 5731 6041 2901 2088 1081 2256 1700 4785 2024 806 2433
3041 984 1640 3238 2906 2983 2213 4410 4318 4600 5481 5953 3905 4219 5685 3764 2353 3178 4623 5020 4001 1800 0 2121 3551 5178 3624 3580 948 2906 2140 6319 4019 1600 3612 4701 2816 3405 5700 4716 3721 1456 1104 1166 3535 2941 3828 2408 2340 2865 4438 2617 3753 5269 4964 5920 2332 4143 4904 6735 3905 1220 806 1802 1360 6184 6664 3466 2332 2563 4031 3395 4785 1104 1565 2778
3138 1252 2507 1972 3471 4472 2280 4477 4716 3443 4780 5748 3324 5147 5866 5115 1280 2720 2807 5478 5675 3624 2121 0 1552 3649 3498 4440 2683 4104 3206 5200 2731 1503 4080 4919 4661 5069 5234 3721 2906 1104 1456 1029 2236 3905 4237 4110 3765 1004 2828 2109 4414 5269 5748 4201 583 5400 4318 6911 5818 3330 2061 921 2334 5731 6365 3676 2745 4579 5852 5322 4000 1649 3008 3036
3313 2580 3361 1414 3883 5322 2751 4356 4804 2483 4022 5280 2912 5557 5675 5818 1565 2601 1315 5522 6574 4763 3551 1552 0 2325 3413 4883 3889 4810 3981 4080 1802 2360 4310 4850 5742 5994 4614 2860 2404 2647 3008 2563 1486 4492 4401 5131 4652 707 1526 2236 4726 5000 6003 2716 1802 6016 3712 6640 6906 4701 3252 1838 3883 5077 5780 3801 3257 5805 6860 6440 3275 2758 4022 3354
3324 4229 4248 1941 4031 5813 3400 3584 4248 1029 2308 3801 2220 5353 4554 6020 2828 2561 1131 4775 7000 5770 5178 3649 2325 0 3000 4841 5126 5166 4604 1843 1208 3613 4080 4049 6545 6519 3006 1360 1910 4726 5003 4501 1649 4738 4049 5907 5300 2647 824 2773 4522 3863 5503 921 4052 6060 2334 5300 7621 6103 4588 3413 5903 3354 4079 3560 3744 6847 7441 7242 1843 4123 4964 3546
608 3061 2061 2002 1170 2952 1442 984 1403 1984 2002 2360 781 2370 2370 3041 2236 824 3352 2109 4060 3313 3624 3498 3413 3000 0 1843 3059 2282 2009 3162 2024 2267 1081 1456 3827 3635 2088 1780 1170 4101 4123 3679 2009 1835 1077 3228 2596 3008 2785 1389 1526 1780 2647 3920 4081 3061 1403 3413 4788 4031 2823 2640 4854 2563 3052 565 1334 4295 4548 4477 1523 2607 2601 905
1615 3511 2061 3573 1004 1400 2200 1676 1100 3828 3534 3100 2624 707 2404 1220 3405 2416 5099 1565 2282 2370 3580 4440 4883 4841 1843 0 2690 854 1442 4837 3807 2942 781 1600 2402 1964 3298 3606 2968 4623 4472 4178 3676 640 894 1964 1476 4318 4565 2647 412 2300 1389 5762 4981 1220 3001 3354 3132 3383 2865 3522 4940 3634 3805 1280 1702 3041 2823 2927 3280 2973 2051 1529
2451 1431 1004 3220 2147 2039 1811 3716 3522 4393 5024 5292 3500 3301 4909 2816 2441 2807 4770 4186 3106 948 948 2683 3889 5126 3059 2690 0 1972 1280 6013 3921 1581 2830 3944 1992 2501 5141 4428 3436 2302 2009 1923 3492 2051 3052 1503 1392 3182 4472 2376 2906 4561 4060 5950 3036 3195 4428 5940 3138 1004 640 2051 2282 5604 6016 2785 1726 1920 3201 2640 4400 1131 640 2158
1843 3026 1600 3635 1140 670 2061 2408 1923 4201 4176 3911 3023 1345 3257 1019 3257 2617 5243 2416 1843 1526 2906 4104 4810 5166 2282 854 1972 0 900 5423 4036 2617 1414 2418 1612 1360 4031 4049 3255 4100 3889 3667 3801 447 1603 1118 640 4176 4763 2641 1216 3114 2121 6082 4601 1303 3605 4204 2505 2561 2280 3224 4254 4404 4627 1746 1565 2209 2280 2213 3801 2507 1341 1627
1431 2137 700 2906 921 1341 1280 2500 2247 3712 4011 4080 2624 2102 3635 1910 2416 2059 4534 2906 2594 1303 2140 3206 3981 4604 2009 1442 1280 900 0 5141 3420 1726 1565 2683 1941 2024 4019 3640 2729 3228 3046 2789 3111 806 1788 1303 707 3324 4103 1910 1627 3324 2830 5500 3701 2202 3413 4661 3041 2118 1431 2334 3500 4455 4808 1612 860 2308 2920 2640 3492 1612 670 1140
3710 5474 5024 3257 4332 6092 4204 3220 3920 1772 1345 2640 2531 5140 3635 6053 4123 3206 2973 4177 7119 6432 6319 5200 4080 1843 3162 4837 6013 5423 5141 0 2469 4726 4070 3538 6989 6754 1886 1603 2601 6198 6403 5894 2973 4976 3944 6389 5756 4248 2561 3705 4441 3061 5020 2184 5679 5964 1835 4080 7920 7017 5600 4729 7278 1992 2630 3676 4356 7446 7647 7632 1649 5215 5671 4002
2220 3100 3041 806 2920 4666 2195 2816 3395 721 2220 3511 1315 4386 4019 4940 1702 1421 1334 4031 5879 4565 4019 2731 1802 1208 2024 3807 3921 4036 3420 2469 0 2433 3087 3313 5360 5374 2817 1063 854 3736 3962 3452 509 3623 3101 4720 4123 1802 761 1565 3534 3324 4657 2080 3224 5024 1931 4924 6453 4904 3395 2308 4850 3275 3982 2549 2561 5643 6293 6060 1476 2942 3758 2408
1780 806 1044 1676 1992 3036 860 3189 3312 3000 3956 4622 2376 3649 4560 3634 860 1655 3190 4070 4272 2408 1600 1503 2360 3613 2267 2942 1581 2617 1726 4726 2433 0 2640 3580 3383 3676 4254 3125 2137 1843 1860 1414 1964 2402 2817 2778 2340 1664 2915 1044 2941 4031 4272 4401 2039 3905 3401 5622 4548 2507 984 608 2640 4750 5300 2302 1264 3465 4517 4080 3228 509 1664 1612
1000 3328 1979 2942 707 2061 1802 1000 707 3061 2785 2549 1860 1300 2080 2000 2927 1746 4401 1442 3052 2765 3612 4080 4310 4080 1081 781 2830 1414 1565 4070 3087 2640 0 1118 3026 2692 2617 2828 2236 4441 4360 3996 3008 1000 223 2500 1910 3805 3848 2102 447 1772 1702 5000 4648 1984 2236 3124 3862 3676 2828 3162 4949 3000 3275 538 1389 3600 3577 3613 2500 2801 2236 1044
1802 4327 3061 3436 1802 3000 2720 500 500 3036 2193 1500 2002 1655 989 2692 3676 2280 4638 728 3764 3860 4701 4919 4850 4049 1456 1600 3944 2418 2683 3538 3313 3580 1118 0 4001 3535 1788 2692 2500 5420 5381 4981 3405 2061 894 3535 2983 4464 4044 2823 1204 700 1500 4924 5500 2507 1802 2051 4687 4792 3905 4031 6020 2061 2209 1280 2404 4627 4341 4517 2236 3820 3354 1984
3310 3417 2408 4810 2657 1004 3189 4019 3501 5643 5772 5500 4518 2624 4767 1612 4201 3996 6435 3883 1264 1044 2816 4661 5742 6545 3827 2402 1992 1612 1941 6989 5360 3383 3026 4001 0 781 5643 5546 4664 4257 3920 3905 5032 2039 3214 640 1252 5047 6030 3828 2800 4701 3361 7440 5028 2024 5192 5632 1166 1843 2600 3944 3931 6013 6207 3324 2801 721 1216 707 5348 3041 1720 3041
3201 3863 2640 4920 2500 707 3301 3640 3041 5560 5478 5024 4382 2009 4204 921 4429 3962 6543 3306 608 1612 3405 5069 5994 6519 3635 1964 2501 1360 2024 6754 5374 3676 2692 3535 781 0 5263 5408 4609 4804 4501 4418 5108 1802 2846 1000 1341 5322 6087 3920 2376 4229 2692 7433 5491 1300 4924 5000 1170 2563 3041 4272 4609 5590 5707 3088 2842 1486 921 1004 5147 3420 2061 2973
2692 5060 4148 3342 3106 4669 3492 1627 2247 2213 700 806 1920 3443 1749 4459 3969 2607 3929 2343 5536 5308 5700 5234 4614 3006 2088 3298 5141 4031 4019 1886 2817 4254 2617 1788 5643 5263 0 1802 2334 6021 6105 5630 3162 3612 2433 5108 4501 4482 3352 3244 2886 1204 3201 3721 5798 4295 921 2308 6428 6100 4904 4500 6888 500 1166 2408 3420 6207 6103 6216 1341 4651 4652 2983
2236 3883 3452 1749 2915 4716 2617 2236 2915 412 1166 2549 1029 4060 3214 4816 2563 1627 2137 3417 5841 4904 4716 3721 2860 1360 1780 3606 4428 4049 3640 1603 1063 3125 2828 2692 5546 5408 1802 0 1000 4661 4838 4332 1500 3605 2765 4924 4295 2842 1552 2102 3255 2517 4159 2236 4243 4810 1000 4019 6551 5433 4000 3162 5700 2236 2954 2343 2816 5946 6324 6217 500 3612 4123 2507
1414 2912 2473 1029 2121 3905 1627 2000 2549 984 1886 2915 509 3534 3275 4123 1664 670 2184 3206 5091 3956 3721 2906 2404 1910 1170 2968 3436 3255 2729 2601 854 2137 2236 2500 4664 4609 2334 1000 0 3758 3900 3401 921 2828 2247 4031 3413 2163 1615 1104 2683 2596 3807 2828 3465 4188 1414 4237 5720 4440 3000 2236 4743 2828 3482 1700 1878 5015 5531 5353 1118 2617 3162 1640
3623 1118 2563 2941 3758 4310 2701 5032 5131 4427 5643 6444 4104 5314 6403 5048 2102 3420 3911 5883 5408 3224 1456 1104 2647 4726 4101 4623 2302 4100 3228 6198 3736 1843 4441 5420 4257 4804 6021 4661 3758 0 424 447 3228 4016 4632 3805 3622 2100 3911 2780 4695 5872 6000 5303 1000 5393 5131 7465 5360 2640 1824 1526 1236 6521 7106 4140 3052 4016 5474 4850 4876 1655 2816 3440
3606 1063 2418 3157 3661 4044 2690 5020 5060 4632 5769 6481 4205 5147 6370 4805 2280 3498 4242 5800 5100 2901 1104 1456 3008 5003 4123 4472 2009 3889 3046 6403 3962 1860 4360 5381 3920 4501 6105 4838 3900 424 0 509 3452 3848 4560 3501 3373 2418 4200 2865 4579 5872 5859 5622 1421 5166 5235 7433 5000 2247 1615 1676 900 6603 7161 4103 2983 3640 5135 4491 5015 1562 2570 3397
3189 670 2118 2647 3312 3901 2267 4601 4687 4123 5277 6030 3721 4870 5966 4627 1772 3023 3765 5437 5024 2863 1166 1029 2563 4501 3679 4178 1923 3667 2789 5894 3452 1414 3996 4981 3905 4418 5630 4332 3401 447 509 0 2942 3573 4188 3423 3206 1941 3701 2385 4248 5445 5554 5135 1166 4964 4750 7029 5028 2385 1403 1170 1403 6129 6700 3701 2607 3716 5119 4522 4518 1208 2402 3000
2061 2601 2662 300 2729 4404 1843 2906 3413 1208 2617 3801 1431 4301 4197 4750 1200 1264 1442 4100 5640 4188 3535 2236 1486 1649 2009 3676 3492 3801 3111 2973 509 1964 3008 3405 5032 5108 3162 1500 921 3228 3452 2942 0 3413 3059 4393 3818 1345 1000 1204 3448 3517 4652 2459 2745 4875 2247 5154 6152 4459 2941 1802 4341 3640 4326 2473 2267 5269 6020 5738 1843 2473 3383 2195
1414 2912 1456 3264 707 1118 1746 2000 1581 3764 3736 3535 2580 1300 2954 1341 2961 2202 4854 2163 2262 1802 2941 3905 4492 4738 1835 640 2051 447 806 4976 3623 2402 1000 2061 2039 1802 3612 3605 2828 4016 3848 3573 3413 0 1204 1500 921 3883 4360 2284 894 2745 2024 5656 4428 1529 3162 3944 2952 2778 2236 3000 4301 4000 4257 1300 1236 2600 2720 2657 3354 2376 1414 1220
1118 3522 2193 3014 921 2236 1969 806 500 3023 2640 2334 1835 1303 1860 2109 3059 1811 4427 1252 3176 2983 3828 4237 4401 4049 1077 894 3052 1603 1788 3944 3101 2817 223 894 3214 2846 2433 2765 2247 4632 4560 4188 3059 1204 0 2701 2121 3920 3862 2220 500 1552 1603 4964 4810 2051 2109 2906 4016 3900 3041 3324 5162 2801 3059 600 1581 3801 3716 3785 2408 3000 2459 1208
2692 2886 1780 4172 2061 707 2549 3500 3041 5011 5197 5024 3900 2332 4368 1500 3580 3361 5798 3511 1603 632 2408 4110 5131 5907 3228 1964 1503 1118 1303 6389 4720 2778 2500 3535 640 1000 5108 4924 4031 3805 3501 3423 4393 1500 2701 0 632 4441 5390 3189 2334 4229 3106 6800 4512 1920 4609 5292 1780 1664 2061 3354 3640 5500 5742 2745 2163 1100 1746 1345 4743 2469 1118 2416
2061 2601 1300 3612 1431 707 1984 2906 2500 4390 4570 4455 3269 1979 3862 1431 3088 2745 5240 3041 1931 894 2340 3765 4652 5300 2596 1476 1392 640 707 5756 4123 2340 1910 2983 1252 1341 4501 4295 3413 3622 3373 3206 3818 921 2121 632 0 3981 4810 2617 1802 3667 2758 6200 4219 1802 3981 4830 2334 1920 1802 2941 3667 4904 5178 2121 1562 1711 2220 1941 4110 2121 806 1788
2807 1886 2683 1140 3313 4661 2137 3984 4356 2523 3959 5077 2641 5008 5348 5192 921 2184 1824 5099 5909 4060 2865 1004 707 2647 3008 4318 3182 4176 3324 4248 1802 1664 3805 4464 5047 5322 4482 2842 2163 2100 2418 1941 1345 3883 3920 4441 3981 0 1824 1702 4200 4701 5508 3206 1431 5412 3560 6356 6212 4000 2545 1131 3313 4967 5640 3324 2647 5099 6177 5742 3182 2051 3328 2801
2968 3471 3661 1252 3661 5381 2842 3551 4148 1140 2692 4100 2061 5147 4701 5685 2088 2163 600 4767 6606 5186 4438 2828 1526 824 2785 4565 4472 4763 4103 2561 761 2915 3848 4044 6030 6087 3352 1552 1615 3911 4200 3701 1000 4360 3862 5390 4810 1824 0 2202 4295 4001 5412 1486 3228 5780 2531 5557 7144 5423 3900 2647 5100 3769 4494 3310 3252 6268 7003 6735 2039 3417 4382 3140
1104 1838 1476 1000 1649 3220 640 2370 2668 2022 2915 3676 1341 3324 3758 3624 854 640 2624 3420 4465 3001 2617 2109 2236 2773 1389 2647 2376 2641 1910 3705 1565 1044 2102 2823 3828 3920 3244 2102 1104 2780 2865 2385 1204 2284 2220 3189 2617 1702 2202 0 2501 3162 3805 3635 2692 3794 2370 4802 4949 3373 1902 1272 3676 3744 4327 1627 1081 4081 4827 4534 2184 1513 2195 1118
1414 3577 2163 3373 948 1802 2137 1264 707 3500 3130 2701 2302 854 2061 1612 3306 2184 4846 1280 2683 2692 3753 4414 4726 4522 1526 412 2906 1216 1627 4441 3534 2941 447 1204 2800 2376 2886 3255 2683 4695 4579 4248 3448 894 500 2334 1802 4200 4295 2501 0 1902 1334 5440 4972 1555 2607 3052 3544 3671 3000 3492 5108 3224 3413 984 1676 3423 3231 3337 2906 3041 2280 1403
2267 4810 3635 3605 2416 3700 3182 860 1200 2906 1749 800 2088 2308 700 3373 3996 2555 4601 1140 4438 4535 5269 5269 5000 3863 1780 2300 4561 3114 3324 3061 3324 4031 1772 700 4701 4229 1204 2517 2596 5872 5872 5445 3517 2745 1552 4229 3667 4701 4001 3162 1902 0 2000 4684 5852 3162 1529 1655 5375 5442 4465 4420 6560 1392 1513 1802 2941 5323 5021 5215 2022 4327 3992 2500
2701 4884 3443 4617 2280 2418 3471 1923 1264 4477 3679 2683 3352 781 1676 1772 4627 3413 5990 860 2701 3623 4964 5748 6003 5503 2647 1389 4060 2121 2830 5020 4657 4272 1702 1500 3361 2692 3201 4159 3807 6000 5859 5554 4652 2024 1603 3106 2758 5508 5412 3805 1334 2000 0 6395 6306 1414 3301 2319 3712 4675 4254 4827 6324 3361 3257 2202 3008 4071 3301 3687 3721 4346 3420 2729
4242 4947 5110 2731 4949 6726 4272 4472 5147 1941 3026 4527 3140 6268 5360 6942 3573 3471 1403 5646 7919 6637 5920 4201 2716 921 3920 5762 5950 6082 5500 2184 2080 4401 5000 4924 7440 7433 3721 2236 2828 5303 5622 5135 2459 5656 4964 6800 6200 3206 1486 3635 5440 4684 6395 0 4517 6981 3162 6029 8527 6907 5385 4123 6519 4000 4704 4482 4640 7717 8354 8140 2692 4904 5830 4459
3716 1627 3001 2500 4026 4925 2846 5060 5292 3944 5326 6325 3894 5688 6449 5600 1860 3301 3114 6053 6100 3984 2332 583 1802 4052 4081 4981 3036 4601 3701 5679 3224 2039 4648 5500 5028 5491 5798 4243 3465 1000 1421 1166 2745 4428 4810 4512 4219 1431 3228 2692 4972 5852 6306 4517 0 5903 4879 7494 6168 3551 2451 1486 2193 6293 6935 4254 3298 4875 6236 5664 4545 2102 3436 3605
2817 4328 2901 4753 2154 1220 3275 2745 2059 5044 4632 3929 3841 854 3014 424 4491 3623 6306 2121 1303 2523 4143 5400 6016 6060 3061 1220 3195 1303 2202 5964 5024 3905 1984 2507 2024 1300 4295 4810 4188 5393 5166 4964 4875 1529 2051 1920 1802 5412 5780 3794 1555 3162 1414 6981 5903 0 4140 3733 2302 3580 3569 4509 5462 4554 4570 2500 2765 2745 1902 2280 4459 3811 2596 2692
2000 4204 3423 2420 2549 4272 2692 1414 2121 1403 600 1581 1029 3330 2220 4219 3061 1746 3125 2505 5283 4716 4904 4318 3712 2334 1403 3001 4428 3605 3413 1835 1931 3401 2236 1802 5192 4924 921 1000 1414 5131 5235 4750 2247 3162 2109 4609 3981 3560 2531 2370 2607 1529 3301 3162 4879 4140 0 3026 6092 5414 4123 3605 6041 1414 2080 1868 2707 5688 5813 5818 500 3827 4000 2300
3841 6378 5099 5255 3828 4648 4763 2441 2420 4428 3006 1503 3733 3008 1063 4079 5643 4205 6152 1788 5015 5724 6735 6911 6640 5300 3413 3354 5940 4204 4661 4080 4924 5622 3124 2051 5632 5000 2308 4019 4237 7465 7433 7029 5154 3944 2906 5292 4830 6356 5557 4802 3052 1655 2319 6029 7494 3733 3026 0 6029 6723 5946 6046 8065 2088 1526 3330 4455 6324 5614 6001 3522 5872 5325 4036
4326 4569 3560 5941 3635 1835 4313 4808 4197 6685 6648 6166 5522 3106 5303 2009 5360 5060 7569 4404 1019 2193 3905 5818 6906 7621 4788 3132 3138 2505 3041 7920 6453 4548 3862 4687 1166 1170 6428 6551 5720 5360 5000 5028 6152 2952 4016 1780 2334 6212 7144 4949 3544 5375 3712 8527 6168 2302 6092 6029 0 2807 3757 5110 4901 6746 6835 4248 3894 1400 447 509 6306 4205 2884 4080
3423 2126 2000 4178 3036 2360 2816 4617 4338 5393 6013 6198 4501 3894 5724 3162 3354 3811 5682 4939 3104 1063 1220 3330 4701 6103 4031 3383 1004 2561 2118 7017 4904 2507 3676 4792 1843 2563 6100 5433 4440 2640 2247 2385 4459 2778 3900 1664 1920 4000 5423 3373 3671 5442 4675 6907 3551 3580 5414 6723 2807 0 1523 2884 2102 6551 6926 3710 2707 1414 3006 2302 5400 2012 1456 3125
2236 824 848 2657 2121 2500 1431 3605 3535 3920 4707 5147 3140 3534 4891 3224 1835 2418 4167 4252 3649 1565 806 2061 3252 4588 2823 2865 640 2280 1431 5600 3395 984 2828 3905 2600 3041 4904 4000 3000 1824 1615 1403 2941 2236 3041 2061 1802 2545 3900 1902 3000 4465 4254 5385 2451 3569 4123 5946 3757 1523 0 1414 2121 5385 5859 2662 1526 2561 3794 3264 4031 500 1000 1972
2236 824 1649 1503 2549 3640 1360 3605 3807 2961 4118 4949 2580 4229 4992 4242 608 1910 2823 4569 4870 2941 1802 921 1838 3413 2640 3522 2051 3224 2334 4729 2308 608 3162 4031 3944 4272 4500 3162 2236 1526 1676 1170 1802 3000 3324 3354 2941 1131 2647 1272 3492 4420 4827 4123 1486 4509 3605 6046 5110 2884 1414 0 2549 5000 5597 2773 1824 3969 5099 4632 3354 921 2236 2118
4301 1838 2969 4044 4242 4272 3413 5700 5656 5510 6592 7211 5015 5575 7009 5069 3157 4295 5135 6370 5178 3008 1360 2334 3883 5903 4854 4940 2282 4254 3500 7278 4850 2640 4949 6020 3931 4609 6888 5700 4743 1236 900 1403 4341 4301 5162 3640 3667 3313 5100 3676 5108 6560 6324 6519 2193 5462 6041 8065 4901 2102 2121 2549 0 7382 7907 4763 3623 3501 5108 4400 5852 2247 2915 4060
3162 5556 4617 3828 3535 5024 3981 2000 2549 2640 1077 707 2420 3700 1769 4753 4468 3106 4332 2505 5824 5731 6184 5731 5077 3354 2563 3634 5604 4404 4455 1992 3275 4750 3000 2061 6013 5590 500 2236 2828 6521 6603 6129 3640 4000 2801 5500 4904 4967 3769 3744 3224 1392 3361 4000 6293 4554 1414 2088 6746 6551 5385 5000 7382 0 728 2844 3889 6600 6403 6562 1802 5142 5099 3448
3623 6103 5056 4500 3889 5203 4494 2308 2707 3361 1802 728 3041 3733 1581 4825 5091 3687 5059 2451 5869 6041 6664 6365 5780 4079 3052 3805 6016 4627 4808 2630 3982 5300 3275 2209 6207 5707 1166 2954 3482 7106 7161 6700 4326 4257 3059 5742 5178 5640 4494 4327 3413 1513 3257 4704 6935 4570 2080 1526 6835 6926 5859 5597 7907 728 0 3231 4338 6835 6462 6702 2505 5660 5470 3891
538 3047 1835 2418 700 2416 1442 943 1044 2549 2451 2507 1345 1838 2267 2475 2473 1216 3862 1802 3500 2901 3466 3676 3801 3560 565 1280 2785 1746 1612 3676 2549 2302 538 1280 3324 3088 2408 2343 1700 4140 4103 3701 2473 1300 600 2745 2121 3324 3310 1627 984 1802 2202 4482 4254 2500 1868 3330 4248 3710 2662 2773 4763 2844 3231 0 1140 3832 3996 3956 2059 2545 2256 707
728 1941 728 2080 728 2140 509 2080 2080 2863 3306 3623 1824 2408 3394 2563 1726 1208 3701 2830 3383 2088 2332 2745 3257 3744 1334 1702 1726 1565 860 4356 2561 1264 1389 2404 2801 2842 3420 2816 1878 3052 2983 2607 2267 1236 1581 2163 1562 2647 3252 1081 1676 2941 3008 4640 3298 2765 2707 4455 3894 2707 1526 1824 3623 3889 4338 1140 0 3138 3753 3500 2716 1421 1315 447
3736 3328 2607 5021 3140 1676 3448 4600 4130 6000 6280 6120 4933 3324 5434 2332 4318 4346 6621 4560 1886 1081 2563 4579 5805 6847 4295 3041 1920 2209 2308 7446 5643 3465 3600 4627 721 1486 6207 5946 5015 4016 3640 3716 5269 2600 3801 1100 1711 5099 6268 4081 3423 5323 4071 7717 4875 2745 5688 6324 1400 1414 2561 3969 3501 6600 6835 3832 3138 0 1649 905 5797 3047 1886 3448
4123 4617 3498 5825 3420 1627 4201 4494 3860 6481 6356 5805 5300 2729 4916 1649 5300 4883 7451 4019 600 2256 4031 5852 6860 7441 4548 2823 3201 2280 2920 7647 6293 4517 3577 4341 1216 921 6103 6324 5531 5474 5135 5119 6020 2720 3716 1746 2220 6177 7003 4827 3231 5021 3301 8354 6236 1902 5813 5614 447 3006 3794 5099 5108 6403 6462 3996 3753 1649 0 761 6053 4215 2863 3894
3982 4071 3114 5517 3310 1552 3894 4589 4019 6328 6389 6013 5188 3014 5208 1923 4904 4687 7142 4310 1140 1700 3395 5322 6440 7242 4477 2927 2640 2213 2640 7632 6060 4080 3613 4517 707 1004 6216 6217 5353 4850 4491 4522 5738 2657 3785 1345 1941 5742 6735 4534 3337 5215 3687 8140 5664 2280 5818 6001 509 2302 3264 4632 4400 6562 6702 3956 3500 905 761 0 6000 3721 2420 3721
2061 4016 3401 2051 2692 4472 2607 1802 2500 905 781 2061 900 3679 2716 4500 2778 1612 2630 2954 5547 4785 4785 4000 3275 1843 1523 3280 4400 3801 3492 1649 1476 3228 2500 2236 5348 5147 1341 500 1118 4876 5015 4518 1843 3354 2408 4743 4110 3182 2039 2184 2906 2022 3721 2692 4545 4459 500 3522 6306 5400 4031 3354 5852 1802 2505 2059 2716 5797 6053 6000 0 3687 4031 2353
2061 538 921 2184 2109 2828 1166 3471 3500 3501 4396 4964 2816 3668 4810 3500 1341 2088 3671 4243 4026 2024 1104 1649 2758 4123 2607 2973 1131 2507 1612 5215 2942 509 2801 3820 3041 3420 4651 3612 2617 1655 1562 1208 2473 2376 3000 2469 2121 2051 3417 1513 3041 4327 4346 4904 2102 3811 3827 5872 4205 2012 500 921 2247 5142 5660 2545 1421 3047 4215 3721 3687 0 1360 1838
2000 1811 721 3140 1581 1500 1565 3162 2915 4143 4600 4743 3140 2662 4304 2236 2483 2500 4750 3560 2668 806 1565 3008 4022 4964 2601 2051 640 1341 670 5671 3758 1664 2236 3354 1720 2061 4652 4123 3162 2816 2570 2402 3383 1414 2459 1118 806 3328 4382 2195 2280 3992 3420 5830 3436 2596 4000 5325 2884 1456 1000 2236 2915 5099 5470 2256 1315 1886 2863 2420 4031 1360 0 1700
300 2343 1170 2061 538 2267 761 1640 1700 2607 2900 3176 1486 2209 2973 2555 1902 989 3635 2459 3471 2433 2778 3036 3354 3546 905 1529 2158 1627 1140 4002 2408 1612 1044 1984 3041 2973 2983 2507 1640 3440 3397 3000 2195 1220 1208 2416 1788 2801 3140 1118 1403 2500 2729 4459 3605 2692 2300 4036 4080 3125 1972 2118 4060 3448 3891 707 447 3448 3894 3721 2353 1838 1700 0
# set of given starting solutions
0 8 55 70 36 69 57 4 12 20 61 50 25 68 2 74 39 5 11 60 54 64 21 58 66 43 16 38 32 10 42 72 14 44 23 47 26 53 65 48 17 6 75 52 31 41 27 73 29 46 15 33 49 19 71 24 67 45 1 62 18 13 22 3 56 9 51 34 28 40 37 59 7 35 30 63 0
0 37 46 39 30 75 16 56 71 48 35 42 51 36 43 66 62 52 61 49 20 50 31 23 11 44 68 59 17 65 27 40 9 45 60 29 3 74 33 26 72 19 63 25 67 34 73 69 15 24 4 53 58 54 28 57 1 22 41 64 38 32 8 55 10 21 13 14 5 12 6 70 47 2 7 18 0
0 25 33 62 51 56 3 6 16 20 23 11 5 19 2 69 9 53 32 13 14 30 12 72 66 43 44 41 35 71 48 18 61 36 22 37 21 46 8 40 4 31 47 55 73 49 17 52 26 45 29 60 38 42 39 65 64 24 27 74 10 7 34 1 75 59 68 70 58 50 63 67 54 15 28 57 0
0 71 25 54 17 12 74 73 65 2 23 34 69 13 45 57 63 58 33 40 27 6 59 60 50 18 7 10 19 1 64 48 72 70 30 68 46 3 55 44 24 47 67 5 14 21 15 16 22 28 35 52 61 29 51 42 56 4 49 11 8 38 75 39 36 53 66 32 41 26 31 43 37 20 62 9 0
0 35 9 59 75 44 50 56 42 23 70 68 40 49 21 51 19 67 25 33 74 30 66 16 1 14 45 15 20 54 10 38 6 8 24 62 28 22 46 34 17 63 27 29 26 52 31 72 39 71 64 18 7 5 60 48 11 69 3 32 47 37 12 13 53 36 65 57 41 55 43 2 61 58 4 73 0
0 52 23 63 17 39 7 69 64 4 26 50 19 75 36 46 1 37 40 6 27 21 59 25 74 9 66 71 72 2 30 18 38 51 32 62 12 15 34 54 28 58 57 16 43 42 68 10 29 60 44 22 11 8 61 70 33 53 48 56 13 55 31 73 14 20 67 45 3 41 47 49 5 65 24 35 0
0 20 14 62 40 74 47 51 49 15 63 65 34 39 17 42 58 18 52 5 56 48 50 3 16 29 38 8 19 54 6 10 28 69 26 64 55 43 11 22 71 72 37 67 41 73 21 30 23 9 75 33 31 57 45 13 7 60 25 61 36 68 24 32 27 53 4 70 35 59 12 2 44 46 1 66 0
0 33 52 2 3 18 65 73 44 4 54 24 58 53 60 49 71 8 14 75 56 68 32 69 23 47 1 9 26 50 63 15 55 48 67 20 30 13 41 7 61 43 35 46 22 38 34 6 39 16 36 10 5 17 51 11 21 12 59 19 25 57 64 28 45 29 74 31 42 37 40 70 62 27 66 72 0
0 17 23 25 11 13 45 31 28 15 21 34 74 66 59 65 32 56 63 18 33 35 42 41 2 50 36 40 57 30 44 10 27 4 1 14 58 3 8 24 71 12 37 39 20 38 60 6 51 46 64 67 26 48 73 19 61 70 69 75 47 52 49 68 54 22 55 72 53 43 9 7 16 29 62 5 0
0 68 15 41 22 61 58 39 46 50 51 7 44 48 56 28 19 47 55 53 49 32 73 36 52 14 65 38 37 12 33 45 11 25 72 18 74 9 54 62 66 35 8 16 34 2 29 69 40 27 24 71 43 10 23 60 6 3 17 63 21 70 20 5 4 31 42 13 67 26 75 1 59 57 64 30 0
0 23 27 45 33 69 34 51 16 2 47 53 26 70 55 41 60 4 44 8 1 58 46 38 24 59 54 28 37 68 49 17 19 22 66 25 56 31 11 7 67 5 18 64 65 6 40 15 74 39 12 61 71 75 14 36 20 48 72 63 10 30 13 3 73 9 62 21 42 57 50 29 52 32 43 35 0
0 61 3 46 56 22 53 14 10 65 52 48 30 60 67 27 37 49 42 55 40 70 29 13 4 59 63 73 17 12 35 26 25 64 71 28 68 75 45 36 9 24 72 1 6 5 43 18 11 7 8 21 51 54 50 19 38 74 2 16 69 62 44 23 57 47 58 31 15 33 34 41 39 20 66 32 0
0 36 22 9 7 17 29 8 73 66 40 2 65 57 51 15 35 58 28 69 63 72 54 75 11 18 53 14 45 26 30 55 52 20 24 50 34 60 70 3 64 6 13 27 67 42 12 71 48 32 23 39 61 44 74 25 16 38 59 62 21 56 1 10 41 37 5 19 46 31 33 49 43 4 68 47 0
0 66 13 17 8 20 45 68 1 31 54 52 62 38 29 67 23 10 36 33 69 74 6 43 24 44 60 19 39 35 28 72 48 41 25 4 50 73 75 3 61 14 63 18 7 37 71 42 30 58 49 22 47 32 2 26 40 70 65 55 53 64 9 51 27 16 12 59 46 56 21 15 11 57 34 5 0
0 27 75 14 25 19 46 41 67 4 28 63 58 10 53 21 64 8 68 54 34 55 35 57 48 47 74 49 3 62 5 70 42 1 65 66 16 18 60 24 51 23 45 32 11 61 39 44 6 38 12 71 13 30 36 73 26 7 52 37 31 2 40 33 59 50 69 20 72 22 17 43 15 9 56 29 0
0 5 53 22 49 9 31 18 70 4 20 16 46 10 17 48 3 28 65 11 74 55 37 30 15 19 44 36 23 66 50 32 58 35 39 60 2 61 45 21 64 71 51 68 38 59 12 40 33 41 67 72 42 62 14 63 29 8 34 26 7 52 6 25 54 75 1 43 24 56 73 57 69 27 47 13 0
0 65 66 33 46 34 30 60 2 13 68 49 51 40 7 19 72 32 16 61 28 64 35 21 71 5 56 53 48 8 6 69 62 23 54 27 14 31 42 44 55 20 1 73 29 67 17 15 9 41 38 26 12 58 52 63 45 74 47 24 25 43 36 10 70 50 37 11 22 4 57 3 39 18 59 75 0
0 22 38 60 11 4 69 45 33 70 51 14 71 50 66 64 49 37 55 8 61 44 40 67 73 56 41 46 3 53 48 59 54 29 21 25 9 42 30 2 16 5 63 57 28 58 15 47 65 27 74 36 20 68 34 62 17 18 24 6 10 43 39 12 75 23 32 7 72 1 35 13 52 31 26 19 0
0 37 74 59 10 20 56 14 65 11 38 28 8 73 43 69 34 66 60 2 33 25 6 61 39 40 49 4 30 12 19 5 64 22 7 70 48 36 26 27 58 53 52 63 15 67 44 3 47 51 32 17 21 45 24 71 1 41 68 50 62 18 29 23 54 13 9 72 57 42 31 55 75 16 46 35 0
0 40 59 64 9 45 27 39 29 28 43 12 50 16 21 33 35 30 49 4 1 26 48 73 72 15 44 66 25 53 74 3 17 11 65 68 54 47 37 63 56 41 71 67 19 24 31 13 22 70 58 20 51 34 2 14 32 60 42 62 75 57 61 36 5 69 18 6 7 8 38 10 46 55 52 23 0
0 26 59 11 38 75 15 54 20 53 8 64 72 73 66 39 47 74 68 18 49 50 43 17 16 48 6 61 58 25 36 19 29 24 13 2 71 67 33 55 21 35 57 40 52 27 23 70 69 37 62 65 56 9 7 10 12 34 41 32 45 28 4 42 30 44 14 60 5 51 1 3 46 63 22 31 0
0 23 57 19 32 31 4 64 35 68 7 29 20 56 39 2 62 52 42 38 6 11 75 70 63 25 22 28 26 33 5 12 27 47 13 15 74 55 30 24 14 53 9 61 10 69 65 41 45 3 8 21 16 36 37 58 18 59 48 40 44 49 67 66 1 51 17 73 43 60 54 50 34 72 71 46 0
0 33 40 22 74 32 52 7 9 75 43 25 48 30 38 65 24 69 15 56 34 16 3 58 47 41 36 19 50 13 21 2 8 1 14 27 63 62 35 4 46 53 31 45 73 26 11 64 20 70 59 55 49 61 57 44 67 72 42 12 71 68 60 28 54 23 51 5 29 18 6 39 37 66 10 17 0
0 58 33 43 17 30 29 64 66 1 12 75 31 69 63 34 72 67 20 22 71 39 13 47 14 54 15 32 37 65 18 40 4 35 59 23 70 62 16 46 26 11 27 41 24 50 9 61 28 57 52 55 7 5 68 2 6 25 8 51 44 19 49 3 38 74 48 45 36 53 21 10 60 73 42 56 0
0 26 23 18 62 2 32 38 44 59 27 21 9 71 68 75 39 12 41 64 7 34 24 58 56 61 42 17 65 57 46 16 29 67 43 45 10 30 35 37 53 40 74 25 36 63 20 22 73 19 47 49 28 69 60 54 8 11 4 15 70 14 50 5 52 66 51 55 48 6 3 13 31 33 1 72 0
0 9 24 71 51 29 13 46 75 25 34 16 74 64 56 21 17 49 11 70 15 67 23 60 39 53 26 38 72 14 18 52 5 31 68 4 30 69 48 40 35 54 33 37 58 43 47 44 41 3 32 28 59 12 8 62 22 27 7 1 66 57 63 10 20 19 55 45 36 6 65 73 42 2 50 61 0
0 22 12 50 66 26 64 1 71 40 23 11 39 43 6 68 5 16 54 19 2 46 47 58 20 31 49 10 51 37 18 17 56 72 65 55 36 27 75 30 63 62 29 48 41 3 28 73 60 59 14 38 74 69 67 33 4 15 53 25 52 57 45 35 32 34 70 61 24 8 13 9 21 42 44 7 0
0 69 65 35 66 22 46 23 39 33 56 40 18 57 26 70 17 51 74 19 43 21 9 30 50 10 2 54 4 75 29 64 58 61 16 13 36 12 34 20 68 55 24 6 14 47 72 27 5 37 44 63 8 3 15 53 11 71 38 7 25 42 28 31 1 41 49 60 62 52 48 32 67 59 45 73 0
0 30 29 9 69 62 56 5 24 15 45 21 40 36 23 10 73 1 75 43 32 8 39 67 3 47 57 63 38 54 65 52 59 16 31 61 4 25 58 28 19 33 35 27 46 55 18 13 42 12 11 26 71 17 60 68 44 48 7 37 51 14 2 64 49 41 20 6 22 72 34 70 50 53 66 74 0
0 31 36 1 16 10 32 4 63 73 3 49 65 23 48 5 68 35 9 21 19 64 14 7 28 55 12 22 20 56 17 52 11 54 2 13 74 58 42 61 29 43 30 71 66 18 53 41 33 45 75 51 60 62 50 25 47 26 40 27 67 15 57 59 38 34 37 46 70 44 39 69 24 6 72 8 0
0 50 35 34 19 39 44 17 9 40 67 73 6 24 54 22 53 38 72 66 15 12 62 32 56 20 7 29 47 11 49 63 60 5 42 74 51 61 45 23 2 41 64 27 36 48 1 57 18 8 43 71 58 70 4 21 37 30 13 16 28 25 59 31 55 68 26 10 46 65 52 14 75 33 69 3 0
0 24 19 61 57 71 29 72 43 56 39 22 64 55 51 48 36 38 8 74 25 60 58 16 6 20 31 9 67 14 27 49 11 33 52 15 2 34 23 28 59 12 40 3 7 70 69 42 62 5 47 10 54 17 13 50 32 73 26 66 53 45 68 46 63 65 37 30 4 75 21 35 41 18 44 1 0
0 12 9 46 26 70 2 16 28 73 45 41 17 10 30 8 19 50 55 7 47 54 39 51 34 63 15 38 53 22 31 35 14 71 37 68 49 74 33 25 42 57 36 21 52 58 60 4 43 61 75 5 67 32 65 18 23 56 69 20 64 62 44 6 11 48 1 24 29 59 72 27 13 3 66 40 0
0 36 54 51 38 7 64 42 4 5 60 37 70 32 50 56 75 23 46 39 66 58 65 45 22 59 28 68 27 17 63 34 19 12 26 72 15 10 16 8 20 33 9 44 61 11 62 1 67 2 53 74 31 29 55 69 71 13 25 14 21 47 57 24 41 3 35 52 73 40 30 48 18 6 49 43 0
0 60 37 65 57 41 34 22 3 8 73 48 30 55 68 45 40 38 47 9 66 59 12 74 11 14 4 61 24 50 32 62 18 53 13 21 10 17 7 2 71 31 42 39 75 56 5 63 33 36 46 1 43 67 6 29 27 28 16 44 49 20 23 70 58 15 35 69 52 25 72 19 26 64 51 54 0
0 67 60 49 57 27 11 22 1 44 41 30 9 18 20 52 36 72 13 74 10 65 29 56 54 73 63 55 16 71 39 66 17 46 6 3 45 61 37 38 69 31 40 34 28 33 42 23 47 5 75 68 70 8 35 21 64 53 2 19 32 24 50 51 59 25 43 4 26 15 7 48 58 12 14 62 0
0 13 46 38 69 64 20 55 45 19 32 29 74 41 3 40 18 22 10 24 4 26 63 67 70 33 54 68 31 59 50 8 9 61 72 35 58 71 30 25 7 43 12 28 52 5 49 60 65 21 1 11 37 17 2 44 73 56 34 51 66 62 57 16 14 53 6 42 47 36 15 23 39 48 27 75 0
0 48 18 12 39 15 16 30 64 65 31 66 44 59 63 52 9 1 70 7 58 46 33 43 34 61 19 54 72 41 37 49 67 25 45 32 60 14 53 42 56 6 29 68 69 22 24 27 62 3 2 11 5 35 47 23 75 50 21 38 57 55 26 74 10 4 51 40 36 20 17 73 13 28 8 71 0
0 61 1 5 74 16 71 56 2 43 34 53 9 37 6 36 50 14 47 70 8 45 35 33 63 20 62 73 27 48 39 24 52 42 40 7 22 60 75 67 58 64 12 10 11 31 38 21 72 54 41 46 18 23 65 59 69 15 57 68 49 13 26 55 3 28 51 4 66 44 30 32 29 25 19 17 0
0 37 59 43 62 15 44 57 17 4 2 19 74 38 27 50 58 65 35 34 20 25 70 36 8 3 28 46 16 60 22 39 53 10 73 1 48 63 30 54 40 32 49 5 52 6 55 12 18 72 24 75 21 69 66 11 29 64 68 9 23 7 51 47 33 42 13 71 26 61 31 45 67 56 14 41 0
0 62 16 74 29 45 31 7 1 13 38 48 30 58 4 72 52 34 25 67 24 40 66 37 43 5 32 3 14 6 23 39 68 65 9 64 73 47 49 12 46 28 20 69 44 26 50 11 42 57 10 53 19 54 61 22 60 36 75 51 59 55 21 8 71 41 18 35 70 27 33 15 2 17 63 56 0
0 54 20 56 49 14 2 37 16 17 41 62 8 73 33 66 36 10 59 35 63 71 64 74 70 4 26 52 34 55 40 53 45 39 6 46 44 11 43 61 25 27 48 30 12 57 15 65 51 67 72 9 42 5 28 13 21 7 1 68 18 75 31 38 3 32 23 69 19 47 24 29 58 22 60 50 0
0 11 35 37 52 57 53 66 20 29 38 59 23 65 30 14 74 12 27 41 45 24 8 36 42 39 22 47 43 58 72 69 16 6 13 21 5 75 9 17 55 50 3 49 56 61 71 2 64 31 51 19 70 54 68 7 18 44 15 33 32 48 28 4 62 73 67 46 25 1 60 40 63 10 26 34 0
0 53 19 12 28 17 9 29 10 51 37 61 5 21 67 33 20 38 36 74 14 18 57 54 50 56 11 3 69 27 45 49 48 64 30 62 55 66 16 26 8 1 6 25 41 52 32 59 39 47 40 24 68 43 73 60 7 2 22 23 75 13 58 4 34 31 42 72 71 35 44 46 70 63 15 65 0
0 7 30 33 12 17 60 47 3 65 51 68 34 23 70 39 59 50 20 4 31 28 43 66 62 75 67 2 25 1 36 71 11 8 21 48 45 72 58 16 14 74 29 41 57 54 73 24 37 52 61 10 32 19 18 15 46 40 69 9 22 63 49 27 55 64 44 6 38 13 26 35 53 42 5 56 0
0 63 35 18 6 3 44 16 75 72 74 51 61 48 47 43 41 45 4 1 68 27 31 11 19 39 65 50 55 2 69 42 62 60 56 57 30 52 26 73 8 7 67 66 37 23 64 12 20 5 58 38 53 40 13 21 17 29 33 15 59 34 9 54 24 22 71 49 36 46 28 25 32 10 14 70 0
0 25 36 24 45 11 51 50 38 67 5 63 28 30 43 48 39 10 34 31 53 21 23 18 69 70 61 72 26 19 15 14 55 57 2 56 54 9 42 1 58 47 20 29 37 52 17 49 7 40 32 65 6 12 64 74 46 8 3 75 33 22 44 41 68 35 73 27 71 4 60 62 16 59 13 66 0
0 8 21 15 49 28 37 68 38 51 48 12 41 74 4 23 9 56 20 25 60 42 65 55 1 75 11 2 52 35 46 26 58 62 61 47 13 64 39 54 7 16 33 36 63 73 57 59 69 3 50 17 72 5 44 14 71 34 30 70 32 10 53 66 6 18 29 31 40 67 24 19 45 43 22 27 0
0 48 37 38 59 65 56 63 20 35 47 68 31 72 28 71 43 70 5 41 62 39 51 49 42 21 66 6 69 8 40 1 67 30 15 50 55 12 53 14 9 11 2 26 16 7 57 36 73 22 58 23 60 3 17 74 24 61 32 29 25 45 33 52 27 34 75 64 10 19 4 54 13 18 44 46 0
0 57 49 46 55 8 62 2 71 1 24 21 72 54 17 52 30 53 28 48 74 37 33 19 14 4 41 67 25 70 29 10 27 43 69 23 66 73 16 13 3 44 60 31 6 22 75 68 7 32 61 34 18 64 47 50 9 45 26 63 38 59 51 40 42 12 36 5 15 39 11 58 35 56 20 65 0
0 2 21 7 59 12 23 49 75 51 71 15 41 24 72 4 34 26 14 10 3 57 53 29 45 17 58 38 6 39 28 44 65 18 35 50 11 36 1 69 27 54 74 13 22 8 56 63 31 61 43 20 55 40 67 62 33 32 46 19 9 37 52 42 64 30 47 25 70 73 66 60 5 16 48 68 0
0 18 17 5 38 75 21 44 71 23 2 50 4 28 10 65 31 58 63 32 40 55 26 8 48 53 9 59 39 20 72 22 30 11 24 27 43 47 60 57 61 37 33 68 19 7 51 35 42 15 73 46 13 74 52 25 54 70 1 29 36 34 56 16 64 67 66 41 3 62 6 49 45 12 14 69 0
