# n n_solutions
76 1000
# n x n distance matrix
0 640 1200 707 921 500 509 282 848 600 100 700 632 800 1140 8570 9308 8910 8287 9604 8683 8612 8547 9304 9688 8705 8688 9608 9677 8228 9319 8125 8174 9204 9618 316 3440 3138 1886 1204 1941 3124 3471 2954 3301 2256 3687 1824 3982 2451 1780 1802 3313 4177 6609 9055 9651 10829 7256 9924 9984 9257 7481 5770 7605 10178 6397 806 1627 781 824 1389 1004 360 1726 538
640 0 943 100 447 800 608 360 223 412 583 447 728 640 500 8256 8945 8612 7983 9360 8443 8381 8220 8935 9411 8338 8420 9243 9425 8005 8967 7874 7937 8836 9265 921 3667 3023 1920 894 1503 3312 3911 3298 2927 2059 3453 2302 4167 2901 1886 1702 3863 4326 6935 9413 10111 11204 7762 10429 10331 9751 7962 6400 8100 10816 7021 1421 1655 1414 500 761 1456 282 1204 316
1200 943 0 860 1345 854 707 1019 848 1341 1100 1389 632 400 1029 7382 8109 7727 7102 8448 7528 7463 7355 8105 8514 7505 7518 8409 8516 7083 8122 6964 7021 8005 8421 1503 2912 2080 1077 100 806 2529 3436 2700 2102 1118 2529 2012 3361 2500 1118 781 3624 3488 7792 10248 10846 12026 8434 11100 11175 10439 8670 6420 7653 10885 6989 1941 2594 1868 447 1300 2202 1044 1923 728
707 100 860 0 500 806 600 424 141 509 640 538 707 583 447 8158 8845 8514 7885 9265 8348 8287 8121 8836 9314 8238 8324 9144 9330 7912 8868 7779 7843 8736 9166 1000 3624 2941 1860 806 1403 3264 3905 3275 2828 1972 3361 2308 4118 2900 1835 1627 3883 4272 7034 9513 10210 11303 7858 10526 10430 9848 8060 6449 8102 10872 7066 1500 1746 1486 424 728 1552 360 1216 300
921 447 1345 500 0 1216 1044 700 500 360 905 282 1170 1081 500 8537 9192 8902 8271 9679 8766 8709 8492 9178 9712 8584 8728 9489 9740 8338 9222 8193 8263 9079 9518 1118 4114 3420 2360 1280 1772 3758 4328 3736 3201 2441 3801 2701 4614 3313 2332 2121 4229 4770 6706 9200 9982 11000 7684 10344 10107 9656 7858 6664 8500 11045 7300 1581 1334 1612 921 583 1442 600 806 761
500 800 854 806 1216 0 223 538 921 984 424 1077 223 500 1236 8139 8900 8471 7851 9144 8222 8149 8122 8900 9239 8300 8237 9200 9219 7762 8905 7668 7712 8800 9204 728 2968 2657 1389 894 1655 2640 3114 2529 2927 1811 3238 1503 3500 2102 1280 1334 3080 3687 7061 9489 10024 11253 7595 10259 10423 9602 7840 5714 7300 10160 6313 1104 2121 1019 640 1529 1456 632 2002 509
509 608 707 600 1044 223 0 424 707 860 412 943 141 316 1019 8062 8805 8401 7778 9095 8174 8104 8039 8802 9178 8202 8178 9104 9167 7720 8814 7615 7665 8702 9113 800 3088 2640 1421 728 1486 2745 3306 2692 2807 1746 3178 1711 3605 2300 1345 1300 3298 3780 7119 9563 10140 11335 7727 10394 10493 9732 7963 5936 7502 10381 6536 1236 2061 1170 424 1315 1513 500 1811 300
282 360 1019 424 700 538 424 0 565 447 223 538 565 632 860 8401 9119 8747 8121 9464 8544 8477 8372 9113 9534 8514 8537 9419 9533 8095 9135 7981 8036 9013 9433 583 3498 3041 1843 1004 1711 3162 3634 3067 3101 2118 3544 2002 4022 2617 1769 1700 3535 4201 6774 9234 9873 11016 7495 10163 10159 9492 7710 6041 7800 10456 6664 1081 1640 1063 600 1118 1204 100 1503 300
848 223 848 141 500 921 707 565 0 600 781 608 800 632 316 8080 8757 8440 7810 9202 8287 8228 8041 8746 9244 8149 8256 9055 9265 7854 8782 7716 7783 8646 9079 1140 3676 2920 1886 781 1315 3310 4001 3354 2745 1941 3310 2418 4159 3001 1878 1627 4002 4304 7125 9608 10324 11401 7981 10648 10523 9968 8178 6586 8205 11011 7200 1640 1802 1627 447 608 1676 500 1140 412
600 412 1341 509 360 984 860 447 600 0 608 100 1000 1000 761 8668 9353 9024 8395 9771 8854 8792 8631 9343 9823 8746 8832 9651 9837 8415 9377 8286 8348 9243 9674 761 3944 3413 2262 1300 1910 3605 4060 3511 3337 2459 3862 2418 4465 3041 2202 2080 3911 4640 6527 9008 9732 10801 7404 10068 9924 9386 7592 6307 8205 10685 6946 1220 1252 1252 894 921 1118 360 1140 640
100 583 1100 640 905 424 412 223 781 608 0 707 538 700 1081 8471 9208 8811 8188 9507 8586 8516 8448 9204 9590 8605 8590 9508 9580 8132 9219 8028 8077 9104 9518 412 3383 3046 1802 1104 1843 3061 3452 2915 3201 2158 3590 1811 3920 2433 1702 1708 3324 4110 6708 9154 9751 10929 7354 10022 10084 9355 7580 5818 7602 10234 6440 894 1697 860 728 1341 1104 316 1711 447
700 447 1389 538 282 1077 943 538 608 100 707 0 1081 1063 728 8688 9364 9047 8417 9803 8886 8825 8649 9353 9849 8757 8860 9662 9867 8450 9390 8316 8381 9254 9687 854 4031 3466 2334 1341 1923 3689 4159 3605 3354 2505 3900 2517 4548 3140 2280 2140 4011 4720 6519 9004 9749 10800 7433 10096 9918 9411 7615 6397 8305 10770 7038 1303 1208 1341 943 860 1166 447 1044 707
632 728 632 707 1170 223 141 565 800 1000 538 1081 0 282 1104 7951 8702 8287 7665 8973 8052 7981 7930 8700 9060 8100 8060 9002 9047 7596 8709 7495 7543 8600 9008 905 2952 2507 1280 670 1431 2607 3201 2570 2716 1627 3059 1627 3466 2202 1204 1170 3228 3640 7236 9674 10231 11443 7808 10473 10606 9815 8050 5907 7406 10360 6500 1315 2202 1236 447 1403 1627 640 1923 412
800 640 400 583 1081 500 316 632 632 1000 700 1063 282 0 905 7778 8509 8121 7496 8832 7912 7844 7752 8505 8905 7905 7907 8809 8902 7463 8521 7349 7404 8405 8820 1104 3046 2418 1280 412 1170 2683 3401 2729 2501 1486 2912 1868 3535 2418 1252 1081 3478 3689 7397 9850 10447 11627 8041 10707 10778 10044 8273 6185 7616 10640 6774 1552 2247 1486 200 1204 1802 670 1772 360
1140 500 1029 447 500 1236 1019 860 316 761 1081 728 1104 905 0 8052 8697 8420 7788 9211 8300 8246 8004 8683 9234 8089 8254 8994 9269 7879 8729 7725 7800 8584 9025 1414 3921 3041 2102 943 1300 3546 4300 3634 2720 2051 3361 2729 4386 3306 2118 1802 4317 4517 7206 9700 10473 11500 8160 10824 10607 10139 8343 6896 8509 11315 7513 1910 1824 1910 707 300 1878 781 894 728
8570 8256 7382 8158 8537 8139 8062 8401 8080 8668 8471 8688 7951 7778 8052 0 1063 424 316 1526 1104 1216 200 1131 1280 824 700 1303 1500 1341 943 1000 1166 1063 1208 8856 6718 5600 6900 7397 6768 6628 8132 7473 5336 6328 4909 8229 6324 8104 7100 6818 9070 6040 15175 17625 18100 19393 15605 18227 18555 17610 15900 11892 10463 15923 12146 9226 9871 9119 7808 8132 9575 8417 8664 8104
9308 8945 8109 8845 9192 8900 8805 9119 8757 9353 9208 9364 8702 8509 8697 1063 0 1118 1360 2000 2012 2147 943 100 1513 608 1612 300 1902 2360 200 2051 2202 141 360 9604 7684 6449 7723 8115 7443 7569 9108 8420 6020 7100 5714 9108 7316 9024 7930 7602 10028 7038 15880 18353 18909 20135 16436 19075 19275 18445 16714 12887 11525 16959 13159 10000 10522 9900 8521 8747 10312 9126 9241 8820
8910 8612 7727 8514 8902 8471 8401 8747 8440 9024 8811 9047 8287 8121 8420 424 1118 0 632 1118 894 1029 583 1208 860 1104 500 1280 1081 1272 943 1029 1140 1170 1131 9192 6942 5903 7211 7746 7130 6873 8343 7710 5700 6661 5234 8509 6525 8360 7406 7144 9296 6236 15519 17961 18404 19723 15900 18513 18893 17902 16202 12080 10520 16055 12313 9552 10235 9442 8158 8507 9914 8766 9047 8452
8287 7983 7102 7885 8271 7851 7778 8121 7810 8395 8188 8417 7665 7496 7788 316 1360 632 0 1627 1019 1104 424 1421 1476 1029 670 1612 1627 1140 1252 761 948 1345 1523 8570 6403 5300 6603 7119 6500 6315 7816 7158 5069 6040 4617 7922 6008 7792 6800 6527 8755 5724 14894 17340 17801 19104 15302 17922 18271 17307 15600 11576 10167 15611 11830 8935 9604 8827 7531 7874 9291 8139 8415 7826
9604 9360 8448 9265 9679 9144 9095 9464 9202 9771 9507 9803 8973 8832 9211 1526 2000 1118 1627 0 921 1004 1700 2100 538 2184 1000 2022 141 1403 1800 1486 1431 2102 1824 9871 7310 6511 7826 8477 7912 7300 8657 8105 6500 7349 5920 9019 6835 8800 8006 7810 9642 6537 16204 18613 18951 20353 16424 19002 19553 18413 16750 12299 10394 16100 12472 10198 11005 10080 8888 9323 10599 9492 9889 9176
8683 8443 7528 8348 8766 8222 8174 8544 8287 8854 8586 8886 8052 7912 8300 1104 2012 894 1019 921 0 141 1303 2102 1140 1923 412 2163 1004 509 1835 583 509 2061 2000 8949 6428 5590 6905 7558 7000 6403 7792 7217 5594 6428 5000 8109 5968 7902 7085 6888 8769 5671 15282 17691 18039 19432 15515 18100 18631 17507 15838 11472 9734 15352 11669 9276 10090 9159 7969 8417 9677 8572 8989 8256
8612 8381 7463 8287 8709 8149 8104 8477 8228 8792 8516 8825 7981 7844 8246 1216 2147 1029 1104 1004 141 0 1414 2236 1264 2039 538 2302 1100 400 1972 565 447 2193 2140 8876 6319 5510 6824 7494 6946 6300 7679 7111 5546 6360 4933 8015 5854 7800 7003 6815 8657 5557 15208 17611 17947 19349 15420 18001 18552 17410 15745 11350 9596 15220 11543 9198 10030 9080 7905 8367 9604 8507 8944 8190
8547 8220 7355 8121 8492 8122 8039 8372 8041 8631 8448 8649 7930 7752 8004 200 943 583 424 1700 1303 1414 0 1000 1414 632 900 1208 1664 1523 854 1166 1341 921 1140 8836 6772 5608 6900 7368 6726 6670 8190 7518 5295 6312 4901 8249 6390 8139 7102 6806 9121 6109 15146 17602 18100 19374 15611 18239 18531 17618 15901 11961 10589 16017 12224 9213 9827 9108 7778 8077 9552 8386 8602 8075
9304 8935 8105 8836 9178 8900 8802 9113 8746 9343 9204 9353 8700 8505 8683 1131 100 1208 1421 2100 2102 2236 1000 0 1612 600 1700 316 2002 2441 300 2126 2280 100 424 9602 7716 6462 7731 8109 7433 7596 9141 8448 6013 7102 5721 9124 7353 9047 7940 7605 10057 7077 15871 18346 18912 20130 16443 19085 19266 18453 16719 12924 11588 17007 13200 10000 10507 9902 8514 8729 10307 9119 9219 8814
9688 9411 8514 9314 9712 9239 9178 9534 9244 9823 9590 9849 9060 8905 9234 1280 1513 860 1476 538 1140 1264 1414 1612 0 1788 1004 1503 412 1649 1315 1600 1612 1627 1303 9963 7553 6637 7951 8537 7940 7516 8926 8338 6514 7433 6001 9200 7102 9013 8139 7907 9899 6806 16297 18725 19121 20478 16604 19201 19662 18601 16918 12612 10822 16479 12808 10309 11044 10196 8949 9330 10688 9556 9879 9241
8705 8338 7505 8238 8584 8300 8202 8514 8149 8746 8605 8757 8100 7905 8089 824 608 1104 1029 2184 1923 2039 632 600 1788 0 1513 905 2118 2154 670 1788 1969 500 948 9002 7151 5869 7134 7510 6835 7021 8579 7874 5414 6503 5124 8532 6802 8464 7343 7006 9486 6530 15273 17747 18313 19531 15845 18487 18668 17854 16119 12369 11128 16484 12657 9400 9914 9302 7915 8139 9708 8521 8634 8215
8688 8420 7518 8324 8728 8237 8178 8537 8256 8832 8590 8860 8060 7907 8254 700 1612 500 670 1000 412 538 900 1700 1004 1513 0 1780 1029 781 1442 608 670 1655 1627 8962 6576 5632 6946 7543 6957 6527 7962 7355 5536 6432 5000 8200 6139 8022 7134 6905 8926 5846 15297 17722 18117 19474 15602 18202 18659 17600 15915 11676 10043 15610 11892 9305 10057 9192 7955 8357 9688 8561 8915 8246
9608 9243 8409 9144 9489 9200 9104 9419 9055 9651 9508 9662 9002 8809 8994 1303 300 1280 1612 2022 2163 2302 1208 316 1503 905 1780 0 1910 2549 360 2267 2404 412 200 9904 7969 6747 8022 8414 7741 7858 9392 8709 6319 7400 6013 9404 7596 9317 8229 7902 10316 7316 16179 18652 19209 20435 16736 19374 19573 18745 17014 13167 11761 17223 13433 10300 10818 10200 8820 9042 10611 9426 9534 9119
9677 9425 8516 9330 9740 9219 9167 9533 9265 9837 9580 9867 9047 8902 9269 1500 1902 1081 1627 141 1004 1100 1664 2002 412 2118 1029 1910 0 1500 1702 1552 1513 2009 1711 9946 7416 6592 7907 8544 7971 7400 8769 8209 6555 7421 5990 9113 6946 8900 8089 7885 9751 6648 16280 18693 19044 20436 16519 19101 19632 18509 16842 12419 10530 16230 12596 10277 11067 10160 8956 9377 10673 9560 9940 9244
8228 8005 7083 7912 8338 7762 7720 8095 7854 8415 8132 8450 7596 7463 7879 1341 2360 1272 1140 1403 509 400 1523 2441 1649 2154 781 2549 1500 0 2202 400 200 2385 2404 8489 5921 5119 6432 7116 6579 5900 7283 6711 5188 5977 4554 7616 5458 7400 6609 6428 8260 5162 14819 17219 17548 18955 15021 17601 18160 17010 15346 10963 9265 14855 11162 8807 9656 8688 7527 8005 9217 8127 8588 7810
9319 8967 8122 8868 9222 8905 8814 9135 8782 9377 9219 9390 8709 8521 8729 943 200 943 1252 1800 1835 1972 854 300 1315 670 1442 360 1702 2202 0 1910 2051 316 300 9613 7624 6428 7710 8130 7467 7518 9044 8367 6040 7100 5703 9079 7244 8982 7915 7600 9972 6964 15902 18369 18904 20148 16424 19059 19293 18432 16707 12816 11401 16864 13078 10001 10554 9900 8537 8786 10323 9144 9289 8836
8125 7874 6964 7779 8193 7668 7615 7981 7716 8286 8028 8316 7495 7349 7725 1000 2051 1029 761 1486 583 565 1166 2126 1600 1788 608 2267 1552 400 1910 0 200 2061 2140 8395 5968 5048 6363 6992 6425 5921 7354 6747 5015 5869 4438 7600 5531 7416 6549 6334 8318 5239 14729 17147 17523 18893 15005 17601 18085 17001 15320 11072 9500 15026 11294 8729 9518 8614 7404 7839 9121 8008 8409 7692
8174 7937 7021 7843 8263 7712 7665 8036 7783 8348 8077 8381 7543 7404 7800 1166 2202 1140 948 1431 509 447 1341 2280 1612 1969 670 2404 1513 200 2051 200 0 2220 2267 8440 5941 5080 6395 7051 6500 5907 7316 6726 5099 5920 4492 7605 5491 7406 6576 6378 8287 5197 14773 17181 17534 18923 15011 17600 18121 17004 15332 11016 9381 14940 11227 8766 9585 8649 7463 7920 9167 8065 8497 7749
9204 8836 8005 8736 9079 8800 8702 9013 8646 9243 9104 9254 8600 8405 8584 1063 141 1170 1345 2102 2061 2193 921 100 1627 500 1655 412 2009 2385 316 2061 2220 0 500 9502 7621 6363 7632 8009 7333 7500 9047 8352 5913 7002 5622 9025 7261 8949 7840 7505 9962 6985 15771 18246 18813 20030 16344 18985 19166 18353 16619 12831 11510 16919 13109 9900 10408 9802 8414 8631 10207 9019 9121 8714
9618 9265 8421 9166 9518 9204 9113 9433 9079 9674 9518 9687 9008 8820 9025 1208 360 1131 1523 1824 2000 2140 1140 424 1303 948 1627 200 1711 2404 300 2140 2267 500 0 9912 7912 6726 8009 8429 7764 7810 9330 8658 6338 7400 6003 9377 7527 9276 8215 7900 10261 7244 16200 18668 19204 20447 16724 19358 19592 18732 17007 13097 11640 17130 13354 10301 10850 10200 8836 9080 10623 9442 9580 9135
316 921 1503 1000 1118 728 800 583 1140 761 412 854 905 1104 1414 8856 9604 9192 8570 9871 8949 8876 8836 9602 9963 9002 8962 9904 9946 8489 9613 8395 8440 9502 9912 0 3546 3383 2102 1513 2256 3252 3448 3001 3605 2531 3962 1802 4103 2435 1972 2061 3200 4313 6334 8769 9343 10538 6942 9610 9701 8944 7170 5546 7523 9932 6184 500 1526 500 1140 1640 728 640 1897 854
3440 3667 2912 3624 4114 2968 3088 3498 3676 3944 3383 4031 2952 3046 3921 6718 7684 6942 6403 7310 6428 6319 6772 7716 7553 7151 6576 7969 7416 5921 7624 5968 5941 7621 7912 3546 0 1835 1843 3008 3201 400 1431 806 3178 2308 2561 1972 583 1552 1802 2220 2353 854 9394 11637 11738 13296 9192 11720 12586 11154 9552 5232 5092 9500 5575 3612 5060 3471 3231 4205 4172 3584 4810 3354
3138 3023 2080 2941 3420 2657 2640 3041 2920 3413 3046 3466 2507 2418 3041 5600 6449 5903 5300 6511 5590 5510 5608 6462 6637 5869 5632 6747 6592 5119 6428 5048 5080 6363 6726 3383 1835 0 1315 2140 1886 1500 3111 2267 1360 989 806 2668 1941 2683 1503 1341 3827 1902 9701 12101 12501 13845 10004 12632 13041 12010 10300 6824 6907 11204 7247 3687 4664 3569 2523 3255 4110 3088 3894 2778
1886 1920 1077 1860 2360 1389 1421 1843 1886 2262 1802 2334 1280 1280 2102 6900 7723 7211 6603 7826 6905 6824 6900 7731 7951 7134 6946 8022 7907 6432 7710 6363 6395 7632 8009 2102 1843 1315 0 1170 1431 1456 2563 1746 2024 781 2009 1526 2284 1780 223 412 2983 2418 8393 10787 11200 12529 8714 11353 11727 10722 9000 5941 6726 10396 6444 2376 3482 2256 1442 2376 2823 1910 2996 1627
1204 894 100 806 1280 894 728 1004 781 1300 1104 1341 670 412 943 7397 8115 7746 7119 8477 7558 7494 7368 8109 8537 7510 7543 8414 8544 7116 8130 6992 7051 8009 8429 1513 3008 2140 1170 0 761 2624 3535 2800 2100 1166 2563 2102 3453 2596 1216 860 3716 3577 7778 10239 10855 12020 8452 11119 11164 10456 8683 6500 7752 10963 7072 1964 2549 1897 412 1208 2200 1019 1835 707
1941 1503 806 1403 1772 1655 1486 1711 1315 1910 1843 1923 1431 1170 1300 6768 7443 7130 6500 7912 7000 6946 6726 7433 7940 6835 6957 7741 7971 6579 7467 6425 6500 7333 7764 2256 3201 1886 1431 761 0 2801 3984 3178 1431 948 2080 2720 3551 3130 1581 1019 4304 3613 8438 10916 11584 12706 9198 11866 11834 11198 9420 7170 8158 11638 7720 2720 3104 2657 1118 1442 2915 1702 2061 1414
3124 3312 2529 3264 3758 2640 2745 3162 3310 3605 3061 3689 2607 2683 3546 6628 7569 6873 6315 7300 6403 6300 6670 7596 7516 7021 6527 7858 7400 5900 7518 5921 5907 7500 7810 3252 400 1500 1456 2624 2801 0 1640 854 2817 1910 2262 1802 860 1500 1431 1824 2469 1063 9230 11513 11684 13193 9144 11703 12461 11122 9489 5420 5470 9745 5800 3360 4750 3220 2863 3827 3905 3244 4438 3001
3471 3911 3436 3905 4328 3114 3306 3634 4001 4060 3452 4159 3201 3401 4300 8132 9108 8343 7816 8657 7792 7679 8190 9141 8926 8579 7962 9392 8769 7283 9044 7354 7316 9047 9330 3448 1431 3111 2563 3535 3984 1640 0 860 4360 3264 3894 1649 1824 1019 2404 2973 1004 2121 8544 10651 10575 12242 8028 10480 11595 9946 8420 3801 4219 8105 4161 3310 4939 3178 3601 4600 3891 3733 5115 3605
2954 3298 2700 3275 3736 2529 2692 3067 3354 3511 2915 3605 2570 2729 3634 7473 8420 7710 7158 8105 7217 7111 7518 8448 8338 7874 7355 8709 8209 6711 8367 6747 6726 8352 8658 3001 806 2267 1746 2800 3178 854 860 0 3500 2416 3061 1272 1360 761 1612 2158 1615 1649 8631 10850 10932 12500 8386 10916 11798 10348 8747 4579 4981 8937 4981 2983 4527 2842 2927 3931 3560 3162 4491 2983
3301 2927 2102 2828 3201 2927 2807 3101 2745 3337 3201 3354 2716 2501 2720 5336 6020 5700 5069 6500 5594 5546 5295 6013 6514 5414 5536 6319 6555 5188 6040 5015 5099 5913 6338 3605 3178 1360 2024 2100 1431 2817 4360 3500 0 1252 948 3551 3298 3753 2247 1746 4951 3238 9861 12332 12946 14117 10522 13184 13254 12529 10767 7939 8263 12376 8414 4031 4535 3945 2501 2823 4300 3106 3400 2801
2256 2059 1118 1972 2441 1811 1746 2118 1941 2459 2158 2505 1627 1486 2051 6328 7100 6661 6040 7349 6428 6360 6312 7102 7433 6503 6432 7400 7421 5977 7100 5869 5920 7002 7400 2531 2308 989 781 1166 948 1910 3264 2416 1252 0 1431 2302 2617 2549 1000 509 3753 2668 8864 11300 11810 13064 9353 12007 12233 11363 9618 6720 7349 11173 7218 2901 3712 2800 1565 2267 3255 2154 2906 1838
3687 3453 2529 3361 3801 3238 3178 3544 3310 3862 3590 3900 3059 2912 3361 4909 5714 5234 4617 5920 5000 4933 4901 5721 6001 5124 5000 6013 5990 4554 5703 4438 4492 5622 6003 3962 2561 806 2009 2563 2080 2262 3894 3061 948 1431 0 3448 2549 3488 2220 1910 4632 2435 10296 12727 13201 14488 10722 13363 13662 12731 11004 7627 7558 11997 8043 4318 5107 4210 2973 3522 4687 3573 4140 3257
1824 2302 2012 2308 2701 1503 1711 2002 2418 2418 1811 2517 1627 1868 2729 8229 9108 8509 7922 9019 8109 8015 8249 9124 9200 8532 8200 9404 9113 7616 9079 7600 7605 9025 9377 1802 1972 2668 1526 2102 2720 1802 1649 1272 3551 2302 3448 0 2555 632 1303 1843 1615 2817 7432 9712 9932 11400 7406 10004 10660 9400 7731 4459 5800 8927 5000 1720 3310 1581 2061 3026 2302 2102 3500 2009
3982 4167 3361 4118 4614 3500 3605 4022 4159 4465 3920 4548 3466 3535 4386 6324 7316 6525 6008 6835 5968 5854 6390 7353 7102 6802 6139 7596 6946 5458 7244 5531 5491 7261 7527 4103 583 1941 2284 3453 3551 860 1824 1360 3298 2617 2549 2555 0 2118 2282 2624 2807 300 9974 12209 12280 13860 9732 12240 13157 11684 10099 5571 5008 9734 5859 4186 5608 4045 3712 4661 4742 4104 5280 3858
2451 2901 2500 2900 3313 2102 2300 2617 3001 3041 2433 3140 2202 2418 3306 8104 9024 8360 7792 8800 7902 7800 8139 9047 9013 8464 8022 9317 8900 7400 8982 7416 7406 8949 9276 2435 1552 2683 1780 2596 3130 1500 1019 761 3753 2549 3488 632 2118 0 1581 2163 1204 2404 7871 10090 10196 11744 7653 10204 11038 9625 8006 4186 5203 8626 4669 2332 3939 2195 2617 3605 2915 2716 4104 2600
1780 1886 1118 1835 2332 1280 1345 1769 1878 2202 1702 2280 1204 1252 2118 7100 7930 7406 6800 8006 7085 7003 7102 7940 8139 7343 7134 8229 8089 6609 7915 6549 6576 7840 8215 1972 1802 1503 223 1216 1581 1431 2404 1612 2247 1000 2220 1303 2282 1581 0 583 2780 2441 8228 10609 11000 12347 8509 11144 11552 10517 8800 5728 6592 10186 6236 2213 3397 2088 1431 2404 2683 1843 3008 1581
1802 1702 781 1627 2121 1334 1300 1700 1627 2080 1708 2140 1170 1081 1802 6818 7602 7144 6527 7810 6888 6815 6806 7605 7907 7006 6905 7902 7885 6428 7600 6334 6378 7505 7900 2061 2220 1341 412 860 1019 1824 2973 2158 1746 509 1910 1843 2624 2163 583 0 3360 2731 8395 10818 11307 12578 8845 11498 11754 10855 9113 6293 7138 10756 6811 2408 3328 2302 1204 2059 2789 1749 2692 1442
3313 3863 3624 3883 4229 3080 3298 3535 4002 3911 3324 4011 3228 3478 4317 9070 10028 9296 8755 9642 8769 8657 9121 10057 9899 9486 8926 10316 9751 8260 9972 8318 8287 9962 10261 3200 2353 3827 2983 3716 4304 2469 1004 1615 4951 3753 4632 1615 2807 1204 2780 3360 0 3106 7660 9704 9580 11272 7034 9476 10645 8944 7433 3000 4341 7424 3465 2927 4570 2816 3668 4609 3471 3634 5035 3590
4177 4326 3488 4272 4770 3687 3780 4201 4304 4640 4110 4720 3640 3689 4517 6040 7038 6236 5724 6537 5671 5557 6109 7077 6806 6530 5846 7316 6648 5162 6964 5239 5197 6985 7244 4313 854 1902 2418 3577 3613 1063 2121 1649 3238 2668 2435 2817 300 2404 2441 2731 3106 0 10245 12491 12576 14148 10028 12539 13440 11982 10394 5852 5147 9985 6126 4420 5805 4280 3858 4785 4967 4280 5412 4022
6609 6935 7792 7034 6706 7061 7119 6774 7125 6527 6708 6519 7236 7397 7206 15175 15880 15519 14894 16204 15282 15208 15146 15871 16297 15273 15297 16179 16280 14819 15902 14729 14773 15771 16200 6334 9394 9701 8393 7778 8438 9230 8544 8631 9861 8864 10296 7432 9974 7871 8228 8395 7660 10245 0 2507 3801 4318 2765 4596 3401 3894 2469 7357 11121 9741 7964 6016 5400 6140 7368 7200 5608 6760 6818 7071
9055 9413 10248 9513 9200 9489 9563 9234 9608 9008 9154 9004 9674 9850 9700 17625 18353 17961 17340 18613 17691 17611 17602 18346 18725 17747 17722 18652 18693 17219 18369 17147 17181 18246 18668 8769 11637 12101 10787 10239 10916 11513 10651 10850 12332 11300 12727 9712 12209 10090 10609 10818 9704 12491 2507 0 2088 1811 3140 3178 948 2701 2640 8769 12666 10090 9269 8417 7902 8532 9832 9702 8050 9226 9326 9533
9651 10111 10846 10210 9982 10024 10140 9873 10324 9732 9751 9749 10231 10447 10473 18100 18909 18404 17801 18951 18039 17947 18100 18912 19121 18313 18117 19209 19044 17548 18904 17523 17534 18813 19204 9343 11738 12501 11200 10855 11584 11684 10575 10932 12946 11810 13201 9932 12280 10196 11000 11307 9580 12576 3801 2088 0 2163 2549 1104 2319 860 2202 8026 11898 8500 8405 8920 8780 9013 10469 10532 8670 9885 10261 10171
10829 11204 12026 11303 11000 11253 11335 11016 11401 10801 10929 10800 11443 11627 11500 19393 20135 19723 19104 20353 19432 19349 19374 20130 20478 19531 19474 20435 20436 18955 20148 18893 18923 20030 20447 10538 13296 13845 12529 12020 12706 13193 12242 12500 14117 13064 14488 11400 13860 11744 12347 12578 11272 14148 4318 1811 2163 0 4356 3101 1029 3023 3894 10020 13920 10655 10448 10171 9708 10282 11615 11506 9824 11011 11136 11315
7256 7762 8434 7858 7684 7595 7727 7495 7981 7404 7354 7433 7808 8041 8160 15605 16436 15900 15302 16424 15515 15420 15611 16443 16604 15845 15602 16736 16519 15021 16424 15005 15011 16344 16724 6942 9192 10004 8714 8452 9198 9144 8028 8386 10522 9353 10722 7406 9732 7653 8509 8845 7034 10028 2765 3140 2549 4356 0 2668 3959 2009 500 5685 9590 7158 6152 6493 6579 6576 8080 8254 6306 7518 8062 7787
9924 10429 11100 10526 10344 10259 10394 10163 10648 10068 10022 10096 10473 10707 10824 18227 19075 18513 17922 19002 18100 18001 18239 19085 19201 18487 18202 19374 19101 17601 19059 17601 17600 18985 19358 9610 11720 12632 11353 11119 11866 11703 10480 10916 13184 12007 13363 10004 12240 10204 11144 11498 9476 12539 4596 3178 1104 3101 2668 0 3405 721 2507 7615 11412 7600 7917 9159 9211 9239 10748 10911 8973 10186 10697 10456
9984 10331 11175 10430 10107 10423 10493 10159 10523 9924 10084 9918 10606 10778 10607 18555 19275 18893 18271 19553 18631 18552 18531 19266 19662 18668 18659 19573 19632 18160 19293 18085 18121 19166 19592 9701 12586 13041 11727 11164 11834 12461 11595 11798 13254 12233 13662 10660 13157 11038 11552 11754 10645 13440 3401 948 2319 1029 3959 3405 0 3104 3465 9633 13536 10701 10111 9355 8800 9472 10756 10600 8980 10149 10207 10458
9257 9751 10439 9848 9656 9602 9732 9492 9968 9386 9355 9411 9815 10044 10139 17610 18445 17902 17307 18413 17507 17410 17618 18453 18601 17854 17600 18745 18509 17010 18432 17001 17004 18353 18732 8944 11154 12010 10722 10456 11198 11122 9946 10348 12529 11363 12731 9400 11684 9625 10517 10855 8944 11982 3894 2701 860 3023 2009 721 3104 0 1802 7247 11098 7647 7600 8500 8509 8584 10080 10220 8297 9512 9995 9786
7481 7962 8670 8060 7858 7840 7963 7710 8178 7592 7580 7615 8050 8273 8343 15900 16714 16202 15600 16750 15838 15745 15901 16719 16918 16119 15915 17014 16842 15346 16707 15320 15332 16619 17007 7170 9552 10300 9000 8683 9420 9489 8420 8747 10767 9618 11004 7731 10099 8006 8800 9113 7433 10394 2469 2640 2202 3894 500 2507 3465 1802 0 6171 10076 7615 6646 6736 6706 6826 8302 8420 6511 7727 8193 8006
5770 6400 6420 6449 6664 5714 5936 6041 6586 6307 5818 6397 5907 6185 6896 11892 12887 12080 11576 12299 11472 11350 11961 12924 12612 12369 11676 13167 12419 10963 12816 11072 11016 12831 13097 5546 5232 6824 5941 6500 7170 5420 3801 4579 7939 6720 7627 4459 5571 4186 5728 6293 3000 5852 7357 8769 8026 10020 5685 7615 9633 7247 6171 0 3905 4468 700 5107 6500 5056 6351 7158 5470 6129 7432 6191
7605 8100 7653 8102 8500 7300 7502 7800 8205 8205 7602 8305 7406 7616 8509 10463 11525 10520 10167 10394 9734 9596 10589 11588 10822 11128 10043 11761 10530 9265 11401 9500 9381 11510 11640 7523 5092 6907 6726 7752 8158 5470 4219 4981 8263 7349 7558 5800 5008 5203 6592 7138 4341 5147 11121 12666 11898 13920 9590 11412 13536 11098 10076 3905 0 5968 3498 7269 8910 7156 7816 8809 7808 7900 9300 7802
10178 10816 10885 10872 11045 10160 10381 10456 11011 10685 10234 10770 10360 10640 11315 15923 16959 16055 15611 16100 15352 15220 16017 17007 16479 16484 15610 17223 16230 14855 16864 15026 14940 16919 17130 9932 9500 11204 10396 10963 11638 9745 8105 8937 12376 11173 11997 8927 9734 8626 10186 10756 7424 9985 9741 10090 8500 10655 7158 7600 10701 7647 7615 4468 5968 0 3962 9466 10692 9433 10800 11566 9752 10539 11783 10625
6397 7021 6989 7066 7300 6313 6536 6664 7200 6946 6440 7038 6500 6774 7513 12146 13159 12313 11830 12472 11669 11543 12224 13200 12808 12657 11892 13433 12596 11162 13078 11294 11227 13109 13354 6184 5575 7247 6444 7072 7720 5800 4161 4981 8414 7218 8043 5000 5859 4669 6236 6811 3465 6126 7964 9269 8405 10448 6152 7917 10111 7600 6646 700 3498 3962 0 5758 7180 5700 6946 7782 6140 6754 8077 6800
806 1421 1941 1500 1581 1104 1236 1081 1640 1220 894 1303 1315 1552 1910 9226 10000 9552 8935 10198 9276 9198 9213 10000 10309 9400 9305 10300 10277 8807 10001 8729 8766 9900 10301 500 3612 3687 2376 1964 2720 3360 3310 2983 4031 2901 4318 1720 4186 2332 2213 2408 2927 4420 6016 8417 8920 10171 6493 9159 9355 8500 6736 5107 7269 9466 5758 0 1649 141 1615 2126 583 1140 2325 1341
1627 1655 2594 1746 1334 2121 2061 1640 1802 1252 1697 1208 2202 2247 1824 9871 10522 10235 9604 11005 10090 10030 9827 10507 11044 9914 10057 10818 11067 9656 10554 9518 9585 10408 10850 1526 5060 4664 3482 2549 3104 4750 4939 4527 4535 3712 5107 3310 5608 3939 3397 3328 4570 5805 5400 7902 8780 9708 6579 9211 8800 8509 6706 6500 8910 10692 7180 1649 0 1772 2147 1800 1104 1581 1486 1886
781 1414 1868 1486 1612 1019 1170 1063 1627 1252 860 1341 1236 1486 1910 9119 9900 9442 8827 10080 9159 9080 9108 9902 10196 9302 9192 10200 10160 8688 9900 8614 8649 9802 10200 500 3471 3569 2256 1897 2657 3220 3178 2842 3945 2800 4210 1581 4045 2195 2088 2302 2816 4280 6140 8532 9013 10282 6576 9239 9472 8584 6826 5056 7156 9433 5700 141 1772 0 1565 2140 721 1131 2376 1303
824 500 447 424 921 640 424 600 447 894 728 943 447 200 707 7808 8521 8158 7531 8888 7969 7905 7778 8514 8949 7915 7955 8820 8956 7527 8537 7404 7463 8414 8836 1140 3231 2523 1442 412 1118 2863 3601 2927 2501 1565 2973 2061 3712 2617 1431 1204 3668 3858 7368 9832 10469 11615 8080 10748 10756 10080 8302 6351 7816 10800 6946 1615 2147 1565 0 1004 1802 608 1581 300
1389 761 1300 728 583 1529 1315 1118 608 921 1341 860 1403 1204 300 8132 8747 8507 7874 9323 8417 8367 8077 8729 9330 8139 8357 9042 9377 8005 8786 7839 7920 8631 9080 1640 4205 3255 2376 1208 1442 3827 4600 3931 2823 2267 3522 3026 4661 3605 2404 2059 4609 4785 7200 9702 10532 11506 8254 10911 10600 10220 8420 7158 8809 11566 7782 2126 1800 2140 1004 0 2024 1029 640 1019
1004 1456 2202 1552 1442 1456 1513 1204 1676 1118 1104 1166 1627 1802 1878 9575 10312 9914 9291 10599 9677 9604 9552 10307 10688 9708 9688 10611 10673 9217 10323 9121 9167 10207 10623 728 4172 4110 2823 2200 2915 3905 3891 3560 4300 3255 4687 2302 4742 2915 2683 2789 3471 4967 5608 8050 8670 9824 6306 8973 8980 8297 6511 5470 7808 9752 6140 583 1104 721 1802 2024 0 1216 2061 1503
360 282 1044 360 600 632 500 100 500 360 316 447 640 670 781 8417 9126 8766 8139 9492 8572 8507 8386 9119 9556 8521 8561 9426 9560 8127 9144 8008 8065 9019 9442 640 3584 3088 1910 1019 1702 3244 3733 3162 3106 2154 3573 2102 4104 2716 1843 1749 3634 4280 6760 9226 9885 11011 7518 10186 10149 9512 7727 6129 7900 10539 6754 1140 1581 1131 608 1029 1216 0 1403 316
1726 1204 1923 1216 806 2002 1811 1503 1140 1140 1711 1044 1923 1772 894 8664 9241 9047 8415 9889 8989 8944 8602 9219 9879 8634 8915 9534 9940 8588 9289 8409 8497 9121 9580 1897 4810 3894 2996 1835 2061 4438 5115 4491 3400 2906 4140 3500 5280 4104 3008 2692 5035 5412 6818 9326 10261 11136 8062 10697 10207 9995 8193 7432 9300 11783 8077 2325 1486 2376 1581 640 2061 1403 0 1513
538 316 728 300 761 509 300 300 412 640 447 707 412 360 728 8104 8820 8452 7826 9176 8256 8190 8075 8814 9241 8215 8246 9119 9244 7810 8836 7692 7749 8714 9135 854 3354 2778 1627 707 1414 3001 3605 2983 2801 1838 3257 2009 3858 2600 1581 1442 3590 4022 7071 9533 10171 11315 7787 10456 10458 9786 8006 6191 7802 10625 6800 1341 1886 1303 300 1019 1503 316 1513 0
# set of given starting solutions
0 3 17 33 46 50 52 34 20 12 47 61 18 28 43 27 72 14 2 26 32 7 48 73 49 9 23 67 29 42 38 75 39 15 65 21 37 59 19 5 60 62 16 53 66 51 31 6 41 30 25 36 70 1 63 8 4 10 40 13 44 58 35 55 74 22 71 11 54 69 45 68 56 64 24 57 0
0 31 35 51 37 65 56 45 36 14 5 63 41 11 25 6 17 7 13 16 54 74 40 62 68 26 72 46 57 59 69 10 30 43 71 66 42 8 49 75 2 28 70 3 52 4 47 23 58 27 44 15 73 19 39 12 24 18 38 32 34 20 61 48 9 67 55 50 22 53 1 21 60 33 29 64 0
0 24 57 20 23 65 36 40 10 17 75 55 45 74 49 13 39 71 54 34 48 69 15 31 38 53 29 19 43 52 1 72 21 44 3 67 18 59 32 33 70 28 11 6 50 56 14 2 58 30 61 64 26 22 42 63 37 66 60 4 7 47 5 12 27 68 62 16 9 35 46 51 73 25 8 41 0
0 75 9 46 48 31 28 70 4 3 54 63 45 64 57 20 2 62 40 12 43 15 68 72 14 52 25 22 8 33 34 11 24 27 26 55 16 6 17 51 66 18 29 44 39 5 60 23 56 42 37 21 13 41 50 32 58 71 49 59 30 38 74 61 1 65 10 53 35 19 67 73 47 36 7 69 0
0 35 47 22 4 72 2 62 34 7 16 28 26 44 9 31 33 58 42 52 57 17 21 50 23 48 30 38 64 74 54 68 5 12 10 56 8 14 1 19 61 18 37 66 15 20 59 55 65 3 41 13 53 75 73 27 51 46 60 69 24 43 32 49 70 71 29 25 40 39 6 63 11 67 45 36 0
0 65 33 66 2 8 71 14 23 53 19 11 37 29 4 38 34 43 6 47 75 3 54 15 36 51 28 17 50 63 30 1 18 44 59 26 35 72 73 55 9 10 20 74 31 22 13 16 68 61 27 40 67 57 46 49 42 62 52 45 70 25 24 69 21 32 60 5 7 58 41 12 39 56 64 48 0
0 46 36 72 7 30 24 73 23 54 10 71 12 51 20 57 52 58 65 13 61 26 2 1 16 70 56 35 25 28 49 9 75 41 74 31 8 67 62 32 64 21 69 6 37 50 29 42 27 44 22 55 3 17 14 43 60 59 33 15 47 18 11 48 34 4 53 38 39 5 40 66 63 45 68 19 0
0 42 51 33 16 1 64 73 48 35 53 22 67 34 28 72 3 54 11 25 21 40 56 71 19 32 44 14 69 9 18 26 20 24 49 60 66 2 23 75 55 29 27 58 57 4 7 17 50 61 12 5 8 10 70 13 46 31 41 30 36 68 62 37 6 63 47 15 59 52 38 39 45 43 74 65 0
0 17 23 13 41 70 27 33 3 68 25 11 69 52 66 30 71 46 61 22 64 53 35 38 59 18 63 7 44 31 32 5 57 34 62 45 72 36 20 65 26 74 58 56 10 24 8 19 42 12 55 6 54 67 9 14 29 43 49 60 48 47 75 37 15 50 40 2 39 51 21 4 73 1 28 16 0
0 73 34 6 15 53 51 23 30 17 69 14 26 2 72 8 22 35 25 58 56 40 10 63 74 57 21 5 33 44 27 18 54 39 28 24 31 12 13 71 48 75 66 47 49 7 42 70 3 1 59 4 46 37 32 67 43 16 55 41 45 65 60 38 52 11 62 61 9 50 64 29 20 36 68 19 0
0 12 58 27 59 53 13 55 71 63 24 56 41 15 40 36 14 52 42 16 35 46 67 72 44 7 43 23 33 8 39 47 65 60 75 38 22 1 11 21 64 50 18 29 5 69 54 62 20 25 2 6 4 10 19 73 32 74 17 34 49 68 51 61 28 9 70 37 26 66 31 30 45 57 3 48 0
0 25 3 30 7 24 14 1 29 63 5 48 12 23 62 67 33 19 75 22 71 60 74 31 15 26 52 55 16 64 66 57 37 43 70 11 20 18 6 45 44 49 13 50 36 40 54 46 35 4 2 68 56 28 73 59 47 32 51 58 8 38 65 27 17 10 9 34 61 41 69 53 42 39 21 72 0
0 6 16 39 17 43 30 62 32 50 67 9 46 66 31 51 42 52 14 15 74 2 12 8 44 35 55 65 13 11 10 41 23 5 45 71 60 69 64 57 63 56 34 53 48 21 26 36 54 1 59 7 25 33 24 72 38 49 22 75 19 28 58 70 18 47 20 3 73 4 27 68 29 40 37 61 0
0 8 36 1 23 6 65 55 61 27 28 12 31 33 58 52 29 64 41 34 74 2 66 57 60 69 42 39 22 24 45 13 73 9 37 3 35 21 18 48 59 17 68 56 62 11 50 26 71 70 54 4 38 10 44 49 67 75 53 7 47 30 19 15 63 16 14 5 51 20 40 32 43 25 72 46 0
0 27 62 21 46 58 74 54 73 47 53 14 16 39 8 43 71 11 2 1 34 41 19 10 42 64 37 48 3 40 26 69 13 32 30 35 33 56 63 15 65 36 6 22 29 24 72 9 50 68 51 17 49 7 20 44 57 23 31 12 18 70 4 55 5 66 59 38 60 52 75 67 61 45 28 25 0
0 63 30 18 53 20 54 42 15 4 45 36 43 28 32 2 58 55 35 40 66 19 8 65 49 12 60 52 33 5 13 3 57 41 31 56 64 70 69 25 61 50 72 59 68 10 6 17 67 21 29 73 1 24 38 27 26 47 39 16 22 75 14 34 46 71 48 51 44 9 62 7 74 11 37 23 0
0 40 75 33 32 37 10 36 45 51 50 23 5 65 64 67 42 34 49 38 15 6 20 17 8 68 70 29 62 53 74 13 1 30 22 63 26 41 56 24 4 18 71 54 69 44 46 27 3 58 12 9 47 43 73 19 2 66 57 16 48 21 28 60 39 11 14 52 59 55 61 25 7 31 35 72 0
0 45 35 16 18 70 58 69 46 9 51 74 2 64 13 36 1 72 48 73 61 75 28 71 3 49 32 17 68 34 12 25 14 44 23 24 4 53 19 5 11 52 66 30 27 59 60 40 50 6 38 56 55 42 67 26 54 65 39 43 31 22 33 41 29 20 8 62 47 10 63 21 7 37 15 57 0
0 57 15 65 13 62 56 61 7 18 70 74 5 17 41 31 1 33 22 42 28 44 10 34 30 58 14 19 29 71 55 38 68 72 43 36 2 49 45 51 6 52 20 12 63 9 67 4 66 26 59 25 40 3 50 48 75 53 24 54 47 64 27 46 35 32 39 23 21 37 69 11 8 16 73 60 0
0 7 38 53 3 29 27 22 59 25 10 34 63 75 47 32 65 41 31 58 44 17 15 48 60 11 56 18 6 35 24 1 28 54 62 4 12 30 9 19 55 50 46 14 23 20 21 67 26 45 61 42 70 16 43 8 71 2 37 73 64 68 74 13 51 5 57 33 72 36 49 66 40 69 52 39 0
0 51 61 68 20 62 71 2 28 48 47 38 70 58 10 1 41 23 39 5 25 18 33 15 17 56 67 75 57 8 42 59 37 52 40 21 36 53 63 60 54 22 19 26 30 11 16 27 72 44 7 55 12 31 4 9 74 14 49 65 69 13 32 45 66 73 35 50 3 6 34 46 29 24 64 43 0
0 66 25 68 71 48 51 23 7 49 39 11 20 37 38 19 42 70 21 75 61 74 3 35 24 46 62 65 69 45 29 44 13 47 14 73 43 72 50 32 58 6 33 4 9 28 59 5 12 30 63 56 8 55 54 67 26 53 64 2 27 22 36 40 52 31 18 60 41 34 10 57 15 17 1 16 0
0 42 60 9 69 74 28 45 12 44 72 25 48 38 37 27 36 67 22 21 11 14 59 6 7 5 55 65 17 34 49 32 66 64 70 62 23 3 1 43 24 35 61 73 15 53 30 26 71 75 58 2 54 63 46 29 50 57 10 52 8 47 20 4 41 51 68 40 56 16 19 31 33 18 39 13 0
0 50 62 33 67 54 66 55 20 71 13 8 19 16 38 46 25 14 72 59 27 24 44 32 37 57 36 61 21 3 47 48 2 52 10 51 53 12 43 34 31 70 65 68 28 35 75 23 74 39 9 18 26 17 7 63 41 30 69 58 56 73 45 60 29 4 49 15 5 11 6 1 40 22 42 64 0
0 65 38 9 52 45 70 46 1 13 51 57 66 22 39 2 42 73 33 29 14 24 23 15 40 34 58 54 6 11 67 35 7 32 8 62 63 53 68 71 27 30 49 44 4 26 25 50 18 19 64 31 37 56 16 75 74 55 10 28 61 36 59 72 5 3 12 17 21 43 47 48 20 60 41 69 0
0 21 25 42 40 74 45 67 58 69 41 65 24 6 18 75 14 3 49 26 68 32 17 30 11 22 63 72 51 13 2 29 7 60 8 64 66 39 46 10 53 70 28 16 61 73 19 5 57 31 56 44 33 48 59 23 34 47 4 50 27 52 1 15 71 12 43 36 55 54 35 37 20 38 9 62 0
0 33 10 59 73 7 54 55 26 40 34 27 75 37 31 12 74 44 64 43 65 20 14 60 51 69 6 49 71 16 57 50 32 48 24 70 52 53 15 47 9 1 2 63 67 58 3 68 19 46 29 8 30 4 72 23 22 11 45 66 25 17 41 56 28 36 42 35 18 61 5 13 38 62 39 21 0
0 51 42 54 13 36 66 38 28 67 47 35 68 75 10 21 52 72 3 41 44 37 12 53 73 31 9 49 48 22 65 4 27 29 19 62 26 39 2 50 30 56 8 74 18 17 24 5 60 63 32 16 6 70 20 15 33 55 71 11 69 40 61 25 43 64 34 58 57 45 23 59 14 1 46 7 0
0 25 53 33 12 63 37 52 59 17 3 9 22 19 32 41 35 2 14 69 51 50 6 5 16 68 67 55 23 43 15 46 8 30 18 44 45 73 74 60 26 31 56 36 71 21 10 75 70 58 20 72 64 28 49 4 57 48 34 39 1 7 11 61 24 47 40 13 38 62 65 29 27 66 54 42 0
0 36 64 19 51 30 10 8 74 60 33 31 53 69 27 32 34 67 43 61 25 52 13 20 15 37 48 44 65 6 62 70 29 72 59 7 4 63 22 75 41 68 47 3 26 14 45 5 2 23 16 66 38 54 24 46 1 17 12 55 39 42 9 28 40 11 71 49 35 58 50 18 73 21 56 57 0
0 10 74 45 44 7 55 24 6 57 35 72 20 16 11 65 23 73 75 40 56 51 19 53 47 69 48 29 70 21 27 59 3 28 63 8 4 62 58 37 17 1 64 50 9 31 36 68 38 5 22 41 2 18 14 60 43 71 39 54 67 13 26 52 25 15 30 12 34 42 32 61 49 33 66 46 0
0 71 37 36 26 42 41 5 52 24 48 12 64 23 33 14 3 49 28 17 4 63 51 44 62 27 39 70 65 1 53 2 58 21 22 73 34 59 56 72 66 16 10 47 18 9 61 19 13 68 45 25 74 20 29 46 55 67 7 75 30 38 35 32 54 40 69 15 43 50 8 31 57 11 6 60 0
0 60 19 59 36 67 75 6 5 51 71 73 34 52 14 58 39 4 21 48 29 74 3 46 66 63 22 54 20 24 41 56 55 70 49 44 53 57 8 62 15 31 28 7 12 13 61 40 45 1 65 25 33 42 9 35 27 17 10 38 16 50 69 11 43 23 32 72 64 47 37 18 26 2 68 30 0
0 39 37 62 56 74 65 19 43 16 73 36 68 53 17 41 9 64 51 1 71 38 48 70 12 33 45 52 5 13 42 50 7 10 60 11 46 14 34 29 63 59 21 47 4 75 44 22 40 2 30 3 57 27 20 54 67 23 49 55 8 15 32 66 26 35 28 24 25 18 69 58 72 61 31 6 0
0 13 26 8 63 68 27 41 19 42 56 66 46 60 51 70 14 15 58 10 24 23 35 61 75 64 52 53 47 55 32 54 74 31 59 49 25 21 5 30 9 11 1 48 34 3 73 62 18 12 45 67 69 17 39 50 65 38 72 33 36 7 6 22 2 44 40 28 29 57 16 4 43 71 37 20 0
0 24 6 5 10 63 67 20 71 40 26 59 69 55 47 73 58 61 9 32 27 54 11 25 41 3 28 65 57 66 52 50 30 17 74 19 2 37 70 64 39 8 14 33 56 34 42 51 45 36 16 12 18 60 44 7 21 38 68 72 31 49 43 23 15 46 48 29 35 22 53 13 1 62 75 4 0
0 26 68 75 41 15 33 38 29 45 56 19 34 59 74 18 69 43 3 20 55 16 42 57 36 50 52 17 66 53 61 44 37 11 49 24 28 63 60 21 2 51 27 30 58 10 12 64 6 14 39 67 7 65 9 31 71 1 13 73 4 40 35 8 23 72 25 46 32 54 48 22 62 5 47 70 0
0 56 33 61 2 29 38 44 50 70 20 15 3 73 5 54 58 22 21 31 13 71 52 40 24 34 55 19 12 75 37 32 4 43 48 42 26 25 10 8 49 60 17 69 57 63 65 45 51 64 39 66 41 6 23 47 16 68 14 72 59 9 46 74 7 28 27 35 62 36 1 30 67 11 53 18 0
0 65 55 69 41 15 30 52 29 54 5 6 34 74 9 73 13 28 25 70 63 3 47 40 66 72 75 64 1 49 57 2 7 24 50 32 60 20 16 59 45 8 17 67 62 19 36 58 56 12 43 18 53 31 33 61 38 39 22 27 26 48 44 14 4 42 10 68 37 51 71 23 11 35 21 46 0
0 28 37 6 72 18 46 47 68 57 3 67 54 24 44 21 35 41 50 11 29 33 43 4 62 65 34 56 20 38 26 58 8 9 69 23 7 15 19 31 10 25 52 39 73 27 48 60 2 71 5 55 75 1 17 22 32 30 42 51 45 13 16 64 66 36 74 53 61 59 63 40 70 49 14 12 0
0 29 61 21 72 26 19 30 50 49 28 31 23 70 16 44 25 63 48 1 11 75 18 71 24 36 8 38 64 3 68 2 15 32 73 47 14 37 10 39 57 46 40 9 65 56 51 60 69 13 22 7 41 35 5 34 27 12 59 54 43 17 42 52 4 45 6 55 20 53 66 74 67 33 62 58 0
0 40 4 37 43 36 64 70 56 10 23 69 74 52 55 26 11 68 62 59 50 3 38 46 31 1 15 14 65 63 60 18 28 17 75 19 67 47 58 21 20 53 39 61 33 24 54 12 7 30 9 27 8 73 13 71 41 34 42 45 2 16 48 25 22 6 44 57 5 66 72 29 32 51 35 49 0
0 60 40 1 7 22 64 18 25 5 10 37 24 53 66 6 43 73 48 65 36 16 15 38 52 12 61 50 72 74 51 54 19 20 46 3 57 62 69 8 44 23 35 45 58 75 9 11 47 21 26 14 2 17 31 13 4 41 59 34 30 56 39 70 49 29 67 28 63 68 42 71 27 32 55 33 0
0 2 30 68 11 73 26 31 51 10 65 69 21 32 29 33 20 44 28 12 43 53 67 6 37 7 22 63 15 57 38 19 14 75 23 13 70 4 35 42 25 72 54 45 41 3 17 1 71 48 50 47 74 60 24 52 40 36 18 56 27 66 61 55 59 62 39 16 58 9 34 8 49 46 5 64 0
0 43 72 36 71 24 26 58 42 75 28 3 39 70 48 19 64 65 33 16 12 38 44 62 47 52 20 67 8 13 17 9 40 15 45 32 25 41 69 35 5 11 60 4 54 59 1 6 73 74 23 53 14 31 34 46 22 51 30 61 18 57 29 63 27 49 50 37 7 55 56 21 10 2 66 68 0
0 36 5 47 73 48 56 49 31 26 3 14 51 8 55 29 74 40 10 4 23 2 59 64 54 27 32 37 61 52 22 41 72 62 33 68 46 17 19 34 44 45 12 1 58 53 28 63 7 30 24 38 16 6 9 15 39 43 70 50 13 75 66 21 11 65 69 35 42 67 71 18 20 25 57 60 0
0 44 1 53 14 32 72 75 48 56 52 68 9 49 3 45 67 16 27 11 19 23 20 26 40 29 4 59 65 61 24 58 5 33 2 66 62 36 30 42 41 70 51 25 8 7 31 46 69 10 15 60 21 39 55 34 38 13 37 50 47 12 43 28 35 18 74 57 17 6 22 71 73 54 64 63 0
0 22 14 38 26 24 29 39 31 25 56 64 44 67 46 41 7 40 53 59 21 30 70 37 12 23 42 52 48 6 15 36 75 71 69 74 11 68 60 35 20 55 5 2 61 50 8 32 47 28 43 62 33 34 17 54 45 73 72 3 66 18 9 65 58 49 19 57 27 16 4 13 1 51 10 63 0
