# n n_solutions
76 1000
# n x n distance matrix
0 1603 921 707 1315 1500 1627 707 223 412 1878 5515 8183 7496 7746 7849 5307 8061 7200 7102 7102 6543 7017 6228 15824 15654 15285 15057 15895 14011 15558 14669 16124 13291 14337 15988 13078 14589 17009 10929 11709 11788 11886 12020 11951 11827 10937 11287 11915 11772 12264 11815 11827 11557 11742 11860 11130 10903 12149 5131 3676 4554 4632 5300 5147 4560 4071 4802 5162 4827 5185 4841 3962 4750 4763 8884
1603 0 1280 921 424 1077 1392 1700 1400 1200 905 4614 7076 6573 6935 6652 4472 7102 6087 5939 5879 5467 5805 5371 14378 14277 13839 13567 14458 12612 14080 13296 14811 11900 12894 14672 11672 13340 15575 9343 10143 10239 10336 10430 10394 10239 9353 9716 10323 10196 10707 10223 10239 10001 10159 10282 9570 9338 10590 4368 3306 4201 4428 4560 4491 3700 3601 4100 4438 4085 4161 3801 3087 3773 4049 7349
921 1280 0 608 860 632 707 500 894 824 1104 4596 7280 6576 6824 6964 4386 7142 6300 6212 6226 5640 6140 5307 15021 14814 14483 14287 15088 13184 14780 13829 15259 12461 13535 15123 12256 13705 16198 10300 11036 11088 11187 11400 11264 11200 10301 10623 11300 11116 11573 11200 11200 10866 11104 11211 10447 10231 11462 5462 4177 5080 5223 5646 5536 4830 4535 5162 5515 3905 4280 3940 3047 3841 3841 8174
707 921 608 0 608 943 1170 848 538 360 1220 4967 7582 6952 7242 7220 4780 7507 6594 6481 6463 5946 6382 5700 15134 14981 14596 14358 15208 13333 14862 13997 15469 12614 13648 15332 12397 13952 16323 10223 11002 11081 11180 11315 11244 11122 10231 10580 11211 11065 11557 11111 11122 10850 11036 11154 10423 10196 11442 4875 3569 4472 4617 5056 4939 4254 3929 4569 4924 4326 4596 4244 3405 4172 4272 8178
1315 424 860 608 0 707 1019 1300 1140 948 721 4522 7072 6500 6826 6684 4356 7043 6082 5954 5920 5445 5841 5269 14539 14401 14001 13756 14615 12747 14262 13418 14904 12030 13054 14766 11810 13403 15730 9618 10394 10473 10572 10711 10636 10517 9625 9972 10607 10458 10948 10507 10517 10242 10430 10547 9815 9588 10834 4743 3601 4504 4704 4933 4850 4085 3920 4464 4808 3935 4110 3753 2968 3701 3891 7570
1500 1077 632 943 707 0 316 1118 1414 1280 509 4036 6684 6020 6300 6351 3841 6579 5700 5603 5608 5044 5522 4763 14389 14185 13851 13656 14455 12553 14148 13200 14637 11830 12902 14501 11624 13092 15566 9700 10423 10469 10568 10801 10647 10600 9700 10012 10704 10507 10955 10604 10600 10248 10500 10604 9832 9618 10846 5440 4304 5208 5400 5632 5554 4775 4627 5166 5508 3383 3687 3342 2475 3255 3328 7553
1627 1392 707 1170 1019 316 0 1118 1581 1476 721 3889 6580 5869 6122 6276 3679 6435 5603 5522 5547 4940 5458 4601 14389 14154 13852 13679 14451 12535 14165 13170 14582 11810 12903 14447 11610 13017 15559 9808 10507 10538 10638 10911 10722 10707 9804 10101 10816 10600 11029 10716 10707 10323 10601 10700 9912 9704 10922 5756 4609 5514 5700 5948 5869 5092 4936 5481 5824 3201 3580 3244 2343 3140 3140 7623
707 1700 500 848 1300 1118 1118 0 806 854 1603 4967 7684 6935 7150 7392 4742 7507 6711 6637 6664 6046 6576 5658 15495 15271 14957 14770 15559 13648 15261 14286 15700 12924 14008 15565 12722 14131 16668 10800 11535 11584 11684 11900 11761 11700 10801 11122 11800 11615 12070 11700 11700 11363 11603 11710 10945 10729 11960 5682 4301 5192 5295 5859 5727 5077 4681 5366 5724 4242 4687 4356 3440 4243 4172 8670
223 1400 894 538 1140 1414 1581 806 0 200 1749 5448 8091 7433 7700 7742 5249 7993 7106 7000 6989 6453 6906 6171 15673 15518 15134 14895 15747 13870 15400 14534 16001 13151 14187 15864 12935 14477 16861 10737 11526 11610 11708 11827 11771 11634 10746 11101 11720 11584 12083 11621 11634 11377 11552 11672 10948 10720 11968 4939 3511 4396 4491 5110 4964 4360 3900 4614 4973 4780 5099 4750 3889 4669 4720 8709
412 1200 824 360 948 1280 1476 854 200 0 1581 5315 7939 7300 7580 7580 5122 7856 6952 6841 6824 6303 6742 6044 15487 15339 14948 14705 15561 13689 15210 14355 15829 12971 14001 15692 12753 14312 16676 10538 11328 11414 11512 11627 11574 11435 10547 10903 11521 11386 11886 11421 11435 11180 11353 11473 10751 10522 11771 4837 3448 4341 4455 5011 4875 4243 3827 4517 4876 4661 4951 4601 3753 4525 4604 8514
1878 905 1104 1220 721 509 721 1603 1749 1581 0 3801 6370 5780 6105 6000 3635 6325 5381 5263 5243 4738 5161 4548 13951 13775 13413 13200 14021 12133 13697 12791 14252 11412 12465 14115 11200 12731 15134 9200 9932 9984 10084 10300 10159 10100 9200 9518 10201 10012 10469 10101 10100 9762 10001 10107 9343 9126 10358 5217 4210 5103 5333 5412 5360 4535 4500 4964 5295 3220 3397 3041 2247 2983 3178 7071
5515 4614 4596 4967 4522 4036 3889 4967 5448 5315 3801 0 2773 1984 2325 2647 300 2545 1868 1910 2102 1216 2002 761 11031 10604 10507 10511 11064 9080 10937 9630 10900 8354 9575 10770 8203 9257 12139 7655 8036 7907 8004 8709 8149 8486 7615 7716 8653 8221 8417 8561 8486 7762 8321 8348 7433 7305 8343 8273 7716 8544 8854 8471 8515 7580 7912 8121 8386 824 608 905 1562 854 921 5239
8183 7076 7280 7582 7072 6684 6580 7684 8091 7939 6370 2773 0 1236 1749 707 3046 921 989 1166 1360 1640 1392 2256 8414 7885 7905 8030 8429 6428 8405 6923 8134 5714 7000 8005 5600 6484 9476 6224 6268 6003 6090 7121 6276 6902 6155 6060 7106 6521 6488 7029 6902 5936 6700 6661 5720 5685 6449 10065 9861 10600 10965 10252 10361 9415 9976 9992 10195 3584 3000 3342 4243 3440 3676 4022
7496 6573 6576 6952 6500 6020 5869 6935 7433 7300 5780 1984 1236 0 670 1640 2193 583 1118 1431 1788 1303 1746 1280 9602 9009 9100 9254 9608 7605 9618 8062 9176 6900 8205 9052 6802 7467 10638 7324 7443 7200 7289 8266 7470 8044 7262 7211 8241 7685 7692 8160 8044 7119 7849 7823 6879 6824 7647 9992 9585 10381 10715 10186 10261 9314 9749 9876 10113 2701 2418 2778 3546 2801 2780 5020
7746 6935 6824 7242 6826 6300 6122 7150 7700 7580 6105 2325 1749 670 0 2262 2469 854 1788 2102 2459 1910 2416 1565 9908 9234 9419 9633 9902 7905 9972 8309 9317 7217 8547 9198 7144 7569 10904 7939 8015 7752 7839 8860 8026 8640 7874 7800 8840 8266 8236 8761 8640 7685 8440 8405 7463 7420 8198 10511 10030 10846 11166 10707 10770 9827 10214 10381 10630 2920 2846 3195 3858 3178 2983 5663
7849 6652 6964 7220 6684 6351 6276 7392 7742 7580 6000 2647 707 1640 2262 0 2942 1526 800 761 781 1431 848 2308 8386 7969 7863 7900 8417 6432 8309 6992 8319 5707 6935 8185 5557 6741 9492 5685 5818 5594 5685 6628 5860 6407 5622 5575 6603 6053 6092 6521 6407 5500 6212 6191 5247 5186 6041 9454 9319 10034 10410 9638 9757 8814 9415 9394 9585 3471 2731 3041 3981 3178 3569 3405
5307 4472 4386 4780 4356 3841 3679 4742 5249 5122 3635 300 3046 2193 2469 2942 0 2765 2158 2209 2402 1513 2302 921 11328 10893 10804 10811 11360 9374 11236 9920 11178 8649 9873 11049 8500 9527 12433 7930 8324 8200 8297 8988 8440 8766 7892 8000 8931 8507 8709 8839 8766 8052 8603 8633 7720 7589 8634 8238 7624 8464 8764 8438 8471 7542 7833 8075 8348 538 721 921 1389 800 632 5515
8061 7102 7142 7507 7043 6579 6435 7507 7993 7856 6325 2545 921 583 854 1526 2765 0 1300 1603 1923 1708 1910 1860 9100 8471 8605 8796 9100 7100 9144 7532 8612 6403 7723 8489 6319 6894 10117 7144 7184 6911 6997 8043 7186 7824 7076 6981 8028 7440 7392 7951 7824 6850 7621 7580 6640 6606 7357 10412 10064 10846 11189 10604 10690 9741 10215 10309 10536 3280 2941 3301 4103 3342 3360 4920
7200 6087 6300 6594 6082 5700 5603 6711 7106 6952 5381 1868 989 1118 1788 800 2158 1300 0 316 670 670 632 1513 9178 8736 8657 8700 9207 7218 9108 7762 9047 6493 7731 8915 6350 7430 10277 6324 6530 6332 6425 7306 6592 7083 6268 6264 7271 6753 6835 7186 7083 6224 6896 6888 5948 5866 6777 9170 8906 9660 10018 9360 9457 8509 9033 9082 9297 2692 2024 2360 3275 2469 2789 3969
7102 5939 6212 6481 5954 5603 5522 6637 7000 6841 5263 1910 1166 1431 2102 761 2209 1603 316 0 360 700 316 1676 9124 8728 8598 8605 9159 7180 9027 7749 9080 6453 7665 8947 6296 7494 10239 6074 6315 6135 6229 7071 6390 6847 6020 6037 7032 6530 6640 6946 6847 6016 6664 6664 5727 5635 6578 8919 8695 9436 9800 9108 9211 8263 8811 8839 9047 2729 1969 2282 3220 2416 2828 3701
7102 5879 6226 6463 5920 5608 5547 6664 6989 6824 5243 2102 1360 1788 2459 781 2402 1923 670 360 0 948 100 1969 8982 8637 8452 8421 9024 7060 8856 7655 9035 6332 7513 8900 6161 7488 10113 5745 6016 5852 5948 6753 6103 6529 5693 5727 6711 6224 6360 6624 6529 5724 6350 6356 5423 5322 6293 8709 8544 9266 9638 8895 9007 8062 8645 8640 8839 2901 2061 2340 3289 2500 3001 3360
6543 5467 5640 5946 5445 5044 4940 6046 6453 6303 4738 1216 1640 1303 1910 1431 1513 1708 670 700 948 0 854 1029 9815 9396 9291 9304 9847 7864 9725 8420 9716 7138 8360 9585 6987 8100 10923 6673 6964 6800 6896 7692 7051 7468 6624 6670 7647 7169 7308 7559 7468 6673 7291 7300 6369 6264 7242 8709 8363 9138 9484 8902 8984 8036 8508 8602 8832 2039 1360 1702 2607 1802 2137 4272
7017 5805 6140 6382 5841 5522 5458 6576 6906 6742 5161 2002 1392 1746 2416 848 2302 1910 632 316 100 854 0 1878 9080 8731 8551 8521 9121 7156 8956 7749 9124 6428 7611 8989 6258 7571 10210 5830 6109 5948 6044 6842 6198 6618 5780 5818 6800 6315 6456 6711 6618 5818 6440 6447 5515 5412 6389 8672 8490 9217 9588 8860 8969 8023 8595 8600 8802 2801 1964 2247 3195 2404 2901 3440
6228 5371 5307 5700 5269 4763 4601 5658 6171 6044 4548 761 2256 1280 1565 2308 921 1860 1513 1676 1969 1029 1878 0 10647 10141 10131 10201 10667 8670 10601 9178 10373 7951 9213 10245 7823 8692 11723 7702 7984 7810 7905 8720 8065 8497 7653 7696 8676 8193 8316 8588 8497 7689 8319 8325 7392 7291 8254 9009 8475 9300 9613 9207 9257 8318 8668 8864 9124 1421 1315 1649 2302 1615 1500 5300
15824 14378 15021 15134 14539 14389 14389 15495 15673 15487 13951 11031 8414 9602 9908 8386 11328 9100 9178 9124 8982 9815 9080 10647 0 1389 538 1264 200 2002 800 1788 2529 2701 1486 2469 2828 3538 1220 6184 5122 4742 4675 5643 4763 5660 6107 5531 5780 5300 4500 5830 5660 5024 5547 5325 5445 5728 4640 15556 16141 16580 17020 15684 15915 15120 16065 15664 15697 11853 11042 11303 12248 11475 11951 7186
15654 14277 14814 14981 14401 14185 14154 15271 15518 15339 13775 10604 7885 9009 9234 7969 10893 8471 8736 8728 8637 9396 8731 10141 1389 0 1414 2418 1220 1702 2118 984 1204 2385 1838 1118 2640 2247 1772 6800 5769 5323 5277 6451 5412 6425 6711 6129 6578 6000 5200 6612 6425 5594 6276 6053 5968 6243 5331 15839 16288 16791 17224 15980 16194 15357 16248 15917 15981 11428 10689 10978 11926 11132 11524 7359
15285 13839 14483 14596 14001 13851 13852 14957 15134 14948 13413 10507 7905 9100 9419 7863 10804 8605 8657 8598 8452 9291 8551 10131 538 1414 0 1004 640 1529 781 1486 2617 2202 948 2531 2308 3342 1749 5720 4661 4263 4201 5232 4301 5235 5640 5060 5366 4854 4049 5412 5235 4545 5110 4887 4957 5240 4188 15044 15615 16060 16500 15174 15402 14603 15542 15148 15185 11328 10511 10770 11715 10944 11427 6657
15057 13567 14287 14358 13756 13656 13679 14770 14895 14705 13200 10511 8030 9254 9633 7900 10811 8796 8700 8605 8421 9304 8521 10201 1264 2418 1004 0 1456 2061 565 2332 3622 2549 1220 3535 2529 4219 2360 5020 3959 3623 3546 4410 3606 4440 4949 4386 4548 4110 3324 4604 4440 3905 4341 4123 4341 4622 3465 14500 15160 15559 16003 14620 14860 14091 15063 14623 14640 11321 10458 10692 11624 10877 11421 6264
15895 14458 15088 15208 14615 14455 14451 15559 15747 15561 14021 11064 8429 9608 9902 8417 11360 9100 9207 9159 9024 9847 9121 10667 200 1220 640 1456 0 2002 1000 1708 2340 2716 1565 2284 2863 3405 1118 6341 5280 4891 4827 5818 4920 5830 6262 5685 5953 5464 4661 6003 5830 5173 5714 5491 5590 5872 4801 15684 16254 16700 17140 15814 16043 15243 16182 15789 15825 11886 11085 11350 12297 11520 11985 7294
14011 12612 13184 13333 12747 12553 12535 13648 13870 13689 12133 9080 6428 7605 7905 6432 9374 7100 7218 7180 7060 7864 7156 8670 2002 1702 1529 2061 2002 0 2193 806 2594 728 848 2459 943 2376 3059 5255 4272 3794 3764 5063 3929 5000 5162 4588 5178 4535 3765 5197 5000 4049 4827 4609 4386 4651 3883 14142 14586 15089 15521 14284 14495 13656 14545 14217 14283 9904 9121 9396 10344 9560 10001 5658
15558 14080 14780 14862 14262 14148 14165 15261 15400 15210 13697 10937 8405 9618 9972 8309 11236 9144 9108 9027 8856 9725 8956 10601 800 2118 781 565 1000 2193 0 2262 3298 2789 1431 3228 2828 4123 1802 5586 4525 4186 4110 4964 4172 5000 5515 4951 5103 4675 3889 5161 5000 4468 4904 4686 4904 5185 4031 15060 15709 16115 16558 15181 15420 14647 15616 15182 15200 11751 10903 11146 12083 11328 11851 6797
14669 13296 13829 13997 13418 13200 13170 14286 14534 14355 12791 9630 6923 8062 8309 6992 9920 7532 7762 7749 7655 8420 7749 9178 1788 984 1486 2332 1708 806 2262 0 1788 1421 1315 1655 1697 1886 2601 6053 5059 4588 4554 5824 4712 5772 5961 5385 5943 5316 4535 5966 5772 4846 5604 5385 5189 5456 4657 14921 15338 15854 16285 15065 15274 14427 15305 14991 15062 10454 9708 9995 10944 10151 10551 6435
16124 14811 15259 15469 14904 14637 14582 15700 16001 15829 14252 10900 8134 9176 9317 8319 11178 8612 9047 9080 9035 9716 9124 10373 2529 1204 2617 3622 2340 2594 3298 1788 0 3140 2961 141 3440 1800 2475 7839 6835 6369 6332 7569 6484 7528 7747 7169 7692 7083 6293 7720 7528 6630 7368 7147 6977 7244 6419 16635 16991 17536 17962 16783 16985 16124 16975 16693 16776 11717 11049 11359 12300 11496 11810 8156
13291 11900 12461 12614 12030 11830 11810 12924 13151 12971 11412 8354 5714 6900 7217 5707 8649 6403 6493 6453 6332 7138 6428 7951 2701 2385 2202 2549 2716 728 2789 1421 3140 0 1360 3000 316 2501 3785 4850 3931 3436 3423 4801 3612 4709 4753 4197 4904 4219 3500 4909 4709 3667 4517 4310 3956 4205 3601 13510 13917 14436 14866 13656 13862 13011 13885 13576 13651 9178 8393 8668 9616 8832 9276 5024
14337 12894 13535 13648 13054 12902 12903 14008 14187 14001 12465 9575 7000 8205 8547 6935 9873 7723 7731 7665 7513 8360 7611 9213 1486 1838 948 1220 1565 848 1431 1315 2961 1360 0 2844 1403 3138 2683 4973 3935 3498 3448 4617 3577 4588 4887 4304 4743 4162 3361 4775 4588 3773 4438 4215 4161 4440 3492 14167 14705 15164 15602 14301 14524 13713 14640 14263 14308 10394 9570 9827 10770 10001 10493 5742
15988 14672 15123 15332 14766 14501 14447 15565 15864 15692 14115 10770 8005 9052 9198 8185 11049 8489 8915 8947 8900 9585 8989 10245 2469 1118 2531 3535 2284 2459 3228 1655 141 3000 2844 0 3301 1702 2483 7707 6706 6239 6203 7446 6356 7404 7615 7038 7569 6957 6168 7596 7404 6500 7242 7021 6844 7111 6293 16493 16850 17395 17821 16642 16843 15983 16834 16551 16635 11587 10916 11225 12167 11363 11681 8015
13078 11672 12256 12397 11810 11624 11610 12722 12935 12753 11200 8203 5600 6802 7144 5557 8500 6319 6350 6296 6161 6987 6258 7823 2828 2640 2308 2529 2863 943 2828 1697 3440 316 1403 3301 0 2807 3956 4535 3622 3125 3114 4500 3306 4404 4438 3883 4601 3911 3201 4604 4404 3354 4210 4004 3640 3889 3300 13224 13649 14159 14591 13368 13577 12731 13612 13294 13366 9025 8222 8489 9437 8658 9124 4738
14589 13340 13705 13952 13403 13092 13017 14131 14477 14312 12731 9257 6484 7467 7569 6741 9527 6894 7430 7494 7488 8100 7571 8692 3538 2247 3342 4219 3405 2376 4123 1886 1800 2501 3138 1702 2807 0 3981 7316 6428 5930 5921 7302 6113 7211 7218 6675 7406 6718 6000 7410 7211 6152 7017 6811 6413 6649 6103 15480 15703 16302 16717 15640 15822 14930 15720 15508 15620 10064 9451 9775 10704 9897 10155 7119
17009 15575 16198 16323 15730 15566 15559 16668 16861 16676 15134 12139 9476 10638 10904 9492 12433 10117 10277 10239 10113 10923 10210 11723 1220 1772 1749 2360 1118 3059 1802 2601 2475 3785 2683 2483 3956 3981 0 7366 6303 5939 5869 6767 5946 6800 7291 6720 6906 6466 5672 6963 6800 6222 6700 6481 6648 6931 5813 16773 17362 17800 18240 16900 17132 16340 17286 16883 16914 12963 12175 12445 13392 12612 13061 8405
10929 9343 10300 10223 9618 9700 9808 10800 10737 10538 9200 7655 6224 7324 7939 5685 7930 7144 6324 6074 5745 6673 5830 7702 6184 6800 5720 5020 6341 5255 5586 6053 7839 4850 4973 7707 4535 7316 7366 0 1063 1476 1526 1104 1421 900 100 670 1019 943 1697 921 900 1208 824 984 905 707 1555 9571 10387 10694 11141 9679 9932 9217 10241 9724 9709 8321 7338 7433 8222 7653 8415 2416
11709 10143 11036 11002 10394 10423 10507 11535 11526 11328 9932 8036 6268 7443 8015 5818 8324 7184 6530 6315 6016 6964 6109 7984 5122 5769 4661 3959 5280 4272 4525 5059 6835 3931 3935 6706 3622 6428 6303 1063 0 500 509 984 360 824 989 447 1044 316 640 1019 824 360 608 447 608 806 500 10594 11359 11697 12143 10707 10955 10221 11229 10737 10733 8755 7787 7924 8769 8139 8852 2906
11788 10239 11088 11081 10473 10469 10538 11584 11610 11414 9984 7907 6003 7200 7752 5594 8200 6911 6332 6135 5852 6800 5948 7810 4742 5323 4263 3623 4891 3794 4186 4588 6369 3436 3498 6239 3125 5930 5939 1476 500 0 100 1456 282 1315 1389 806 1529 806 509 1513 1315 282 1104 921 721 1000 447 10881 11588 11957 12402 11000 11241 10484 11473 11011 11020 8649 7694 7851 8720 8062 8747 2915
11886 10336 11187 11180 10572 10568 10638 11684 11708 11512 10084 8004 6090 7289 7839 5685 8297 6997 6425 6229 5948 6896 6044 7905 4675 5277 4201 3546 4827 3764 4110 4554 6332 3423 3448 6203 3114 5921 5869 1526 509 100 0 1431 223 1303 1442 860 1513 800 412 1503 1303 360 1100 905 806 1081 360 10962 11676 12041 12486 11080 11322 10568 11560 11094 11101 8747 7792 7951 8820 8161 8845 3014
12020 10430 11400 11315 10711 10801 10911 11900 11827 11627 10300 8709 7121 8266 8860 6628 8988 8043 7306 7071 6753 7692 6842 8720 5643 6451 5232 4410 5818 5063 4964 5824 7569 4801 4617 7446 4500 7302 6767 1104 984 1456 1431 0 1216 223 1118 1063 141 670 1303 223 223 1341 424 538 1414 1442 1200 10470 11365 11629 12076 10567 10830 10155 11200 10643 10606 9392 8411 8516 9317 8736 9486 3478
11951 10394 11264 11244 10636 10647 10722 11761 11771 11574 10159 8149 6276 7470 8026 5860 8440 7186 6592 6390 6103 7051 6198 8065 4763 5412 4301 3606 4920 3929 4172 4712 6484 3612 3577 6356 3306 6113 5946 1421 360 282 223 1216 0 1100 1345 781 1303 608 316 1300 1100 400 905 700 824 1077 200 10928 11672 12022 12467 11043 11289 10547 11548 11067 11067 8884 7924 8075 8935 8287 8982 3101
11827 10239 11200 11122 10517 10600 10707 11700 11634 11435 10100 8486 6902 8044 8640 6407 8766 7824 7083 6847 6529 7468 6618 8497 5660 6425 5235 4440 5830 5000 5000 5772 7528 4709 4588 7404 4404 7211 6800 900 824 1315 1303 223 1100 0 905 848 223 509 1236 200 0 1170 223 400 1204 1220 1118 10344 11216 11493 11940 10444 10704 10017 11057 10511 10480 9170 8190 8296 9100 8516 9265 3257
10937 9353 10301 10231 9625 9700 9804 10801 10746 10547 9200 7615 6155 7262 7874 5622 7892 7076 6268 6020 5693 6624 5780 7653 6107 6711 5640 4949 6262 5162 5515 5961 7747 4753 4887 7615 4438 7218 7291 100 989 1389 1442 1118 1345 905 0 583 1044 894 1627 948 905 1118 806 948 806 608 1486 9625 10427 10742 11189 9734 9985 9266 10285 9775 9763 8287 7305 7404 8200 7624 8381 2376
11287 9716 10623 10580 9972 10012 10101 11122 11101 10903 9518 7716 6060 7211 7800 5575 8000 6981 6264 6037 5727 6670 5818 7696 5531 6129 5060 4386 5685 4588 4951 5385 7169 4197 4304 7038 3883 6675 6720 670 447 806 860 1063 781 848 583 0 1063 509 1081 1000 848 538 640 632 360 412 943 10151 10912 11250 11697 10264 10511 9775 10782 10292 10290 8420 7446 7570 8401 7787 8516 2531
11915 10323 11300 11211 10607 10704 10816 11800 11720 11521 10201 8653 7106 8241 8840 6603 8931 8028 7271 7032 6711 7647 6800 8676 5780 6578 5366 4548 5953 5178 5103 5943 7692 4904 4743 7569 4601 7406 6906 1019 1044 1529 1513 141 1303 223 1044 1063 0 728 1414 100 223 1392 447 608 1421 1421 1303 10335 11236 11496 11943 10431 10694 10022 11069 10509 10470 9330 8348 8448 9241 8668 9424 3417
11772 10196 11116 11065 10458 10507 10600 11615 11584 11386 10012 8221 6521 7685 8266 6053 8507 7440 6753 6530 6224 7169 6315 8193 5300 6000 4854 4110 5464 4535 4675 5316 7083 4219 4162 6957 3911 6718 6466 943 316 806 800 670 608 509 894 509 728 0 806 707 509 670 300 141 806 921 670 10515 11321 11636 12083 10623 10875 10159 11180 10667 10653 8928 7955 8080 8910 8297 9024 3041
12264 10707 11573 11557 10948 10955 11029 12070 12083 11886 10469 8417 6488 7692 8236 6092 8709 7392 6835 6640 6360 7308 6456 8316 4500 5200 4049 3324 4661 3765 3889 4535 6293 3500 3361 6168 3201 6000 5672 1697 640 509 412 1303 316 1236 1627 1081 1414 806 0 1431 1236 707 1077 854 1140 1392 141 11232 11985 12330 12776 11346 11593 10855 11859 11374 11371 9159 8203 8360 9226 8570 9257 3405
11815 10223 11200 11111 10507 10604 10716 11700 11621 11421 10101 8561 7029 8160 8761 6521 8839 7951 7186 6946 6624 7559 6711 8588 5830 6612 5412 4604 6003 5197 5161 5966 7720 4909 4775 7596 4604 7410 6963 921 1019 1513 1503 223 1300 200 948 1000 100 707 1431 0 200 1360 412 600 1360 1345 1315 10247 11142 11406 11853 10344 10606 9931 10977 10420 10383 9235 8254 8352 9144 8572 9330 3324
11827 10239 11200 11122 10517 10600 10707 11700 11634 11435 10100 8486 6902 8044 8640 6407 8766 7824 7083 6847 6529 7468 6618 8497 5660 6425 5235 4440 5830 5000 5000 5772 7528 4709 4588 7404 4404 7211 6800 900 824 1315 1303 223 1100 0 905 848 223 509 1236 200 0 1170 223 400 1204 1220 1118 10344 11216 11493 11940 10444 10704 10017 11057 10511 10480 9170 8190 8296 9100 8516 9265 3257
11557 10001 10866 10850 10242 10248 10323 11363 11377 11180 9762 7762 5936 7119 7685 5500 8052 6850 6224 6016 5724 6673 5818 7689 5024 5594 4545 3905 5173 4049 4468 4846 6630 3667 3773 6500 3354 6152 6222 1208 360 282 360 1341 400 1170 1118 538 1392 670 707 1360 1170 0 948 806 447 721 600 10601 11317 11681 12126 10720 10962 10208 11200 10733 10741 8492 7531 7679 8537 7891 8590 2701
11742 10159 11104 11036 10430 10500 10601 11603 11552 11353 10001 8321 6700 7849 8440 6212 8603 7621 6896 6664 6350 7291 6440 8319 5547 6276 5110 4341 5714 4827 4904 5604 7368 4517 4438 7242 4210 7017 6700 824 608 1104 1100 424 905 223 806 640 447 300 1077 412 223 948 0 223 989 1029 948 10358 11200 11494 11941 10462 10718 10018 11049 10519 10495 9013 8036 8149 8962 8367 9109 3104
11860 10282 11211 11154 10547 10604 10700 11710 11672 11473 10107 8348 6661 7823 8405 6191 8633 7580 6888 6664 6356 7300 6447 8325 5325 6053 4887 4123 5491 4609 4686 5385 7147 4310 4215 7021 4004 6811 6481 984 447 921 905 538 700 400 948 632 608 141 854 600 400 806 223 0 943 1044 728 10547 11371 11676 12123 10653 10907 10200 11225 10704 10685 9052 8077 8200 9025 8417 9148 3157
11130 9570 10447 10423 9815 9832 9912 10945 10948 10751 9343 7433 5720 6879 7463 5247 7720 6640 5948 5727 5423 6369 5515 7392 5445 5968 4957 4341 5590 4386 4904 5189 6977 3956 4161 6844 3640 6413 6648 905 608 721 806 1414 824 1204 806 360 1421 806 1140 1360 1204 447 989 943 0 282 1019 10160 10870 11236 11681 10280 10520 9763 10754 10290 10300 8149 7180 7316 8161 7531 8246 2302
10903 9338 10231 10196 9588 9618 9704 10729 10720 10522 9126 7305 5685 6824 7420 5186 7589 6606 5866 5635 5322 6264 5412 7291 5728 6243 5240 4622 5872 4651 5185 5456 7244 4205 4440 7111 3889 6649 6931 707 806 1000 1081 1442 1077 1220 608 412 1421 921 1392 1345 1220 721 1029 1044 282 0 1264 9881 10600 10960 11405 10000 10241 9487 10480 10012 10020 8008 7034 7158 7990 7375 8104 2121
12149 10590 11462 11442 10834 10846 10922 11960 11968 11771 10358 8343 6449 7647 8198 6041 8634 7357 6777 6578 6293 7242 6389 8254 4640 5331 4188 3465 4801 3883 4031 4657 6419 3601 3492 6293 3300 6103 5813 1555 500 447 360 1200 200 1118 1486 943 1303 670 141 1315 1118 600 948 728 1019 1264 0 11094 11851 12193 12640 11207 11454 10718 11723 11236 11232 9080 8121 8273 9135 8485 9178 3301
5131 4368 5462 4875 4743 5440 5756 5682 4939 4837 5217 8273 10065 9992 10511 9454 8238 10412 9170 8919 8709 8709 8672 9009 15556 15839 15044 14500 15684 14142 15060 14921 16635 13510 14167 16493 13224 15480 16773 9571 10594 10881 10962 10470 10928 10344 9625 10151 10335 10515 11232 10247 10344 10601 10358 10547 10160 9881 11094 0 1664 1300 1711 200 360 700 1252 360 141 8005 7694 7368 7000 7443 8002 8486
3676 3306 4177 3569 3601 4304 4609 4301 3511 3448 4210 7716 9861 9585 10030 9319 7624 10064 8906 8695 8544 8363 8490 8475 16141 16288 15615 15160 16254 14586 15709 15338 16991 13917 14705 16850 13649 15703 17362 10387 11359 11588 11676 11365 11672 11216 10427 10912 11236 11321 11985 11142 11216 11317 11200 11371 10870 10600 11851 1664 0 905 1140 1780 1555 1414 424 1303 1640 7300 7186 6835 6281 6862 7278 8962
4554 4201 5080 4472 4504 5208 5514 5192 4396 4341 5103 8544 10600 10381 10846 10034 8464 10846 9660 9436 9266 9138 9217 9300 16580 16791 16060 15559 16700 15089 16115 15854 17536 14436 15164 17395 14159 16302 17800 10694 11697 11957 12041 11629 12022 11493 10742 11250 11496 11636 12330 11406 11493 11681 11494 11676 11236 10960 12193 1300 905 0 447 1315 1019 1476 632 1019 1204 8158 8000 7653 7138 7692 8139 9436
4632 4428 5223 4617 4704 5400 5700 5295 4491 4455 5333 8854 10965 10715 11166 10410 8764 11189 10018 9800 9638 9484 9588 9613 17020 17224 16500 16003 17140 15521 16558 16285 17962 14866 15602 17821 14591 16717 18240 11141 12143 12402 12486 12076 12467 11940 11189 11697 11943 12083 12776 11853 11940 12126 11941 12123 11681 11405 12640 1711 1140 447 0 1700 1400 1923 1000 1456 1603 8440 8321 7971 7421 8000 8417 9871
5300 4560 5646 5056 4933 5632 5948 5859 5110 5011 5412 8471 10252 10186 10707 9638 8438 10604 9360 9108 8895 8902 8860 9207 15684 15980 15174 14620 15814 14284 15181 15065 16783 13656 14301 16642 13368 15640 16900 9679 10707 11000 11080 10567 11043 10444 9734 10264 10431 10623 11346 10344 10444 10720 10462 10653 10280 10000 11207 200 1780 1315 1700 0 300 900 1360 500 141 8205 7891 7566 7200 7641 8202 8631
5147 4491 5536 4939 4850 5554 5869 5727 4964 4875 5360 8515 10361 10261 10770 9757 8471 10690 9457 9211 9007 8984 8969 9257 15915 16194 15402 14860 16043 14495 15420 15274 16985 13862 14524 16843 13577 15822 17132 9932 10955 11241 11322 10830 11289 10704 9985 10511 10694 10875 11593 10606 10704 10962 10718 10907 10520 10241 11454 360 1555 1019 1400 300 0 948 1131 400 223 8221 7942 7611 7211 7679 8215 8839
4560 3700 4830 4254 4085 4775 5092 5077 4360 4243 4535 7580 9415 9314 9827 8814 7542 9741 8509 8263 8062 8036 8023 8318 15120 15357 14603 14091 15243 13656 14647 14427 16124 13011 13713 15983 12731 14930 16340 9217 10221 10484 10568 10155 10547 10017 9266 9775 10022 10159 10855 9931 10017 10208 10018 10200 9763 9487 10718 700 1414 1476 1923 900 948 0 1104 583 806 7306 7003 6675 6300 6747 7302 7998
4071 3601 4535 3929 3920 4627 4936 4681 3900 3827 4500 7912 9976 9749 10214 9415 7833 10215 9033 8811 8645 8508 8595 8668 16065 16248 15542 15063 16182 14545 15616 15305 16975 13885 14640 16834 13612 15720 17286 10241 11229 11473 11560 11200 11548 11057 10285 10782 11069 11180 11859 10977 11057 11200 11049 11225 10754 10480 11723 1252 424 632 1000 1360 1131 1104 0 894 1220 7531 7368 7021 6511 7060 7513 8902
4802 4100 5162 4569 4464 5166 5481 5366 4614 4517 4964 8121 9992 9876 10381 9394 8075 10309 9082 8839 8640 8602 8600 8864 15664 15917 15148 14623 15789 14217 15182 14991 16693 13576 14263 16551 13294 15508 16883 9724 10737 11011 11094 10643 11067 10511 9775 10292 10509 10667 11374 10420 10511 10733 10519 10704 10290 10012 11236 360 1303 1019 1456 500 400 583 894 0 360 7823 7550 7218 6811 7283 7816 8558
5162 4438 5515 4924 4808 5508 5824 5724 4973 4876 5295 8386 10195 10113 10630 9585 8348 10536 9297 9047 8839 8832 8802 9124 15697 15981 15185 14640 15825 14283 15200 15062 16776 13651 14308 16635 13366 15620 16914 9709 10733 11020 11101 10606 11067 10480 9763 10290 10470 10653 11371 10383 10480 10741 10495 10685 10300 10020 11232 141 1640 1204 1603 141 223 806 1220 360 0 8109 7808 7481 7102 7553 8105 8627
4827 4085 3905 4326 3935 3383 3201 4242 4780 4661 3220 824 3584 2701 2920 3471 538 3280 2692 2729 2901 2039 2801 1421 11853 11428 11328 11321 11886 9904 11751 10454 11717 9178 10394 11587 9025 10064 12963 8321 8755 8649 8747 9392 8884 9170 8287 8420 9330 8928 9159 9235 9170 8492 9013 9052 8149 8008 9080 8005 7300 8158 8440 8205 8221 7306 7531 7823 8109 0 984 989 1019 781 100 5913
5185 4161 4280 4596 4110 3687 3580 4687 5099 4951 3397 608 3000 2418 2846 2731 721 2941 2024 1969 2061 1360 1964 1315 11042 10689 10511 10458 11085 9121 10903 9708 11049 8393 9570 10916 8222 9451 12175 7338 7787 7694 7792 8411 7924 8190 7305 7446 8348 7955 8203 8254 8190 7531 8036 8077 7180 7034 8121 7694 7186 8000 8321 7891 7942 7003 7368 7550 7808 984 0 360 1252 447 1077 4933
4841 3801 3940 4244 3753 3342 3244 4356 4750 4601 3041 905 3342 2778 3195 3041 921 3301 2360 2282 2340 1702 2247 1649 11303 10978 10770 10692 11350 9396 11146 9995 11359 8668 9827 11225 8489 9775 12445 7433 7924 7851 7951 8516 8075 8296 7404 7570 8448 8080 8360 8352 8296 7679 8149 8200 7316 7158 8273 7368 6835 7653 7971 7566 7611 6675 7021 7218 7481 989 360 0 948 223 1063 5044
3962 3087 3047 3405 2968 2475 2343 3440 3889 3753 2247 1562 4243 3546 3858 3981 1389 4103 3275 3220 3289 2607 3195 2302 12248 11926 11715 11624 12297 10344 12083 10944 12300 9616 10770 12167 9437 10704 13392 8222 8769 8720 8820 9317 8935 9100 8200 8401 9241 8910 9226 9144 9100 8537 8962 9025 8161 7990 9135 7000 6281 7138 7421 7200 7211 6300 6511 6811 7102 1019 1252 948 0 806 1004 5869
4750 3773 3841 4172 3701 3255 3140 4243 4669 4525 2983 854 3440 2801 3178 3178 800 3342 2469 2416 2500 1802 2404 1615 11475 11132 10944 10877 11520 9560 11328 10151 11496 8832 10001 11363 8658 9897 12612 7653 8139 8062 8161 8736 8287 8516 7624 7787 8668 8297 8570 8572 8516 7891 8367 8417 7531 7375 8485 7443 6862 7692 8000 7641 7679 6747 7060 7283 7553 781 447 223 806 0 848 5263
4763 4049 3841 4272 3891 3328 3140 4172 4720 4604 3178 921 3676 2780 2983 3569 632 3360 2789 2828 3001 2137 2901 1500 11951 11524 11427 11421 11985 10001 11851 10551 11810 9276 10493 11681 9124 10155 13061 8415 8852 8747 8845 9486 8982 9265 8381 8516 9424 9024 9257 9330 9265 8590 9109 9148 8246 8104 9178 8002 7278 8139 8417 8202 8215 7302 7513 7816 8105 100 1077 1063 1004 848 0 6008
8884 7349 8174 8178 7570 7553 7623 8670 8709 8514 7071 5239 4022 5020 5663 3405 5515 4920 3969 3701 3360 4272 3440 5300 7186 7359 6657 6264 7294 5658 6797 6435 8156 5024 5742 8015 4738 7119 8405 2416 2906 2915 3014 3478 3101 3257 2376 2531 3417 3041 3405 3324 3257 2701 3104 3157 2302 2121 3301 8486 8962 9436 9871 8631 8839 7998 8902 8558 8627 5913 4933 5044 5869 5263 6008 0
# set of given starting solutions
0 65 58 29 9 71 52 2 37 33 55 20 45 63 41 38 67 69 49 70 10 16 43 39 42 3 73 57 61 26 66 47 17 44 72 6 31 1 59 74 35 14 18 23 62 53 51 54 40 36 25 8 13 21 4 34 22 27 5 7 56 68 48 24 64 12 11 15 60 19 46 28 50 32 30 75 0
0 40 17 58 10 52 21 19 2 3 61 48 59 1 13 22 33 18 60 43 63 65 75 5 25 24 71 29 15 35 70 53 36 14 31 30 57 4 44 54 62 55 23 49 27 16 11 39 68 69 45 34 50 74 6 41 46 38 12 32 66 64 51 73 37 20 42 9 72 26 8 67 56 47 28 7 0
0 75 51 40 7 33 43 24 10 41 74 39 25 13 46 69 2 6 64 31 23 47 14 4 19 65 67 42 59 66 11 70 48 61 57 62 5 22 28 12 54 58 8 35 50 32 55 73 9 17 3 20 44 21 68 15 36 71 60 56 26 34 16 52 53 30 29 37 45 72 27 1 18 49 63 38 0
0 8 38 58 9 14 7 53 63 70 67 18 42 57 36 71 50 39 61 31 47 54 32 35 46 52 45 26 16 37 13 12 19 4 23 28 64 49 75 30 25 33 62 51 73 20 24 1 44 5 59 48 66 27 43 41 10 69 55 72 22 11 65 34 6 2 40 29 74 15 3 68 17 56 21 60 0
0 73 36 60 55 50 71 26 72 62 10 43 75 14 6 48 27 21 44 47 41 32 46 59 53 28 58 18 49 45 66 40 51 12 16 56 31 37 34 13 20 17 63 38 8 7 64 29 22 33 4 68 23 2 70 69 3 30 42 54 24 9 57 25 61 39 19 52 11 35 5 1 67 74 15 65 0
0 41 17 16 13 37 4 12 21 28 72 71 33 22 34 43 26 46 35 3 70 75 9 74 53 15 64 8 38 14 56 61 65 60 44 10 32 29 67 68 50 6 51 62 58 2 36 55 18 42 48 66 40 69 24 1 39 49 11 7 57 31 19 20 47 52 23 73 45 63 30 54 25 59 5 27 0
0 6 7 14 55 64 43 41 23 34 45 16 35 52 4 42 12 56 18 67 39 3 61 37 32 59 60 20 1 54 29 38 74 57 63 9 28 5 15 2 19 47 51 25 68 11 73 40 27 36 72 58 50 30 21 8 13 66 24 33 62 31 48 71 69 65 44 70 22 53 49 75 46 26 10 17 0
0 12 19 63 42 2 29 64 25 57 40 9 67 69 46 11 41 28 65 22 48 68 21 23 8 31 24 13 45 6 15 66 47 17 51 34 36 60 75 16 43 52 30 71 20 62 61 14 72 38 27 58 74 49 4 54 53 1 70 50 32 56 37 39 44 33 10 55 3 35 7 18 73 26 5 59 0
0 57 62 51 47 71 4 70 64 1 42 19 48 59 33 67 14 7 5 15 72 56 21 75 30 61 28 52 25 13 31 26 12 68 37 23 36 53 63 17 38 3 41 10 34 35 58 49 43 46 11 55 60 20 44 22 39 6 73 50 74 65 66 27 54 69 29 32 16 8 24 18 40 45 2 9 0
0 25 13 7 59 31 64 10 47 60 40 73 62 56 18 46 54 67 68 42 14 69 61 24 37 34 22 39 35 29 71 26 66 63 9 27 3 20 36 11 23 55 72 58 1 41 19 8 16 17 21 2 6 49 44 70 30 5 48 65 15 50 38 75 4 57 12 43 52 53 45 51 32 28 74 33 0
0 54 49 59 69 1 15 38 42 63 36 37 62 73 44 45 32 66 11 33 65 19 74 46 10 27 25 60 4 18 39 57 51 29 5 71 20 24 43 31 26 3 13 52 75 28 14 72 68 7 23 67 9 64 41 53 48 70 2 17 47 61 8 50 12 22 34 6 56 40 30 21 58 35 55 16 0
0 52 9 53 47 21 46 39 20 51 59 72 67 55 30 22 18 38 40 17 74 31 58 41 66 50 56 44 16 11 36 6 60 24 43 69 35 26 57 48 63 54 25 34 70 49 12 5 8 42 10 3 19 14 71 7 13 32 62 37 4 68 64 23 2 45 15 29 1 27 65 75 73 61 28 33 0
0 10 32 9 54 22 25 35 37 57 13 55 47 14 70 51 11 20 45 60 64 4 29 44 52 75 12 63 16 41 36 49 67 15 61 58 18 46 31 71 68 39 42 74 56 34 72 5 43 19 62 26 65 38 50 7 30 28 48 53 66 23 2 27 3 73 24 40 17 33 69 8 21 1 59 6 0
0 66 65 74 32 35 68 56 12 71 15 62 64 34 25 59 55 23 52 40 49 18 21 51 17 46 61 43 3 26 67 8 50 37 14 58 54 10 39 4 75 60 19 6 16 31 29 41 28 57 33 13 70 45 42 30 63 20 69 7 5 44 11 22 27 1 9 47 24 73 48 36 53 72 38 2 0
0 21 2 18 66 41 61 64 6 60 33 17 25 54 72 34 57 8 43 15 23 46 40 26 28 47 3 51 22 38 35 9 67 32 16 73 20 10 55 14 7 19 65 42 50 39 62 12 75 11 69 29 49 31 44 1 53 74 52 63 27 68 4 36 48 71 30 59 45 24 58 13 37 70 56 5 0
0 60 50 35 3 63 70 69 49 9 43 37 22 20 67 24 71 66 15 47 5 8 72 52 45 17 62 46 74 10 68 2 32 33 25 6 59 27 13 23 41 28 18 75 48 56 26 19 7 73 44 55 40 12 38 54 29 36 65 4 16 11 31 64 58 53 34 21 1 30 39 14 61 42 51 57 0
0 52 41 58 23 30 60 46 27 34 40 49 74 4 8 59 64 63 69 70 9 43 21 37 22 17 51 3 39 75 36 15 20 50 53 14 66 16 48 72 1 67 56 10 26 61 54 6 12 13 19 68 32 47 55 31 57 45 11 42 7 29 71 24 35 62 2 25 44 65 28 33 38 73 5 18 0
0 61 53 36 32 67 74 60 16 63 72 42 21 57 56 49 47 62 69 65 64 45 38 71 37 31 28 10 35 46 58 73 30 70 1 26 4 68 12 8 7 6 34 66 51 9 11 27 13 50 29 39 15 54 75 59 52 19 20 22 33 18 3 17 14 48 23 43 41 55 44 24 5 40 25 2 0
0 15 2 38 8 4 25 65 70 56 5 41 28 9 68 54 20 30 17 62 31 63 75 33 26 53 24 18 69 6 73 3 50 21 45 46 10 11 14 42 55 57 71 27 13 36 58 52 60 49 39 64 51 43 32 67 1 40 34 22 47 61 16 7 19 74 37 29 44 48 72 66 35 23 59 12 0
0 15 5 28 46 41 71 19 72 8 11 44 12 6 53 73 26 62 34 60 43 4 47 64 14 33 36 66 67 38 68 35 45 57 51 55 2 13 9 22 32 25 59 49 21 52 27 3 50 31 10 30 24 16 7 37 29 75 40 54 65 23 42 48 18 56 74 69 17 63 20 70 39 61 1 58 0
0 40 54 41 6 59 48 71 37 73 67 21 12 69 23 72 39 1 45 55 29 33 26 57 24 3 65 61 44 27 34 31 63 22 13 15 5 18 16 64 74 47 30 62 4 28 9 7 14 58 10 36 53 52 60 19 43 46 42 8 38 51 20 2 68 32 75 11 25 70 49 17 56 50 35 66 0
0 32 40 58 75 22 61 57 42 1 14 6 65 12 19 38 64 55 51 11 27 66 29 3 16 2 28 71 73 45 50 36 60 24 20 44 17 54 21 46 31 8 39 53 72 69 70 18 47 9 68 49 34 59 74 23 25 35 37 4 5 26 13 52 33 41 30 10 56 7 63 15 62 48 67 43 0
0 49 17 47 28 57 39 40 5 26 55 9 63 67 22 30 64 53 52 4 71 7 19 24 66 61 60 23 70 58 36 25 31 35 12 27 13 41 68 73 37 45 6 75 16 14 18 15 56 42 11 21 74 33 43 20 65 46 51 50 8 32 44 10 2 48 69 72 38 29 62 1 54 59 34 3 0
0 30 64 65 16 55 9 44 24 2 36 66 8 20 53 67 40 18 17 13 29 75 31 69 32 73 47 5 56 46 57 59 72 51 68 70 26 6 74 52 28 39 41 50 11 27 54 4 61 62 63 23 34 43 37 3 19 45 10 21 1 60 25 35 58 15 49 71 12 42 14 7 22 33 48 38 0
0 17 30 1 11 49 62 67 41 72 69 29 20 6 52 9 13 5 75 25 39 16 51 71 2 70 61 31 36 63 54 57 4 59 55 50 14 60 47 12 73 35 19 24 23 44 45 38 27 21 40 32 53 68 8 33 34 65 18 3 26 28 7 48 58 42 66 37 46 15 10 56 74 64 22 43 0
0 37 45 69 5 36 55 3 35 10 56 27 64 12 28 67 29 21 71 43 15 73 74 63 38 51 62 8 54 66 11 32 61 25 47 23 42 6 31 52 2 70 18 30 48 24 13 26 16 46 60 17 7 9 1 75 72 57 39 33 44 59 34 58 19 65 49 50 53 4 40 14 41 20 68 22 0
0 40 56 55 26 35 58 16 61 75 62 8 42 43 12 1 59 41 32 13 25 28 48 22 50 7 20 60 70 51 34 2 29 5 63 45 73 72 57 3 65 27 10 11 53 71 9 47 18 4 67 33 69 74 39 46 68 19 15 54 17 14 6 38 24 49 23 66 30 64 36 52 21 31 44 37 0
0 24 7 2 22 29 71 41 14 72 9 56 5 1 39 42 19 16 20 58 38 68 26 6 35 46 4 40 74 28 67 73 30 32 63 50 8 43 12 69 11 27 3 45 55 44 52 33 15 31 53 75 62 66 54 70 13 17 57 10 36 21 37 60 64 23 34 47 25 18 59 49 61 65 48 51 0
0 10 45 27 5 46 19 8 50 13 11 69 41 14 31 63 18 24 15 65 43 34 20 9 56 62 25 12 6 48 38 70 22 7 44 40 37 17 16 57 32 35 28 51 72 42 60 53 71 64 58 39 3 55 61 2 4 23 36 73 74 54 67 26 21 49 30 52 59 68 29 33 1 66 75 47 0
0 18 56 73 10 43 59 49 39 63 68 65 31 72 7 55 69 54 14 58 29 1 74 32 2 9 33 36 21 27 53 20 44 6 62 66 26 28 15 50 30 51 46 22 13 4 41 45 35 64 17 75 70 42 61 48 37 12 23 47 3 24 5 38 40 71 19 60 25 16 8 34 52 67 11 57 0
0 45 29 14 71 8 52 34 10 33 1 69 39 65 49 32 58 63 18 44 46 26 2 57 43 67 20 36 13 73 3 68 4 15 28 61 7 48 66 27 38 55 60 40 75 53 74 35 17 30 37 72 6 54 62 25 12 41 11 42 47 70 22 50 24 59 51 21 56 31 5 9 23 19 16 64 0
0 11 17 73 58 63 74 3 27 14 55 61 62 22 65 19 26 71 21 45 40 12 36 67 29 20 7 8 25 44 54 72 41 60 48 66 51 6 57 30 31 69 16 13 59 15 49 47 18 1 9 53 42 28 64 4 37 23 68 34 32 24 35 39 38 75 50 52 10 70 5 46 33 43 2 56 0
0 70 47 11 18 54 10 2 51 33 73 24 37 13 27 16 35 31 59 3 36 55 71 8 15 41 66 5 42 75 23 21 65 1 61 20 57 62 29 34 46 26 38 67 39 43 7 63 9 69 68 6 32 56 64 17 45 19 14 49 4 53 58 44 25 50 28 52 74 48 40 60 12 30 72 22 0
0 66 38 34 33 25 75 3 62 2 49 19 11 43 46 24 27 48 42 60 31 51 26 29 20 73 12 17 13 35 6 41 47 53 50 37 28 39 69 1 72 5 14 70 57 8 16 18 30 71 58 15 32 67 7 61 52 74 9 54 55 21 22 59 56 64 4 23 65 40 63 68 44 10 36 45 0
0 46 15 7 12 30 48 32 68 44 40 61 17 9 10 27 2 21 14 18 25 22 63 4 71 59 64 19 35 36 6 11 70 34 5 1 55 47 74 16 69 31 65 24 13 29 53 54 72 75 50 43 57 33 28 66 60 62 37 73 51 39 56 52 42 38 45 20 23 8 58 49 26 67 41 3 0
0 5 70 9 74 57 43 25 2 71 24 50 20 64 48 14 4 53 65 26 56 46 45 66 68 27 30 8 55 12 44 60 13 16 63 72 62 7 22 29 69 17 33 11 10 34 47 67 73 75 28 3 61 49 19 54 15 58 6 39 1 51 36 23 35 31 40 59 37 38 52 32 21 42 41 18 0
0 16 23 54 74 11 4 29 17 46 53 64 55 71 18 42 1 20 34 58 33 3 40 13 68 9 35 47 75 28 63 69 45 66 41 36 22 6 52 32 61 12 65 19 73 30 5 67 56 48 14 57 2 31 44 15 60 8 43 62 21 70 26 51 24 59 39 38 72 10 27 50 49 7 37 25 0
0 73 67 55 11 49 7 30 48 66 62 44 53 34 43 45 47 72 3 63 36 19 65 64 52 8 26 51 38 31 37 60 56 59 68 1 46 61 9 21 29 40 20 25 70 75 39 28 6 35 32 33 41 24 15 42 17 50 69 2 22 10 57 71 4 5 54 13 74 58 18 27 12 16 23 14 0
0 9 7 35 75 50 8 43 47 56 69 14 57 44 52 51 46 42 23 39 4 59 24 53 22 74 11 55 62 60 15 29 30 17 41 28 63 10 58 64 31 48 1 67 18 12 32 3 72 2 13 20 71 65 25 27 54 49 16 73 33 19 45 66 68 34 61 70 40 21 26 5 38 37 36 6 0
0 27 44 6 69 51 47 31 9 46 18 13 24 36 34 28 62 39 3 65 35 22 16 74 57 48 2 64 29 61 38 23 67 72 43 26 68 56 59 49 1 32 73 10 71 60 75 70 55 50 21 53 25 42 20 37 17 12 41 15 40 7 4 14 33 5 63 54 58 19 52 11 66 8 45 30 0
0 60 14 31 25 45 26 49 52 10 12 33 48 4 58 1 22 50 36 24 13 37 11 72 66 21 63 40 29 32 68 64 23 74 56 61 38 35 46 18 43 44 71 42 67 55 69 47 53 7 75 41 19 2 15 39 54 16 17 9 27 59 70 34 5 20 8 6 57 30 28 3 51 62 65 73 0
0 47 3 13 39 65 38 70 52 21 23 57 28 18 72 9 50 34 63 24 59 4 25 6 2 30 17 53 75 61 8 29 33 55 36 7 60 26 67 20 58 16 31 37 32 49 56 40 48 22 62 54 12 5 44 1 71 51 10 42 15 69 66 74 27 35 41 43 14 64 19 68 45 73 46 11 0
0 21 74 15 73 48 20 39 56 12 63 52 54 10 45 72 8 2 64 43 51 71 53 25 58 16 31 69 14 38 5 33 35 1 3 28 65 49 22 62 37 32 34 60 17 75 41 13 42 67 24 50 26 55 11 6 46 29 57 4 23 36 70 59 47 7 68 44 40 30 18 61 19 66 27 9 0
0 51 12 37 18 54 33 17 30 61 47 64 74 34 73 71 3 57 7 65 55 45 67 40 29 26 21 4 41 8 5 42 66 9 44 2 59 11 23 13 31 27 6 43 46 68 39 14 1 52 10 32 38 53 63 15 48 35 16 20 36 58 75 60 72 25 56 24 19 70 50 22 62 28 49 69 0
0 43 42 25 9 15 18 10 33 37 24 66 75 51 45 20 40 1 54 32 62 22 11 46 30 23 2 28 68 44 13 31 74 27 3 29 73 56 63 17 6 48 65 69 5 71 70 64 38 36 26 53 72 61 59 41 50 14 58 52 35 4 67 57 16 8 19 39 47 12 7 60 55 21 49 34 0
