# n n_solutions
10 3
# n x n distance matrix
0 5346 316 2000 6140 2402 9007 9100 6161 1612
5346 0 5063 4197 1166 3008 4103 4177 989 5961
316 5063 0 1923 5882 2100 8772 8863 5894 1581
2000 4197 1923 0 4701 2080 7349 7446 4804 3492
6140 1166 5882 4701 0 3935 3000 3080 316 6935
2402 3008 2100 2080 3935 0 6911 6997 3900 3001
9007 4103 8772 7349 3000 6911 0 100 3114 9912
9100 4177 8863 7446 3080 6997 100 0 3189 9998
6161 989 5894 4804 316 3900 3114 3189 0 6887
1612 5961 1581 3492 6935 3001 9912 9998 6887 0
# set of given starting solutions
0 5 8 2 4 1 3 6 9 7 0
0 1 7 3 4 9 6 5 2 8 0
0 9 7 1 2 3 6 8 5 4 0
