# n n_solutions
60 1000
# n x n distance matrix
0 8407 3911 3106 1456 6010 7741 3818 4729 5805 1702 2844 7907 5600 6981 9381 8315 7975 7779 1208 5685 10771 7334 3624 1029 3176 8746 8509 8215 1562 6981 1272 8836 4004 3785 8015 583 4176 10346 6087 4254 5288 2884 10822 3721 8508 7397 9340 5103 2624 9154 1486 10206 7592 8280 4816 2088 7038 5107 1004
8407 0 5423 7333 7494 3224 3006 4924 6448 3244 6989 8062 6906 7615 3623 1208 3395 632 1403 7710 5385 3354 2418 6762 7379 5232 781 1029 707 7000 2061 8102 3269 7302 6700 3252 7826 6303 2163 3014 5400 5727 7427 3067 5663 500 2607 1902 3420 8202 3577 9044 2906 3280 1500 4304 9013 5507 6440 8099
3911 5423 0 1910 2549 2376 6132 848 1640 4219 3423 2647 4410 3047 3111 6112 6802 4850 5375 3929 1910 7102 5442 4947 3046 1931 6000 5913 5000 2370 3544 4368 7150 2024 1360 4177 3399 1140 6988 2529 400 5575 4909 7247 4031 5700 5608 5818 2137 5315 5303 3940 6551 3753 4810 1140 5508 3255 5903 3182
3106 7333 1910 0 1711 4244 7844 2531 1749 5852 3534 761 4870 2501 4750 8004 8507 6760 7233 3710 2969 8854 7203 5547 2692 3052 7902 7802 6904 2061 5433 4060 8901 900 848 5830 2815 1345 8860 4414 1992 6652 5189 9047 4949 7605 7349 7655 4004 5316 6906 2469 8319 5420 6676 3041 5115 4220 6801 2121
1456 7494 2549 1711 0 4801 7324 2641 3275 5308 1984 1664 6453 4210 5658 8367 7951 7000 7071 2024 4248 9580 6800 4101 1029 2402 7930 7746 7209 632 5865 2353 8421 2607 2334 6717 1104 2720 9302 4909 2860 5470 3605 9679 3758 7665 6902 8215 4085 3639 7849 1552 9021 6293 7168 3560 3405 5594 5481 640
6010 3224 2376 4244 4801 0 4807 2193 3224 3401 5024 5000 4301 4427 1300 3765 5448 2607 3584 5685 2236 4780 4031 5787 5024 3088 3905 3921 2701 4459 1204 6129 5640 4104 3535 2102 5445 3106 4617 223 2256 5656 6103 4887 4638 3590 4242 3443 1303 6723 3224 6276 4220 1708 2435 1252 7219 2801 6212 5440
7741 3006 6132 7844 7324 4807 0 5348 7615 2022 6067 8440 9078 8988 5800 4110 670 3298 1627 6726 6965 6312 781 4964 6806 4949 2531 2121 3568 6711 4134 7009 1100 8154 7484 5860 7217 7244 4903 4596 6306 3405 5818 5953 4176 2601 565 4908 4081 6621 6456 8802 5900 5730 4341 5300 7632 7582 4103 7802
3818 4924 848 2531 2641 2193 5348 0 2483 3400 2973 3201 5080 3894 3224 5738 6016 4396 4709 3577 2531 6965 4684 4242 2842 1204 5433 5303 4588 2267 3224 4024 6389 2817 2147 4220 3255 1984 6664 2280 1166 4750 4310 7045 3257 5147 4838 5575 1513 4805 5360 4162 6403 3801 4527 1029 5147 3800 5107 3275
4729 6448 1640 1749 3275 3224 7615 2483 0 5780 4738 2408 3178 1414 3324 6906 8285 5830 6673 5100 1341 7432 6888 6484 4104 3535 7119 7106 5907 3401 4410 5503 8585 1081 948 4365 4341 608 7665 3436 1345 7211 6334 7692 5635 6806 7070 6395 3535 6627 5365 4218 6925 3984 5514 2325 6618 2483 7517 3794
5805 3244 4219 5852 5308 3401 2022 3400 5780 0 4176 6428 7666 7184 4617 4441 2668 3138 2140 4870 5326 6461 1529 3538 4837 2927 3255 2920 3453 4701 3206 5200 3114 6217 5547 5024 5261 5353 5407 3231 4440 2570 4263 6260 2500 3114 1603 4904 2343 5060 5903 6800 5946 4767 4002 3535 5968 6177 3257 5800
1702 6989 3423 3534 1984 5024 6067 2973 4738 4176 0 3640 7800 5920 6174 8042 6627 6621 6224 721 5333 9633 5700 2126 1000 1941 7247 6977 6888 1476 5813 1131 7156 4365 3905 7119 1264 4130 9027 5047 3820 3640 1655 9616 2022 7032 5748 8132 3905 1900 8248 3008 9068 6711 7072 3992 2195 6675 3551 2109
2844 8062 2647 761 1664 5000 8440 3201 2408 6428 3640 0 5412 2863 5507 8754 9095 7496 7910 3667 3687 9615 7826 5738 2692 3546 8614 8500 7647 2193 6184 3956 9512 1389 1581 6586 2692 2080 9616 5166 2751 7000 5269 9808 5280 8321 7962 8415 4701 5280 7655 1897 9080 6177 7433 3785 4923 4891 7076 1843
7907 6906 4410 4870 6453 4301 9078 5080 3178 7666 7800 5412 0 2701 3330 6802 9700 6300 7710 8229 2549 6328 8297 9321 7256 6280 7684 7840 6212 6549 5024 8646 9829 4031 4123 3757 7513 3748 7212 4500 4011 9679 9319 6774 8319 7381 8514 5946 5366 9700 4159 7300 5983 3635 5507 4332 9773 1500 10124 6964
5600 7615 3047 2501 4210 4427 8988 3894 1414 7184 5920 2863 2701 0 4201 7930 9656 6985 7970 6181 2236 8139 8249 7787 5162 4909 8324 8348 7021 4491 5554 6549 9936 1603 2024 5124 5314 1941 8600 4648 2758 8602 7558 8471 6997 8008 8438 7300 4909 7766 5966 4753 7679 4804 6527 3689 7615 2751 8883 4604
6981 3623 3111 4750 5658 1300 5800 3224 3324 4617 6174 5507 3330 4201 0 3748 6403 3001 4384 6800 2022 4123 5021 7071 6046 4272 4390 4522 2954 5420 1697 7247 6506 4365 3935 1081 6440 3443 4401 1414 2842 6946 7349 4368 5930 4081 5243 3106 2601 7937 2193 7028 3605 670 2353 2195 8363 1886 7510 6293
9381 1208 6112 8003 8367 3765 4110 5738 6906 4441 8042 8754 6802 7930 3748 0 4410 1421 2570 8761 5707 2202 3589 7940 8352 6212 1603 2000 1166 7917 2570 9167 4177 7851 7299 3046 8798 6859 989 3589 6020 6935 8579 1868 6824 1513 3765 1000 4294 9343 2969 9900 1824 3228 1403 4972 10117 5536 7648 8989
8315 3395 6802 8507 7951 5448 670 6016 8285 2668 6627 9095 9700 9656 6403 4410 0 3769 2102 7269 7621 6603 1421 5385 7400 5590 2807 2418 4016 7333 4720 7531 583 8823 8154 6400 7802 7914 5115 5234 6976 3721 6262 6203 4687 2942 1220 5276 4750 7057 6928 9413 6228 6296 4810 5968 8095 8207 4382 8414
7975 632 4850 6760 7000 2607 3298 4396 5830 3138 6621 7496 6300 6985 3001 1421 3769 0 1676 7340 4753 3324 2617 6573 6946 4802 1389 1555 316 6530 1431 7746 3721 6700 6107 2701 7392 5700 2408 2402 4809 5692 7184 3138 5440 1081 2828 1772 2915 7939 3162 8544 2816 2690 1044 3721 8700 4887 6390 7615
7779 1403 5375 7233 7071 3584 1627 4709 6673 2140 6224 7910 7710 7970 4384 2570 2102 1676 0 6935 5818 4751 1019 5658 6772 4687 1140 781 1941 6511 2687 7289 2126 7375 6726 4304 7212 6403 3453 3361 5457 4441 6403 4438 4640 1077 1204 3300 3238 7200 4838 8614 4309 4220 2720 4368 8099 6236 5162 7629
1208 7710 3929 3710 2024 5685 6726 3577 5100 4870 721 3667 8229 6181 6800 8761 7269 7340 6935 0 5824 10331 6389 2416 1019 2624 7964 7692 7605 1702 6511 447 7808 4588 4209 7769 1000 4501 9745 5720 4317 4100 1702 10324 2601 7752 6428 8839 4601 1615 8904 2662 9766 7357 7778 4606 1581 7180 3900 1920
5685 5385 1910 2969 4248 2236 6965 2531 1341 5326 5333 3687 2549 2236 2022 5707 7621 4753 5818 5824 0 6103 6200 6773 4904 3733 6103 6146 4785 4205 3324 6258 7849 2418 2121 3036 5220 1627 6412 2459 1513 7169 6800 6378 5772 5787 6403 5124 2983 7224 4024 5403 5604 2668 4304 1835 7397 1360 7589 4837
10771 3354 7102 8854 9580 4780 6312 6965 7432 6461 9633 9615 6328 8139 4123 2202 6603 3324 4751 10331 6103 0 5770 9848 9767 7709 3800 4201 3008 9231 3820 10762 6338 8485 8052 3067 10198 7564 1615 4686 6896 9013 10400 565 8695 3712 5953 1565 5730 11124 2202 11038 565 3453 2580 6021 11792 5433 9714 10220
7334 2418 5442 7203 6800 4031 781 4684 6888 1529 5700 7826 8297 8249 5021 3589 1421 2617 1019 6389 6200 5770 0 4860 6363 4401 2102 1700 2906 6203 3361 6706 1708 7466 6800 5107 6789 6539 4459 3818 5594 3500 5660 5457 3935 2088 223 4304 3354 6466 5748 8309 5323 4964 3649 4565 7423 6801 4220 7310
3624 6762 4947 5547 4101 5787 4964 4242 6484 3538 2126 5738 9321 7787 7071 7940 5385 6573 5658 2416 6773 9848 4860 0 3124 3041 6788 6438 6879 3546 6202 2473 5961 6313 5769 7833 3328 5887 8920 5727 5336 1802 905 9709 1170 6652 4825 8285 4491 1676 8888 5060 9305 7473 7289 5100 2745 8022 1486 4220
1029 7379 3046 2692 1029 5024 6806 2842 4104 4837 1000 2692 7256 5162 6046 8352 7400 6946 6772 1019 4904 9767 6363 3124 0 2147 7725 7494 7186 707 5966 1400 7905 3569 3201 7060 447 3512 9319 5091 3417 4609 2580 9807 2941 7484 6438 8324 4080 2624 8200 2061 9202 6640 7262 3860 2517 6264 4548 1118
3176 5232 1931 3052 2402 3088 4949 1204 3535 2927 1941 3546 6280 4909 4272 6212 5590 4802 4687 2624 3733 7709 4401 3041 2147 0 5597 5385 5047 1824 3889 3061 6040 3606 2973 5188 2594 2968 7184 3106 2308 3701 3125 7714 2102 5348 4509 6228 1979 3668 6312 3931 7144 4785 5166 2137 4134 5000 3982 2942
8746 781 6000 7902 7930 3905 2531 5433 7119 3255 7247 8614 7684 8324 4390 1603 2807 1389 1140 7964 6103 3800 2102 6788 7725 5597 0 412 1486 7404 2785 8335 2596 7930 7310 4031 8170 6935 2376 3687 6013 5575 7516 3423 5748 316 2247 2500 3920 8309 4304 9482 3423 4060 2267 4909 9183 6276 6296 8516
8509 1029 5913 7802 7746 3921 2121 5303 7106 2920 6977 8500 7840 8348 4522 2000 2418 1555 781 7692 6146 4201 1700 6438 7494 5385 412 0 1720 7203 2865 8052 2247 7876 7244 4252 7937 6888 2788 3700 5953 5186 7183 3832 5420 538 1838 2863 3800 7980 4606 9296 3811 4244 2523 4850 8875 6407 5907 8319
8215 707 5000 6904 7209 2701 3568 4588 5907 3453 6888 7647 6212 7021 2954 1166 4016 316 1941 7605 4785 3008 2906 6879 7186 5047 1486 1720 0 6753 1500 8015 3935 6805 6228 2545 7632 5807 2140 2507 4936 6008 7481 2830 5742 1204 3114 1456 3130 8232 2915 8746 2500 2580 806 3863 8980 4830 6706 7829
1562 7000 2370 2061 632 4459 6711 2267 3401 4701 1476 2193 6549 4491 5420 7917 7333 6530 6511 1702 4205 9231 6203 3546 707 1824 7404 7203 6753 0 5464 2102 7810 2912 2507 6453 1029 2807 8868 4545 2731 4854 3130 9300 3138 7147 6300 7823 3623 3275 7592 2109 8668 6030 6767 3255 3224 5565 4891 1118
6981 2061 3544 5433 5865 1204 4134 3224 4410 3206 5813 6184 5024 5554 1697 2570 4720 1431 2687 6511 3324 3820 3361 6202 5966 3889 2785 2865 1500 5464 0 6942 4810 5308 4738 1824 6403 4310 3453 1019 3452 5714 6664 3841 5032 2469 3584 2360 1910 7357 2729 7379 3255 1615 1303 2404 7981 3560 6350 6499
1272 8102 4368 4060 2353 6129 7009 4024 5503 5200 1131 3956 8646 6549 7247 9167 7531 7746 7289 447 6258 10762 6706 2473 1400 3061 8335 8052 8015 2102 6942 0 8080 4949 4601 8215 1264 4909 10153 6161 4753 4229 1655 10747 2844 8130 6735 9263 5032 1360 9349 2758 10197 7803 8203 5053 1140 7615 3956 2147
8836 3269 7150 8901 8421 5640 1100 6389 8585 3114 7156 9512 9829 9936 6506 4177 583 3721 2126 7808 7849 6338 1708 5961 7905 6040 2596 2247 3935 7810 4810 8080 0 9174 8508 6407 8315 8246 4801 5420 7300 4304 6835 5907 5239 2785 1552 5096 5056 7632 6844 9902 6001 6341 4741 6260 8664 8348 4964 8902
4004 7302 2024 900 2607 4104 8154 2817 1081 6217 4365 1389 4031 1603 4365 7851 8823 6700 7375 4588 2418 8485 7466 6313 3569 3606 7930 7876 6805 2912 5308 4949 9174 0 670 5423 3711 1000 8649 4301 1923 7291 6016 8728 5622 7623 7632 7397 4148 6184 6441 3269 7970 5032 6477 3026 6012 3535 7500 3014
3785 6700 1360 848 2334 3535 7484 2147 948 5547 3905 1581 4123 2024 3935 7299 8154 6107 6726 4209 2121 8052 6800 5769 3201 2973 7310 7244 6228 2507 4738 4601 8508 670 0 5011 3413 500 8125 3721 1300 6670 5536 8263 5021 7006 6964 6896 3492 5770 6074 3301 7523 4605 5943 2402 5703 3383 6906 2846
8015 3252 4177 5830 6717 2102 5860 4220 4365 5024 7119 6586 3757 5124 1081 3046 6400 2701 4304 7769 3036 3067 5107 7833 7060 5188 4031 4252 2545 6453 1824 8215 6407 5423 5011 0 7464 4517 3535 2118 3920 7500 8192 3354 6670 3748 5330 2236 3352 8823 1140 8105 2570 424 1780 3201 9314 2531 8115 7355
583 7826 3399 2815 1104 5445 7217 3255 4341 5261 1264 2692 7513 5314 6440 8798 7802 7392 7212 1000 5220 10198 6789 3328 447 2594 8170 7937 7632 1029 6403 1264 8315 3711 3413 7464 0 3765 9763 5517 3757 4904 2687 10244 3275 7930 6859 8761 4522 2594 8604 1746 9633 7043 7700 4263 2302 6578 4788 921
4176 6303 1140 1345 2720 3106 7244 1984 608 5353 4130 2080 3748 1941 3443 6859 7914 5700 6403 4501 1627 7564 6539 5887 3512 2968 6935 6888 5807 2807 4310 4909 8246 1000 500 4517 3765 0 7668 3301 948 6661 5727 7783 5060 6627 6711 6428 3195 6020 5575 3780 7038 4113 5491 2039 6029 2915 6946 3269
10346 2163 6988 8860 9302 4617 4903 6664 7665 5407 9027 9616 7212 8600 4401 989 5115 2408 3453 9745 6412 1615 4459 8920 9319 7184 2376 2788 2140 8868 3453 10153 4801 8649 8125 3535 9763 7668 0 4459 6868 7871 9567 1118 7810 2376 4617 1303 5247 10332 3130 10825 1486 3804 2184 5851 11106 6066 8588 9929
6087 3014 2529 4414 4909 223 4596 2280 3436 3231 5047 5166 4500 4648 1414 3589 5234 2402 3361 5720 2459 4686 3818 5727 5091 3106 3687 3700 2507 4545 1019 6161 5420 4301 3721 2118 5517 3301 4459 0 2433 5532 6074 4770 4570 3373 4031 3312 1236 6711 3220 6400 4123 1746 2284 1392 7240 3000 6103 5547
4254 5400 400 1992 2860 2256 6306 1166 1345 4440 3820 2751 4011 2758 2842 6020 6976 4809 5457 4317 1513 6896 5594 5336 3417 2308 6013 5953 4936 2731 3452 4753 7300 1923 1300 3920 3757 948 6868 2433 0 5916 5308 7068 4401 5707 5769 5664 2247 5714 5032 4186 6352 3500 4684 1104 5893 2863 6264 3482
5288 5727 5575 6652 5470 5656 3405 4750 7211 2570 3640 7000 9679 8602 6946 6935 3721 5692 4441 4100 7169 9013 3500 1802 4609 3701 5575 5186 6008 4854 5714 4229 4304 7291 6670 7500 4904 6661 7871 5532 5916 0 2707 8784 1720 5507 3405 7463 4393 3452 8438 6648 8507 7202 6572 5348 4539 8256 721 5727
2884 7427 4909 5189 3605 6103 5818 4310 6334 4263 1655 5269 9319 7558 7349 8579 6262 7184 6403 1702 6800 10400 5660 905 2580 3125 7516 7183 7481 3130 6664 1655 6835 6016 5536 8192 2687 5727 9567 6074 5308 2707 0 10300 1769 7359 5643 8848 4846 806 9284 4360 9847 7810 7823 5261 1843 8105 2334 3606
10822 3067 7247 9047 9679 4887 5953 7045 7692 6260 9616 9808 6774 8471 4368 1868 6203 3138 4438 10324 6378 565 5457 9709 9807 7714 3423 3832 2830 9300 3841 10747 5907 8728 8263 3354 10244 7783 1118 4770 7068 8784 10300 0 8570 3373 5629 1486 5738 11042 2617 11163 800 3710 2549 6139 11751 5803 9493 10317
3721 5663 4031 4949 3758 4638 4176 3257 5635 2500 2022 5280 8319 6997 5930 6824 4687 5440 4640 2601 5772 8695 3935 1170 2941 2102 5748 5420 5742 3138 5032 2844 5239 5622 5021 6670 3275 5060 7810 4570 4401 1720 1769 8570 0 5590 3939 7134 3337 2561 7720 5000 8149 6315 6129 4031 3488 6972 1886 4049
8508 500 5700 7605 7665 3590 2601 5147 6806 3114 7032 8321 7381 8008 4081 1513 2942 1081 1077 7752 5787 3712 2088 6652 7484 5348 316 538 1204 7147 2469 8130 2785 7623 7006 3748 7930 6627 2376 3373 5707 5507 7359 3373 5590 0 2256 2334 3634 8146 4070 9217 3301 3764 2000 4604 9000 5967 6226 8256
7397 2607 5608 7349 6902 4242 565 4838 7070 1603 5748 7962 8514 8438 5243 3765 1220 2828 1204 6428 6403 5953 223 4825 6438 4509 2247 1838 3114 6300 3584 6735 1552 7632 6964 5330 6859 6711 4617 4031 5769 3405 5643 5629 3939 2256 0 4501 3535 6449 5966 8402 5513 5187 3863 4750 7424 7017 4123 7402
9340 1902 5818 7655 8215 3443 4908 5575 6395 4904 8132 8415 5946 7300 3106 1000 5276 1772 3300 8839 5124 1565 4304 8285 8324 6228 2500 2863 1456 7823 2360 9263 5096 7397 6896 2236 8761 6428 1303 3312 5664 7463 8848 1486 7134 2334 4501 0 4252 9580 1984 9712 1044 2501 1063 4695 10272 4767 8159 8850
5103 3420 2137 4004 4085 1303 4081 1513 3535 2343 3905 4701 5366 4909 2601 4294 4750 2915 3238 4601 2983 5730 3354 4491 4080 1979 3920 3800 3130 3623 1910 5032 5056 4148 3492 3352 4522 3195 5247 1236 2247 4393 4846 5738 3337 3634 3535 4252 0 5500 4438 5630 5165 2982 3189 1220 6080 3900 4925 4701
2624 8202 5315 5316 3639 6723 6621 4805 6627 5060 1900 5280 9700 7766 7937 9343 7057 7939 7200 1615 7224 11124 6466 1676 2624 3668 8309 7980 8232 3275 7357 1360 7632 6184 5770 8823 2594 6020 10332 6711 5714 3452 806 11042 2561 8146 6449 9580 5500 0 9931 4103 10568 8430 8544 5797 1100 8558 3000 3498
9154 3577 5303 6906 7849 3224 6456 5360 5365 5903 8248 7655 4159 5966 2193 2969 6928 3162 4838 8904 4024 2202 5748 8888 8200 6312 4304 4606 2915 7592 2729 9349 6844 6441 6074 1140 8604 5575 3130 3220 5032 8438 9284 2617 7720 4070 5966 1984 4438 9931 0 9218 1824 1562 2118 4341 10443 3238 9079 8485
1486 9044 3940 2469 1552 6276 8802 4162 4218 6800 3008 1897 7300 4753 7028 9900 9413 8544 8614 2662 5403 11038 8309 5060 2061 3931 9482 9296 8746 2109 7379 2758 9902 3269 3301 8105 1746 3780 10825 6400 4186 6648 4360 11163 5000 9217 8402 9712 5630 4103 9218 0 10484 7683 8676 5024 3448 6684 6529 1000
10206 2906 6551 8319 9021 4220 5900 6403 6925 5946 9068 9080 5983 7679 3605 1824 6228 2816 4309 9766 5604 565 5323 9305 9202 7144 3423 3811 2500 8668 3255 10197 6001 7970 7523 2570 9633 7038 1486 4123 6352 8507 9847 800 8149 3301 5513 1044 5165 10568 1824 10484 0 2941 2024 5464 11229 5003 9202 9660
7592 3280 3753 5420 6293 1708 5730 3801 3984 4767 6711 6177 3635 4804 670 3228 6296 2690 4220 7357 2668 3453 4964 7473 6640 4785 4060 4244 2580 6030 1615 7803 6341 5032 4605 424 7043 4113 3804 1746 3500 7202 7810 3710 6315 3764 5187 2501 2982 8430 1562 7683 2941 0 1878 2780 8906 2308 7802 6931
8280 1500 4810 6676 7168 2435 4341 4527 5514 4002 7072 7433 5507 6527 2353 1403 4810 1044 2720 7778 4304 2580 3649 7289 7262 5166 2267 2523 806 6767 1303 8203 4741 6477 5943 1780 7700 5491 2184 2284 4684 6572 7823 2549 6129 2000 3863 1063 3189 8544 2118 8676 2024 1878 0 3676 9219 4178 7253 7802
4816 4304 1140 3041 3560 1252 5300 1029 2325 3535 3992 3785 4332 3689 2195 4972 5968 3721 4368 4606 1835 6021 4565 5100 3860 2137 4909 4850 3863 3255 2404 5053 6260 3026 2402 3201 4263 2039 5851 1392 1104 5348 5261 6139 4031 4604 4750 4695 1220 5797 4341 5024 5464 2780 3676 0 6174 2942 5797 4200
2088 9013 5508 5115 3405 7219 7632 5147 6618 5968 2195 4923 9773 7615 8363 10117 8095 8700 8099 1581 7397 11792 7423 2745 2517 4134 9183 8875 8980 3224 7981 1140 8664 6012 5703 9314 2302 6029 11106 7240 5893 4539 1843 11751 3488 9000 7424 10272 6080 1100 10443 3448 11229 8906 9219 6174 0 8755 4100 3080
7038 5507 3255 4220 5594 2801 7582 3800 2483 6177 6675 4891 1500 2751 1886 5536 8207 4887 6236 7180 1360 5433 6801 8022 6264 5000 6276 6407 4830 5565 3560 7615 8348 3535 3383 2531 6578 2915 6066 3000 2863 8256 8105 5803 6972 5967 7017 4767 3900 8558 3238 6684 5003 2308 4178 2942 8755 0 8732 6171
5107 6440 5903 6801 5481 6212 4103 5107 7517 3257 3551 7076 10124 8883 7510 7648 4382 6390 5162 3900 7589 9714 4220 1486 4548 3982 6296 5907 6706 4891 6350 3956 4964 7500 6906 8115 4788 6946 8588 6103 6264 721 2334 9493 1886 6226 4123 8159 4925 3000 9079 6529 9202 7802 7253 5797 4100 8732 0 5660
1004 8099 3182 2121 640 5440 7802 3275 3794 5800 2109 1843 6964 4604 6293 8989 8414 7615 7629 1920 4837 10220 7310 4220 1118 2942 8516 8319 7829 1118 6499 2147 8902 3014 2846 7355 921 3269 9929 5547 3482 5727 3606 10317 4049 8256 7402 8850 4701 3498 8485 1000 9660 6931 7802 4200 3080 6171 5660 0
# set of given starting solutions
0 24 46 52 40 13 51 56 26 47 33 57 18 59 9 11 4 42 7 30 35 27 6 21 45 58 17 1 5 50 2 32 54 39 12 37 34 19 38 43 41 53 25 44 10 15 29 31 48 23 8 16 20 3 14 28 36 22 49 55 0
0 17 54 38 58 16 35 48 3 6 36 2 43 59 19 41 5 15 4 33 26 42 46 10 12 37 22 40 52 9 57 1 53 24 14 27 21 31 32 45 34 39 47 23 28 18 56 20 25 55 50 8 7 29 13 44 11 30 49 51 0
0 55 56 1 54 42 21 22 20 50 58 18 37 32 52 6 23 41 47 25 36 3 59 33 12 26 51 24 39 17 57 13 14 7 8 49 45 35 15 31 16 43 34 10 11 40 28 27 48 4 53 44 2 38 46 5 30 9 19 29 0
0 20 46 30 27 56 38 36 44 17 35 5 58 57 24 33 4 19 13 6 47 16 42 34 14 15 9 55 45 50 18 12 28 48 26 39 51 1 3 54 7 21 31 37 10 41 29 43 49 2 32 22 52 23 25 11 59 53 8 40 0
0 13 22 37 41 59 53 34 39 28 19 32 50 16 2 11 48 4 21 33 27 52 12 9 29 47 56 58 57 14 42 7 15 44 18 1 35 30 55 31 40 36 25 10 45 51 46 6 24 3 17 8 20 38 54 5 43 26 49 23 0
0 29 10 57 40 50 37 13 48 11 39 3 7 41 19 28 35 15 22 49 44 30 54 12 2 24 38 45 8 55 34 52 46 18 16 51 21 56 1 5 32 4 14 59 6 26 27 36 58 47 31 9 20 43 23 42 25 17 53 33 0
0 48 2 5 47 59 34 30 56 51 55 17 53 33 1 29 7 52 6 14 41 45 8 37 27 40 18 50 31 28 15 21 43 20 16 46 54 11 57 19 36 49 32 38 25 9 13 12 35 26 3 10 23 42 24 4 22 44 39 58 0
0 20 14 47 6 50 19 27 3 31 12 28 2 30 40 11 1 18 43 32 58 9 51 25 38 34 37 36 16 5 45 49 10 42 48 26 24 56 41 57 59 44 33 13 39 29 54 53 21 35 17 4 52 15 55 46 23 7 22 8 0
0 29 9 56 12 40 26 47 7 31 28 18 6 45 3 1 34 20 42 46 51 55 30 59 53 16 39 35 54 44 50 58 2 36 43 13 11 15 27 23 33 37 14 38 48 49 5 25 19 32 4 57 22 17 24 21 10 8 52 41 0
0 13 14 37 49 42 27 30 6 47 19 21 1 41 20 5 32 31 2 48 9 58 40 8 15 45 35 18 51 17 3 39 25 50 11 44 4 24 52 10 16 43 23 28 29 33 55 59 56 26 57 36 38 12 34 22 53 54 46 7 0
0 18 56 58 4 46 38 21 32 52 34 31 25 50 5 48 3 37 14 54 42 19 9 23 33 1 6 39 36 26 8 27 22 12 51 44 10 35 16 29 7 17 45 49 28 30 15 47 20 41 40 43 11 57 2 55 59 53 13 24 0
0 14 48 1 59 44 31 25 57 45 53 46 23 4 36 16 33 8 6 26 49 50 27 13 54 42 19 10 5 39 32 3 20 28 18 15 30 43 34 29 9 58 17 52 7 55 38 37 21 51 47 41 2 11 22 24 35 12 40 56 0
0 32 30 45 1 11 12 22 29 10 27 21 57 36 37 52 53 14 20 33 6 46 2 42 54 3 13 4 26 51 59 50 28 24 48 49 8 56 44 55 17 19 38 35 40 18 41 25 9 15 5 23 31 58 47 7 43 34 16 39 0
0 30 29 21 39 10 38 49 23 44 18 35 48 3 47 22 20 56 34 19 11 58 15 28 7 26 9 42 31 59 16 8 41 54 17 27 37 43 24 14 50 55 57 32 45 52 12 2 46 5 33 25 40 36 4 51 13 1 6 53 0
0 14 10 49 25 39 50 56 27 1 58 2 37 8 12 35 59 55 28 11 54 40 48 46 23 30 17 24 7 3 20 31 6 57 26 22 47 29 52 5 41 33 36 44 18 43 32 13 21 42 34 19 45 38 15 53 16 51 4 9 0
0 26 53 37 36 10 2 24 38 1 11 35 39 12 30 46 15 58 49 5 44 47 13 20 31 4 28 56 45 52 18 32 29 48 34 40 59 6 14 27 23 50 22 9 33 21 41 42 7 17 51 8 54 43 55 3 19 57 16 25 0
0 29 43 44 31 24 38 26 9 34 10 54 6 16 42 55 15 59 11 22 40 21 17 5 47 58 41 2 25 37 18 20 1 52 12 46 32 28 30 3 14 19 45 4 49 36 50 7 27 8 13 51 57 56 23 33 53 35 48 39 0
0 3 4 59 43 18 12 34 32 29 23 1 2 30 40 6 35 53 9 20 45 50 38 57 55 41 8 26 37 17 11 22 42 16 36 48 51 31 47 10 49 24 28 19 27 21 46 39 14 56 25 44 7 52 5 15 54 33 13 58 0
0 21 59 44 35 34 41 22 9 37 27 30 15 47 48 3 54 28 10 57 23 16 55 38 56 45 31 18 32 5 1 51 14 58 36 24 20 7 25 46 33 43 40 42 29 8 11 17 52 6 39 4 50 53 13 19 2 49 12 26 0
0 32 15 30 44 26 47 56 5 37 28 3 46 48 29 16 38 53 9 19 27 35 57 17 6 8 51 7 59 12 54 49 23 1 24 43 14 11 55 34 50 13 33 21 20 40 22 10 31 25 36 39 58 18 52 2 45 41 4 42 0
0 41 37 36 14 47 58 53 20 27 8 7 54 28 15 52 17 44 46 2 9 57 59 34 32 13 29 51 16 21 49 55 48 18 4 22 24 5 33 3 11 43 23 12 35 10 25 56 19 45 31 6 38 42 30 1 50 39 40 26 0
0 27 19 51 24 35 9 23 17 36 13 47 2 30 57 25 34 18 58 1 45 4 33 8 28 29 32 7 52 26 20 31 11 42 59 37 49 44 53 56 41 10 21 46 54 22 48 16 15 6 39 3 50 38 43 40 14 5 12 55 0
0 46 15 33 44 45 6 4 14 54 31 16 50 55 20 57 43 11 40 10 32 5 9 56 42 52 30 51 3 23 27 13 19 26 28 36 35 7 41 29 17 38 39 47 18 48 1 8 21 22 49 2 25 37 53 24 58 12 34 59 0
0 33 38 47 22 29 5 57 14 52 26 53 18 10 32 15 21 46 40 1 37 2 3 6 9 48 34 49 24 19 44 13 42 17 55 31 58 30 20 11 8 12 35 36 41 27 16 56 50 43 45 25 7 39 54 59 51 23 28 4 0
0 15 3 28 46 23 2 41 22 54 53 40 31 39 1 27 10 29 47 35 56 32 19 58 52 12 43 57 44 48 21 4 5 55 20 11 25 37 49 30 14 8 34 18 24 45 50 33 13 42 16 17 9 59 26 6 36 51 7 38 0
0 19 4 5 26 52 12 14 45 13 15 18 42 35 53 30 49 58 6 47 55 57 24 48 23 38 51 22 11 25 43 21 40 39 16 17 44 10 34 37 20 36 28 8 9 46 2 50 1 56 59 3 32 31 27 29 7 54 41 33 0
0 43 2 15 26 59 53 28 12 41 50 44 40 25 8 18 56 31 23 49 51 4 47 27 17 20 30 13 38 29 19 14 32 1 37 33 55 5 34 9 39 24 7 22 3 58 54 48 10 46 42 52 45 16 6 11 57 36 35 21 0
0 4 34 36 35 31 46 22 56 17 54 8 5 9 58 41 55 29 11 40 10 6 21 1 16 18 44 25 23 47 39 28 20 45 50 14 53 24 26 30 15 52 3 57 49 12 27 51 13 42 2 19 33 48 32 38 37 43 59 7 0
0 24 30 35 56 6 43 34 58 14 10 42 41 7 2 28 27 21 52 32 22 54 11 37 46 17 13 39 44 33 50 38 4 25 23 9 8 48 49 40 47 59 19 45 5 3 53 55 12 31 36 16 51 29 15 57 18 26 20 1 0
0 22 51 4 12 59 5 48 9 3 34 45 33 42 31 26 53 16 24 57 17 50 14 44 55 1 20 18 2 37 11 39 27 29 49 6 10 30 13 41 15 47 40 23 32 54 19 21 25 7 8 56 46 52 43 36 58 28 38 35 0
0 27 44 45 23 40 54 55 17 8 10 52 7 16 30 22 31 13 43 59 42 19 6 36 34 35 56 3 26 53 49 21 51 25 37 5 12 58 33 41 24 32 48 18 14 46 15 28 50 47 9 4 2 57 20 39 29 38 11 1 0
0 59 5 18 43 27 47 41 31 11 3 15 14 4 51 40 44 19 22 30 49 13 57 39 37 58 8 29 55 20 1 33 42 9 54 53 48 52 46 32 28 17 16 56 7 25 36 34 35 50 38 21 12 2 26 24 10 6 45 23 0
0 43 4 29 34 36 37 35 54 42 41 15 51 9 7 10 20 18 46 5 45 27 17 2 3 50 23 19 14 59 38 55 47 1 16 33 30 6 12 8 40 21 26 28 44 57 58 32 25 24 48 39 56 11 52 53 49 13 22 31 0
0 57 44 11 13 49 33 42 9 31 47 39 7 53 52 35 3 1 50 10 23 19 24 54 12 15 40 25 28 46 2 27 56 8 14 16 36 30 21 17 26 37 48 58 51 22 59 20 41 55 18 34 4 5 43 29 6 45 32 38 0
0 21 13 47 15 20 33 17 25 45 56 27 42 1 55 16 38 50 2 4 8 6 52 54 53 59 32 11 3 24 10 41 18 5 14 23 22 35 30 48 34 26 19 7 51 37 9 49 44 57 43 58 12 29 46 36 28 39 40 31 0
0 51 45 18 54 25 16 26 38 9 22 57 55 28 27 30 8 17 19 7 48 3 33 36 46 21 13 44 32 6 39 50 23 47 37 5 49 24 29 56 1 41 12 10 58 14 4 11 2 34 53 43 42 52 35 40 15 31 20 59 0
0 6 48 14 37 2 32 16 5 8 22 42 33 53 18 46 1 43 7 12 11 54 21 31 25 29 13 55 23 59 27 3 51 52 26 15 24 19 9 58 10 17 38 28 57 47 39 56 36 49 30 41 4 45 34 20 44 35 50 40 0
0 44 39 40 50 21 54 16 43 2 23 27 12 13 29 34 59 37 56 52 42 30 10 25 8 3 5 7 49 15 19 4 26 57 6 28 1 31 58 48 46 11 14 33 17 53 20 32 35 41 9 36 51 47 24 45 18 38 55 22 0
0 45 53 36 3 29 12 55 7 58 1 30 51 38 56 26 10 49 33 39 20 18 48 41 46 37 57 13 17 6 52 40 15 28 47 25 44 50 14 8 24 43 59 32 42 23 22 54 9 31 16 27 11 2 21 4 19 35 34 5 0
0 32 26 57 24 11 39 3 46 28 38 43 40 1 30 25 59 48 34 23 22 8 33 19 49 29 17 7 58 13 20 42 35 51 52 27 10 2 9 16 36 53 50 12 21 31 5 14 41 55 6 18 45 44 4 56 47 15 37 54 0
0 17 35 45 56 9 13 59 23 29 27 14 31 44 19 40 43 18 3 6 58 52 41 37 12 39 36 54 48 47 10 4 33 50 20 53 2 57 7 26 32 55 22 46 15 34 16 38 1 11 24 28 30 8 21 5 25 49 51 42 0
0 2 32 22 33 39 8 47 26 14 37 1 31 18 5 52 55 57 25 6 45 35 34 16 48 4 56 43 7 44 19 59 21 58 36 3 24 38 17 42 23 46 13 40 12 10 29 15 27 53 50 9 20 49 30 54 51 28 11 41 0
0 51 53 57 13 34 27 46 42 19 12 17 48 31 30 47 4 10 59 58 2 35 15 5 24 41 29 43 28 38 11 52 7 26 39 45 56 44 3 9 22 14 8 55 21 50 16 36 18 20 25 54 37 49 6 32 23 1 40 33 0
0 45 20 12 8 39 28 43 58 56 4 31 57 49 25 35 11 27 55 59 13 54 51 18 22 15 26 17 3 44 52 7 10 50 5 9 2 23 38 48 36 33 1 53 30 41 40 47 14 24 34 19 21 46 37 29 16 42 32 6 0
0 46 23 43 17 58 3 25 38 20 14 21 19 41 9 48 53 56 28 47 32 26 35 1 42 13 44 27 57 36 59 33 5 37 51 54 15 55 50 18 16 6 39 31 4 49 22 8 52 30 29 12 24 2 34 45 11 40 10 7 0
0 10 39 21 32 47 41 28 45 57 12 16 23 46 27 29 35 51 37 13 50 15 44 52 31 30 18 26 6 55 36 42 43 53 1 59 5 14 38 2 19 11 56 3 54 58 22 49 34 4 8 33 40 25 48 20 7 24 9 17 0
0 47 49 37 32 12 41 35 36 42 55 44 28 52 23 15 10 1 51 40 24 8 33 7 50 54 22 56 39 29 30 53 3 43 48 17 21 4 34 18 14 46 9 45 13 57 27 11 6 31 20 58 2 26 38 5 59 25 16 19 0
0 41 47 45 34 7 58 39 1 18 52 55 49 14 53 6 37 27 38 2 20 51 22 8 17 16 31 10 32 43 40 4 33 50 9 15 26 29 59 46 35 56 54 57 25 13 36 5 11 3 21 48 19 28 12 30 42 23 24 44 0
0 7 42 22 41 57 27 36 9 52 5 1 26 40 35 47 46 10 16 32 23 38 15 3 29 8 37 51 28 6 58 24 56 49 43 48 21 33 54 45 44 18 20 34 13 19 50 11 53 59 12 25 31 4 55 2 30 14 17 39 0
0 24 4 42 59 56 44 49 19 45 22 13 55 14 41 20 9 3 57 6 11 7 31 32 25 51 15 10 48 58 23 33 29 43 17 1 2 16 27 26 50 12 47 34 21 35 38 53 39 52 18 28 40 8 30 54 46 5 36 37 0
0 14 50 46 26 51 22 40 49 53 10 20 59 34 47 16 13 21 3 6 33 55 48 4 42 30 29 31 43 58 56 27 1 36 39 2 23 41 5 54 17 11 37 8 57 32 24 18 25 45 38 7 9 19 28 52 15 44 12 35 0
0 58 50 55 56 5 51 24 45 23 4 13 12 52 26 43 38 37 46 27 14 59 2 32 1 20 18 28 3 25 53 19 31 17 10 40 29 44 57 41 21 48 36 47 49 33 39 30 15 22 16 11 8 6 9 54 34 35 42 7 0
0 12 8 25 57 56 20 53 27 29 43 49 13 55 38 10 36 30 59 50 9 31 37 7 32 41 21 40 35 48 26 34 11 44 22 52 42 45 6 5 23 51 33 46 2 28 1 58 39 47 24 16 17 19 14 3 18 15 4 54 0
0 38 9 34 53 32 54 22 51 39 4 25 50 6 7 26 37 3 49 44 59 11 18 13 17 33 40 31 45 20 2 29 52 58 15 14 41 16 43 57 23 28 46 42 19 24 35 56 1 27 5 47 21 10 8 30 55 36 48 12 0
0 45 56 51 9 32 38 34 8 14 53 22 52 47 15 58 13 18 37 2 25 29 30 17 31 48 39 16 55 19 24 5 35 57 41 28 21 49 6 54 11 1 50 44 20 26 4 27 3 33 36 59 43 40 10 7 46 42 12 23 0
0 20 26 45 51 10 21 12 22 13 37 40 19 43 35 31 53 5 28 29 6 32 54 47 58 30 2 7 38 48 15 46 16 36 52 8 33 25 24 1 39 56 55 49 23 44 11 27 3 57 34 14 17 59 50 41 4 18 42 9 0
0 45 10 21 23 53 22 11 35 44 9 8 13 49 28 43 29 40 25 31 12 56 5 58 2 39 7 1 3 32 52 54 30 4 57 38 17 47 50 37 26 24 15 42 19 16 6 48 14 18 41 55 20 59 36 27 33 51 46 34 0
0 23 1 3 10 44 35 16 55 8 13 49 42 30 52 7 28 38 33 50 27 26 45 40 54 14 22 2 41 29 53 34 56 11 43 20 15 25 32 31 46 9 57 48 5 21 17 47 59 18 24 51 37 58 4 36 6 19 39 12 0
0 43 28 29 3 8 22 58 44 37 11 25 19 52 59 57 32 39 4 30 36 2 15 46 31 7 40 24 13 12 9 38 42 1 23 48 49 20 5 16 51 54 34 21 45 27 14 17 33 56 35 18 26 41 10 6 55 50 53 47 0
0 10 39 43 40 9 44 41 45 35 15 8 52 3 29 24 19 25 11 36 34 32 58 13 23 49 20 2 16 47 57 12 4 56 21 38 51 55 5 37 1 54 22 33 42 28 31 6 46 59 14 53 50 48 17 18 27 30 7 26 0
0 35 28 7 33 59 5 6 4 12 37 31 13 49 2 16 19 24 58 39 18 50 36 32 44 42 22 21 1 20 38 55 27 51 45 52 54 8 41 9 14 34 47 57 26 48 29 56 53 17 10 15 43 25 46 23 40 30 11 3 0
0 4 36 48 12 35 10 52 31 3 24 49 2 56 9 44 15 26 58 45 27 29 19 41 7 50 42 46 28 47 30 18 20 22 59 54 13 51 8 11 32 40 25 23 53 39 37 38 16 21 5 43 6 57 34 55 17 14 33 1 0
0 33 20 41 7 1 21 48 11 24 36 44 50 29 9 6 10 43 52 47 23 13 27 3 58 37 42 31 45 16 51 4 28 34 8 46 57 22 5 25 26 18 59 12 30 55 49 32 40 39 54 15 14 17 38 35 2 19 56 53 0
0 24 18 49 3 7 56 10 55 59 54 34 42 57 13 33 21 1 22 51 23 32 52 46 31 36 4 9 11 44 26 29 27 28 30 37 25 6 2 38 48 45 35 50 41 14 19 43 8 15 47 17 58 12 16 5 39 40 20 53 0
0 29 42 17 24 1 23 37 36 20 16 50 13 53 2 34 58 25 31 19 3 54 56 49 15 59 43 47 28 33 11 5 55 45 22 41 39 26 10 6 32 38 14 35 30 48 4 44 18 52 8 40 12 21 51 27 46 7 57 9 0
0 43 45 17 54 36 18 32 55 59 10 42 49 22 37 35 9 46 28 23 13 33 34 48 29 15 39 21 6 2 16 30 56 52 5 1 8 12 19 58 14 3 50 31 53 51 40 7 25 24 57 47 20 26 27 41 44 4 11 38 0
0 27 52 22 50 45 5 36 3 38 19 41 6 14 15 56 31 51 20 32 54 29 13 4 53 2 58 34 59 46 40 39 23 12 10 17 43 35 33 24 11 49 37 42 25 7 44 1 30 55 48 47 26 21 9 57 8 16 28 18 0
0 35 37 14 8 7 51 27 57 1 3 33 5 36 43 21 39 31 42 44 6 40 17 48 16 54 12 50 52 29 24 49 32 25 58 30 22 4 9 15 59 56 13 23 28 26 11 2 46 47 10 45 34 38 18 55 53 20 41 19 0
0 28 43 39 55 24 57 47 31 25 30 20 7 29 26 11 48 34 37 3 9 41 27 50 14 45 44 16 6 46 53 13 12 51 17 5 10 33 2 8 58 54 38 1 42 4 52 18 22 49 59 40 56 23 21 36 35 32 15 19 0
0 39 31 17 6 12 11 4 5 16 59 2 24 41 52 58 54 22 46 14 13 23 56 37 32 38 49 27 29 28 44 19 48 20 55 10 35 25 47 36 1 57 30 40 7 45 43 33 26 9 50 34 15 51 18 53 42 8 3 21 0
0 13 45 14 23 49 2 36 26 55 51 34 19 42 16 24 12 47 29 35 3 33 5 57 38 52 50 28 37 48 7 6 53 59 22 41 58 15 27 25 11 17 21 9 40 46 20 4 54 39 31 30 10 43 18 44 32 1 56 8 0
0 4 54 18 6 23 45 46 2 20 16 11 27 56 37 22 52 47 43 17 13 42 57 14 19 28 33 29 55 7 40 34 15 41 30 51 8 3 10 36 12 26 9 25 49 50 35 32 5 39 59 24 58 48 1 31 44 53 21 38 0
0 12 23 34 57 5 4 52 49 43 50 3 54 56 46 45 17 6 58 18 28 42 29 30 25 48 35 41 37 9 2 1 39 47 59 10 24 22 31 27 13 36 51 20 16 53 32 55 14 33 26 11 19 8 21 7 15 38 40 44 0
0 24 18 48 43 42 52 19 57 5 50 41 37 36 23 21 20 49 22 46 33 30 54 31 25 6 51 58 10 14 29 1 59 55 56 39 47 2 38 13 17 3 28 40 45 32 8 34 11 9 7 44 15 4 12 35 53 16 27 26 0
0 44 38 19 22 6 51 54 28 9 33 39 49 47 41 8 46 1 50 48 32 27 34 20 11 23 18 30 35 53 21 40 3 25 55 2 14 31 58 7 37 52 13 57 24 10 17 56 45 15 26 4 59 29 16 36 5 12 43 42 0
0 33 50 54 15 56 45 1 20 18 35 57 48 13 31 49 51 22 27 14 52 53 30 29 46 55 23 16 24 32 9 7 25 39 40 6 26 2 5 17 11 37 4 28 59 58 36 21 34 3 12 38 42 41 19 43 8 44 47 10 0
0 37 16 51 10 32 40 31 34 25 14 28 47 23 1 36 33 22 46 26 24 15 53 35 21 27 6 49 3 55 59 5 42 7 57 4 17 38 56 11 52 43 44 13 29 39 48 20 50 12 18 54 45 9 41 2 58 19 30 8 0
0 18 57 9 43 50 26 6 20 31 7 38 30 11 3 23 45 54 56 27 40 44 13 14 29 24 36 15 48 21 33 2 55 25 34 39 1 37 8 28 22 49 52 17 41 42 46 32 10 59 19 4 16 12 35 51 47 53 5 58 0
0 31 30 1 17 35 34 11 38 20 39 53 32 43 48 37 58 29 44 59 36 18 15 25 51 23 26 16 57 50 10 24 22 45 2 13 41 33 49 3 9 46 56 19 4 14 12 47 27 28 7 6 21 54 42 52 5 55 8 40 0
0 34 59 23 31 17 16 30 21 19 38 29 57 52 48 40 8 27 9 22 4 11 32 26 1 5 55 56 10 39 51 13 45 49 33 58 25 24 3 2 50 46 36 35 44 54 37 42 12 47 14 7 15 20 53 28 6 41 18 43 0
0 4 59 43 51 41 42 44 56 36 9 45 18 29 10 50 25 16 48 28 47 37 8 11 17 39 31 53 58 15 19 40 32 26 46 57 22 21 5 20 27 14 24 35 49 33 23 13 6 34 54 1 7 12 38 30 52 3 55 2 0
0 43 6 35 2 25 45 49 5 37 4 9 31 52 12 7 34 40 27 29 56 23 30 51 32 13 19 17 26 3 20 38 47 55 42 14 58 15 50 21 36 46 59 41 54 24 33 18 48 53 11 22 39 57 1 10 44 8 16 28 0
0 37 44 8 54 43 25 28 59 18 4 32 36 38 42 49 47 29 50 5 34 35 30 20 11 17 24 39 3 6 19 16 55 2 33 45 13 23 10 52 22 57 56 7 46 51 27 58 31 41 48 9 40 14 1 12 26 15 53 21 0
0 17 49 2 51 5 55 59 28 42 35 36 45 48 13 10 3 39 22 31 46 58 21 24 40 26 16 9 23 52 32 38 56 54 33 8 37 7 27 29 11 12 14 6 19 25 20 34 57 15 18 53 44 4 43 50 47 30 1 41 0
0 18 5 17 22 10 8 26 24 54 34 15 36 11 45 43 16 37 27 35 40 53 33 55 46 57 44 20 51 42 3 48 41 58 30 19 50 13 52 39 9 2 1 59 47 14 25 28 6 7 38 29 23 56 12 32 4 49 21 31 0
0 39 3 8 33 19 55 42 46 11 36 44 10 23 35 5 24 37 17 12 59 2 14 30 9 38 13 57 22 6 43 52 56 48 29 49 27 58 1 28 16 54 20 18 21 7 53 34 40 4 26 25 31 45 41 51 32 50 15 47 0
0 13 33 45 32 17 8 1 38 29 49 57 19 4 10 53 14 51 2 50 20 15 23 18 12 35 37 48 5 40 58 26 31 9 41 3 42 47 7 6 43 25 34 46 59 56 22 44 21 24 52 54 16 27 36 11 39 28 30 55 0
0 41 37 13 2 3 40 52 29 15 11 24 32 42 59 25 6 14 33 8 47 53 55 23 31 27 43 48 35 5 56 57 21 9 30 4 26 44 46 19 7 58 39 16 36 49 34 38 22 28 10 51 20 45 54 12 50 1 18 17 0
0 28 13 40 11 21 29 25 44 2 39 42 36 23 24 41 53 50 57 12 34 49 22 47 56 32 10 43 31 1 27 33 3 15 14 17 38 55 52 45 54 35 5 26 58 46 51 7 19 59 6 18 30 16 37 48 9 8 20 4 0
0 35 32 53 43 34 16 36 20 4 28 45 21 54 58 9 18 42 19 30 1 24 29 46 49 39 7 57 31 55 23 38 37 33 25 14 8 22 5 56 50 10 2 12 47 26 51 17 40 15 11 41 6 44 27 48 3 13 52 59 0
0 25 24 54 4 6 55 16 51 22 17 11 33 48 27 59 13 35 10 20 23 36 9 42 19 50 31 30 49 3 57 2 56 46 29 15 8 58 18 40 41 1 38 7 43 12 14 32 52 21 44 45 5 28 39 53 37 34 47 26 0
0 18 25 45 34 26 27 13 59 40 12 15 22 52 54 6 58 20 33 32 21 9 39 49 23 38 55 43 16 2 50 17 51 3 37 42 7 31 57 1 5 29 44 8 19 48 35 30 28 46 14 10 56 24 36 41 4 53 47 11 0
0 39 31 16 53 37 1 44 34 12 49 58 5 54 9 29 21 18 25 56 19 14 2 33 43 40 57 41 52 45 35 4 36 27 47 23 3 22 11 28 48 15 59 42 10 6 55 38 30 24 46 20 50 8 32 51 7 13 26 17 0
0 24 46 3 15 50 25 45 8 19 38 22 12 28 21 41 30 9 32 27 4 37 26 16 57 52 43 40 14 48 10 6 47 42 36 13 44 34 39 53 58 23 49 7 5 33 59 18 55 54 31 51 20 29 1 56 11 2 35 17 0
0 10 25 9 21 43 52 6 5 59 40 51 55 20 7 1 23 2 58 48 19 54 11 41 45 12 18 50 42 32 47 46 14 13 8 38 4 36 27 29 22 33 49 53 28 15 34 3 17 39 57 26 31 37 24 30 44 35 56 16 0
0 8 12 39 29 1 4 46 41 34 55 2 15 21 6 36 26 52 57 11 20 42 25 10 37 5 32 47 56 53 40 18 9 16 54 3 17 49 24 45 48 38 33 30 59 31 35 44 23 27 7 22 19 43 14 50 51 58 13 28 0
0 51 28 55 4 12 44 43 35 34 20 3 38 54 17 26 10 39 45 49 29 52 59 24 27 22 21 56 31 15 32 7 41 57 46 50 40 25 1 33 13 11 47 48 16 5 19 37 9 2 8 36 30 58 14 42 6 18 23 53 0
0 8 28 53 22 36 38 55 7 42 18 44 47 56 3 50 26 13 45 10 11 1 15 24 43 54 51 4 46 34 40 2 6 12 25 27 59 9 52 14 30 49 48 39 57 19 58 21 32 5 31 16 41 35 33 20 29 37 17 23 0
0 28 7 30 33 5 56 40 37 14 18 3 46 48 57 25 52 26 2 43 17 53 50 22 34 45 9 31 35 55 29 19 20 58 4 15 11 36 24 49 47 1 59 39 10 23 44 41 16 32 42 12 21 51 6 54 8 13 27 38 0
0 2 29 40 50 47 15 37 51 1 49 31 45 25 11 57 46 6 59 32 16 18 34 36 3 24 28 27 21 58 14 12 9 20 33 4 26 38 5 39 19 8 54 35 10 48 56 42 53 13 23 22 17 30 52 44 7 41 43 55 0
0 12 15 23 27 45 46 40 38 59 28 49 8 57 51 48 37 41 30 39 9 58 36 21 56 16 34 5 54 18 6 19 50 2 29 53 20 10 14 43 17 44 47 32 11 13 4 42 24 25 26 33 22 1 7 52 31 55 3 35 0
0 36 25 51 34 45 3 44 56 10 6 42 28 49 12 40 8 58 57 55 59 21 7 2 32 14 54 29 27 46 26 53 16 47 15 52 35 23 30 9 48 17 11 4 39 5 50 13 20 38 43 19 22 1 37 18 31 24 41 33 0
0 43 52 53 26 59 42 39 55 17 18 22 12 56 6 33 3 19 44 32 41 30 51 37 38 50 7 35 47 57 48 27 13 58 45 54 1 10 34 49 14 4 9 31 8 28 21 2 40 29 5 24 20 46 36 16 15 23 25 11 0
0 36 33 55 51 32 12 49 19 35 29 14 10 27 9 31 46 18 24 23 16 50 2 39 30 28 8 6 13 56 42 17 5 11 1 54 34 58 20 15 40 25 43 47 45 37 3 57 53 52 22 21 44 38 7 59 26 48 4 41 0
0 5 24 41 49 12 43 58 21 26 28 32 33 53 37 54 55 46 34 47 42 19 7 3 18 29 4 39 23 36 20 14 35 45 51 31 10 2 48 30 44 15 52 40 56 9 17 59 57 11 8 1 6 27 22 50 25 13 38 16 0
0 41 47 39 18 9 6 53 35 59 24 28 16 13 26 54 14 45 20 43 57 1 56 34 17 10 42 5 25 12 7 30 11 3 15 19 40 29 48 44 49 32 4 2 36 22 31 58 37 46 50 51 8 21 52 38 27 23 33 55 0
0 41 15 31 25 23 20 6 22 32 10 43 29 58 33 56 21 18 9 55 59 14 3 26 50 11 53 42 49 34 45 16 48 44 27 39 1 40 5 38 57 35 4 17 36 54 30 8 7 46 52 13 12 28 24 51 19 2 37 47 0
0 22 37 52 47 15 55 40 42 29 9 14 1 23 25 48 56 28 34 36 27 57 4 5 26 7 8 20 58 50 24 3 12 2 18 39 17 31 10 45 44 49 6 38 54 59 16 35 32 33 53 21 19 11 41 43 13 30 51 46 0
0 47 49 33 15 38 55 42 4 5 28 48 56 58 36 43 18 46 2 26 8 37 32 54 59 24 30 6 34 52 23 45 35 20 51 31 19 3 25 40 53 29 16 57 39 27 22 10 50 14 44 17 13 11 12 9 7 41 1 21 0
0 16 55 52 23 14 29 2 36 48 25 9 58 32 3 53 42 13 34 39 31 38 43 35 8 24 30 5 18 7 40 19 46 26 50 20 1 41 28 10 57 45 47 6 51 54 21 44 56 11 27 22 12 4 33 59 49 15 17 37 0
0 54 10 28 31 5 16 46 48 51 33 45 30 36 43 59 32 56 34 49 24 19 18 1 50 9 26 22 14 39 29 11 3 15 47 20 17 13 52 12 7 53 57 25 4 55 27 2 23 40 8 44 21 6 58 35 42 37 41 38 0
0 23 42 52 47 5 30 2 59 50 4 28 36 15 39 54 33 19 10 21 35 27 43 8 34 6 16 20 37 48 49 3 22 55 18 51 31 29 12 41 45 57 14 40 26 56 17 53 9 1 24 44 58 38 32 25 13 11 7 46 0
0 28 44 12 25 37 31 53 13 46 43 27 54 48 58 29 56 38 9 45 11 18 5 30 36 8 4 55 1 47 42 40 59 17 49 24 52 41 19 22 20 3 57 10 51 15 14 23 26 21 6 50 2 7 32 35 33 39 16 34 0
0 24 39 42 18 57 17 13 53 14 11 5 22 26 3 43 10 12 51 44 41 37 49 9 21 2 45 19 36 50 38 25 56 55 4 58 54 35 32 48 30 20 29 28 47 46 34 15 40 33 52 8 31 6 23 59 27 16 7 1 0
0 51 41 17 22 39 25 52 5 38 47 43 33 11 29 24 50 46 32 18 57 55 58 9 36 56 2 28 10 7 8 3 27 31 44 45 21 4 13 6 59 20 15 12 23 37 49 19 16 48 40 30 42 14 54 1 53 35 34 26 0
0 44 17 9 45 34 37 15 27 1 5 57 33 49 14 13 35 4 56 22 41 11 55 32 7 50 20 40 21 53 43 6 23 18 8 54 12 26 16 52 39 29 38 36 2 46 59 25 19 28 31 51 10 48 24 30 58 3 42 47 0
0 10 11 2 38 15 45 20 51 48 57 41 54 14 46 55 24 37 47 42 30 1 36 31 43 26 28 44 49 33 9 56 17 5 29 16 52 53 7 18 23 8 6 40 58 4 21 35 22 34 59 25 50 13 12 39 27 3 19 32 0
0 32 40 16 6 5 25 56 29 24 12 19 10 22 27 55 51 52 14 2 4 43 7 37 34 18 15 28 13 41 8 11 1 38 30 35 49 44 59 46 50 21 57 36 23 26 17 9 48 33 39 20 3 54 31 47 42 58 53 45 0
0 13 53 54 27 18 4 20 45 24 57 34 47 59 37 38 19 6 30 52 8 21 5 28 14 48 41 39 33 10 26 9 25 3 36 15 35 29 55 40 49 51 58 22 12 16 56 32 31 23 7 17 11 42 1 46 2 43 44 50 0
0 18 38 24 14 42 50 48 58 53 25 2 33 32 46 11 40 9 27 21 41 15 17 10 23 16 3 36 35 20 31 19 1 57 22 34 43 5 12 45 56 7 8 59 44 49 6 39 4 54 47 51 13 29 52 30 28 55 37 26 0
0 8 51 55 41 54 31 36 25 7 43 58 21 29 18 34 57 45 2 14 11 47 30 6 10 49 19 26 37 39 48 27 22 23 16 59 38 52 44 35 56 17 33 24 12 4 50 3 15 53 46 32 20 5 28 1 9 13 40 42 0
0 16 51 44 58 8 37 36 19 4 13 53 52 17 34 12 50 40 22 1 39 26 55 47 14 23 32 10 11 18 28 41 56 33 31 25 20 48 15 45 24 42 5 59 57 6 27 3 21 29 35 54 46 38 30 9 2 49 7 43 0
0 5 38 49 29 31 14 41 37 36 56 17 30 13 7 19 50 25 34 9 57 3 26 15 22 11 53 23 8 39 1 27 32 21 48 28 54 42 47 18 46 10 59 45 58 40 44 4 33 6 2 55 12 35 51 43 20 24 16 52 0
0 8 40 22 28 52 54 57 24 3 32 31 50 49 18 10 13 5 4 43 11 46 53 9 2 27 25 39 41 38 34 6 29 37 33 20 36 55 12 30 21 26 56 16 15 42 59 58 51 45 1 48 23 47 35 44 14 17 19 7 0
0 35 23 22 36 28 44 42 48 41 9 17 34 29 31 25 50 57 52 4 21 27 24 37 2 59 49 51 38 5 33 26 53 12 55 14 18 47 40 58 20 56 16 30 8 10 43 46 45 19 39 6 13 7 54 1 3 11 15 32 0
0 58 28 10 34 13 37 9 44 54 5 25 12 57 48 3 30 14 41 40 4 36 18 8 20 42 53 11 46 21 15 52 47 33 56 6 43 45 19 1 35 16 59 29 51 32 49 38 55 26 31 50 2 7 24 23 27 39 17 22 0
0 15 39 2 25 23 27 21 29 33 7 34 9 30 31 18 59 56 4 12 5 13 8 48 20 14 11 55 58 38 32 54 57 28 46 47 16 49 17 6 1 42 36 45 10 3 51 53 40 44 43 35 50 41 24 19 26 52 22 37 0
0 15 17 41 24 29 31 54 53 2 39 38 46 58 9 56 19 11 43 25 7 3 6 32 50 37 8 4 12 26 51 49 42 47 33 55 10 52 23 16 35 40 36 28 27 1 13 18 5 22 30 34 14 20 57 45 48 21 44 59 0
