# n n_solutions
40 1000
# n x n distance matrix
0 3544 8372 5000 3832 4570 1964 6793 4134 7920 2195 8988 5147 4742 5420 8005 9617 7200 1769 8032 7700 5056 1170 7990 6580 8174 4638 4903 4143 1421 3832 4925 3956 1835 1612 5360 9466 8005 2334 4700
3544 0 9794 5879 7376 7901 1581 8944 2773 9763 2469 7402 4909 6328 8036 7655 10893 6484 2220 6648 7513 3827 4539 7242 5508 8823 8158 8030 7510 4884 4801 5515 2137 5000 4804 6303 10922 7655 5048 8161
8372 9794 0 3920 8309 6511 9068 2353 7357 1220 7496 7382 5280 3661 4004 4455 1264 5303 8005 6706 4119 6762 7523 5333 6082 2088 7915 5622 6700 8731 5020 4326 11531 6870 7038 3500 1131 4455 6132 7324
5000 5879 3920 0 6488 5390 5269 3601 3492 4049 3661 5467 1711 1166 3667 3361 5020 3111 4219 4500 2973 3114 4501 3720 3220 3195 6573 4816 5300 5800 1208 500 7683 4044 4119 424 5044 3361 3255 6140
3832 7376 8309 6488 0 1969 5796 6067 7420 7382 5608 11660 7521 5565 4341 9848 9533 9466 5412 10660 9454 8062 2952 10159 9200 9042 984 2846 1649 2601 5768 6711 7500 2831 2920 6648 9178 9848 3420 1414
4570 7901 6511 5390 1969 0 6407 4201 7223 5508 5707 10818 6747 4301 2507 8653 7700 8495 5721 9831 8237 7615 3423 9104 8438 7494 1403 905 447 3801 5000 5728 8514 2901 3100 5440 7310 8653 3036 824
1964 1581 9068 5269 5796 6407 0 7905 3014 8861 1612 8006 4753 5445 6802 7668 10244 6637 1063 7133 7445 4104 3001 7433 5800 8411 6592 6609 6000 3310 4080 5011 2483 3522 3313 5685 10198 7668 3700 6618
6793 8944 2353 3601 6067 4201 7905 0 6963 1315 6488 8508 5300 2692 1726 5745 3501 6168 6879 7654 5333 6711 5780 6484 6628 3828 5600 3300 4428 6860 4272 4101 10381 5080 5280 3306 3114 5745 4459 5000
4134 2773 7357 3492 7420 7223 3014 6963 0 7539 1941 5000 2193 4275 6503 4884 8360 3736 2416 4119 4741 1104 4527 4512 2815 6152 7940 7034 6935 5500 2716 3041 4870 4604 4500 3891 8459 4884 4204 7736
7920 9763 1220 4049 7382 5508 8861 1315 7539 0 7360 8270 5629 3440 3041 5375 2220 6053 7810 7513 5000 7106 6964 6209 6700 3138 6902 4604 5742 8095 4973 4522 11344 6276 6466 3668 1802 5375 5603 6300
2195 2469 7496 3661 5608 5707 1612 6488 1941 7360 0 6830 3224 3920 5578 6151 8654 5200 608 5894 5903 2879 2662 6000 4472 6800 6223 5703 5360 3560 2483 3400 4036 2879 2731 4080 8627 6151 2707 6103
8988 7402 7382 5467 11660 10818 8006 8508 5000 8270 6830 0 4140 6621 9069 2927 7700 2385 7376 1000 3275 3956 9082 2061 2469 5323 11909 10282 10683 10245 5903 5093 9518 8904 8883 5521 8105 2927 8241 11531
5147 4909 5280 1711 7521 6747 4753 5300 2193 5629 3224 4140 0 2816 5314 2927 6212 2061 3832 3140 2692 1486 5032 2844 1697 3959 7783 6296 6579 6264 1769 1216 6931 4788 4785 2002 6352 2927 4104 7427
4742 6328 3661 1166 5565 4301 5445 2692 4275 3440 3920 6621 2816 0 2507 4356 4887 4252 4386 5661 3944 4110 4002 4816 4382 3601 5547 3676 4254 5277 1581 1615 7924 3423 3551 1140 4780 4356 2630 5077
5420 8036 4004 3667 4341 2507 6802 1726 6503 3041 5578 9069 5314 2507 0 6576 5203 6685 5852 8130 6152 6530 4318 7170 6887 5099 3910 1627 2707 5280 3832 4122 9217 3612 3828 3551 4837 6576 3138 3324
8005 7655 4455 3361 9848 8653 7668 5745 4884 5375 6151 2927 2927 4356 6576 0 4825 1272 6759 2334 424 3847 7727 905 2334 2402 9897 7981 8609 9009 4275 3201 9749 7349 7397 3224 5200 0 6580 9433
9617 10893 1264 5020 9533 7700 10244 3501 8360 2220 8654 7700 6212 4887 5203 4825 0 5868 9183 7156 4570 7666 8784 5730 6767 2473 9100 6800 7910 9995 6171 5381 12690 8134 8300 4596 565 4825 7392 8501
7200 6484 5303 3111 9466 8495 6637 6168 3736 6053 5200 2385 2061 4252 6685 1272 5868 0 5800 1486 1341 2657 7083 800 1063 3395 9640 7924 8386 8324 3712 2780 8602 6802 6815 3140 6181 1272 6082 9231
1769 2220 8005 4219 5412 5721 1063 6879 2416 7810 608 7376 3832 4386 5852 6759 9183 5800 0 6453 6511 3420 2469 6600 5048 7379 6103 5813 5345 3182 3023 3981 3538 2828 2647 4632 9135 6759 2828 6041
8032 6648 6706 4500 10660 9831 7133 7654 4119 7513 5894 1000 3140 5661 8130 2334 7156 1486 6453 0 2601 3041 8094 1431 1476 4709 10912 9308 9689 9270 4904 4110 8782 7907 7889 4579 7516 2334 7242 10537
7700 7513 4119 2973 9454 8237 7445 5333 4741 5000 5903 3275 2692 3944 6152 424 4570 1341 6511 2601 0 3744 7382 1216 2360 2109 9489 7560 8198 8669 3931 2844 9585 6985 7040 2817 4916 424 6209 9021
5056 3827 6762 3114 8062 7615 4104 6711 1104 7106 2879 3956 1486 4110 6530 3847 7666 2657 3420 3041 3744 0 5280 3420 1711 5341 8481 7300 7378 6363 2720 2617 5948 5232 5166 3452 7826 3847 4701 8209
1170 4539 7523 4501 2952 3423 3001 5780 4527 6964 2662 9082 5032 4002 4318 7727 8784 7083 2469 8094 7382 5280 0 7844 6618 7566 3640 3733 3006 1300 3452 4539 5124 707 500 4804 8586 7727 1392 3622
7990 7242 5333 3720 10159 9104 7433 6484 4512 6209 6000 2061 2844 4816 7170 905 5730 800 6600 1431 1216 3420 7844 0 1746 3300 10290 8489 9020 9095 4438 3448 9368 7539 7561 3679 6103 905 6802 9860
6580 5508 6082 3220 9200 8438 5800 6628 2815 6700 4472 2469 1697 4382 6887 2334 6767 1063 5048 1476 2360 1711 6618 1746 0 4308 9479 7963 8275 7800 3465 2778 7640 6435 6414 3383 7034 2334 5780 9123
8174 8823 2088 3195 9042 7494 8411 3828 6152 3138 6800 5323 3959 3601 5099 2402 2473 3395 7379 4709 2109 5341 7566 3300 4308 0 8860 6685 7569 8856 4401 3400 10761 7017 7134 2816 2807 2402 6220 8316
4638 8158 7914 6573 984 1403 6592 5600 7940 6902 6223 11909 7783 5547 3910 9897 9100 9640 6103 10912 9489 8481 3640 10290 9479 8860 0 2300 1300 3512 6014 6860 8414 3354 3492 6673 8704 9897 3780 608
4903 8030 5622 4816 2846 905 6609 3300 7034 4604 5703 10282 6296 3676 1627 7981 6800 7924 5813 9308 7560 7300 3733 8489 7963 6685 2300 0 1208 4360 4606 5200 8854 3104 3324 4810 6406 7981 3000 1702
4143 7510 6700 5300 1649 447 6000 4428 6935 5742 5360 10683 6579 4254 2707 8609 7910 8386 5345 9689 8198 7378 3006 9020 8275 7569 1300 1208 0 3354 4816 5608 8080 2517 2707 5385 7542 8609 2731 848
1421 4884 8731 5800 2601 3801 3310 6860 5500 8095 3560 10245 6264 5277 5280 9009 9995 8324 3182 9270 8669 6363 1300 9095 7800 8856 3512 4360 3354 0 4738 5830 4904 1868 1726 6103 9769 9009 2647 3710
3832 4801 5020 1208 5768 5000 4080 4272 2716 4973 2483 5903 1769 1581 3832 4275 6171 3712 3023 4904 3931 2720 3452 4438 3465 4401 6014 4606 4816 4738 0 1100 6519 3101 3132 1612 6151 4275 2370 5663
4925 5515 4326 500 6711 5728 5011 4101 3041 4522 3400 5093 1216 1615 4122 3201 5381 2780 3981 4110 2844 2617 4539 3448 2778 3400 6860 5200 5608 5830 1100 0 7381 4148 4197 854 5440 3201 3383 6453
3956 2137 11531 7683 7500 8514 2483 10381 4870 11344 4036 9518 6931 7924 9217 9749 12690 8602 3538 8782 9585 5948 5124 9368 7640 10761 8414 8854 8080 4904 6519 7381 0 5758 5536 8105 12662 9749 6082 8570
1835 5000 6870 4044 2831 2901 3522 5080 4604 6276 2879 8904 4788 3423 3612 7349 8134 6802 2828 7907 6985 5232 707 7539 6435 7017 3354 3104 2517 1868 3101 4148 5758 0 223 4310 7920 7349 800 3228
1612 4804 7038 4119 2920 3100 3313 5280 4500 6466 2731 8883 4785 3551 3828 7397 8300 6815 2647 7889 7040 5166 500 7561 6414 7134 3492 3324 2707 1726 3132 4197 5536 223 0 4401 8095 7397 921 3395
5360 6303 3500 424 6648 5440 5685 3306 3891 3668 4080 5521 2002 1140 3551 3224 4596 3140 4632 4579 2817 3452 4804 3679 3383 2816 6673 4810 5385 6103 1612 854 8105 4310 4401 0 4622 3224 3512 6212
9466 10922 1131 5044 9178 7310 10198 3114 8459 1802 8627 8105 6352 4780 4837 5200 565 6181 9135 7516 4916 7826 8586 6103 7034 2807 8704 6406 7542 9769 6151 5440 12662 7920 8095 4622 0 5200 7200 8102
8005 7655 4455 3361 9848 8653 7668 5745 4884 5375 6151 2927 2927 4356 6576 0 4825 1272 6759 2334 424 3847 7727 905 2334 2402 9897 7981 8609 9009 4275 3201 9749 7349 7397 3224 5200 0 6580 9433
2334 5048 6132 3255 3420 3036 3700 4459 4204 5603 2707 8241 4104 2630 3138 6580 7392 6082 2828 7242 6209 4701 1392 6802 5780 6220 3780 3000 2731 2647 2370 3383 6082 800 921 3512 7200 6580 0 3535
4700 8161 7324 6140 1414 824 6618 5000 7736 6300 6103 11531 7427 5077 3324 9433 8501 9231 6041 10537 9021 8209 3622 9860 9123 8316 608 1702 848 3710 5663 6453 8570 3228 3395 6212 8102 9433 3535 0
# set of given starting solutions
0 37 18 13 39 20 23 32 26 30 10 29 9 28 6 8 11 17 34 19 38 21 2 4 12 24 35 7 3 25 33 1 27 14 31 5 36 15 16 22 0
0 29 11 27 6 12 22 31 10 23 17 24 13 38 20 1 18 8 36 3 28 34 33 30 15 35 39 32 14 4 19 7 16 26 2 5 9 21 37 25 0
0 5 11 34 19 21 15 7 29 18 4 39 28 37 2 30 20 8 31 23 38 17 24 3 14 1 27 25 32 6 13 16 12 33 22 35 36 9 10 26 0
0 20 28 25 33 3 6 16 14 2 37 18 24 32 29 38 4 27 9 13 17 36 22 10 7 30 26 12 31 8 21 39 19 1 34 11 5 23 15 35 0
0 29 7 2 13 32 25 17 9 39 37 3 21 15 23 28 36 18 20 5 8 30 27 34 24 22 14 33 10 26 6 16 11 4 12 38 19 31 35 1 0
0 8 10 39 4 35 36 28 14 3 33 13 24 1 32 2 21 18 11 26 12 16 27 15 7 9 38 5 37 20 17 30 25 19 23 31 34 29 22 6 0
0 16 10 19 31 13 4 33 12 18 15 28 35 22 32 3 8 7 30 23 2 25 1 27 11 21 34 24 6 20 38 17 39 29 14 36 9 26 37 5 0
0 17 13 12 9 8 25 34 38 27 4 37 39 6 21 10 2 35 16 28 30 3 18 15 7 32 14 1 26 19 24 36 33 20 5 23 29 31 11 22 0
0 18 2 16 19 29 23 31 11 25 1 3 7 15 22 37 17 9 39 21 13 34 32 20 24 5 36 28 4 6 8 14 30 35 27 10 38 12 33 26 0
0 35 11 1 3 39 4 7 14 18 16 2 26 12 32 13 23 5 19 15 28 22 10 36 34 33 37 20 27 9 30 25 21 29 6 8 38 31 17 24 0
0 25 12 37 27 5 22 36 33 4 30 39 19 24 9 16 11 28 20 2 14 10 1 23 13 17 34 21 29 35 3 32 8 38 15 26 6 18 31 7 0
0 18 3 13 16 34 20 6 33 22 19 17 26 7 29 10 38 32 4 28 8 23 35 31 37 11 15 39 12 5 1 9 25 24 36 30 27 21 14 2 0
0 25 15 23 34 31 36 27 16 22 19 37 38 9 18 26 11 30 13 7 5 10 2 35 32 3 14 20 4 33 29 39 1 8 28 6 17 24 21 12 0
0 22 29 2 27 23 17 24 31 18 4 20 3 35 38 6 28 16 34 14 8 39 7 21 5 11 19 26 30 37 33 36 10 32 15 12 9 25 13 1 0
0 27 39 7 31 15 34 19 38 24 20 2 30 21 28 14 8 32 6 1 35 12 33 29 9 37 25 10 17 18 13 23 16 36 26 11 3 4 22 5 0
0 36 3 31 19 11 5 1 10 9 18 6 35 26 39 14 17 2 22 34 15 37 23 38 8 7 28 29 16 4 20 24 13 21 30 12 27 33 32 25 0
0 36 9 17 35 15 7 3 14 5 1 21 11 28 32 4 20 6 31 24 16 23 25 37 12 30 27 38 10 22 19 33 26 2 8 18 29 34 39 13 0
0 19 15 30 12 39 18 25 34 7 10 1 27 9 16 33 6 2 14 21 38 35 11 29 20 31 3 22 23 26 17 28 13 37 4 5 32 8 36 24 0
0 6 36 3 37 1 17 26 39 34 24 5 19 18 32 38 27 30 11 31 4 2 8 23 29 33 21 16 12 22 20 15 10 13 9 28 35 25 7 14 0
0 22 3 33 19 27 34 26 30 39 23 7 10 5 13 31 35 1 11 15 20 24 6 14 36 25 2 29 32 38 9 16 37 17 21 28 18 8 4 12 0
0 2 25 36 24 37 7 15 18 1 31 13 30 27 34 29 26 33 17 8 12 6 16 23 38 5 4 22 19 3 9 35 28 14 21 11 32 39 10 20 0
0 10 24 27 26 19 34 5 37 32 28 31 25 30 8 38 2 36 1 14 33 23 21 29 16 20 9 12 3 7 4 17 11 39 13 35 6 15 18 22 0
0 25 4 17 29 9 26 31 7 34 12 5 11 3 36 22 2 19 32 14 37 6 8 1 39 21 13 30 24 23 35 20 10 33 15 27 18 16 28 38 0
0 20 7 36 18 35 38 27 6 10 22 16 24 14 5 2 31 4 8 39 23 28 12 34 9 29 13 19 33 32 3 1 26 15 17 37 25 30 21 11 0
0 10 20 26 35 34 30 31 5 13 39 29 28 18 21 14 6 12 9 4 27 37 25 11 8 38 1 17 16 23 33 19 32 2 36 15 3 22 7 24 0
0 29 35 30 38 28 33 21 36 32 31 26 39 19 13 1 16 17 18 4 25 20 3 27 37 7 6 23 2 22 5 12 9 10 14 8 11 34 15 24 0
0 7 28 9 21 17 23 24 29 30 18 31 6 12 10 15 27 11 32 33 14 4 1 25 8 34 37 5 16 20 26 39 19 35 22 2 36 3 38 13 0
0 22 36 27 37 23 30 32 28 31 24 33 7 2 26 1 20 11 34 25 17 13 4 16 12 5 3 38 18 19 10 6 21 35 29 14 8 15 39 9 0
0 13 38 3 31 18 16 25 20 33 19 7 27 39 12 30 26 36 34 37 11 32 2 21 10 15 23 29 8 5 6 22 1 35 4 17 28 24 14 9 0
0 7 39 19 15 28 10 18 29 23 38 30 32 24 36 14 31 3 8 2 6 22 4 11 1 35 21 5 34 25 26 9 27 37 12 16 17 20 13 33 0
0 24 10 14 6 4 27 30 21 18 31 26 20 29 8 25 17 33 39 34 23 15 11 22 36 1 37 38 32 35 3 13 5 9 2 7 12 28 16 19 0
0 35 34 27 1 33 22 13 30 20 9 36 12 18 37 16 5 32 8 28 3 11 6 19 15 24 26 4 14 39 2 31 7 25 17 38 29 23 21 10 0
0 32 19 4 15 35 8 16 38 30 6 28 5 37 1 26 29 18 7 21 10 13 25 39 14 31 17 33 22 36 9 34 24 23 20 2 11 27 3 12 0
0 34 9 33 14 18 22 13 29 23 16 12 1 28 24 30 15 35 6 26 8 32 38 2 4 21 19 5 17 3 20 36 7 11 10 27 39 25 37 31 0
0 35 12 13 10 36 1 4 15 38 31 6 20 22 37 29 19 3 25 23 33 14 7 26 2 30 28 16 34 17 24 5 32 39 11 8 27 21 18 9 0
0 1 25 9 22 21 8 6 15 13 29 18 35 23 34 3 38 11 28 30 4 33 31 32 10 2 19 14 36 26 17 24 20 5 16 27 39 7 12 37 0
0 24 8 39 19 7 38 35 1 33 27 31 32 16 13 11 20 14 15 6 21 2 22 10 23 3 9 17 37 29 5 28 25 30 34 26 4 12 36 18 0
0 11 38 3 19 16 10 22 9 7 23 28 36 1 20 29 30 25 4 31 35 24 37 5 8 34 6 32 18 2 33 12 39 17 21 13 26 14 15 27 0
0 19 8 27 36 35 5 9 18 30 34 15 26 21 23 32 2 7 16 12 22 4 13 20 6 31 1 37 33 14 11 24 17 25 28 39 29 38 3 10 0
0 1 5 13 25 17 11 10 28 22 15 19 30 31 3 4 29 14 26 20 9 38 34 12 18 21 23 39 35 27 7 2 37 32 6 33 8 16 24 36 0
0 9 39 26 35 30 7 24 2 19 5 37 22 3 17 33 34 4 28 20 29 25 13 6 21 27 15 14 32 38 10 23 31 11 12 18 16 1 36 8 0
0 23 24 28 32 34 7 17 33 22 14 10 39 9 4 26 6 19 35 30 31 8 16 13 15 38 11 20 1 12 3 21 25 27 5 18 29 2 37 36 0
0 25 18 7 3 10 4 24 31 16 32 34 17 28 30 20 35 21 8 6 29 13 33 23 19 12 15 14 22 27 5 38 36 39 9 37 26 1 11 2 0
0 1 9 27 17 19 23 29 3 20 35 24 36 32 39 16 2 8 25 7 21 22 30 33 31 12 34 15 5 13 6 14 37 4 11 28 38 10 18 26 0
0 33 36 4 18 31 23 24 26 27 17 29 12 39 3 2 8 38 14 34 6 7 22 21 5 32 11 9 25 28 16 37 20 30 13 19 35 10 1 15 0
0 3 32 39 17 23 22 31 12 33 27 13 24 16 19 14 25 29 35 18 9 4 36 1 15 6 26 21 7 34 28 37 2 11 5 38 8 30 20 10 0
0 13 8 11 10 26 4 7 35 6 36 5 18 34 25 20 3 32 19 21 17 38 29 2 27 33 28 12 39 14 37 9 16 23 15 22 24 31 1 30 0
0 7 20 12 3 16 37 28 34 22 18 32 15 10 36 8 29 17 38 14 27 23 24 26 35 2 1 30 39 33 19 6 25 13 4 21 5 31 9 11 0
0 5 25 35 20 8 12 1 6 37 16 38 31 3 34 13 19 10 15 17 28 26 32 24 33 22 4 9 29 23 14 27 39 21 30 36 2 11 7 18 0
0 16 30 12 25 23 4 31 38 24 33 34 20 15 22 5 2 11 10 8 28 6 27 13 1 19 7 3 36 26 18 35 9 21 37 29 14 17 32 39 0
0 26 22 14 30 21 10 38 13 33 35 16 3 27 28 1 12 19 29 9 37 18 15 20 36 11 7 17 4 31 32 39 23 34 5 24 8 25 6 2 0
0 8 6 20 10 4 16 24 37 19 9 17 31 29 23 15 7 25 14 26 1 11 30 21 35 22 36 33 2 13 28 32 38 5 3 39 18 27 12 34 0
0 1 6 30 7 33 8 17 5 14 16 22 37 21 19 3 29 23 38 12 28 2 20 34 39 9 26 15 18 10 13 25 27 11 4 32 24 36 31 35 0
0 33 28 5 15 27 32 31 2 3 7 36 14 9 21 12 37 25 38 34 4 23 19 8 29 13 11 16 10 18 30 1 17 24 22 39 26 20 35 6 0
0 39 7 33 24 15 26 10 11 38 35 32 30 8 29 6 9 37 25 28 16 27 1 17 3 5 12 18 23 21 4 34 14 2 19 31 13 20 22 36 0
0 13 12 39 27 20 33 11 14 8 38 34 15 35 18 1 37 32 9 2 7 6 23 16 3 36 26 10 28 19 21 5 29 24 4 22 31 30 25 17 0
0 32 36 30 25 14 38 35 31 13 17 10 4 22 2 20 16 21 37 23 7 18 11 6 24 33 1 19 27 3 8 9 34 39 5 12 15 26 29 28 0
0 33 26 8 24 36 7 2 39 28 37 23 30 11 3 25 15 5 20 19 17 27 31 32 13 14 18 16 9 22 34 21 6 12 4 29 10 1 35 38 0
0 29 37 25 10 13 23 16 7 8 12 5 31 32 21 17 24 6 4 20 34 2 27 33 28 30 14 3 15 19 36 9 18 11 22 38 26 39 35 1 0
0 22 17 1 15 26 11 30 29 7 28 18 4 14 5 23 35 3 21 27 25 13 2 31 34 39 8 6 9 37 24 33 12 32 20 19 10 16 36 38 0
0 26 24 14 19 27 9 12 23 36 8 17 2 37 38 35 11 13 33 30 4 22 25 34 39 6 15 32 5 3 7 18 28 29 21 16 10 20 31 1 0
0 31 14 25 30 18 22 12 4 37 2 15 23 17 8 20 1 5 3 16 26 21 7 28 11 29 32 13 39 27 10 36 35 38 19 34 9 24 33 6 0
0 38 29 35 12 32 10 34 27 14 26 11 7 28 2 21 13 37 9 17 22 1 15 5 39 6 31 36 4 33 20 18 23 16 30 19 25 8 3 24 0
0 26 19 11 13 5 28 21 12 3 34 16 8 4 36 25 6 20 32 33 38 37 39 22 23 14 29 31 7 35 18 2 9 15 30 17 24 1 10 27 0
0 8 5 30 33 12 25 22 19 3 27 29 14 16 24 11 20 13 23 2 4 10 35 21 9 34 37 31 15 36 17 26 18 28 39 6 1 7 38 32 0
0 37 27 10 30 12 36 17 4 5 21 38 23 14 32 31 3 8 6 2 19 39 34 35 1 22 24 33 13 11 16 7 26 18 28 29 15 20 25 9 0
0 32 1 34 21 33 7 29 12 39 5 28 8 14 23 10 4 15 35 18 38 6 20 11 13 25 17 31 16 24 2 9 36 26 19 37 27 22 30 3 0
0 19 25 22 24 11 9 26 31 3 1 18 32 20 14 16 34 21 13 8 17 35 23 5 15 39 27 6 30 7 28 4 36 38 10 29 12 33 37 2 0
0 15 24 22 33 18 20 21 9 6 30 7 39 35 10 31 25 3 28 37 11 8 5 16 23 13 12 1 36 26 38 14 27 29 4 34 19 17 32 2 0
0 25 18 23 32 19 10 28 3 14 21 29 30 7 17 4 34 24 27 9 36 22 13 15 12 16 33 6 39 38 31 26 2 37 11 1 5 20 35 8 0
0 3 24 34 17 33 13 5 37 36 2 38 7 26 29 12 1 27 28 18 21 20 14 35 4 16 15 25 10 9 31 30 39 8 22 6 23 11 19 32 0
0 3 11 35 39 20 31 18 2 22 32 8 25 1 10 5 6 36 26 38 34 14 17 15 37 33 24 28 12 7 13 16 29 21 23 30 27 9 4 19 0
0 7 21 11 14 31 2 4 15 36 8 17 30 35 9 39 12 3 34 32 10 16 24 1 33 27 6 29 13 38 28 5 26 22 23 20 25 18 37 19 0
0 31 4 20 11 6 27 35 9 29 22 5 38 30 33 37 12 36 21 1 14 8 3 25 39 26 13 18 28 7 17 19 34 32 16 15 23 2 24 10 0
0 19 8 23 10 27 3 25 34 21 5 35 6 9 2 36 4 28 13 30 16 12 29 1 22 7 37 24 15 14 26 20 39 31 11 17 38 33 18 32 0
0 38 31 29 10 24 33 12 27 17 9 19 26 25 13 34 18 36 32 7 28 35 37 2 22 16 39 14 20 3 21 15 11 6 23 8 5 4 30 1 0
0 15 30 21 38 24 32 39 13 16 9 17 18 26 2 35 7 27 36 28 6 3 5 14 11 34 19 23 25 37 10 8 20 1 33 4 22 29 31 12 0
0 22 37 26 38 13 5 17 31 6 35 18 36 10 12 16 2 23 3 20 21 39 15 9 33 14 19 24 30 25 28 32 4 1 27 11 8 34 29 7 0
0 15 31 36 23 2 30 18 5 27 21 19 13 17 25 12 28 32 6 1 20 29 14 34 9 22 26 39 10 37 8 24 16 11 7 4 35 33 3 38 0
0 13 35 1 5 18 3 29 22 15 10 20 9 14 24 8 11 39 25 19 12 34 26 23 16 37 32 31 28 27 2 21 6 36 30 33 4 17 38 7 0
0 39 21 15 7 34 35 13 23 16 19 9 36 28 38 32 30 14 4 2 25 11 17 12 22 1 24 18 20 8 31 33 10 3 37 26 29 5 6 27 0
0 29 2 30 25 3 16 31 18 39 10 11 21 37 32 20 24 26 9 6 8 27 33 22 35 28 14 23 34 13 4 17 15 12 38 7 36 5 1 19 0
0 30 2 3 8 13 23 12 20 36 37 5 32 18 26 38 16 21 7 33 31 10 35 15 39 6 17 4 19 29 25 11 27 34 22 28 1 9 14 24 0
0 38 9 16 2 34 20 1 25 10 19 8 33 14 26 30 7 29 37 5 4 3 18 39 35 6 17 31 23 15 36 32 21 24 27 28 12 13 11 22 0
0 22 11 28 1 36 32 35 6 7 19 13 33 37 16 34 10 24 15 39 14 23 31 8 18 12 9 29 26 2 5 27 30 20 21 4 38 25 17 3 0
0 5 35 14 8 2 1 37 25 30 29 15 20 26 4 39 11 38 3 33 22 36 27 31 21 10 23 34 16 13 6 18 7 17 24 9 19 32 28 12 0
0 11 23 4 17 2 19 21 29 10 31 36 5 33 3 30 28 26 27 37 13 20 8 38 22 16 15 35 39 32 7 34 18 6 1 12 9 24 14 25 0
0 29 10 3 38 5 24 8 25 33 22 19 15 27 16 1 4 35 17 39 32 7 12 31 18 9 11 14 21 37 34 36 2 28 30 20 6 13 26 23 0
0 14 4 29 25 1 34 17 3 32 31 37 12 22 10 33 5 18 6 16 19 39 27 36 28 26 2 21 15 24 38 35 7 9 11 20 13 30 23 8 0
0 22 23 31 1 33 9 16 6 30 35 21 24 7 39 28 36 20 26 4 14 19 29 37 10 38 18 25 5 2 12 17 27 32 15 11 3 8 34 13 0
0 1 39 37 38 5 10 30 17 20 35 7 22 26 12 36 15 8 18 3 9 32 2 19 16 13 24 31 29 6 28 34 27 11 33 14 25 23 4 21 0
0 27 36 12 3 19 6 30 9 33 26 24 39 22 4 35 17 25 18 29 37 28 14 13 32 2 11 7 10 31 20 1 38 15 16 8 21 34 23 5 0
0 13 39 14 31 27 5 1 15 33 22 17 7 36 3 19 30 23 25 18 6 28 2 26 24 9 38 4 21 32 10 8 29 20 35 37 34 16 12 11 0
0 34 39 20 26 18 31 11 35 2 23 5 12 25 21 9 15 36 22 38 24 16 4 27 7 1 13 28 8 14 33 19 3 37 30 6 29 32 17 10 0
0 18 15 19 25 9 26 13 6 17 4 8 37 35 22 30 3 33 7 29 36 10 14 38 31 21 16 32 27 24 1 39 23 5 12 20 28 34 2 11 0
0 31 7 29 10 17 34 26 6 13 28 8 38 20 9 3 11 30 32 21 25 35 27 15 16 4 14 33 18 1 37 12 23 36 19 24 2 39 22 5 0
0 3 10 32 1 4 25 5 12 34 8 36 18 17 13 2 21 15 19 26 33 9 29 30 16 24 39 14 20 38 31 23 35 27 7 37 6 11 22 28 0
0 11 22 32 24 33 7 34 10 4 15 30 36 1 18 35 12 26 28 14 21 5 13 31 6 38 17 39 25 3 37 16 19 23 20 29 9 8 2 27 0
0 27 4 11 25 30 34 39 6 9 20 8 29 38 12 19 18 37 26 33 10 5 32 15 16 22 28 7 14 24 36 35 2 23 17 13 1 21 31 3 0
0 28 24 6 27 15 25 12 26 14 39 38 33 2 9 29 34 8 20 35 16 11 3 7 10 1 17 21 23 5 4 37 32 30 22 18 13 31 19 36 0
0 36 34 5 10 8 32 2 14 11 7 26 29 4 28 27 18 3 12 37 30 15 35 19 16 13 31 39 6 21 9 23 17 20 38 33 22 1 25 24 0
0 36 27 30 31 20 18 39 21 13 35 11 4 19 34 8 10 28 9 7 12 25 17 33 16 32 29 14 38 24 22 1 3 26 6 5 23 2 15 37 0
0 5 38 4 28 24 39 27 25 8 11 10 35 9 32 33 14 18 36 22 1 23 17 20 34 2 13 16 3 12 6 7 31 26 37 30 21 29 19 15 0
0 24 15 7 31 4 9 8 22 37 28 25 33 32 10 5 17 30 39 13 19 36 26 21 1 38 34 18 16 12 23 2 3 20 35 11 29 27 14 6 0
0 37 36 27 2 14 16 11 15 3 12 26 6 7 24 23 13 4 30 29 5 39 33 34 28 17 21 8 22 32 10 9 25 19 1 31 20 38 35 18 0
0 2 18 19 5 14 22 4 25 8 33 3 26 15 39 20 17 13 1 9 35 24 10 27 38 36 11 29 7 23 16 34 12 21 6 31 30 37 28 32 0
0 20 34 31 29 9 13 4 23 35 33 25 26 16 17 36 14 28 24 19 2 27 8 18 6 1 21 37 3 30 12 7 15 32 5 38 10 39 11 22 0
0 27 39 34 5 19 29 9 15 31 2 4 11 33 17 10 32 23 8 36 12 16 38 26 3 35 30 25 28 7 14 1 22 20 6 37 18 13 21 24 0
0 28 33 18 6 16 4 17 11 30 24 20 29 1 25 9 39 3 38 10 15 7 13 35 14 31 36 27 34 26 37 2 21 8 5 19 32 22 12 23 0
0 13 32 34 9 14 31 24 6 17 5 12 33 37 23 21 26 16 29 1 30 2 15 11 18 28 38 36 39 25 8 20 10 22 35 7 4 19 3 27 0
0 11 15 5 2 25 31 30 1 7 14 39 8 10 28 4 36 20 26 21 37 32 12 17 35 13 3 34 29 6 9 22 19 23 24 38 16 18 27 33 0
0 20 7 11 24 9 5 8 23 29 4 33 35 39 27 19 6 2 36 22 25 37 38 12 3 31 14 28 18 26 10 34 15 17 1 30 16 13 21 32 0
0 27 11 16 29 34 12 8 30 18 35 38 21 37 10 23 15 22 39 19 25 36 17 13 6 2 32 5 20 4 9 33 3 31 14 1 7 28 26 24 0
0 20 39 7 27 5 33 34 2 13 35 18 37 11 9 32 14 6 3 28 25 15 8 17 31 22 38 29 24 16 1 36 23 4 26 12 19 21 10 30 0
0 38 34 17 36 12 23 1 5 35 3 18 13 22 6 14 16 26 9 37 19 25 15 2 31 7 10 39 21 20 30 32 11 28 33 29 27 4 24 8 0
0 31 19 15 12 11 25 18 36 1 24 16 5 23 13 37 2 17 10 29 8 7 32 6 35 3 21 33 26 20 39 4 38 34 14 28 22 30 9 27 0
0 14 21 31 2 5 10 19 20 35 32 27 4 36 24 29 1 12 22 11 33 7 30 38 26 16 18 39 8 37 13 6 15 23 9 3 25 17 34 28 0
0 14 2 25 37 23 18 10 31 6 3 1 36 22 21 11 15 29 13 12 8 9 35 19 28 7 39 17 38 27 24 5 16 30 26 20 33 32 34 4 0
0 18 4 6 2 17 20 39 33 29 35 28 5 1 21 15 10 36 24 34 32 9 30 27 23 31 8 7 3 38 22 37 26 11 12 25 14 13 16 19 0
0 4 10 26 18 12 3 16 24 15 8 23 25 19 22 5 28 38 35 14 13 9 34 20 21 7 1 36 29 6 27 31 33 30 37 2 17 39 11 32 0
0 22 29 37 7 20 15 25 3 26 17 18 6 36 23 14 31 38 21 34 27 10 24 30 39 2 11 5 12 32 9 13 16 28 8 1 35 4 33 19 0
0 17 16 18 11 4 29 38 10 32 33 8 22 36 6 25 23 15 3 31 1 35 20 19 39 21 9 34 14 37 7 2 13 27 5 30 12 24 26 28 0
0 22 8 2 36 7 10 34 27 15 35 32 14 21 26 11 18 33 12 5 6 4 24 23 20 38 19 13 25 16 1 29 17 30 9 3 39 31 37 28 0
0 8 5 32 37 29 31 26 19 2 21 12 6 17 25 14 39 13 11 15 16 20 22 27 9 24 4 1 35 18 38 30 36 33 34 3 23 7 28 10 0
0 5 20 35 7 10 39 9 31 21 37 33 17 8 27 28 24 4 13 26 22 19 3 11 15 29 1 12 2 14 32 38 6 25 30 23 16 18 36 34 0
0 4 10 6 18 38 37 20 34 15 24 14 11 30 26 28 33 25 32 12 31 13 5 39 19 3 17 27 7 1 36 21 2 35 8 9 29 23 22 16 0
0 28 14 17 37 39 33 3 16 24 34 11 20 4 38 2 32 27 18 7 8 1 31 6 23 10 30 12 13 21 22 35 36 26 19 15 9 5 25 29 0
0 1 32 39 5 28 26 16 18 36 19 21 24 2 31 11 35 38 12 15 8 3 20 17 23 10 37 6 22 29 27 14 7 4 13 30 34 9 33 25 0
0 7 10 32 17 27 3 23 6 4 13 5 19 9 14 21 31 18 29 39 36 30 25 38 20 15 16 24 28 34 1 22 33 8 35 26 37 12 2 11 0
0 15 4 6 9 32 27 36 30 16 22 7 10 11 1 2 24 39 28 20 29 31 25 8 3 19 35 37 12 34 38 13 33 23 18 14 26 17 5 21 0
0 32 8 31 14 10 5 25 12 35 4 13 29 16 6 30 34 3 20 11 24 23 36 21 9 17 7 27 18 28 37 33 19 39 38 2 26 15 22 1 0
0 15 10 32 39 36 11 1 31 38 33 28 5 17 19 22 4 6 12 23 7 24 2 30 18 26 37 34 29 20 14 13 9 8 27 35 16 25 3 21 0
0 7 34 33 15 1 21 37 25 10 32 5 6 27 8 11 24 22 36 9 20 30 17 3 12 39 14 19 4 28 38 23 26 29 18 16 31 2 35 13 0
0 25 10 31 9 8 30 15 24 12 6 5 13 29 34 7 3 32 36 4 16 2 18 38 21 14 23 11 27 28 26 17 33 20 37 39 1 22 35 19 0
0 20 11 38 29 36 31 26 18 6 7 3 17 37 39 30 10 16 12 34 19 9 4 28 15 1 8 35 5 21 33 22 24 25 14 13 2 27 23 32 0
0 39 36 38 25 4 13 29 3 16 21 27 17 14 32 8 24 12 18 37 6 33 30 7 19 26 9 23 28 22 5 20 11 35 34 31 15 10 2 1 0
0 24 39 18 4 38 3 20 2 35 12 25 31 21 17 27 28 36 5 9 32 30 37 13 11 19 14 15 29 6 7 33 34 16 1 8 26 22 23 10 0
0 12 33 31 1 3 28 18 26 35 37 21 17 6 10 16 13 8 20 24 27 29 32 25 4 22 14 15 36 5 39 30 11 19 9 38 7 34 2 23 0
0 24 15 31 1 29 7 4 23 30 32 25 38 17 3 28 34 26 13 20 2 36 14 10 21 39 33 11 37 12 6 19 8 9 5 22 18 27 35 16 0
0 28 39 16 22 23 7 15 12 25 29 1 3 26 6 38 27 36 19 9 4 34 5 17 2 24 32 37 8 20 11 14 30 33 18 21 13 31 35 10 0
0 38 28 5 36 20 18 22 37 2 4 30 39 21 33 19 8 9 15 24 26 16 10 31 1 11 29 17 25 7 6 12 14 13 32 27 23 34 3 35 0
0 8 3 15 24 12 6 13 21 33 20 23 5 38 39 30 18 1 17 7 28 25 36 2 29 31 4 26 11 22 9 14 32 27 10 37 35 19 34 16 0
0 26 33 32 8 25 7 23 27 39 3 13 14 16 5 10 2 19 15 22 17 24 30 31 4 28 6 1 34 35 21 11 38 36 29 9 20 37 12 18 0
0 33 10 31 3 19 39 20 30 1 23 37 8 21 27 6 38 11 12 25 18 24 32 17 35 36 28 15 2 7 29 22 14 9 16 4 13 34 26 5 0
0 5 4 10 8 21 28 15 11 20 1 3 26 2 6 35 12 23 37 7 22 9 38 32 30 27 39 36 13 17 19 18 29 34 14 16 31 33 24 25 0
0 1 19 31 7 28 18 17 25 12 30 16 20 37 32 9 39 10 29 23 33 8 21 26 5 35 34 27 36 11 13 3 24 15 4 22 6 14 2 38 0
0 27 23 39 28 37 30 14 6 32 20 26 1 31 12 17 3 24 38 33 8 19 7 2 22 15 16 5 9 36 35 29 4 13 18 10 11 25 21 34 0
0 13 39 5 16 37 21 24 10 32 26 27 36 29 25 2 4 11 35 31 7 38 34 23 20 18 8 17 33 15 30 3 6 19 9 12 1 14 28 22 0
0 4 35 32 26 17 28 15 9 8 31 37 20 36 6 19 10 1 34 7 16 3 39 21 18 12 2 13 27 14 22 30 11 25 24 23 5 38 33 29 0
0 26 36 9 23 24 33 27 22 2 12 8 28 31 4 35 38 6 5 1 15 16 29 19 11 32 21 17 13 30 37 39 3 18 10 34 7 14 20 25 0
0 28 4 38 21 33 36 17 6 20 29 32 25 31 11 2 10 12 19 15 23 26 5 14 3 8 9 13 7 30 27 34 16 1 18 39 35 37 22 24 0
0 24 26 4 21 36 10 18 22 3 20 17 15 5 28 19 14 33 38 16 1 9 8 2 34 39 7 25 30 29 32 31 37 6 27 23 35 11 12 13 0
0 6 19 22 33 30 9 29 38 26 31 35 16 24 36 23 5 10 2 27 12 39 3 13 25 4 8 20 21 7 18 32 15 37 17 34 14 11 1 28 0
0 36 39 34 2 13 12 27 26 6 35 32 4 25 20 9 16 30 17 28 38 14 37 19 33 7 3 1 15 21 18 23 10 24 22 29 5 31 8 11 0
0 28 17 9 12 14 30 38 35 24 10 20 7 2 16 33 23 25 3 27 36 22 8 6 37 1 34 13 39 29 21 18 26 5 15 32 31 19 11 4 0
0 5 21 24 14 39 1 4 35 8 30 9 17 18 23 37 26 11 12 10 32 34 22 28 3 33 16 2 36 25 7 27 29 13 15 31 19 20 6 38 0
0 36 33 8 26 35 38 31 19 34 37 32 39 28 12 20 1 29 21 7 4 2 23 10 17 30 15 25 22 18 27 16 13 5 3 14 24 6 9 11 0
0 21 16 3 1 23 2 24 38 27 37 4 6 30 28 17 33 34 20 26 12 19 11 9 8 36 14 35 31 22 18 25 15 5 10 29 7 39 32 13 0
0 1 5 23 9 20 4 25 33 18 17 13 27 31 7 38 19 34 30 22 15 37 21 28 2 29 8 14 6 3 36 11 12 32 35 24 39 10 16 26 0
0 4 25 6 23 28 15 24 18 3 34 17 30 11 13 5 14 26 37 29 1 12 20 27 16 31 36 21 32 2 35 38 19 22 7 10 39 33 8 9 0
0 28 8 3 36 39 38 6 7 23 24 26 20 18 14 16 15 11 37 33 30 32 31 9 19 34 12 5 17 2 35 13 1 29 21 27 10 22 4 25 0
0 18 14 2 25 8 13 6 28 24 3 33 4 34 26 5 30 19 22 1 27 11 12 16 35 31 38 37 7 39 32 20 23 21 36 10 29 9 17 15 0
0 32 5 16 2 23 33 38 21 36 11 14 17 13 35 39 19 27 6 7 30 12 4 25 1 26 10 9 18 3 15 28 20 22 24 29 34 8 31 37 0
0 4 15 10 7 18 12 22 6 5 27 30 31 25 36 20 14 13 17 38 32 29 39 33 19 21 28 16 23 9 8 24 1 35 26 3 2 34 37 11 0
0 3 12 19 26 17 18 39 32 16 5 13 36 6 22 8 7 21 28 34 27 33 23 31 20 37 4 24 35 2 15 14 30 25 9 10 1 11 29 38 0
0 18 21 8 26 31 37 2 32 3 23 33 14 1 22 27 7 29 15 5 9 39 30 11 6 17 13 19 36 28 35 34 38 20 25 10 16 24 4 12 0
0 21 5 35 17 19 32 9 7 6 4 30 37 24 13 18 31 22 11 26 16 12 38 23 14 34 8 1 39 15 33 29 25 27 10 3 36 28 20 2 0
0 19 37 21 30 15 7 9 3 35 33 36 27 8 5 12 24 25 31 26 22 34 32 1 14 28 18 4 16 6 17 2 39 11 20 10 38 23 29 13 0
0 26 18 24 32 15 1 11 9 31 23 4 27 13 19 10 14 3 34 6 38 35 2 21 20 16 25 28 12 30 7 5 29 22 8 37 17 33 36 39 0
0 35 10 15 31 2 1 25 37 20 18 36 27 32 14 24 5 26 22 11 6 3 4 13 23 16 33 34 19 21 7 39 8 17 29 30 38 28 9 12 0
0 10 14 11 12 25 23 30 17 7 1 33 38 5 26 9 31 2 34 36 13 32 3 19 20 21 4 28 29 37 15 8 6 22 35 16 18 39 27 24 0
0 1 24 27 23 26 4 22 14 11 12 5 18 7 35 31 3 25 37 32 10 17 28 16 20 29 38 34 36 2 15 21 8 30 13 9 39 19 6 33 0
0 38 7 3 2 30 10 14 11 16 39 18 25 8 9 4 28 20 12 35 23 26 36 33 27 19 6 34 37 5 29 1 15 17 22 21 24 32 31 13 0
0 9 10 37 20 13 11 36 25 34 39 32 17 6 2 27 38 31 18 16 4 30 35 5 1 22 15 23 19 28 8 29 33 14 21 7 12 26 24 3 0
0 38 21 23 4 33 27 37 2 26 29 12 35 5 11 30 24 32 1 7 17 31 34 25 8 14 15 10 22 36 13 3 39 19 16 9 18 28 20 6 0
0 1 19 27 18 38 34 12 25 20 2 30 22 24 15 31 4 14 3 37 9 13 8 6 36 35 39 17 23 29 32 33 5 11 28 21 10 26 7 16 0
0 28 3 37 16 14 10 27 2 9 33 35 26 36 5 20 17 12 21 22 13 15 34 4 7 8 19 18 31 30 24 38 1 23 32 25 39 29 6 11 0
0 6 37 8 28 24 26 9 15 18 32 7 35 5 14 16 31 1 4 34 13 21 12 30 25 10 36 27 3 11 20 2 33 19 17 29 23 39 38 22 0
0 21 39 30 9 17 38 28 14 25 12 32 24 35 16 1 22 3 2 18 15 6 10 36 34 37 8 13 31 7 29 23 20 5 11 27 26 33 19 4 0
0 7 14 17 9 11 33 37 2 6 25 4 16 18 28 29 12 10 38 1 23 5 34 31 27 19 20 3 21 8 15 24 32 13 26 35 36 30 39 22 0
0 29 7 31 28 1 8 36 18 10 15 24 33 11 30 2 25 27 4 3 16 38 12 39 34 13 35 17 21 14 26 37 5 20 22 32 9 6 23 19 0
0 6 17 25 9 2 1 26 39 33 20 37 15 35 27 10 8 29 30 16 31 14 12 34 32 28 4 21 22 24 3 7 19 13 36 11 18 23 5 38 0
0 36 25 6 5 32 23 39 29 11 9 35 18 38 13 33 8 26 4 7 19 31 10 37 27 14 3 30 15 24 20 12 2 17 16 1 21 34 22 28 0
0 20 2 3 4 17 27 18 8 39 35 7 28 10 36 24 33 37 9 6 14 5 32 19 25 26 29 13 23 38 30 22 12 1 34 21 11 16 15 31 0
0 30 39 12 35 13 1 17 8 9 38 19 36 24 15 27 10 32 22 16 3 18 6 29 7 25 26 5 34 33 23 4 31 20 28 14 2 21 11 37 0
0 18 14 27 24 30 25 20 21 23 5 3 10 7 1 38 34 28 11 39 22 16 33 35 36 37 2 8 26 31 4 17 15 6 13 32 9 29 19 12 0
0 35 25 5 30 14 26 39 8 28 34 9 29 31 24 22 32 19 18 2 4 3 23 36 17 12 27 33 6 21 38 11 20 15 16 13 1 10 37 7 0
0 34 22 37 16 36 23 4 19 18 14 30 13 33 26 29 39 28 24 21 12 5 2 31 38 27 7 6 20 17 15 9 8 32 3 10 35 11 1 25 0
0 30 39 37 15 6 32 8 26 31 27 3 12 10 33 22 23 38 2 1 11 24 14 4 17 7 20 25 21 36 19 13 28 18 34 35 9 29 16 5 0
0 6 13 27 33 7 19 28 14 18 4 23 15 37 2 12 38 10 16 39 21 35 26 34 24 11 30 17 8 3 22 25 5 9 36 31 1 29 32 20 0
0 27 18 24 10 33 5 15 38 31 35 36 9 19 17 14 21 7 37 11 30 26 12 3 8 23 6 16 13 34 39 20 32 29 28 1 25 22 4 2 0
0 37 11 8 15 34 32 14 30 29 16 23 5 33 2 13 36 12 3 1 10 19 6 22 28 21 35 25 17 20 4 38 31 39 27 9 26 18 7 24 0
0 23 15 22 18 1 8 10 3 19 5 11 4 32 36 34 13 37 27 2 38 28 31 6 7 16 30 17 39 35 21 29 24 12 20 25 26 33 9 14 0
0 14 2 25 31 30 32 19 15 24 18 22 20 13 9 35 17 29 27 23 33 16 1 7 26 28 21 4 12 10 34 8 37 36 3 38 39 11 5 6 0
0 22 37 29 35 28 13 17 11 3 16 9 32 14 5 4 15 38 19 39 10 20 34 24 33 2 8 23 27 26 30 21 25 6 18 31 12 36 1 7 0
0 4 13 22 1 15 39 26 6 35 8 25 16 32 23 17 31 5 33 10 14 21 19 12 2 20 36 9 11 27 29 28 7 24 34 18 30 37 38 3 0
0 32 22 29 28 38 7 6 18 8 31 27 5 19 9 16 12 4 21 2 35 26 13 1 17 14 39 15 37 23 30 11 10 34 36 33 24 3 20 25 0
0 39 13 26 19 9 5 27 22 29 15 1 21 2 31 38 35 8 30 7 10 24 4 14 17 25 18 12 3 16 23 36 28 6 32 33 34 20 37 11 0
0 13 38 14 9 16 25 22 6 21 29 36 11 34 7 3 26 10 1 24 5 19 4 8 37 27 12 39 15 20 31 30 17 33 32 18 23 28 2 35 0
0 5 17 14 38 19 21 37 23 10 29 34 16 9 20 3 11 33 18 4 31 39 15 2 27 28 25 8 36 22 1 24 26 7 6 35 12 30 32 13 0
0 11 37 16 21 3 34 31 12 9 28 30 25 17 15 22 2 27 8 20 38 29 36 23 39 33 13 18 1 19 6 4 24 14 10 35 32 7 26 5 0
0 34 10 3 19 35 25 32 36 16 21 31 17 20 24 15 27 2 29 37 22 14 18 38 28 11 8 30 13 4 9 5 6 39 26 7 1 23 33 12 0
0 18 17 33 30 13 14 7 20 6 38 4 22 31 25 9 36 37 10 5 39 34 35 27 8 21 1 32 24 23 12 26 2 16 29 28 11 19 3 15 0
0 32 6 19 33 17 5 13 8 24 20 15 27 4 11 18 23 37 29 31 22 10 26 3 16 34 25 21 14 35 2 7 36 28 39 12 9 30 38 1 0
0 2 6 3 24 13 11 29 1 33 17 15 32 7 10 34 31 38 23 25 39 16 21 20 37 36 19 8 5 35 28 18 9 4 14 30 12 26 22 27 0
0 31 3 7 27 29 35 28 1 8 10 21 36 39 25 5 17 13 4 38 26 32 15 18 22 19 33 23 16 24 2 30 14 6 11 34 9 12 20 37 0
0 22 36 19 15 39 32 23 1 10 9 38 34 27 16 29 21 30 24 4 5 14 3 26 12 18 37 11 7 31 2 28 25 17 35 6 33 8 13 20 0
0 4 24 19 27 34 30 32 38 21 35 29 7 37 31 18 10 2 28 6 33 20 3 23 13 36 39 17 9 11 25 8 26 22 1 15 16 5 12 14 0
0 33 8 9 14 18 23 26 28 34 37 32 38 27 35 36 21 12 22 20 19 16 13 6 4 3 11 25 10 30 7 24 15 1 31 5 2 39 17 29 0
0 24 21 28 36 6 30 39 17 23 37 32 27 13 25 9 3 29 22 33 19 26 4 15 12 11 14 38 8 16 35 1 18 34 7 31 10 5 2 20 0
0 37 2 29 16 26 28 32 17 7 23 33 19 6 30 38 22 39 5 12 24 8 11 3 14 34 10 15 13 4 18 9 27 31 1 35 25 36 20 21 0
0 9 3 36 38 24 4 30 10 16 19 22 14 13 32 5 26 18 27 28 35 20 17 11 25 12 8 39 23 21 1 29 7 34 37 15 31 33 2 6 0
0 15 28 36 2 20 17 25 11 29 5 1 4 16 9 26 39 22 33 31 34 8 18 13 12 35 7 23 6 14 19 24 37 38 21 30 10 3 32 27 0
0 14 18 2 1 19 25 36 37 17 30 26 34 35 13 10 32 8 23 16 4 11 21 29 31 3 6 22 5 27 33 28 12 39 7 24 9 15 20 38 0
0 38 36 3 22 4 15 19 8 11 7 37 32 25 24 1 27 10 2 33 30 31 18 35 14 5 26 9 39 17 6 34 21 20 23 13 16 29 12 28 0
0 13 32 16 25 17 36 21 12 23 14 24 3 22 15 18 5 8 28 2 9 4 38 26 39 29 19 7 20 11 10 30 34 31 33 6 27 1 37 35 0
0 3 18 39 15 36 22 21 8 7 11 5 35 28 29 38 33 4 1 27 12 10 30 24 9 25 6 13 14 34 17 23 31 32 20 2 19 16 37 26 0
0 2 24 29 28 1 6 19 18 17 7 26 20 22 27 4 39 30 37 14 3 12 11 10 38 5 21 23 9 34 31 15 16 35 33 32 25 13 8 36 0
0 36 8 37 32 38 1 39 18 29 27 7 33 19 5 17 28 20 26 6 10 14 4 3 16 22 21 30 15 2 9 31 24 23 35 12 25 13 34 11 0
0 28 7 22 15 36 13 3 39 20 26 24 21 14 27 32 11 35 29 17 25 34 38 2 18 9 31 4 23 8 33 37 19 30 6 10 5 16 12 1 0
0 10 29 30 8 25 34 9 15 28 17 6 3 4 5 1 12 33 26 11 23 16 22 36 20 37 2 35 7 19 39 32 13 24 21 27 38 31 14 18 0
0 35 31 2 37 19 11 16 12 33 1 26 18 14 8 23 39 22 24 28 34 6 7 36 13 17 5 32 38 9 10 27 30 25 15 29 3 21 4 20 0
0 37 12 29 14 24 32 28 36 3 4 26 5 1 13 2 23 8 16 38 10 22 31 7 27 6 39 15 30 21 18 11 9 19 20 34 35 25 33 17 0
0 15 12 34 24 36 16 31 39 26 29 17 20 21 22 18 4 23 7 33 37 13 8 14 6 9 25 28 19 38 35 1 11 3 2 10 5 27 32 30 0
0 22 30 13 37 4 6 39 32 26 5 35 1 36 33 2 21 12 34 14 29 24 16 17 23 38 19 7 20 10 8 15 9 27 31 28 25 3 11 18 0
0 31 24 36 7 29 19 23 32 33 22 11 39 28 2 16 13 4 12 34 14 17 20 3 27 30 1 8 26 21 9 5 37 10 15 25 38 18 35 6 0
0 2 9 33 31 18 11 16 14 19 29 30 28 6 26 38 12 20 36 3 7 8 13 21 34 4 37 23 15 24 5 27 10 25 1 39 35 17 32 22 0
0 12 4 24 11 14 9 13 36 33 34 7 26 23 6 35 18 16 10 3 2 38 1 21 30 37 25 15 19 32 28 29 31 20 8 17 22 39 5 27 0
0 5 21 13 19 23 1 35 26 12 32 27 16 30 22 14 28 20 25 33 10 6 39 36 11 37 7 15 4 8 17 29 18 3 9 2 31 34 38 24 0
0 23 38 18 32 39 25 14 10 29 6 2 12 4 16 3 21 22 26 8 33 37 7 17 27 9 15 31 13 11 5 36 28 19 34 30 20 24 1 35 0
0 26 29 19 8 30 36 2 20 9 21 6 33 16 5 34 39 17 15 18 37 14 24 35 22 1 23 25 12 7 10 4 27 13 31 38 28 3 32 11 0
0 2 29 36 1 19 33 14 22 8 16 26 24 4 7 12 5 10 25 11 31 38 30 17 13 21 37 34 39 3 28 27 15 20 32 18 9 6 35 23 0
0 1 31 6 34 23 18 13 38 22 20 4 8 36 32 35 9 39 7 33 37 30 14 15 5 21 24 16 11 10 3 2 28 29 17 12 25 19 27 26 0
0 28 39 29 38 1 2 10 11 3 37 14 23 7 30 18 26 13 27 9 31 36 6 17 22 8 35 12 33 4 15 32 20 34 24 16 21 19 25 5 0
0 11 27 5 6 34 33 37 26 9 39 24 17 4 16 25 20 31 1 21 29 23 7 35 3 22 15 32 36 8 28 12 13 30 18 10 14 19 38 2 0
0 36 25 9 10 23 2 15 38 19 1 18 31 17 7 11 13 28 22 14 4 8 3 21 29 39 24 5 34 30 12 33 32 37 35 20 27 16 6 26 0
0 6 13 18 38 15 29 1 17 14 21 34 25 35 23 33 16 11 31 2 32 5 19 3 39 30 8 20 9 26 27 37 10 12 4 28 22 36 7 24 0
0 5 10 14 35 3 7 32 21 12 16 34 20 22 2 33 39 11 6 15 4 19 23 27 13 28 30 26 17 31 1 25 37 36 18 38 29 9 24 8 0
0 14 27 6 2 10 25 28 31 36 12 18 9 23 20 33 30 17 1 5 11 37 3 8 7 39 38 29 22 15 19 32 26 16 4 35 13 21 24 34 0
0 13 36 2 16 15 35 3 1 21 25 38 9 17 32 19 22 39 6 33 18 10 5 8 34 37 26 30 20 11 31 14 12 27 28 29 7 24 23 4 0
0 33 23 12 10 21 26 11 13 28 6 16 5 1 39 34 9 17 29 22 38 32 15 27 2 30 3 7 20 31 14 36 19 18 4 8 25 37 24 35 0
0 18 26 25 4 19 21 1 36 17 14 29 7 13 27 12 22 35 6 24 10 9 39 3 37 34 30 8 5 23 20 15 38 16 33 2 32 11 28 31 0
0 19 21 16 20 13 5 22 15 32 31 37 12 9 25 11 2 29 36 33 35 18 8 14 38 3 34 23 10 17 7 24 28 27 39 26 4 30 6 1 0
0 11 30 12 33 1 36 6 20 14 22 35 19 23 37 16 17 3 13 39 21 15 10 4 2 18 34 7 29 31 27 38 9 26 28 5 25 32 24 8 0
0 20 12 4 8 3 19 24 23 27 30 34 14 38 18 5 33 25 36 2 16 13 17 10 26 1 29 21 22 31 9 28 11 6 15 32 7 37 39 35 0
0 8 15 6 27 3 36 29 9 20 35 37 38 18 25 7 16 23 24 34 26 10 32 14 33 21 28 2 13 39 19 31 5 1 22 11 30 4 17 12 0
0 21 27 39 7 34 31 35 4 14 24 2 33 9 28 1 12 38 37 19 3 36 10 15 11 20 26 30 16 29 23 6 13 22 17 18 32 8 25 5 0
0 30 13 35 17 3 11 36 25 10 21 16 1 34 18 9 29 31 15 32 24 7 2 27 26 20 22 5 33 38 23 8 37 19 14 39 4 28 12 6 0
0 32 6 27 10 24 23 30 36 4 29 16 5 18 1 17 8 3 11 39 26 38 19 37 33 20 2 9 34 35 22 31 15 13 28 7 25 14 12 21 0
0 8 11 23 26 14 28 39 12 22 2 25 24 19 6 30 15 17 4 13 31 33 9 1 37 10 35 27 21 16 34 36 38 32 18 3 7 20 5 29 0
0 16 35 15 2 37 21 1 23 26 36 12 13 6 20 17 24 19 4 29 30 9 7 34 22 3 33 8 18 5 31 32 14 11 25 39 10 27 28 38 0
0 30 37 14 33 6 7 21 29 2 25 10 8 4 35 11 20 38 12 22 24 26 19 28 1 16 17 9 36 27 31 13 39 15 23 34 5 3 18 32 0
0 6 12 36 23 5 18 11 20 21 38 34 39 30 9 15 7 2 19 26 14 27 13 16 37 25 22 35 8 3 4 28 33 10 32 29 31 1 17 24 0
0 32 6 21 18 4 2 22 8 14 19 27 13 10 20 29 5 25 3 31 23 35 26 37 24 39 30 11 36 1 7 16 34 12 38 15 28 9 17 33 0
0 32 15 27 10 2 7 20 14 18 38 33 21 13 31 36 23 6 39 5 12 30 19 4 8 1 35 28 9 34 16 17 24 3 37 25 22 29 11 26 0
0 33 20 5 38 32 3 14 18 15 29 31 4 24 6 30 10 39 22 1 19 8 7 34 13 23 16 11 27 37 12 36 28 26 35 21 9 2 17 25 0
0 27 28 6 31 29 16 4 3 23 33 8 30 38 13 7 37 36 24 2 32 19 39 11 15 20 17 5 35 10 26 12 9 14 21 1 25 18 22 34 0
0 37 26 33 34 9 15 1 21 22 17 7 6 2 19 38 32 39 10 36 13 16 11 25 4 18 31 3 8 14 20 24 12 28 23 35 29 27 5 30 0
0 2 21 5 32 10 29 15 25 8 37 26 34 3 14 9 36 28 31 4 7 1 38 30 22 27 24 35 20 18 17 19 33 11 16 12 39 6 13 23 0
0 13 17 29 26 27 30 12 24 31 28 25 37 16 21 3 33 36 4 15 38 8 32 7 10 39 14 5 18 23 22 11 19 34 35 20 2 9 6 1 0
0 3 5 31 18 12 33 2 35 20 39 6 17 21 7 23 10 1 22 25 32 26 37 11 19 24 9 36 8 30 28 15 4 29 14 38 27 16 13 34 0
0 10 15 17 37 8 32 38 27 23 7 33 22 30 24 6 34 16 20 1 5 21 2 28 18 3 13 14 25 12 26 9 19 4 39 35 29 11 31 36 0
0 8 35 14 33 15 18 20 23 30 34 21 27 4 9 32 12 10 5 31 39 3 11 16 24 29 25 38 2 37 28 22 7 1 6 13 26 19 36 17 0
0 20 2 35 17 27 7 8 38 12 26 6 22 39 32 21 5 16 24 11 19 9 37 10 25 23 28 14 30 4 18 33 1 29 31 15 13 36 34 3 0
0 10 11 25 39 26 24 31 29 13 21 28 36 16 27 2 15 8 30 33 5 6 18 14 9 3 22 12 7 37 34 4 1 38 17 19 32 23 20 35 0
0 29 8 6 3 37 18 33 12 17 10 38 16 28 7 32 9 36 1 30 25 2 22 27 35 13 19 24 21 5 23 15 4 14 39 31 26 11 34 20 0
0 13 30 39 7 11 10 2 5 38 36 33 25 31 14 3 29 17 8 35 26 19 32 1 9 18 20 22 37 21 15 6 24 27 23 4 16 28 12 34 0
0 28 19 18 25 7 6 32 37 3 24 31 17 23 29 15 14 38 21 20 27 5 9 36 13 1 16 30 26 39 11 12 8 4 34 35 10 2 22 33 0
0 35 31 2 38 24 15 9 36 25 30 5 8 18 37 4 3 1 16 32 22 27 13 11 6 12 20 29 26 23 21 19 34 7 10 17 39 14 33 28 0
0 26 37 12 17 18 15 6 30 31 16 7 4 19 35 21 36 25 27 1 20 11 9 24 32 2 3 28 5 22 14 13 23 33 8 34 29 39 10 38 0
0 2 4 22 8 6 11 36 26 18 31 35 17 24 1 12 28 32 29 21 16 23 30 20 34 3 13 19 15 33 25 37 7 38 9 14 27 39 5 10 0
0 32 12 4 15 33 22 38 17 18 36 9 23 10 8 37 16 2 21 27 5 13 19 6 31 29 1 34 20 11 30 28 24 39 14 7 3 25 26 35 0
0 5 39 24 11 2 31 36 1 7 6 12 4 35 9 29 37 30 34 25 26 28 32 8 17 19 15 13 14 21 33 10 16 20 23 18 27 3 38 22 0
0 34 19 31 18 9 29 24 6 22 33 30 14 12 7 20 3 17 11 13 23 10 4 37 25 32 39 8 1 35 36 27 15 5 2 28 16 38 26 21 0
0 37 34 28 2 32 8 15 20 30 27 29 25 36 5 35 13 31 16 1 11 18 14 19 6 22 10 33 26 7 12 23 21 39 24 17 9 38 4 3 0
0 35 12 34 7 13 21 6 28 22 2 5 25 20 15 4 19 11 18 29 23 1 14 31 17 10 9 37 30 3 38 36 16 8 26 27 39 33 24 32 0
0 24 29 21 16 27 4 13 30 12 2 33 36 28 1 19 17 10 3 38 5 25 34 14 35 7 37 39 26 23 6 31 9 18 8 15 20 11 22 32 0
0 35 17 32 15 22 36 18 10 9 39 29 4 25 19 5 11 26 33 8 16 30 38 20 3 31 27 34 2 23 12 7 28 24 14 37 6 1 21 13 0
0 22 20 15 6 30 8 7 29 11 31 34 28 25 13 5 32 38 37 24 36 19 9 23 10 21 12 3 2 39 14 35 26 33 16 27 1 4 18 17 0
0 6 19 2 25 11 28 10 7 26 3 31 12 17 39 32 38 22 24 21 33 23 35 16 15 29 8 36 34 30 18 14 27 37 13 1 9 4 5 20 0
0 25 12 18 21 17 14 19 13 35 32 39 37 38 16 9 23 10 31 27 4 24 34 11 7 33 8 20 28 2 29 26 30 6 36 15 5 22 1 3 0
0 17 27 10 9 22 2 16 18 29 35 15 24 28 37 12 7 14 32 39 8 21 6 34 26 13 20 19 23 25 4 3 33 1 30 5 31 11 38 36 0
0 28 30 27 10 16 37 11 8 3 18 38 15 39 24 14 32 34 19 26 6 20 13 33 2 5 22 35 12 31 1 9 23 25 17 7 29 4 21 36 0
0 35 26 31 4 27 6 30 18 1 32 12 34 8 20 5 19 37 39 11 25 21 17 15 33 38 24 9 29 13 22 14 10 23 28 16 3 2 7 36 0
0 20 12 13 19 5 17 22 21 38 30 3 11 4 7 36 25 24 18 23 31 27 33 35 6 32 37 26 1 14 9 15 8 34 28 29 39 16 10 2 0
0 36 28 21 10 35 8 27 6 17 23 12 5 2 15 9 34 33 39 16 25 4 19 22 1 30 31 7 11 38 20 14 26 13 32 18 3 24 29 37 0
