# n n_solutions
60 1000
# n x n distance matrix
0 4373 5585 3984 6293 4414 5455 3465 3255 5348 1063 2385 4833 4472 3758 4589 824 5232 5056 2319 5481 5889 3026 300 5590 5323 2531 5126 5371 5580 2765 3606 1746 4522 4428 2109 3354 761 4570 5060 4409 5173 3712 2828 1565 1700 3214 2607 5035 1720 3534 3397 3720 3052 4295 6224 4080 3780 5345 4661
4373 0 4709 5547 3605 6350 8796 7515 7628 8489 3600 5727 1204 3940 2785 5024 5135 8590 7443 4272 3613 9297 6043 4438 8746 5787 1843 9464 4254 9148 7138 3712 5546 4809 1303 4684 7727 4001 5092 8560 1708 8300 3606 1920 3264 5800 1555 2184 9301 3354 3687 3584 1910 3244 6212 9362 6313 7452 8343 1964
5585 4709 0 2801 8314 9604 6477 6670 7920 6001 5742 7930 5913 8149 2213 8952 6312 6350 10462 7220 8221 11468 4491 5381 11172 1700 4553 9046 8712 11138 7468 1979 5232 1414 3423 7323 8011 5903 8988 6519 6307 10751 7558 3699 4123 7233 3687 5596 10062 6090 7526 2193 6181 6928 9466 11808 9374 9350 5727 6603
3984 5547 2801 0 8838 8393 3764 3956 5440 3324 4627 6315 6624 7840 2899 8304 4472 3613 9024 6166 8393 9500 1788 3700 9349 1581 4396 6324 8614 9104 5044 1910 2906 1403 4596 6063 5521 4589 8309 3748 6685 8968 7117 3757 3106 5333 4031 5295 7601 5203 7006 1984 6264 6412 8271 9956 8064 7406 3087 7000
6293 3605 8314 8838 0 5500 11580 9758 9180 11371 5234 6276 2402 2531 6315 3601 6762 11360 6602 4695 1104 9019 8874 6506 8304 9317 4472 11177 1923 9066 8765 7156 7939 8319 4901 5232 9264 5597 3701 11244 2154 7915 3008 5092 5968 6997 4876 3780 10231 4609 3231 6992 2662 3413 5403 8800 5721 7788 11289 1838
4414 6350 9604 8393 5500 0 9305 6865 5371 9343 3891 2319 5869 3014 7462 1910 4104 9092 1140 2385 4400 3535 7324 4707 2807 9656 5240 7186 3621 3640 5186 7693 5906 8772 7224 2340 5412 3826 1811 8828 5069 2433 2879 6044 5546 3535 6228 4318 5448 3522 2731 7470 4517 3106 141 3306 447 2828 9419 5059
5455 8796 6477 3764 11580 9305 0 2501 4372 509 6487 6986 9687 9927 6488 9962 5345 223 9504 7689 10875 8949 2758 5187 9107 4904 7218 3920 10822 8464 4310 5546 3711 5141 8099 7337 4392 6216 9929 509 9513 8856 9167 6876 5663 5770 7247 7800 6083 7158 8989 5547 8920 8499 9222 9589 8881 7224 824 9808
3465 7515 6670 3956 9758 6865 2501 0 1931 2668 4525 4560 8183 7823 5830 7692 3106 2308 7011 5470 8927 6514 2184 3264 6628 5503 5730 2376 8741 6040 1811 5100 1969 5263 7156 5053 1969 4177 7648 2000 7840 6363 7080 5664 4253 3352 6074 6044 3905 5166 6881 5000 7169 6466 6791 7130 6432 4726 2846 8105
3255 7628 7920 5440 9180 5371 4372 1931 0 4588 4143 3220 8031 6942 6609 6543 2529 4197 5315 4545 8220 4588 3687 3214 4738 7021 5786 2000 7856 4110 500 6103 2692 6576 7600 4036 100 3733 6481 3863 7523 4504 6262 6003 4601 2202 6407 5757 2163 4651 6043 5948 6802 5768 5322 5217 4924 2906 4775 7738
5348 8489 6001 3324 11371 9343 509 2668 4588 0 6356 7025 9417 9808 6105 9904 5315 500 9602 7624 10704 9176 2500 5069 9296 4410 6965 4318 10692 8697 4472 5147 3605 4684 7742 7300 4617 6109 9876 848 9280 9025 9047 6576 5420 5813 6935 7600 6400 7026 8876 5162 8709 8367 9254 9798 8927 7382 316 9580
1063 3600 5742 4627 5234 3891 6487 4525 4143 6356 0 2332 3889 3453 3676 3705 1615 6264 4720 1552 4420 6003 3956 1303 5580 5787 1843 6083 4336 5769 3676 3807 2778 4884 3921 1581 4237 412 3701 6105 3400 5140 2692 2418 1655 2200 2731 1615 5703 670 2529 3584 2692 2011 3757 6220 3635 3992 6332 3635
2385 5727 7930 6315 6276 2319 6986 4560 3220 7025 2332 0 5700 3858 5966 3330 1868 6773 2720 1627 5232 3671 5080 2641 3264 7701 4123 5166 4743 3453 2952 5954 3649 6906 6224 1104 3280 2061 3264 6511 5015 2831 3269 4750 3818 1216 5053 3551 3956 2376 3046 5738 4304 2961 2236 3904 1902 1726 7106 5147
4833 1204 5913 6624 2402 5869 9687 8183 8031 9417 3889 5700 0 3124 3956 4301 5502 9475 7000 4110 2507 9079 6931 4964 8464 6964 2483 9953 3244 8994 7561 4846 6242 5977 2500 4601 8126 4301 4382 9411 806 8028 2996 2884 4036 6020 2594 2280 9503 3452 3138 4701 1414 2863 5738 9052 5913 7406 9295 921
4472 3940 8149 7840 2531 3014 9927 7823 6942 9808 3453 3858 3124 0 5943 1208 4720 9704 4143 2404 1431 6502 7400 4742 5800 8714 3634 8936 921 6537 6576 6527 6216 7722 5100 2906 7016 3712 1300 9529 2334 5400 761 4472 4738 4742 4464 2607 7782 2785 943 6319 2059 1456 2906 6319 3201 5281 9785 2220
3758 2785 2213 2899 6315 7462 6488 5830 6609 6105 3676 5966 3956 5943 0 6740 4561 6306 8373 5080 6100 9602 3889 3624 9230 3008 2340 8100 6537 9318 6118 989 4004 2024 1702 5240 6708 3905 6777 6356 4219 8796 5345 1486 2195 5458 1503 3383 8640 3940 5313 943 4010 4716 7323 9870 7262 7516 5907 4527
4589 5024 8952 8304 3601 1910 9962 7692 6543 9904 3705 3330 4301 1208 6740 0 4623 9740 3001 2280 2507 5445 7611 4883 4716 9338 4400 8495 1711 5531 6242 7203 6306 8374 6103 2640 6606 3847 100 9527 3500 4341 1442 5255 5223 4410 5322 3361 7072 3101 1431 6985 3114 2024 1824 5200 2184 4477 9919 3413
824 5135 6312 4472 6762 4104 5345 3106 2529 5315 1615 1868 5502 4720 4561 4623 0 5124 4588 2370 5869 5162 3224 943 4920 5907 3306 4472 5640 4826 2061 4341 1802 5173 5246 1992 2624 1208 4588 4904 5008 4522 3982 3649 2376 921 4031 3230 4219 2163 3780 4140 4294 3394 4001 5544 3721 3041 5360 5235
5232 8590 6350 3613 11360 9092 223 2308 4197 500 6264 6773 9475 9704 6306 9740 5124 0 9302 7467 10653 8780 2549 4964 8926 4800 7003 3828 10599 8296 4119 5371 3488 5000 7907 7116 4220 5993 9708 360 9295 8670 8944 6670 5448 5557 7043 7580 5948 6934 8766 5366 8700 8275 9009 9414 8670 7034 806 9590
5056 7443 10462 9024 6602 1140 9504 7011 5315 9602 4720 2720 7000 4143 8373 3001 4588 9302 0 3324 5508 2529 7787 5331 1772 10375 6228 6946 4701 2728 5234 8514 6356 9538 8261 3140 5336 4579 2901 9008 6202 1476 4015 7000 6351 3847 7217 5360 4940 4455 3862 8292 5636 4205 1264 2202 1140 2469 9712 6197
2319 4272 7220 6166 4695 2385 7689 5470 4545 7624 1552 1627 4110 2404 5080 2280 2370 7467 3324 0 3689 5028 5345 2617 4477 7337 2906 6542 3324 4903 4172 5322 4026 6425 4964 538 4622 1600 2256 7261 3401 4031 1720 3679 3195 2343 3894 2102 5565 1140 1500 5099 2701 1334 2247 5099 2193 3300 7639 3522
5481 3613 8221 8393 1104 4400 10875 8927 8220 10704 4420 5232 2507 1431 6100 2507 5869 10653 5508 3689 0 7915 8229 5720 7202 9043 4002 10220 894 7963 7824 6846 7184 8039 4903 4219 8300 4750 2607 10511 1923 6811 1972 4738 5385 6021 4604 3138 9178 3764 2195 6661 2137 2475 4301 7702 4617 6705 10647 1649
5889 9297 11468 9500 9019 3535 8949 6514 4588 9176 6003 3671 9079 6502 9602 5445 5162 8780 2529 5028 7915 0 7940 6087 761 11011 7782 5608 7156 500 4753 9492 6603 10327 9884 4623 4560 5714 5346 8440 8318 1104 6220 8421 7420 4242 8723 7116 3238 6000 6029 9284 7668 6216 3621 728 3301 2121 9360 8372
3026 6043 4491 1788 8874 7324 2758 2184 3687 2500 3956 5080 6931 7400 3889 7611 3224 2549 7787 5345 8229 7940 0 2729 7872 3361 4468 4560 8263 7516 3324 3041 1431 3080 5412 5103 3764 3765 7595 2523 6780 7523 6640 4123 2920 3956 4500 5110 5841 4617 6484 2983 6212 5946 7217 8453 6945 5903 2418 7080
300 4438 5381 3700 6506 4707 5187 3264 3214 5069 1303 2641 4964 4742 3624 4883 943 4964 5331 2617 5720 6087 2729 0 5813 5060 2596 5028 5635 5762 2716 3405 1476 4280 4404 2408 3313 1044 4866 4802 4580 5403 3981 2801 1456 1860 3200 2780 5080 1972 3807 3201 3905 3312 4589 6444 4368 3969 5059 4841
5590 8746 11172 9349 8304 2807 9107 6628 4738 9296 5580 3264 8464 5800 9230 4716 4920 8926 1772 4477 7202 761 7872 5813 0 10822 7306 5984 6427 1063 4827 9193 6488 10089 9401 4118 4726 5325 4617 8598 7690 447 5557 7988 7076 4022 8268 6579 3700 5507 5375 8980 7060 5604 2901 640 2607 1969 9459 7727
5323 5787 1700 1581 9317 9656 4904 5503 7021 4410 5787 7701 6964 8714 3008 9338 5907 4800 10375 7337 9043 11011 3361 5060 10822 0 5100 7854 9400 10630 6621 2202 4455 1004 4609 7316 7102 5830 9355 5008 7200 10429 8039 4310 4148 6800 4455 6107 9182 6281 7963 2400 6917 7355 9527 11440 9362 8902 4119 7513
2531 1843 4553 4396 4472 5240 7218 5730 5786 6965 1843 4123 2483 3634 2340 4400 3306 7003 6228 2906 4002 7782 4468 2596 7306 5100 0 7624 4301 7576 5295 2901 3773 4101 2102 3190 5885 2220 4437 6930 2332 6860 3008 854 1555 4019 989 1044 7502 1802 2973 2700 1868 2376 5099 7940 5093 5818 6860 2641
5126 9464 9046 6324 11177 7186 3920 2376 2000 4318 6083 5166 9953 8936 8100 8495 4472 3828 6946 6542 10220 5608 4560 5028 5984 7854 7624 0 9849 5108 2418 7433 4104 7639 9291 6030 1920 5679 8429 3471 9480 5869 8260 7727 6296 4200 8139 7696 2408 6623 8041 7317 8765 7766 7156 6319 6741 4477 4596 9706
5371 4254 8712 8614 1923 3621 10822 8741 7856 10692 4337 4743 3244 921 6537 1711 5640 10599 4701 3324 894 7156 8263 5635 6427 9400 4301 9849 0 7236 7495 7200 7111 8400 5502 3820 7930 4614 1811 10431 2549 6052 1664 5103 5531 5658 5035 3324 8635 3666 1860 7000 2531 2325 3535 6902 3883 6092 10662 2332
5580 9148 11139 9104 9066 3640 8464 6040 4110 8697 5769 3453 8994 6537 9318 5531 4826 8296 2728 4903 7963 500 7516 5762 1063 10630 7576 5108 7236 0 4295 9167 6200 9970 9677 4464 4080 5458 5434 7955 8249 1252 6200 8184 7127 3905 8500 6964 2745 5818 6000 8963 7580 6140 3710 1216 3354 1802 8885 8321
2765 7138 7468 5044 8765 5186 4310 1811 500 4472 3676 2952 7561 6576 6118 6242 2061 4119 5234 4172 7824 4753 3324 2716 4827 6621 5295 2418 7495 4295 0 5630 2236 6140 7100 3679 600 3269 6185 3805 7068 4554 5879 5503 4101 1843 5907 5291 2594 4205 5663 5470 6350 5360 5126 5345 4743 2915 4632 7289
3606 3712 1979 1910 7156 7693 5546 5100 6103 5147 3807 5954 4846 6527 989 7203 4341 5371 8514 5322 6846 9492 3041 3405 9193 2202 2901 7433 7200 9167 5630 0 3420 1200 2690 5385 6198 3940 7227 5442 5021 8772 5869 2109 2163 5262 2280 3920 8207 4215 5805 223 4716 5197 7558 9829 7442 7374 4939 5336
1746 5546 5232 2906 7939 5906 3711 1969 2692 3605 2778 3649 6242 6216 4004 6306 1802 3488 6356 4026 7184 6603 1431 1476 6488 4455 3773 4104 7111 6200 2236 3420 0 3911 5217 3733 2785 2507 6281 3328 5946 6126 5456 3700 2284 2529 4110 4172 4830 3448 5280 3275 5303 4788 5803 7082 5522 4527 3613 6224
4522 4809 1414 1403 8319 8772 5141 5263 6576 4684 4884 6906 5977 7722 2024 8374 5173 5000 9538 6425 8039 10327 3080 4280 10089 1004 4101 7639 8400 9970 6140 1200 3911 0 3671 6440 6664 4964 8395 5147 6197 9682 7057 3306 3231 6087 3452 5115 8732 5345 6986 1403 5913 6378 8640 10716 8497 8207 4427 6511
4428 1303 3423 4596 4901 7224 8099 7156 7600 7742 3921 6224 2500 5100 1702 6103 5246 7907 8261 4964 4903 9884 5412 4404 9401 4609 2102 9291 5502 9677 7100 2690 5217 3671 0 5283 7700 4272 6161 7925 2983 8954 4661 1603 3006 6041 1216 2906 9463 3894 4701 2617 3041 4177 7083 10033 7121 7912 7560 3255
2109 4684 7323 6063 5232 2340 7337 5053 4036 7300 1581 1104 4601 2906 5240 2640 1992 7116 3140 538 4219 4623 5103 2408 4118 7316 3190 6030 3820 4464 3679 5385 3733 6440 5283 0 4110 1486 2600 6894 3911 3671 2247 3905 3224 1838 4161 2500 5028 1389 2024 5162 3201 1868 2213 4750 2059 2807 7334 4044
3354 7727 8011 5521 9264 5412 4392 1969 100 4617 4237 3280 8126 7016 6708 6606 2624 4220 5336 4622 8300 4560 3764 3313 4726 7102 5885 1920 7930 4080 600 6198 2785 6664 7700 4110 0 3827 6543 3883 7615 4501 6340 6103 4701 2280 6506 5851 2080 4742 6121 6044 6894 5852 5366 5197 4965 2915 4810 7829
761 4001 5903 4589 5597 3826 6216 4177 3733 6109 412 2061 4301 3712 3905 3847 1208 5993 4579 1600 4750 5714 3765 1044 5325 5830 2220 5679 4614 5458 3269 3940 2507 4964 4272 1486 3827 0 3832 5818 3801 4891 2952 2731 1780 1802 3067 2024 5300 989 2773 3720 3088 2302 3699 5965 3534 3667 6103 4031
4570 5092 8988 8309 3701 1811 9929 7648 6481 9876 3701 3264 4382 1300 6777 100 4588 9708 2901 2256 2607 5346 7595 4866 4617 9355 4437 8429 1811 5434 6185 7227 6281 8395 6161 2600 6543 3832 0 9492 3580 4242 1500 5292 5234 4356 5366 3401 6989 3106 1476 7009 3182 2061 1726 5100 2088 4390 9894 3498
5060 8560 6519 3748 11244 8828 509 2000 3863 848 6105 6511 9411 9529 6356 9527 4904 360 9008 7261 10511 8440 2523 4802 8598 5008 6930 3471 10431 7955 3805 5442 3328 5147 7925 6894 3883 5818 9492 0 9202 8348 8770 6640 5375 5295 7021 7465 5590 6774 8588 5423 8591 8112 8747 9080 8401 6718 1140 9492
4409 1708 6307 6685 2154 5069 9513 7840 7523 9280 3400 5015 806 2334 4219 3500 5008 9295 6202 3401 1923 8318 6780 4580 7690 7200 2332 9480 2549 8249 7068 5021 5946 6197 2983 3911 7615 3801 3580 9202 0 7256 2193 2941 3860 5440 2745 1802 8884 2879 2340 4850 728 2109 4939 8271 5124 6700 9183 316
5173 8300 10751 8968 7915 2433 8856 6363 4504 9025 5140 2831 8028 5400 8796 4341 4522 8670 1476 4031 6811 1104 7523 5403 447 10429 6860 5869 6052 1252 4554 8772 6126 9682 8954 3671 4501 4891 4242 8348 7256 0 5135 7545 6648 3635 7823 6132 3667 5060 4949 8558 6621 5166 2517 1081 2200 1649 9178 7299
3712 3606 7558 7117 3008 2879 9167 7080 6262 9047 2692 3269 2996 761 5345 1442 3982 8944 4015 1720 1972 6220 6640 3981 5557 8039 3008 8261 1664 6200 5879 5869 5456 7057 4661 2247 6340 2952 1500 8770 2193 5135 0 3860 4011 4060 3900 1964 7223 2024 223 5656 1702 707 2751 6118 2961 4805 9024 2184
2828 1920 3699 3757 5092 6044 6876 5664 6003 6576 2418 4750 2884 4472 1486 5254 3649 6670 7000 3679 4738 8421 4123 2801 7988 4310 854 7727 5103 8184 5503 2109 3700 3306 1603 3905 6103 2731 5291 6640 2941 7545 3860 0 1431 4464 412 1897 7863 2545 3827 1923 2607 3230 5903 8626 5872 6397 6438 3257
1565 3264 4123 3106 5968 5546 5663 4253 4601 5420 1655 3818 4036 4738 2195 5223 2376 5448 6351 3195 5385 7420 2920 1456 7076 4148 1555 6296 5531 7127 4101 2163 2284 3231 3006 3224 4701 1780 5234 5375 3860 6648 4011 1431 0 3264 1843 2247 6530 2137 3901 1941 3312 3306 5412 7715 5283 5325 5325 4161
1700 5800 7233 5333 6997 3535 5770 3352 2202 5813 2200 1216 6020 4742 5458 4410 921 5557 3847 2343 6021 4242 3956 1860 4022 6800 4019 4200 5658 3905 1843 5262 2529 6087 6041 1838 2280 1802 4356 5295 5440 3635 4060 4464 3264 0 4827 3748 3505 2570 3841 5060 4712 3584 3452 4640 3114 2121 5900 5630
3214 1555 3687 4031 4876 6228 7247 6074 6407 6935 2731 5053 2594 4464 1503 5322 4031 7043 7217 3894 4604 8723 4500 3200 8268 4455 989 8139 5035 8500 5907 2280 4110 3452 1216 4161 6506 3067 5366 7021 2745 7823 3900 412 1843 4827 0 1972 8249 2780 3891 2118 2507 3312 6087 8904 6082 6723 6788 3059
2607 2184 5596 5295 3780 4318 7800 6044 5757 7600 1615 3551 2280 2607 3383 3361 3230 7580 5360 2102 3138 7116 5110 2780 6579 6107 1044 7696 3324 6964 5291 3920 4172 5115 2906 2500 5851 2024 3401 7465 1802 6132 1964 1897 2247 3748 1972 0 7244 1200 1931 3712 1131 1341 4177 7201 4220 5277 7528 2061
5035 9301 10062 7601 10231 5448 6083 3905 2163 6400 5703 3956 9503 7782 8640 7072 4219 5948 4940 5565 9178 3238 5841 5080 3700 9182 7502 2408 8635 2745 2594 8207 4830 8732 9463 5028 2080 5300 6989 5590 8884 3667 7223 7863 6530 3505 8249 7244 0 6053 7000 8041 8158 6896 5455 3961 5032 2624 6637 9047
1720 3354 6090 5203 4609 3522 7157 5166 4651 7026 670 2376 3452 2785 3940 3101 2163 6934 4455 1140 3764 6000 4617 1972 5507 6281 1802 6623 3666 5818 4205 4215 3448 5345 3894 1389 4742 989 3106 6774 2879 5060 2024 2545 2137 2570 2780 1200 6053 0 1868 3992 2154 1341 3383 6139 3330 4100 7000 3087
3534 3687 7526 7006 3231 2731 8989 6881 6043 8876 2529 3046 3138 943 5313 1431 3780 8766 3862 1500 2195 6029 6484 3807 5375 7963 2973 8041 1860 6000 5663 5805 5280 6986 4701 2024 6121 2773 1476 8588 2340 4949 223 3827 3901 3841 3891 1931 7000 1868 0 5589 1802 608 2600 5943 2789 4589 8860 2353
3397 3584 2193 1984 6992 7470 5547 5000 5948 5162 3584 5738 4701 6319 943 6985 4140 5366 8292 5099 6661 9284 2983 3201 8980 2400 2700 7317 7000 8963 5470 223 3275 1403 2617 5162 6044 3720 7009 5423 4850 8558 5656 1923 1941 5060 2118 3712 8041 3992 5589 0 4527 4981 7335 9616 7219 7170 4964 5166
3720 1910 6181 6264 2662 4517 8920 7169 6802 8709 2692 4304 1414 2059 4010 3114 4294 8700 5636 2701 2137 7668 6212 3905 7060 6917 1868 8765 2531 7580 6350 4716 5303 5913 3041 3201 6894 3088 3182 8591 728 6621 1702 2607 3312 4712 2507 1131 8158 2154 1802 4527 0 1456 4382 7653 4531 6000 8628 943
3052 3244 6928 6412 3413 3106 8498 6466 5768 8367 2011 2961 2863 1456 4716 2024 3394 8275 4205 1334 2475 6216 5946 3312 5604 7355 2376 7766 2325 6140 5360 5197 4788 6378 4177 1868 5852 2302 2061 8112 2109 5166 707 3230 3306 3584 3312 1341 6896 1341 608 4981 1456 0 2968 6198 3087 4609 8338 2202
4295 6212 9466 8271 5403 141 9222 6791 5322 9254 3757 2236 5738 2906 7323 1824 4001 9009 1264 2247 4301 3621 7217 4589 2901 9527 5099 7156 3535 3710 5126 7558 5803 8640 7083 2213 5366 3699 1726 8747 4939 2517 2751 5903 5412 3452 6087 4177 5455 3383 2600 7335 4382 2968 0 3413 424 2831 9326 4933
6224 9362 11808 9956 8800 3306 9589 7130 5217 9798 6220 3904 9052 6319 9870 5200 5544 9414 2202 5099 7702 728 8453 6444 640 11440 7940 6319 6902 1216 5345 9829 7082 10716 10033 4750 5197 5965 5100 9080 8271 1081 6118 8626 7715 4640 8904 7201 3961 6139 5943 9616 7653 6198 3413 0 3157 2555 9972 8296
4080 6313 9374 8064 5721 447 8881 6432 4924 8927 3635 1902 5913 3201 7262 2184 3721 8670 1140 2193 4617 3301 6945 4368 2607 9362 5093 6741 3883 3354 4743 7442 5522 8497 7121 2059 4965 3534 2088 8401 5124 2200 2961 5872 5283 3114 6082 4220 5032 3330 2789 7219 4531 3087 424 3157 0 2408 9008 5141
3780 7452 9350 7406 7788 2828 7224 4726 2906 7382 3992 1726 7406 5281 7516 4477 3041 7034 2469 3300 6705 2121 5903 3969 1969 8902 5818 4477 6092 1802 2915 7374 4527 8207 7912 2807 2915 3667 4390 6718 6700 1649 4805 6397 5325 2121 6723 5277 2624 4100 4589 7170 6000 4609 2831 2555 2408 0 7531 6811
5345 8343 5727 3087 11289 9419 824 2846 4775 316 6332 7106 9295 9785 5907 9919 5360 806 9712 7639 10647 9360 2418 5059 9459 4119 6860 4596 10662 8885 4632 4939 3613 4427 7560 7334 4810 6103 9894 1140 9183 9178 9024 6438 5325 5900 6788 7528 6637 7000 8860 4964 8628 8338 9326 9972 9008 7531 0 9486
4661 1964 6603 7000 1838 5059 9808 8105 7738 9580 3635 5147 921 2220 4527 3413 5235 9590 6197 3522 1649 8372 7080 4841 7727 7513 2641 9706 2332 8321 7289 5336 6224 6511 3255 4044 7829 4031 3498 9492 316 7299 2184 3257 4161 5630 3059 2061 9047 3087 2353 5166 943 2202 4933 8296 5141 6811 9486 0
# set of given starting solutions
0 3 12 4 7 32 41 28 15 24 46 36 42 10 26 57 30 18 43 27 23 8 13 6 25 19 47 9 54 39 45 17 52 29 59 20 2 50 58 11 22 33 56 31 35 1 16 34 38 55 48 37 21 51 44 40 53 49 14 5 0
0 44 29 12 24 17 55 59 33 53 31 20 56 16 50 18 58 10 25 34 43 45 51 30 26 23 6 15 5 37 36 1 28 7 9 42 47 35 11 54 3 27 13 57 14 48 46 40 2 21 41 19 49 8 22 4 52 39 38 32 0
0 16 55 59 8 14 50 11 32 13 33 26 37 46 28 53 22 56 2 15 51 41 4 30 44 5 7 21 57 9 1 27 36 47 20 34 38 49 52 35 10 43 18 19 39 25 40 45 31 54 17 58 12 6 42 23 29 3 48 24 0
0 16 50 12 3 9 51 7 29 4 24 5 40 43 32 35 30 2 31 33 21 25 46 44 41 8 17 14 37 56 38 19 45 28 22 18 58 6 10 11 59 1 53 36 54 48 55 47 23 42 57 49 26 52 39 27 13 15 20 34 0
0 21 4 51 37 53 33 11 39 47 49 2 25 24 30 42 19 15 9 54 17 27 38 57 20 36 32 59 50 31 45 23 29 8 7 26 41 55 14 44 28 35 16 3 48 58 52 34 12 13 46 43 22 18 10 40 6 56 5 1 0
0 22 57 27 12 2 14 43 55 32 50 35 28 54 42 17 30 20 46 38 10 31 37 15 52 29 11 36 47 56 23 6 8 45 53 39 13 33 26 19 24 41 21 58 7 59 40 3 25 16 18 5 48 34 49 44 4 51 1 9 0
0 41 45 19 59 35 6 14 49 51 46 16 21 28 25 22 9 52 32 27 56 42 43 15 48 13 54 7 2 44 30 20 5 24 53 38 34 55 1 11 58 37 26 18 39 17 4 23 8 36 31 12 57 50 40 3 10 29 33 47 0
0 18 7 24 3 22 34 28 13 35 45 59 33 12 9 20 38 39 23 26 53 57 54 25 51 5 14 43 56 37 10 27 17 42 4 36 16 50 2 30 15 1 48 49 44 41 47 31 8 52 40 11 29 55 58 6 19 32 21 46 0
0 24 14 13 40 52 20 32 26 59 43 47 55 57 4 10 23 37 48 39 19 41 58 1 12 49 34 44 15 8 42 50 31 2 18 27 46 3 38 6 7 35 22 25 28 9 30 11 36 56 5 16 45 51 29 21 53 17 54 33 0
0 41 45 55 30 31 3 58 1 29 52 57 53 18 27 9 17 40 51 13 34 4 47 11 2 42 43 35 48 14 33 56 24 59 50 16 49 23 36 26 46 7 10 20 32 28 38 8 22 21 5 39 19 6 12 44 25 15 37 54 0
0 30 20 10 11 50 13 49 24 8 38 40 21 31 25 23 39 3 22 9 6 55 41 17 36 28 44 58 47 12 14 52 19 53 56 33 54 51 59 34 7 46 45 48 4 57 29 32 5 43 1 35 26 15 16 2 42 27 18 37 0
0 18 59 48 13 55 6 20 31 4 35 17 40 26 39 54 21 51 28 56 25 49 30 3 33 53 7 19 23 42 24 2 52 37 15 27 58 47 16 22 32 50 43 12 57 9 38 1 36 44 14 11 45 41 8 10 5 29 34 46 0
0 12 23 46 17 52 38 5 49 44 1 33 24 50 15 26 43 16 25 6 29 2 32 13 21 14 18 45 40 39 55 30 9 42 28 37 48 7 56 51 3 27 22 41 10 54 57 53 59 31 11 4 34 20 35 36 8 47 19 58 0
0 27 35 23 55 7 56 6 57 46 11 32 12 29 16 44 31 28 52 36 17 43 20 8 22 15 25 5 34 38 33 50 51 49 41 45 48 53 4 10 2 59 37 39 21 9 26 18 13 54 30 1 24 19 47 3 58 14 42 40 0
0 15 53 23 41 55 39 45 9 8 48 13 37 25 28 35 17 46 51 4 42 18 32 40 33 11 50 47 7 54 26 1 2 34 10 36 20 29 52 44 57 14 31 19 30 24 27 59 38 22 56 43 21 5 3 6 12 58 49 16 0
0 47 55 2 52 18 42 24 10 38 21 50 41 15 22 59 20 40 25 23 33 56 4 34 30 37 45 14 7 44 8 12 26 6 39 32 1 36 31 53 17 3 16 51 13 11 54 58 57 48 5 49 29 46 28 9 35 43 27 19 0
0 28 40 18 46 2 26 24 44 49 1 29 23 17 50 5 15 21 13 36 30 31 59 41 19 53 3 10 22 58 25 11 27 37 7 57 54 9 45 43 32 42 52 4 34 56 12 48 39 38 8 51 47 20 6 16 14 55 35 33 0
0 42 28 10 16 51 26 12 17 52 44 32 53 9 55 3 13 49 7 56 2 33 1 4 15 18 19 21 36 22 25 57 41 30 54 59 58 5 38 35 24 48 20 37 29 45 46 31 11 8 40 6 50 14 23 43 34 39 47 27 0
0 15 32 18 1 24 43 25 7 23 3 11 17 54 59 8 36 12 9 48 50 55 10 47 37 44 40 5 46 22 19 33 56 49 53 45 14 21 34 27 30 13 28 42 6 41 57 58 26 35 16 38 2 52 29 39 31 20 51 4 0
0 41 32 45 14 52 13 3 59 25 23 39 43 50 51 9 6 49 48 30 40 21 29 34 17 12 35 38 37 11 33 56 54 7 18 8 10 1 44 42 15 16 20 4 31 22 36 26 2 24 28 58 19 27 46 55 5 53 47 57 0
0 58 46 40 6 17 32 30 18 55 16 28 2 36 5 10 11 45 34 1 38 20 14 37 43 27 41 44 59 42 21 48 50 13 47 12 39 57 22 25 3 31 24 35 7 23 8 26 53 15 51 19 56 33 9 4 52 49 29 54 0
0 26 17 23 50 58 53 48 57 29 14 32 38 13 34 9 51 36 6 30 11 55 5 33 46 24 37 54 18 22 1 2 44 12 35 40 10 16 47 15 8 21 45 56 49 42 28 41 20 31 4 59 19 27 3 25 7 52 39 43 0
0 59 44 54 55 24 49 33 37 6 15 26 48 22 1 27 53 23 2 8 13 16 51 34 56 45 18 52 50 4 28 35 7 21 42 47 29 9 20 5 58 19 57 40 11 12 32 39 38 17 43 36 46 25 30 41 31 10 14 3 0
0 25 28 50 22 18 2 15 12 38 16 44 5 53 4 29 23 32 58 45 55 59 49 24 52 6 17 30 7 57 31 54 46 27 33 20 19 48 40 14 51 42 39 11 8 21 41 26 43 37 3 36 35 10 9 47 34 56 1 13 0
0 54 51 44 1 42 15 49 27 9 24 57 36 14 16 7 35 37 48 52 23 50 46 31 19 18 58 4 55 22 56 17 25 21 53 13 28 3 45 5 6 2 40 59 10 11 32 39 26 34 41 30 38 8 20 33 12 29 43 47 0
0 36 31 39 17 37 47 16 54 9 13 26 33 28 34 49 12 40 59 24 42 2 45 51 53 4 43 29 15 41 6 55 57 52 58 44 23 8 10 25 18 56 1 22 21 30 38 19 11 32 7 35 3 46 50 14 48 5 20 27 0
0 31 20 49 33 2 47 11 53 37 40 45 18 3 30 39 35 23 29 16 12 4 26 22 36 34 54 57 5 42 1 55 13 9 14 50 28 15 51 27 6 52 32 44 41 58 7 48 43 56 21 38 46 25 17 59 19 8 24 10 0
0 52 38 27 1 41 26 5 54 53 58 8 24 51 46 33 56 39 15 30 43 3 59 23 29 21 17 19 31 50 32 40 28 7 45 12 34 14 55 22 10 18 16 9 47 49 44 25 35 13 6 42 11 4 57 20 48 36 37 2 0
0 33 16 18 4 36 31 35 32 17 2 49 40 3 12 5 29 26 9 20 25 37 30 45 19 47 42 48 53 15 7 52 22 23 14 39 54 6 43 56 44 57 11 21 1 10 8 13 28 34 27 24 59 41 51 50 38 55 58 46 0
0 43 45 56 58 57 29 23 22 21 53 2 33 27 51 30 50 55 9 3 4 34 32 54 41 39 10 37 6 14 42 20 36 12 24 7 31 15 35 52 11 40 38 49 46 5 17 13 28 26 25 44 18 47 16 48 8 19 1 59 0
0 12 47 10 58 6 23 44 11 14 39 3 46 53 5 40 18 35 9 26 37 16 2 45 27 54 43 20 52 19 31 59 28 15 42 41 22 57 24 56 32 13 34 21 38 7 17 1 51 25 48 50 33 4 8 36 30 49 55 29 0
0 30 11 3 52 58 37 2 12 14 10 18 23 13 44 47 43 55 7 1 56 16 31 41 21 5 24 33 45 32 48 6 42 36 17 49 15 34 25 8 40 20 28 27 4 54 22 29 35 19 26 53 59 46 57 38 9 50 39 51 0
0 45 37 44 29 38 20 43 15 39 32 4 17 47 1 51 49 25 10 26 55 31 9 30 35 13 54 52 42 11 36 27 21 33 50 16 12 14 18 40 19 2 22 7 6 24 58 28 48 46 57 5 34 41 23 53 56 3 8 59 0
0 6 36 58 28 56 46 3 43 53 18 51 29 26 1 32 41 19 44 8 20 10 13 23 34 9 16 39 48 49 55 4 35 38 54 50 25 59 7 52 24 12 21 2 42 30 17 31 14 15 5 40 22 45 37 27 33 47 57 11 0
0 3 6 25 35 31 47 4 28 36 34 43 51 41 17 44 39 49 48 10 57 29 27 7 56 15 14 40 53 23 20 5 58 38 54 2 46 42 50 9 52 21 55 19 13 30 33 1 11 22 45 12 37 59 24 18 32 26 16 8 0
0 47 13 14 3 15 21 57 35 46 59 16 55 39 10 25 50 18 26 5 2 33 37 23 20 36 30 52 28 40 58 22 4 12 9 53 7 6 54 56 32 27 49 11 51 45 19 43 29 34 24 31 41 38 42 1 17 8 48 44 0
0 6 44 46 27 25 49 54 5 47 8 23 40 13 12 52 1 14 17 7 58 9 33 24 59 16 56 10 20 28 15 41 53 21 3 31 29 30 38 26 34 4 32 2 37 57 11 45 43 50 39 48 18 51 36 35 42 22 55 19 0
0 9 33 36 6 41 15 21 25 3 20 1 23 27 46 17 51 58 55 31 44 50 54 24 35 43 26 52 29 38 59 22 42 28 47 30 4 53 19 49 5 34 37 10 39 13 11 45 56 2 48 7 8 32 18 16 14 57 12 40 0
0 2 14 50 40 7 44 20 23 38 26 48 35 58 24 49 55 22 15 30 34 10 27 45 1 16 9 11 8 36 31 39 19 52 47 51 53 4 18 59 6 46 43 33 5 3 32 37 42 41 25 56 54 57 28 21 12 17 29 13 0
0 28 24 31 59 15 54 4 43 18 19 6 12 17 53 44 39 8 14 23 7 42 9 20 52 33 34 58 26 48 38 50 45 21 57 47 2 1 30 13 3 32 5 22 37 46 49 10 36 35 25 56 27 16 11 29 51 40 55 41 0
0 45 57 17 43 24 20 35 51 41 13 44 59 4 40 3 15 52 27 38 30 32 36 1 29 49 50 31 18 56 10 25 16 46 6 48 12 19 2 33 8 28 21 9 39 42 14 22 7 26 55 11 58 47 5 53 54 34 37 23 0
0 26 22 10 19 2 20 4 42 56 47 12 23 24 8 59 48 41 35 34 52 18 37 6 44 32 49 7 45 9 3 36 43 31 25 46 50 21 53 1 51 30 13 27 11 29 39 55 5 28 17 15 54 57 14 16 40 58 38 33 0
0 2 32 21 48 50 1 38 53 24 55 8 33 13 57 34 10 22 18 15 44 36 23 46 7 27 54 5 9 49 51 19 11 31 17 20 39 6 41 45 14 40 47 16 58 52 37 35 3 29 59 42 12 4 43 56 26 28 30 25 0
0 19 56 21 58 15 45 35 31 37 46 49 18 51 1 48 26 33 24 8 36 54 38 20 4 25 41 28 3 29 13 39 6 52 14 16 5 47 32 55 23 44 40 34 42 10 59 43 27 2 7 30 57 50 22 9 17 53 12 11 0
0 4 31 34 2 26 40 41 39 16 46 33 53 57 50 1 23 8 43 22 29 27 52 37 56 17 59 11 20 25 12 35 24 32 55 44 14 21 42 18 58 28 6 13 45 5 9 7 36 15 3 48 51 54 38 30 49 10 19 47 0
0 52 56 23 54 28 58 46 7 35 53 31 51 43 55 17 4 6 57 48 14 50 8 36 19 34 18 27 42 24 9 21 22 37 5 44 40 1 11 12 26 41 25 38 20 2 33 30 32 15 59 47 3 10 16 13 45 39 29 49 0
0 28 9 30 43 49 42 12 6 14 3 5 52 53 54 33 10 13 26 15 4 24 40 25 58 27 18 35 32 45 1 31 41 56 23 21 17 11 20 55 2 34 7 22 37 50 19 38 57 39 48 16 44 51 8 47 59 46 36 29 0
0 13 58 53 1 10 57 33 45 6 24 22 27 41 32 8 30 18 15 29 35 14 36 44 34 47 28 12 23 5 19 39 43 31 37 42 46 40 26 7 50 4 52 48 54 38 21 9 11 25 56 51 3 20 55 17 2 49 59 16 0
0 58 9 23 8 56 4 15 28 34 45 21 44 11 25 39 52 47 55 7 57 22 13 53 14 5 17 48 2 49 41 12 38 33 59 40 16 36 35 42 50 46 43 32 6 10 27 29 18 31 19 20 1 51 24 26 3 30 37 54 0
0 45 26 37 44 38 35 20 2 54 46 4 18 57 43 19 31 7 39 22 40 55 27 11 49 56 59 34 12 23 42 36 30 48 51 50 24 33 10 25 41 3 17 28 5 29 52 13 6 21 1 53 32 15 14 9 47 16 58 8 0
0 1 47 22 34 52 56 13 10 14 32 23 18 59 51 16 8 38 6 24 17 12 50 58 30 5 36 46 35 54 39 55 4 20 33 43 49 42 45 21 40 31 2 11 44 53 57 41 25 27 48 19 7 29 28 37 15 3 9 26 0
0 27 42 26 1 19 39 23 51 22 24 20 32 40 28 33 47 2 14 48 58 38 57 55 54 46 35 17 12 13 36 9 18 5 7 8 56 43 49 11 3 41 21 15 10 44 52 30 4 34 50 6 31 45 59 37 29 25 53 16 0
0 50 55 52 10 11 13 34 53 8 28 49 4 38 6 44 58 22 23 48 3 17 59 31 37 36 43 15 35 14 40 47 7 56 27 24 5 54 16 19 9 2 57 39 46 30 41 33 45 32 12 26 1 42 18 51 25 20 21 29 0
0 44 34 4 7 1 31 21 2 55 41 26 50 8 6 43 15 5 10 58 39 27 37 20 22 33 14 3 9 16 19 38 18 23 54 12 48 35 30 57 46 49 25 29 11 45 51 56 32 24 13 59 36 17 52 28 40 47 53 42 0
0 15 22 32 46 59 52 47 1 53 30 34 44 17 3 31 5 25 7 50 21 27 54 6 37 10 24 58 26 11 49 2 45 18 40 51 9 29 57 8 36 55 23 43 28 13 42 4 39 56 19 16 38 20 48 33 12 41 14 35 0
0 19 43 53 21 32 17 48 20 16 47 42 30 6 29 52 25 44 7 26 24 35 8 12 41 22 46 5 56 13 59 51 33 57 38 54 1 58 36 3 28 4 14 2 34 27 18 50 55 15 31 39 10 37 23 49 9 45 11 40 0
0 3 10 52 41 55 25 27 44 21 6 39 19 24 58 51 23 46 45 20 28 2 7 17 43 11 8 12 1 35 26 57 5 49 48 50 42 13 22 4 9 29 18 16 30 56 38 54 40 36 31 47 53 59 34 37 32 14 15 33 0
0 21 47 17 6 15 20 13 46 41 44 29 34 36 8 12 25 22 33 7 52 51 38 48 45 35 5 28 18 27 3 4 19 9 10 55 31 23 56 1 16 42 50 14 43 30 26 37 53 49 40 57 59 58 2 39 24 11 54 32 0
0 43 49 27 52 48 38 18 37 56 4 53 16 54 58 2 21 40 13 45 41 14 11 30 17 47 10 39 57 6 42 29 23 32 7 34 33 3 44 55 51 59 1 26 15 20 12 50 22 5 35 8 28 46 24 25 9 36 31 19 0
0 3 52 10 16 50 20 42 15 17 13 57 33 22 18 54 49 1 39 14 7 27 23 28 58 2 43 4 21 51 53 26 41 45 48 59 34 9 12 29 38 8 36 19 35 6 11 46 25 32 5 56 24 40 31 37 30 55 47 44 0
0 41 4 39 6 2 37 48 30 11 17 47 38 52 12 33 24 31 5 44 9 35 43 40 45 20 56 55 15 51 59 58 19 3 34 57 16 26 14 13 42 10 18 32 27 36 21 22 46 23 28 50 25 49 1 8 29 53 54 7 0
0 39 54 55 38 29 32 33 22 51 57 26 20 14 21 30 9 48 27 31 44 53 8 4 56 18 49 17 47 59 11 34 25 58 12 43 40 3 19 13 28 7 2 52 15 37 6 41 10 46 16 24 45 42 5 1 36 23 35 50 0
0 47 6 52 55 57 18 50 49 53 58 8 10 56 35 51 7 12 27 22 37 2 44 25 24 15 21 16 14 1 29 5 46 3 45 59 20 36 38 4 23 33 41 32 28 19 31 26 9 54 43 34 13 39 30 42 48 11 40 17 0
0 6 16 57 54 36 55 15 42 33 52 5 34 20 21 13 43 29 44 27 9 26 3 41 56 23 7 38 1 19 45 53 35 47 59 17 40 2 18 10 49 37 14 4 51 58 31 12 50 32 48 22 39 25 11 30 8 46 28 24 0
0 6 58 45 25 35 24 29 10 32 27 31 49 56 17 46 15 19 36 43 38 18 44 51 4 13 22 34 1 23 11 59 37 8 52 26 54 53 20 2 9 3 40 21 30 55 39 16 41 42 12 57 5 14 28 47 7 50 33 48 0
0 23 55 46 26 57 34 56 12 21 9 27 37 24 17 28 36 38 44 47 33 53 5 16 48 11 29 1 30 59 3 43 18 22 20 40 39 13 50 2 58 6 15 49 54 14 31 41 45 42 35 51 32 52 10 19 25 7 8 4 0
0 4 43 42 56 8 15 49 17 11 24 35 9 13 6 41 39 48 58 54 2 14 29 26 55 1 30 57 50 40 19 27 25 34 10 12 20 46 31 53 21 52 36 7 47 16 22 5 33 38 32 51 37 23 59 45 28 18 44 3 0
0 3 19 16 26 38 47 22 58 8 49 56 5 13 2 15 12 18 30 53 40 32 52 36 9 59 27 21 34 29 55 14 33 17 23 28 54 50 43 45 25 41 46 10 39 35 24 48 4 7 1 20 57 31 11 37 51 44 42 6 0
0 54 49 48 14 34 32 24 2 52 7 45 59 29 30 39 42 31 40 38 6 13 26 46 12 20 18 1 53 4 57 28 9 16 19 11 8 43 33 55 25 41 37 21 22 56 44 27 5 3 15 50 51 47 23 58 36 10 17 35 0
0 55 18 26 57 29 53 33 22 30 25 58 9 40 31 21 8 48 54 44 3 38 11 51 14 43 4 50 12 23 6 41 42 49 46 24 5 39 59 32 15 17 7 10 20 19 13 35 2 28 37 1 36 56 16 27 47 34 52 45 0
0 48 25 56 40 55 11 49 21 12 22 38 53 18 50 37 13 23 5 27 57 6 3 59 19 30 32 7 47 44 42 35 45 2 43 31 34 8 58 26 41 46 20 36 51 39 15 17 24 1 52 4 14 16 28 10 33 54 29 9 0
0 51 43 10 48 9 23 30 6 14 8 33 22 28 19 32 49 29 39 37 2 25 11 20 13 26 53 47 18 45 59 55 4 24 40 57 17 56 41 58 35 42 44 31 50 21 34 16 52 3 7 46 27 15 12 54 5 1 36 38 0
0 55 34 18 58 15 38 8 2 35 37 12 36 7 54 24 53 28 49 20 6 1 16 50 29 5 32 3 40 23 9 33 31 26 27 44 42 14 4 22 46 39 10 57 47 59 17 19 52 41 11 30 43 25 51 48 45 13 21 56 0
0 55 16 47 56 59 18 40 57 9 52 39 15 41 24 3 51 50 25 8 30 34 38 35 45 19 23 11 44 13 27 49 43 17 58 36 29 37 2 20 22 12 14 32 5 28 53 46 48 7 6 54 42 4 10 33 31 1 21 26 0
0 44 10 26 58 8 38 52 22 2 51 43 20 34 35 45 4 15 41 16 54 14 37 11 9 57 49 40 1 55 39 33 7 48 17 25 5 56 13 28 53 21 47 46 59 3 29 42 31 12 18 36 30 24 50 6 19 32 23 27 0
0 28 24 21 2 14 36 19 15 6 46 31 49 1 4 43 48 37 10 42 32 22 5 39 55 38 7 44 9 59 47 25 41 50 54 17 45 34 8 40 35 29 52 27 58 20 26 13 33 57 53 18 3 11 30 16 51 56 12 23 0
0 35 25 22 11 38 28 39 52 43 12 8 51 54 2 26 31 9 27 45 41 59 48 18 49 53 29 17 19 4 7 6 57 15 40 34 55 32 33 1 3 44 46 56 10 37 14 21 20 58 23 47 16 36 13 50 30 24 42 5 0
0 17 43 5 13 35 7 25 29 51 3 38 50 47 20 40 21 4 58 55 49 12 42 32 34 14 44 27 8 24 54 53 41 48 18 30 52 57 56 33 22 2 39 9 46 59 45 19 15 10 31 1 28 37 36 6 26 16 23 11 0
0 20 14 19 46 41 53 36 38 7 50 45 24 15 34 31 9 35 49 28 18 40 17 32 13 48 39 29 42 25 56 12 47 11 26 22 58 8 54 2 4 6 33 1 57 59 43 30 51 37 52 44 27 5 10 23 55 16 3 21 0
0 12 41 3 27 53 34 1 51 2 56 6 26 33 32 59 24 39 29 52 18 15 50 42 14 49 23 28 31 7 19 22 55 36 40 37 5 20 13 35 48 21 25 30 10 43 11 9 16 17 45 54 58 44 8 46 4 57 38 47 0
0 10 44 45 39 18 19 34 40 21 36 52 1 15 59 28 11 7 57 8 41 53 23 13 29 25 38 14 42 6 30 58 51 56 12 54 49 48 50 16 4 5 37 32 24 27 17 35 31 9 47 20 33 3 43 2 55 46 22 26 0
0 14 3 54 6 24 37 34 56 9 19 18 29 28 26 40 51 36 32 41 58 59 7 5 52 12 21 16 25 8 48 27 15 55 45 10 4 38 33 42 23 30 31 2 39 49 13 47 44 53 22 50 35 57 20 11 17 43 46 1 0
0 43 26 53 30 23 42 24 27 46 59 6 14 13 18 38 48 15 11 29 19 20 49 33 55 51 44 17 22 16 40 54 45 3 32 52 28 36 57 37 39 47 12 9 35 34 25 8 58 7 5 10 50 21 4 1 56 31 2 41 0
0 44 55 37 53 23 35 56 22 7 12 10 19 38 49 45 27 24 47 6 33 29 52 11 2 13 40 28 34 42 46 57 36 43 5 59 30 1 14 18 48 3 4 20 25 41 39 17 16 21 58 50 26 9 8 51 31 15 32 54 0
0 14 21 49 23 35 9 52 45 57 1 24 29 46 43 17 33 8 37 18 55 13 25 27 51 28 6 12 20 44 36 2 31 38 42 41 11 26 34 40 7 54 47 10 16 32 22 48 15 39 3 50 59 58 30 53 56 19 4 5 0
0 1 52 49 37 23 24 53 38 50 39 14 17 27 45 20 11 40 4 15 19 12 54 55 2 48 36 6 16 22 59 10 35 28 7 18 8 57 13 25 34 46 44 47 26 3 32 56 30 42 31 5 29 9 41 33 58 21 43 51 0
0 1 56 10 5 33 50 32 7 57 34 2 28 41 59 51 29 24 22 30 25 55 37 43 8 12 26 49 20 23 47 39 15 40 54 48 14 19 18 27 38 44 9 11 46 3 17 35 4 31 58 42 13 16 36 6 53 52 45 21 0
0 8 36 3 17 27 10 37 30 53 52 42 51 7 16 49 26 40 57 25 28 19 20 5 13 32 18 47 9 1 31 14 56 39 23 48 58 55 6 41 15 11 50 35 21 22 44 33 2 38 59 34 54 24 46 12 4 43 29 45 0
0 15 7 38 22 28 47 1 5 32 17 24 45 11 19 59 39 8 55 16 48 36 57 26 54 3 4 27 20 34 33 2 14 25 49 43 53 6 42 23 40 30 52 12 18 46 10 21 50 41 9 44 35 31 37 56 13 51 29 58 0
0 12 41 16 14 46 51 45 44 34 4 59 57 10 2 23 21 54 11 58 29 27 36 48 28 50 30 19 24 52 3 32 6 13 37 49 56 7 25 42 31 43 17 38 39 55 35 53 8 33 9 5 20 47 40 22 1 18 15 26 0
0 26 3 14 24 38 47 18 31 20 53 23 43 10 28 11 39 44 30 5 4 41 7 40 17 57 19 22 58 49 48 2 51 56 1 8 12 25 27 32 16 36 6 55 9 52 29 13 37 42 35 46 15 33 45 59 50 54 21 34 0
0 52 11 51 14 44 27 12 7 31 46 22 35 36 40 59 33 53 56 4 45 19 8 20 57 16 6 3 37 41 15 30 49 18 34 26 50 2 10 29 55 25 32 43 21 13 28 23 1 38 9 42 48 24 17 47 39 54 5 58 0
0 35 43 9 49 53 59 26 22 20 36 25 7 8 12 15 29 24 31 3 52 50 57 16 17 55 48 38 51 27 23 46 54 56 40 32 58 6 37 30 21 5 34 41 28 44 18 39 2 42 33 47 13 1 45 10 14 19 4 11 0
0 34 42 11 52 31 9 32 21 45 48 49 37 16 24 23 6 43 57 22 30 56 7 54 3 18 10 1 47 39 12 51 13 5 53 58 36 17 33 59 26 55 20 35 38 27 44 19 2 46 4 14 8 41 25 40 15 29 50 28 0
0 57 11 20 35 38 37 30 58 53 23 3 16 31 21 15 28 45 13 39 12 43 41 49 7 47 29 40 5 26 1 42 14 34 54 2 56 10 22 24 50 8 44 32 51 27 25 59 48 4 17 18 55 6 46 36 19 33 52 9 0
0 31 24 53 22 48 19 29 10 11 6 18 16 26 12 21 9 33 32 51 25 42 5 40 2 23 58 43 57 46 30 38 35 36 45 3 27 14 15 52 28 50 39 17 59 7 56 13 54 4 37 49 44 1 8 34 47 55 41 20 0
0 7 24 16 32 36 10 58 50 4 40 31 30 59 56 51 13 46 12 25 18 29 14 42 43 26 8 17 27 38 48 52 22 39 34 53 3 28 54 6 45 41 9 55 33 2 20 37 35 1 49 57 19 21 5 44 15 23 47 11 0
0 14 55 27 18 19 32 41 28 20 2 38 40 48 37 33 30 59 6 11 7 24 42 49 39 1 17 52 58 25 16 29 34 15 4 56 5 9 46 51 3 54 47 53 35 23 57 13 10 43 45 50 22 12 31 36 44 21 8 26 0
0 1 6 44 4 27 50 11 37 9 19 56 53 18 22 23 25 13 10 32 46 28 17 24 26 15 8 48 47 59 5 57 7 33 55 21 30 3 43 14 16 51 35 41 39 52 2 40 49 38 42 31 36 12 54 29 34 45 20 58 0
0 36 34 53 35 55 13 1 11 23 5 46 6 30 27 10 54 28 7 14 24 50 40 15 44 41 19 8 45 38 29 39 32 12 47 33 43 26 31 22 17 9 58 42 52 3 18 16 56 4 25 49 57 37 51 2 59 48 21 20 0
0 39 43 40 17 32 38 9 33 29 8 54 2 26 31 55 5 19 59 53 58 30 13 10 27 11 12 46 49 21 28 37 7 24 48 1 14 36 23 6 16 47 45 52 18 44 35 57 42 51 3 4 56 50 41 34 20 25 22 15 0
0 11 18 54 59 42 55 22 43 21 56 19 35 26 6 30 1 41 36 32 50 23 5 25 38 52 24 34 7 46 12 47 9 17 39 10 49 31 33 29 20 28 8 15 40 16 51 37 44 2 57 27 3 58 45 14 48 4 53 13 0
0 18 35 27 19 58 49 2 59 46 43 36 41 30 32 22 9 44 21 25 56 5 50 26 53 47 45 16 57 24 10 4 3 52 42 7 31 40 54 20 6 33 12 29 13 8 55 14 23 48 28 38 1 17 39 11 15 37 34 51 0
0 18 29 6 55 27 8 28 14 58 39 17 57 48 7 35 1 37 23 53 20 12 38 47 43 36 26 24 11 32 30 10 41 50 44 3 59 52 40 46 54 5 51 19 42 15 45 16 9 31 13 25 56 22 33 21 49 34 4 2 0
0 19 11 22 56 59 26 49 54 16 20 12 25 18 14 3 4 13 1 45 5 21 55 53 28 8 23 50 15 58 35 7 40 24 43 51 27 17 34 42 32 39 30 37 33 46 2 48 6 57 31 44 47 10 36 38 29 41 9 52 0
0 46 15 13 44 24 21 32 33 2 10 50 5 40 54 49 56 53 22 17 26 41 25 30 29 4 19 43 8 12 36 3 35 16 28 20 47 52 38 59 6 1 18 58 11 23 57 34 51 7 39 14 45 48 42 27 9 55 31 37 0
0 20 19 58 42 4 43 30 29 31 37 46 59 16 51 2 5 44 50 27 24 39 55 21 17 1 14 32 45 38 13 11 12 18 54 26 23 52 33 6 40 7 49 57 25 41 35 28 22 53 15 56 10 48 47 36 9 3 34 8 0
0 47 24 58 36 52 25 55 12 40 20 42 48 29 44 56 6 49 15 34 59 39 22 16 46 45 10 3 57 26 5 51 14 18 19 35 43 23 31 8 11 2 9 1 30 28 32 54 38 27 7 37 41 17 21 13 50 4 53 33 0
0 30 42 8 51 58 31 36 44 19 57 5 15 20 29 22 10 6 37 14 52 50 11 16 1 27 41 47 21 7 54 23 26 59 25 32 46 39 56 4 35 17 53 28 12 13 2 3 48 9 18 45 34 38 24 40 55 43 49 33 0
0 19 10 27 31 16 43 38 34 56 44 4 14 53 23 12 8 39 25 26 6 1 13 57 49 7 35 15 55 28 59 40 48 22 11 50 30 32 29 58 36 52 47 2 9 3 5 21 54 42 37 45 33 41 24 20 17 51 18 46 0
0 1 58 59 54 38 18 16 30 11 33 50 19 29 9 32 35 42 20 13 15 53 8 10 24 52 31 3 2 25 39 44 27 14 7 37 51 28 43 4 41 49 56 36 55 5 34 26 46 48 40 12 21 23 17 6 45 47 22 57 0
0 12 29 11 16 7 49 14 52 18 28 24 21 31 22 17 37 55 20 33 41 42 8 51 23 13 46 50 9 30 39 44 57 48 3 26 59 54 19 38 58 36 27 2 5 43 35 6 32 15 4 25 56 34 47 40 45 1 53 10 0
0 54 55 6 8 49 28 19 29 9 32 44 26 25 17 57 5 15 36 38 22 45 52 33 30 10 20 40 35 18 51 21 46 53 47 58 50 59 27 42 11 48 41 13 23 7 56 16 37 34 3 14 1 4 43 31 12 24 39 2 0
0 37 31 51 46 13 57 8 40 38 30 36 44 26 56 19 59 32 39 34 16 15 9 52 42 25 5 7 29 1 23 4 35 17 28 54 12 20 22 24 50 6 43 53 47 45 2 18 58 49 21 3 48 27 10 14 41 33 55 11 0
0 28 50 17 57 32 39 36 13 35 51 48 4 5 54 47 52 19 21 10 7 46 20 14 34 58 38 45 31 43 25 24 33 18 27 9 56 12 3 26 53 23 2 40 49 44 1 22 59 11 55 29 30 42 37 15 41 16 8 6 0
0 45 17 46 14 12 9 59 42 8 50 51 31 44 36 43 16 10 55 20 27 39 2 28 41 52 22 30 25 13 33 23 56 11 1 4 19 53 57 18 29 48 34 5 35 47 49 15 32 6 24 40 7 58 38 37 54 21 3 26 0
0 32 43 25 1 51 5 52 53 6 21 30 37 40 54 28 56 7 42 41 8 48 49 47 24 57 16 29 10 55 44 45 33 2 4 14 12 13 39 59 15 17 58 27 9 50 22 18 11 23 36 46 3 35 19 31 20 26 34 38 0
0 41 13 11 3 20 7 46 51 6 59 1 9 19 49 30 10 32 31 4 5 50 21 14 33 53 37 42 35 24 25 12 36 22 23 16 27 17 48 57 29 39 18 44 2 34 26 47 56 28 45 15 8 55 54 40 38 58 43 52 0
0 6 16 18 28 12 17 31 11 57 26 33 19 7 38 3 1 5 35 2 51 48 29 40 27 25 36 22 58 10 23 52 8 32 43 34 4 53 45 50 56 47 24 55 37 21 44 14 49 46 54 13 20 15 42 30 9 39 59 41 0
0 30 47 17 14 32 42 46 54 52 22 16 25 35 43 55 40 13 2 48 18 3 23 53 12 7 6 19 56 10 34 11 50 45 28 9 29 26 57 59 44 37 49 51 4 27 21 20 58 1 39 33 15 41 8 24 5 36 38 31 0
0 16 18 53 57 41 50 26 1 54 2 15 22 51 19 59 4 45 49 9 56 6 33 43 55 39 23 12 46 14 24 38 8 17 35 37 27 36 28 42 31 7 5 21 52 47 13 30 29 58 11 10 34 20 32 3 48 44 40 25 0
0 14 48 44 58 1 52 51 39 37 20 25 33 45 17 57 16 30 28 56 29 59 13 2 7 36 31 55 47 12 40 50 15 38 19 41 21 32 11 6 49 23 24 34 4 27 9 26 43 46 42 8 3 22 35 18 53 5 10 54 0
0 10 24 46 17 21 43 57 35 51 7 32 48 56 2 41 59 25 38 52 23 4 9 31 15 58 45 40 22 26 27 53 34 44 18 16 54 19 3 50 1 42 20 37 47 6 12 30 33 28 49 5 29 55 36 39 14 13 8 11 0
0 10 45 24 47 58 48 15 40 2 50 20 28 53 39 32 54 17 42 36 41 23 38 27 35 9 11 30 34 22 5 37 33 6 55 46 56 13 4 7 59 26 12 52 8 19 29 1 3 31 16 18 43 14 44 57 21 49 25 51 0
0 46 43 33 24 17 3 32 27 36 31 22 45 15 54 50 37 38 55 6 10 53 21 16 25 14 49 39 58 35 9 23 34 44 19 30 12 18 52 57 28 13 40 8 4 26 1 51 42 41 47 7 5 48 2 59 29 56 11 20 0
0 57 14 40 37 56 41 45 32 36 24 3 39 18 28 35 13 21 55 44 54 2 29 22 30 52 33 27 6 15 20 9 10 26 50 12 8 53 59 16 1 43 23 25 58 11 31 38 5 47 7 49 17 51 48 4 34 19 42 46 0
0 37 51 16 9 47 11 19 20 30 21 17 7 28 41 22 12 24 55 5 43 25 36 53 45 10 34 8 14 35 56 39 42 3 18 32 23 50 4 52 59 40 26 58 44 1 48 38 46 2 54 27 15 6 33 57 31 29 49 13 0
0 7 9 23 15 4 12 14 8 40 41 38 20 18 24 1 33 29 22 50 35 26 28 51 46 17 19 16 43 44 57 21 34 56 2 54 3 31 39 27 11 36 45 6 37 47 32 30 42 10 59 25 5 58 53 49 48 13 55 52 0
