# n n_solutions
60 1000
# n x n distance matrix
0 6328 3679 5651 4652 670 721 1964 2745 4254 5565 7184 3785 3041 1421 6902 3238 2630 1702 4114 3710 6296 4465 3405 2209 9142 3661 3228 7283 3130 3213 6930 7443 2701 7488 7402 4301 1392 6044 5967 5281 4589 4118 3736 7169 3962 4341 141 6493 5812 8949 7289 2915 3992 1612 2376 7340 3106 3023 3329
6328 0 9398 1063 1702 6000 6700 4401 6672 3324 2507 8324 2607 7211 5412 8769 3101 7424 5246 3538 6177 7641 3220 7077 6305 6307 8736 3214 4753 4031 6539 6449 1118 4341 3601 1170 2308 6835 2353 500 2641 1824 5243 2729 6216 2729 2701 6239 1702 4548 6328 2707 6425 8393 7826 8683 6935 8616 3956 4518
3679 9398 0 8943 7872 4327 3911 5440 3000 6477 7863 10440 7119 6040 4024 9972 6536 2102 5381 6264 7158 9600 8091 6519 5594 12821 5714 6657 10962 5457 6530 10514 10500 6365 11104 10316 7717 4472 8359 9138 7566 7871 7742 7134 10789 6705 6888 3676 9042 9491 12624 10816 6260 6477 2195 2109 10890 806 6660 7008
5651 1063 8943 0 1081 5246 5941 3687 6403 3399 3006 7280 1868 6236 4919 7710 2435 7071 4400 3584 5142 6585 2163 6074 5375 5622 7787 2432 3920 3818 5535 5456 1964 3423 2983 2195 1400 6000 3014 565 3041 1077 4187 1923 5255 2561 2729 5578 2563 3535 5603 2236 5440 7400 7212 8027 5950 8188 3026 3511
4652 1702 7872 1081 0 4301 5000 2707 5326 2500 2500 7294 905 5594 3848 7602 1414 5990 3551 2657 4701 6519 2011 5507 4648 6356 7083 1513 4527 2765 4973 5700 2801 2692 3848 2844 781 5134 2683 1315 2433 223 3894 1044 5590 1565 1843 4570 2545 3785 6296 3220 4830 6797 6184 7021 6209 7111 2325 3000
670 6000 4327 5246 4301 0 700 1603 3306 4272 5503 6549 3405 2529 1700 6300 2901 3275 1063 4161 3059 5656 3894 2844 1603 8495 3394 2816 6648 3201 2600 6260 7102 2109 6911 7111 3863 1063 5961 5607 5232 4210 3448 3324 6500 3827 4254 728 6332 5166 8297 6762 2300 3584 2202 2863 6670 3773 2459 2687
721 6700 3911 5941 5000 700 0 2302 3420 4876 6146 6670 4104 2402 2121 6328 3601 3200 1655 4750 3269 5796 4518 2807 1708 8980 2941 3512 7170 3773 2692 6603 7801 2731 7517 7810 4554 707 6612 6306 5869 4909 3841 4019 6881 4492 4904 860 7009 5663 8769 7409 2404 3289 1720 2247 6983 3453 3101 3220
1964 4401 5440 3687 2707 1603 2302 0 3492 2973 4049 6648 1824 3465 1612 6621 1300 3860 1131 2920 3257 5755 2690 3580 2403 7600 4716 1264 5685 2102 3138 5824 5508 1216 5672 5508 2340 2529 4477 4019 3801 2630 3101 1772 5948 2332 2801 1897 4775 4337 7443 5385 2884 4669 3546 4340 6296 4750 1341 2022
2745 6672 3000 6403 5326 3306 3420 3492 0 3544 4903 9817 4742 5786 1897 9604 4186 905 4044 3324 6312 8919 6105 6140 4909 11063 6264 4440 9141 2641 5903 9272 7736 4681 8949 7484 5381 4123 5393 6489 4609 5381 6476 4826 9424 3944 4031 2630 6113 7829 10917 8485 5603 6705 2687 3500 9726 2202 4833 5470
4254 3324 6477 3399 2500 4272 4876 2973 3544 0 1400 9234 2507 6437 2912 9361 2308 4393 4103 223 6090 8381 4204 6543 5375 8852 7621 2720 7003 1140 6080 7939 4301 3847 6332 3982 3006 5325 1900 3280 1100 2668 5630 2716 7905 1000 670 4123 2570 6100 8786 5634 5841 7636 5375 6296 8447 5671 3676 4530
5565 2507 7863 3006 2500 5503 6146 4049 4903 1400 0 9750 2968 7465 4275 9998 3041 5770 5160 1603 6887 8947 4494 7500 6420 8628 8765 3405 6902 2517 7000 8200 3264 4668 5968 2831 3231 6529 500 2668 300 2720 6242 3190 8080 1720 1252 5440 1252 6281 8609 5141 6794 8683 6759 7679 8709 7057 4404 5220
7184 8324 10440 7280 7294 6549 6670 6648 9817 9234 9750 0 6815 4401 8000 921 6926 9814 5800 9272 3505 900 5283 3921 4981 4904 5200 6514 4428 8668 3981 2193 8909 5491 5866 9343 6529 6016 9976 7840 9625 7071 3613 6592 2657 8287 8766 7269 9763 3818 4604 6603 4275 4280 8286 8417 1941 10096 5577 4729
3785 2607 7119 1868 905 3405 4104 1824 4742 2507 2968 6815 0 4741 3106 7032 583 5326 2647 2600 3959 5992 1700 4687 3769 6519 6203 608 4617 2376 4161 5433 3700 1835 4220 3748 640 4229 3264 2202 2817 806 3275 223 5400 1513 1964 3710 3301 3601 6419 3753 3996 5953 5345 6161 5941 6381 1500 2267
3041 7211 6040 6236 5594 2529 2402 3465 5786 6437 7465 4401 4741 0 4215 3962 4465 5600 2334 6378 1523 3577 4229 500 1063 7580 1600 4167 6016 5500 824 4816 8200 2906 6806 8381 4904 1700 7860 6735 7234 5423 2570 4561 5200 5748 6236 3157 8025 4522 7324 7006 806 1220 3905 4024 5093 5727 3269 2745
1421 5412 4024 4919 3848 1700 2121 1612 1897 2912 4275 8000 3106 4215 0 7851 2523 2267 2200 2751 4504 7100 4280 4492 3228 9211 5044 2690 7294 1772 4177 7376 6525 2785 7212 6395 3720 2720 4767 5126 3981 3847 4589 3140 7527 2807 3106 1280 5303 5948 9055 6841 3883 5283 2501 3413 7833 3275 2952 3573
6902 8769 9972 7710 7602 6300 6328 6621 9604 9361 9998 921 7032 3962 7851 0 7068 9518 5671 9377 3373 1140 5622 3522 4700 5800 4527 6664 5186 8697 3701 2983 9436 5536 6579 9835 6824 5643 10262 8275 9848 7381 3758 6809 3471 8452 8944 7000 10121 4382 5500 7256 4001 3623 7864 7905 2807 9688 5685 4833
3238 3101 6536 2435 1414 2901 3601 1300 4186 2308 3041 6926 583 4465 2523 7068 0 4750 2247 2353 3860 6074 2061 4468 3448 6985 5860 412 5069 1941 3962 5700 4210 1627 4763 4210 1204 3785 3405 2729 2842 1360 3324 640 5714 1389 1886 3157 3577 3945 6870 4327 3764 5685 4780 5608 6203 5798 1389 2236
2630 7424 2102 7071 5990 3275 3200 3860 905 4393 5770 9814 5326 5600 2267 9518 4750 0 4178 4177 6334 8926 6543 6003 4837 11454 5852 4949 9544 3417 5841 9470 8508 4973 9476 8287 5954 3901 6264 7206 5474 6021 6647 5381 9666 4701 4838 2549 6963 8163 11289 9077 5544 6395 2059 2758 9902 1300 5186 5724
1702 5246 5381 4400 3551 1063 1655 1131 4044 4103 5160 5800 2647 2334 2200 5671 2247 4178 0 4045 2308 4900 2863 2469 1272 7440 3623 2039 5586 3190 2061 5292 6319 1077 5866 6395 3000 1600 5575 4816 4920 3422 2469 2517 5500 3440 3920 1720 5818 4110 7247 5758 1788 3538 3264 3894 5724 4800 1456 1627
4114 3538 6264 3584 2657 4161 4750 2920 3324 223 1603 9272 2600 6378 2751 9377 2353 4177 4045 0 6082 8411 4300 6500 5315 8998 7528 2765 7138 984 6046 8022 4522 3848 6500 4205 3125 5220 2102 3482 1303 2816 5661 2801 8000 1118 860 3980 2789 6200 8926 5818 5800 7569 5197 6118 8528 5458 3700 4554
3710 6177 7158 5142 4701 3059 3269 3257 6312 6090 6887 3505 3959 1523 4504 3373 3860 6334 2308 6082 0 2607 3008 1118 1565 6074 3059 3482 4494 5348 721 3405 7077 2247 5333 7335 3940 2692 7218 5682 6700 4500 1100 3748 3748 5243 5742 3785 7233 3008 5824 5608 921 2402 4964 5280 3744 6722 2483 1702
6296 7641 9600 6585 6519 5656 5796 5755 8919 8381 8947 900 5992 3577 7100 1140 6074 8926 4900 8411 2607 0 4522 3087 4100 4949 4525 5664 4123 7787 3104 2000 8297 4609 5478 8700 5745 5154 9192 7150 8810 6296 2751 5769 2500 7446 7930 6378 9021 3244 4652 6129 3395 3606 7433 7601 1964 9234 4712 3860
4465 3220 8091 2163 2011 3894 4518 2690 6105 4204 4494 5283 1700 4229 4280 5622 2061 6543 2863 4300 3008 4522 0 4002 3512 4964 5821 1708 3041 4002 3471 3748 4071 1788 3023 4356 1264 4368 4694 2720 4396 1788 2024 1503 3701 3206 3634 4440 4500 1902 4833 2912 3423 5336 6074 6752 4257 7427 1442 1500
3405 7077 6519 6073 5507 2844 2807 3580 6140 6543 7500 3921 4687 500 4492 3522 4468 6003 2469 6500 1118 3087 4002 0 1264 7119 1941 4140 5597 5659 538 4327 8032 2860 6449 8245 4785 2121 7873 6591 7283 5323 2209 4493 4720 5798 6293 3512 7988 4123 6860 6700 707 1334 4368 4517 4596 6184 3190 2562
2209 6305 5594 5375 4648 1603 1708 2403 4909 5375 6420 4981 3769 1063 3228 4700 3448 4837 1272 5315 1565 4100 3512 1264 0 7465 2435 3178 5745 4440 1004 4940 7334 1964 6324 7472 4002 1140 6824 5845 6184 4492 2280 3605 5249 4701 5185 2302 7023 4219 7234 6395 707 2267 3400 3753 5300 5161 2353 2022
9143 6307 12822 5622 6356 8495 8980 7600 11063 8852 8628 4904 6519 7580 9211 5800 6985 11454 7440 8998 6074 4949 4964 7119 7465 0 8989 6664 1923 8895 6795 2983 6258 6500 2707 6844 5913 8579 8601 6000 8657 6184 5185 6369 2500 7884 8199 9154 8009 3330 300 3634 6963 8154 10679 11186 3006 12228 6268 5813
3661 8736 5714 7787 7083 3394 2941 4716 6264 7621 8765 5200 6203 1600 5044 4527 5860 5852 3623 7528 3059 4525 5821 1941 2435 8989 0 5608 7528 6585 2408 6105 9751 4396 8385 9904 6428 2334 9192 8271 8514 6925 4143 6040 6536 7048 7516 3801 9437 6063 8720 8605 2402 921 3863 3605 6300 5614 4780 4328
3228 3214 6657 2432 1513 2816 3512 1264 4440 2720 3405 6514 608 4167 2690 6664 412 4949 2039 2765 3482 5664 1708 4140 3178 6664 5608 0 4742 2319 3623 5300 4301 1280 4527 4356 1077 3622 3748 2800 3220 1400 2915 509 5323 1788 2282 3161 3858 3569 6539 4161 3440 5385 4810 5604 5800 5940 1000 1835
7283 4753 10962 3920 4527 6648 7170 5685 9141 7003 6902 4428 4617 6016 7294 5186 5069 9544 5586 7138 4494 4123 3041 5597 5745 1923 7528 4742 0 6988 5200 2236 4964 4609 1486 5503 4026 6824 6934 4373 6900 4341 3488 4459 1802 6020 6363 7286 6432 1526 1802 2360 5322 6768 8845 9402 2580 10347 4360 3962
3130 4031 5457 3818 2765 3201 3773 2102 2641 1140 2517 8668 2376 5500 1772 8697 1941 3417 3190 984 5348 7787 4002 5659 4440 8895 6585 2319 6988 0 5235 7605 5099 3178 6551 4870 2996 4263 3014 3860 2220 2860 5063 2529 7641 1303 1431 2996 3612 5885 8791 5981 4973 6670 4242 5162 8102 4657 3114 3945
3213 6539 6530 5535 4973 2600 2692 3138 5903 6080 7000 3981 4161 824 4177 3701 3962 5841 2061 6046 721 3104 3471 538 1004 6795 2408 3623 5200 5235 0 4103 7494 2343 5984 7707 4248 2061 7366 6053 6789 4788 1746 3965 4459 5307 5805 3306 7462 3700 6545 6200 300 1868 4345 4604 4420 6135 2662 2024
6930 6449 10514 5456 5700 6260 6603 5824 9272 7939 8200 2193 5433 4816 7376 2983 5700 9470 5292 8022 3405 2000 3748 4327 4940 2983 6105 5300 2236 7605 4103 0 6902 4609 3689 7381 5000 6080 8348 5994 8125 5481 2823 5223 500 6946 7382 6977 8011 1931 2692 4468 4326 5235 8321 8683 509 10023 4539 3807
7443 1118 10500 1964 2801 7102 7801 5508 7736 4301 3264 8909 3700 8200 6525 9436 4210 8508 6319 4522 7077 8297 4071 8032 7334 6258 9751 4301 4964 5099 7494 6902 0 5375 3605 600 3337 7915 2968 1503 3465 2901 6082 3805 6603 3807 3721 7355 2147 5091 6332 2657 7404 9359 8944 9800 7360 9714 4981 5470
2701 4341 6365 3423 2692 2109 2731 1216 4681 3847 4668 5491 1835 2906 2785 5536 1627 4973 1077 3848 2247 4609 1788 2860 1964 6500 4396 1280 4609 3178 2343 4609 5375 0 4802 5508 2039 2630 5024 3882 4468 2529 1902 1655 4743 3000 3500 2690 5131 3190 6324 4681 2163 4118 4301 4964 5080 5738 400 806
7488 3601 11104 2983 3848 6911 7517 5672 8949 6332 5968 5866 4220 6806 7212 6579 4763 9476 5866 6500 5333 5478 3023 6449 6324 2707 8385 4527 1486 6551 5984 3689 3605 4802 0 4176 3580 7300 5913 3313 6020 3712 4242 4123 3280 5412 5664 7463 5303 2408 2745 948 6041 7716 9097 9760 4060 10422 4465 4346
7402 1170 10316 2195 2844 7111 7810 5508 7484 3982 2831 9343 3748 8381 6395 9835 4210 8287 6395 4205 7335 8700 4356 8245 7472 6844 9904 4356 5503 4870 7707 7381 600 5508 4176 0 3478 7976 2483 1655 3061 2983 6380 3883 7102 3613 3453 7306 1640 5531 6912 3228 7595 9563 8856 9732 7849 9521 5124 5685
4301 2308 7717 1400 781 3863 4554 2340 5381 3006 3231 6529 640 4904 3720 6824 1204 5954 3000 3125 3940 5745 1264 4785 4002 5913 6428 1077 4026 2996 4248 5000 3337 2039 3580 3478 0 4600 3448 1843 3132 565 3114 583 4925 2009 2402 4237 3323 3114 5824 3124 4123 6092 5886 6676 5509 6989 1649 2247
1392 6835 4472 6000 5134 1063 707 2529 4123 5325 6529 6016 4229 1700 2720 5643 3785 3901 1600 5220 2692 5154 4368 2121 1140 8579 2334 3622 6824 4263 2061 6080 7915 2630 7300 7976 4600 0 6977 6412 6264 5015 3397 4110 6389 4833 5277 1523 7304 5300 8354 7280 1788 2600 2284 2617 6435 4080 3026 2954
6044 2353 8359 3014 2683 5961 6612 4477 5393 1900 500 9976 3264 7860 4767 10262 3405 6264 5575 2102 7218 9192 4694 7873 6824 8601 9192 3748 6934 3014 7366 8348 2968 5024 5913 2483 3448 6977 0 2601 800 2906 6521 3482 8200 2147 1708 5920 848 6419 8600 5048 7169 9080 7256 8174 8854 7553 4738 5531
5967 500 9138 565 1315 5607 6306 4019 6489 3280 2668 7840 2202 6735 5126 8275 2729 7206 4816 3482 5682 7150 2720 6591 5845 6000 8271 2800 4373 3860 6053 5994 1503 3882 3313 1655 1843 6412 2601 0 2751 1400 4743 2302 5777 2561 2624 5885 2061 4081 6003 2473 5946 7912 7495 8336 6484 8367 3492 4031
5281 2641 7566 3041 2433 5232 5869 3801 4609 1100 300 9625 2817 7234 3981 9848 2842 5474 4920 1303 6700 8809 4396 7283 6184 8657 8514 3220 6900 2220 6789 8125 3465 4468 6020 3061 3132 6264 800 2751 0 2647 6090 3040 8022 1486 1000 5154 1523 6216 8628 5220 6576 8450 6462 7382 8634 6760 4220 5047
4589 1824 7871 1077 223 4210 4909 2630 5381 2668 2720 7071 806 5423 3847 7381 1360 6021 3422 2816 4500 6296 1788 5323 4492 6184 6925 1400 4341 2860 4788 5481 2901 2529 3712 2983 565 5015 2906 1400 2647 0 3679 905 5375 1708 2022 4512 2758 3569 6118 3124 4651 6620 6140 6963 5990 7119 2154 2801
4118 5243 7742 4187 3894 3448 3841 3101 6476 5630 6242 3613 3275 2570 4589 3758 3324 6647 2469 5661 1100 2751 2024 2209 2280 5185 4143 2915 3488 5063 1746 2823 6082 1902 4242 6380 3114 3397 6521 4743 6090 3679 0 3052 3052 4701 5189 4159 6437 1969 4957 4509 1838 3501 5560 6010 3257 7220 1964 1118
3736 2729 7134 1923 1044 3324 4019 1772 4826 2716 3190 6592 223 4561 3140 6809 640 5381 2517 2801 3748 5769 1503 4493 3605 6369 6040 509 4459 2529 3965 5223 3805 1655 4123 3883 583 4110 3482 2302 3040 905 3052 0 5200 1726 2184 3668 3500 3405 6261 3701 3807 5770 5314 6112 5731 6407 1303 2051
7169 6216 10789 5255 5590 6500 6881 5948 9424 7905 8080 2657 5400 5200 7527 3471 5714 9666 5500 8000 3748 2500 3701 4720 5249 2500 6536 5323 1802 7641 4459 500 6603 4743 3280 7102 4925 6389 8200 5777 8022 5375 3052 5200 0 6906 7324 7206 7818 1811 2213 4101 4666 5679 8601 9002 781 10272 4632 3956
3962 2729 6705 2561 1565 3827 4492 2332 3944 1000 1720 8287 1513 5748 2807 8452 1389 4701 3440 1118 5243 7446 3206 5798 4701 7884 7048 1788 6020 1303 5307 6946 3807 3000 5412 3613 2009 4833 2147 2561 1486 1708 4701 1726 6906 0 500 3847 2531 5100 7810 4770 5091 6965 5300 6200 7454 5913 2778 3623
4341 2701 6888 2729 1843 4254 4904 2801 4031 670 1252 8766 1964 6236 3106 8944 1886 4838 3920 860 5742 7930 3634 6293 5185 8199 7516 2282 6363 1431 5805 7382 3721 3500 5664 3453 2402 5277 1708 2624 1000 2022 5189 2184 7324 500 0 4220 2200 5514 8139 4964 5586 7451 5607 6519 7891 6087 3275 4117
141 6239 3676 5578 4570 728 860 1897 2630 4123 5440 7269 3710 3157 1280 7000 3157 2549 1720 3980 3785 6378 4440 3512 2302 9154 3801 3161 7286 2996 3306 6977 7355 2690 7463 7306 4237 1523 5920 5885 5154 4512 4159 3668 7206 3847 4220 0 6378 5825 8964 7247 3006 4123 1655 2451 7392 3080 3000 3342
6493 1702 9042 2563 2545 6332 7009 4775 6113 2570 1252 9763 3301 8025 5303 10121 3577 6963 5818 2789 7233 9021 4500 7988 7023 8009 9437 3858 6432 3612 7462 8011 2147 5131 5303 1640 3323 7304 848 2061 1523 2758 6437 3500 7818 2531 2200 6378 0 6083 8030 4401 7294 9243 7804 8714 8508 8237 4801 5531
5812 4548 9491 3535 3785 5166 5663 4337 7829 6100 6281 3818 3601 4522 5948 4382 3945 8163 4110 6200 3008 3244 1902 4123 4219 3330 6063 3569 1526 5885 3700 1931 5091 3190 2408 5531 3114 5300 6419 4081 6216 3569 1969 3405 1811 5100 5514 5825 6083 0 3140 2915 3807 5346 7353 7887 2435 8902 2996 2483
8949 6328 12624 5603 6296 8297 8769 7443 10917 8786 8609 4604 6419 7324 9055 5500 6870 11289 7247 8926 5824 4652 4833 6860 7234 300 8720 6539 1802 8790 6545 2692 6332 6324 2745 6912 5824 8354 8600 6003 8628 6118 4957 6261 2213 7810 8139 8964 8030 3140 0 3687 6720 7879 10473 10965 2707 12042 6105 5622
7289 2707 10816 2236 3220 6762 7409 5385 8485 5634 5141 6603 3753 7006 6841 7256 4327 9077 5758 5818 5608 6129 2912 6700 6395 3634 8605 4161 2360 5981 6200 4468 2657 4681 948 3228 3124 7280 5048 2473 5220 3124 4509 3701 4101 4770 4964 7247 4401 2915 3687 0 6212 8009 8900 9625 4879 10101 4308 4373
2915 6425 6260 5440 4830 2300 2404 2884 5603 5841 6794 4275 3996 806 3883 4001 3764 5544 1788 5800 921 3395 3423 707 707 6963 2402 3440 5322 4973 300 4326 7404 2163 6041 7595 4123 1788 7169 5946 6576 4651 1838 3807 4666 5091 5586 3006 7294 3807 6720 6212 0 1969 4071 4360 4661 5852 2505 1941
3992 8393 6477 7400 6797 3584 3289 4669 6705 7636 8683 4280 5953 1220 5283 3623 5685 6395 3538 7569 2402 3606 5336 1334 2267 8154 921 5385 6768 6670 1868 5235 9359 4118 7716 9563 6092 2600 9080 7912 8450 6620 3501 5770 5679 6965 7451 4123 9243 5346 7879 8009 1969 0 4501 4373 5408 6303 4472 3889
1612 7826 2195 7212 6184 2202 1720 3546 2687 5375 6759 8286 5345 3905 2501 7864 4780 2059 3264 5197 4964 7433 6074 4368 3400 10679 3863 4810 8845 4242 4345 8321 8944 4301 9097 8856 5886 2284 7256 7495 6462 6140 5560 5314 8601 5300 5607 1655 7804 7353 10473 8900 4071 4501 0 921 8695 1824 4632 4883
2376 8683 2109 8027 7021 2863 2247 4340 3500 6296 7679 8417 6161 4024 3413 7905 5608 2758 3894 6118 5280 7601 6752 4517 3753 11186 3605 5604 9402 5162 4604 8683 9800 4964 9760 9732 6676 2617 8174 8336 7382 6963 6010 6112 9002 6200 6519 2451 8714 7887 10965 9625 4360 4373 921 0 9021 2088 5322 5464
7340 6935 10890 5950 6209 6670 6983 6296 9726 8447 8709 1941 5941 5093 7833 2807 6203 9902 5724 8528 3744 1964 4257 4596 5300 3006 6300 5800 2580 8102 4420 509 7360 5080 4060 7849 5509 6435 8854 6484 8634 5990 3257 5731 781 7454 7891 7392 8508 2435 2707 4879 4661 5408 8695 9021 0 10420 5024 4275
3106 8616 806 8188 7111 3773 3453 4750 2202 5671 7057 10096 6381 5727 3275 9688 5798 1300 4800 5458 6722 9234 7427 6184 5161 12228 5614 5940 10347 4657 6135 10023 9714 5738 10422 9521 6989 4080 7553 8367 6760 7119 7220 6407 10272 5913 6087 3080 8237 8902 12042 10101 5852 6303 1824 2088 10420 0 6010 6420
3023 3956 6660 3026 2325 2459 3101 1341 4833 3676 4404 5577 1500 3269 2952 5685 1389 5186 1456 3700 2483 4712 1442 3190 2353 6268 4780 1000 4360 3114 2662 4539 4981 400 4465 5124 1649 3026 4738 3492 4220 2154 1964 1303 4632 2778 3275 3000 4801 2996 6105 4308 2505 4472 4632 5322 5024 6010 0 854
3329 4518 7008 3511 3000 2687 3220 2022 5470 4530 5220 4729 2267 2745 3573 4833 2236 5724 1627 4554 1702 3860 1500 2562 2022 5813 4328 1835 3962 3945 2024 3807 5470 806 4346 5685 2247 2954 5531 4031 5047 2801 1118 2051 3956 3623 4117 3342 5531 2483 5622 4373 1941 3889 4883 5464 4275 6420 854 0
# set of given starting solutions
0 27 2 9 21 13 35 47 29 38 11 46 37 52 51 6 33 40 15 14 57 58 7 42 53 43 12 41 55 16 22 54 10 48 56 18 34 3 8 50 59 4 19 1 32 39 23 17 26 28 30 20 5 45 24 31 49 25 44 36 0
0 13 59 46 26 6 10 19 21 5 50 15 39 34 28 55 22 12 41 11 36 30 44 45 35 27 32 52 17 18 58 33 53 38 16 29 14 25 48 57 7 43 2 51 4 1 8 40 42 49 37 47 54 23 24 20 31 9 56 3 0
0 23 18 10 13 6 17 38 3 41 32 55 51 50 30 29 37 12 47 25 33 48 2 59 49 42 39 4 1 54 19 45 46 53 24 44 35 11 58 28 20 16 21 15 14 9 31 52 26 57 7 27 43 34 56 8 40 22 5 36 0
0 41 13 46 30 20 52 2 36 45 54 43 40 6 42 55 39 49 32 12 23 19 58 1 57 37 31 9 48 8 51 25 28 59 22 38 56 16 34 5 53 3 18 4 50 17 24 29 47 15 27 21 10 26 33 35 7 44 11 14 0
0 31 50 43 1 36 23 4 34 51 10 44 17 29 24 35 20 9 47 32 8 25 7 22 18 57 56 28 14 54 6 52 48 55 15 27 49 3 38 37 16 30 11 41 46 5 26 45 58 12 13 21 2 33 59 53 42 19 40 39 0
0 6 54 19 9 33 11 39 23 17 34 47 48 20 12 44 56 16 8 43 37 59 38 29 7 25 27 18 36 30 32 10 51 3 5 31 45 58 52 53 41 22 21 28 46 15 50 13 1 49 40 35 26 24 14 42 55 4 2 57 0
0 43 22 23 52 25 57 37 55 14 48 42 1 11 38 45 35 31 12 39 4 41 53 3 15 28 26 40 33 18 19 21 56 2 44 6 24 36 13 8 30 54 20 5 32 49 34 17 29 46 9 59 16 58 51 10 7 27 50 47 0
0 32 45 9 31 33 25 54 59 51 4 30 11 52 1 44 34 22 50 49 53 26 14 15 55 40 27 8 10 17 35 6 48 43 2 56 42 21 57 39 46 29 5 37 3 36 58 28 18 23 19 47 16 38 20 24 13 12 7 41 0
0 15 53 30 21 13 6 31 34 43 1 8 23 59 46 32 41 9 36 40 3 29 12 17 37 42 18 55 26 38 54 11 58 5 51 4 16 49 14 39 2 24 45 57 52 48 20 47 7 27 44 35 25 22 28 19 50 56 33 10 0
0 18 4 54 17 2 41 48 37 25 27 15 40 23 12 22 39 35 53 49 24 43 50 11 52 59 8 58 28 9 45 44 31 46 1 19 36 47 7 38 33 55 26 6 34 20 56 32 29 57 14 5 13 21 3 42 30 51 16 10 0
0 42 47 7 49 53 26 40 10 2 22 33 27 6 24 9 44 48 29 41 51 3 30 4 43 58 11 15 39 59 36 32 5 35 25 34 16 13 55 8 45 28 17 37 50 1 52 57 12 20 56 38 23 14 54 18 19 21 46 31 0
0 35 41 44 19 34 47 39 32 11 14 17 56 27 28 36 38 53 13 16 6 12 48 40 26 51 42 31 20 57 58 55 4 2 3 52 9 23 43 49 22 37 50 18 46 1 54 8 45 25 33 5 21 59 7 30 24 15 10 29 0
0 14 42 27 24 58 38 4 40 12 44 57 30 15 13 28 48 2 29 47 34 51 43 22 59 26 7 8 54 33 52 53 41 18 1 21 56 35 37 5 20 50 11 16 31 6 46 9 39 3 32 49 19 36 45 23 55 17 25 10 0
0 32 58 57 30 6 56 59 47 2 50 31 12 45 16 8 14 46 10 21 22 7 33 9 43 29 48 18 3 53 39 37 20 40 5 36 28 1 4 54 51 15 19 24 44 41 11 52 26 38 25 35 55 23 17 13 34 49 42 27 0
0 37 38 22 18 30 3 11 35 24 28 48 36 15 16 40 44 47 52 32 26 57 27 19 31 43 39 41 20 13 4 5 25 1 46 17 2 33 54 58 23 12 45 50 9 51 10 49 29 56 14 53 7 59 8 21 34 42 6 55 0
0 8 31 23 13 30 6 52 56 40 41 2 53 25 38 1 5 42 57 14 16 44 32 3 9 21 24 18 51 49 4 48 34 59 55 27 43 36 7 47 10 29 37 12 58 46 39 33 28 50 15 19 26 20 45 11 22 17 35 54 0
0 28 17 4 33 52 27 14 40 2 1 57 9 30 46 32 53 19 8 13 47 51 44 6 22 59 37 11 3 43 20 45 35 34 16 25 7 10 26 29 36 21 24 23 55 58 41 54 42 18 48 49 15 31 38 56 5 39 12 50 0
0 41 4 53 10 2 44 27 30 9 59 47 52 17 29 28 5 1 45 40 20 13 25 23 26 7 42 18 24 11 36 46 43 58 6 33 34 37 16 49 3 54 22 15 8 48 57 51 56 50 38 35 21 31 55 14 12 39 32 19 0
0 1 45 22 25 26 10 30 34 41 27 36 52 51 23 57 6 4 46 53 58 13 9 11 19 39 32 31 33 37 35 7 55 42 50 8 47 44 15 12 18 59 20 5 24 38 16 3 29 2 56 54 49 43 48 21 40 28 14 17 0
0 41 18 38 5 54 19 3 1 52 24 42 51 6 16 17 27 35 45 39 21 31 28 43 53 33 11 58 15 46 29 32 50 23 48 20 47 56 25 34 26 4 10 44 14 12 55 36 22 49 9 13 37 2 59 40 8 7 57 30 0
0 59 34 41 6 58 5 35 1 51 54 32 55 27 49 47 24 57 44 45 28 4 21 40 33 8 11 22 39 30 46 13 15 20 56 36 26 25 38 23 17 3 50 12 52 7 2 16 37 43 10 14 42 48 29 53 18 31 19 9 0
0 12 55 47 44 3 13 50 40 9 2 58 34 56 8 11 49 28 42 35 6 29 37 7 31 14 22 1 51 52 26 23 5 17 16 46 32 38 43 18 25 20 45 57 48 27 4 24 41 15 30 36 39 33 19 10 59 21 53 54 0
0 18 52 33 37 15 38 19 28 6 12 21 8 17 54 32 55 47 29 9 34 4 3 57 39 35 50 46 26 10 16 31 1 14 42 48 40 53 7 43 44 58 51 25 22 49 13 11 41 45 36 24 27 23 59 5 56 20 30 2 0
0 33 35 19 21 49 3 50 10 36 29 18 39 47 6 44 41 13 59 38 23 12 17 15 22 42 54 2 53 51 24 46 27 26 1 34 25 57 16 31 9 4 7 32 45 40 55 58 52 28 11 48 5 8 20 56 14 43 37 30 0
0 21 2 49 41 25 4 16 57 53 58 9 36 39 20 3 44 34 10 40 50 59 19 1 24 51 11 31 48 14 38 17 27 32 43 6 29 28 37 55 23 52 18 42 56 13 46 30 8 22 33 47 5 54 7 26 15 12 35 45 0
0 24 23 15 10 18 30 26 35 22 40 51 28 42 3 50 55 31 14 56 17 13 54 59 5 9 21 37 16 58 32 36 7 41 44 1 11 43 27 20 39 29 6 33 52 19 12 2 46 8 38 57 49 34 47 53 48 4 25 45 0
0 24 48 44 6 32 7 43 40 30 2 8 33 14 12 52 47 26 29 34 31 1 5 35 54 9 38 25 42 23 37 58 19 50 11 20 27 17 15 3 39 41 59 36 4 56 45 46 49 10 28 51 55 16 53 22 13 57 18 21 0
0 5 56 48 55 53 26 58 13 12 15 36 17 21 24 57 44 16 18 35 10 37 27 23 47 7 46 40 43 30 50 6 1 33 52 29 59 49 42 54 38 4 25 19 45 31 8 32 39 28 9 34 11 14 41 51 20 3 22 2 0
0 40 42 14 47 49 35 26 28 20 43 45 8 30 25 53 52 58 21 51 44 34 19 57 29 15 55 4 38 46 23 59 18 56 13 32 5 39 7 37 54 9 2 24 16 6 11 50 22 17 1 12 10 33 48 41 3 36 27 31 0
0 28 9 48 53 22 37 46 54 51 41 3 5 38 8 30 21 44 26 49 12 55 59 24 14 15 36 57 56 45 18 2 40 17 33 42 34 35 50 10 19 11 32 1 43 4 13 47 27 16 6 25 20 7 39 58 52 23 31 29 0
0 16 24 36 26 39 6 13 35 34 23 51 28 43 45 5 12 22 21 44 14 20 54 3 38 7 59 41 42 2 18 25 57 27 19 29 11 32 30 48 58 46 15 50 47 37 33 8 31 1 52 40 49 55 10 9 17 53 4 56 0
0 16 20 53 6 42 47 15 49 44 22 10 24 27 41 11 57 48 59 25 1 36 21 50 35 8 17 37 32 43 45 18 34 5 40 55 14 31 46 2 13 56 3 38 51 23 39 29 33 12 30 4 26 52 19 7 28 54 58 9 0
0 33 22 11 49 18 20 39 23 12 26 59 38 45 52 15 32 55 36 19 40 54 44 14 47 10 27 8 25 57 58 24 31 35 41 50 28 34 17 13 42 51 2 7 29 9 4 3 46 1 5 43 48 30 53 6 16 21 56 37 0
0 20 47 16 12 9 15 7 44 42 55 50 45 58 30 49 43 24 11 1 6 29 52 23 41 21 37 34 59 33 51 22 48 38 31 40 19 56 18 3 5 13 54 14 36 46 39 57 32 17 26 8 4 10 27 25 35 53 28 2 0
0 29 57 50 7 49 36 42 28 45 51 46 26 11 52 34 20 4 18 1 22 19 2 59 23 31 35 10 38 37 17 13 5 25 3 6 12 54 55 39 16 33 27 14 30 32 21 15 40 43 48 58 24 9 44 41 47 56 8 53 0
0 5 51 44 41 8 39 9 34 37 2 4 25 47 45 36 1 19 6 13 14 29 55 17 26 18 28 59 54 49 48 56 33 57 3 38 7 32 50 53 42 43 21 12 10 30 16 22 46 31 23 40 11 27 15 52 20 35 24 58 0
0 59 17 55 52 30 33 25 18 31 49 13 38 21 44 41 39 46 15 11 53 6 42 8 7 10 14 20 34 29 16 48 47 54 45 19 22 51 57 37 27 35 28 23 1 2 26 4 9 56 24 3 32 12 43 36 40 50 5 58 0
0 1 59 56 16 21 2 14 10 47 34 51 48 28 23 31 46 35 33 5 40 25 57 42 6 29 52 24 22 45 8 44 17 54 55 18 50 7 11 38 19 49 37 12 20 13 39 30 15 32 58 36 43 9 4 26 53 41 27 3 0
0 41 55 22 33 54 13 34 28 6 30 59 5 11 40 18 23 57 48 52 42 26 4 46 8 50 9 31 32 44 45 53 10 16 1 39 58 27 35 43 51 21 56 37 12 49 19 38 15 20 36 14 3 25 29 2 7 47 17 24 0
0 14 47 57 35 28 16 33 43 13 30 10 3 12 56 1 38 32 25 23 39 20 31 46 37 6 36 26 9 54 5 24 21 19 48 40 52 49 50 58 44 8 11 2 51 34 15 4 17 18 45 27 41 7 53 42 29 22 59 55 0
0 7 3 28 23 53 20 57 54 56 5 15 59 1 40 11 22 21 2 32 36 35 50 34 13 6 12 55 49 9 14 43 39 38 16 17 4 33 47 58 27 19 10 41 31 29 51 45 42 37 48 46 8 26 52 18 25 44 24 30 0
0 21 4 31 50 51 48 39 20 36 28 57 24 2 55 29 6 30 53 11 56 42 23 25 40 52 37 15 9 12 58 14 44 8 22 43 1 17 7 3 19 38 35 13 54 49 33 27 18 16 41 59 47 5 45 34 46 26 32 10 0
0 18 53 59 57 35 10 36 25 42 30 15 14 47 4 11 1 20 39 34 46 13 22 56 16 50 23 37 32 55 8 43 38 6 51 40 19 3 58 48 31 12 52 9 54 45 28 33 26 27 41 29 49 7 21 24 5 17 2 44 0
0 40 5 29 42 30 37 24 54 57 51 45 8 56 23 7 12 3 15 52 17 1 9 6 25 20 26 39 43 14 13 4 38 28 2 58 18 53 22 32 50 10 49 31 27 41 16 48 19 47 44 11 55 33 36 46 59 34 35 21 0
0 3 54 7 39 27 45 35 5 11 37 56 15 8 29 44 38 43 41 6 42 30 10 59 46 22 25 32 24 16 19 34 48 50 18 52 40 28 9 12 58 51 1 14 57 13 53 49 26 20 4 2 36 47 23 17 31 21 33 55 0
0 49 4 9 50 37 10 1 2 44 7 53 47 29 55 12 6 27 25 17 45 3 15 33 23 48 56 51 16 43 34 28 42 41 24 19 20 54 52 30 35 59 11 26 31 32 18 21 40 22 8 14 39 57 46 58 38 5 36 13 0
0 45 29 8 10 54 41 49 18 39 42 36 17 12 27 19 20 53 14 15 3 11 26 22 6 7 25 47 37 31 46 56 52 2 23 30 32 9 28 5 40 13 38 58 4 55 43 34 35 44 33 57 48 59 24 16 21 51 50 1 0
0 30 6 59 18 17 43 39 47 28 57 38 4 49 27 33 10 2 21 55 53 31 32 34 52 8 16 29 7 15 41 3 5 35 48 26 13 50 56 51 46 54 9 12 19 11 20 44 42 23 40 24 1 37 25 22 58 14 45 36 0
0 16 2 27 56 58 25 32 15 11 33 18 48 13 10 19 29 12 51 40 55 31 26 53 59 5 38 44 28 57 30 24 37 45 35 34 14 6 1 41 39 36 52 21 20 50 17 23 42 9 8 54 3 46 47 49 43 7 22 4 0
0 2 50 47 45 13 35 11 59 41 26 4 22 37 39 1 21 30 32 52 42 28 10 44 20 33 17 55 36 40 57 25 9 49 16 24 34 8 38 46 18 48 3 19 6 12 29 15 56 51 54 5 27 58 23 31 53 14 7 43 0
0 46 35 31 7 20 58 1 17 39 48 21 37 55 15 28 18 45 56 52 57 32 38 5 22 54 2 27 8 49 3 23 34 36 9 16 41 33 13 47 19 40 51 24 43 14 25 44 42 26 50 53 29 12 6 59 4 10 30 11 0
0 37 56 12 53 16 34 15 31 17 14 24 58 29 13 41 48 38 11 27 26 51 5 19 54 55 43 2 45 1 32 46 36 40 52 8 7 44 59 3 22 33 49 39 47 6 10 4 42 18 57 23 21 20 9 30 25 50 35 28 0
0 8 56 1 38 45 34 13 35 15 11 27 7 5 52 6 17 42 24 58 9 25 47 12 30 50 41 10 20 40 49 51 39 36 21 37 44 18 26 22 59 32 54 14 48 3 43 16 29 46 55 2 33 57 53 28 4 31 19 23 0
0 48 57 20 2 21 44 56 49 14 54 27 35 32 16 17 41 23 30 43 53 47 26 10 7 5 45 33 3 51 34 4 25 58 9 38 11 36 42 37 22 59 29 31 19 24 52 12 6 50 39 1 18 13 15 40 46 28 55 8 0
0 21 47 46 9 11 28 17 7 25 53 37 58 48 13 14 36 24 41 10 8 16 44 40 38 49 3 35 33 2 20 34 5 15 54 27 1 56 39 31 6 12 23 32 18 59 43 45 29 30 50 57 22 51 4 42 19 52 55 26 0
0 47 56 8 52 11 16 12 28 1 32 59 58 36 31 41 43 46 42 20 2 4 26 6 18 19 29 14 10 37 7 34 51 24 13 9 35 21 44 17 49 30 27 50 40 33 25 38 39 53 57 5 15 55 48 22 23 54 3 45 0
0 53 18 2 36 21 19 56 51 46 29 55 23 59 38 9 47 39 49 15 33 24 22 1 10 28 26 17 37 32 5 13 44 45 6 41 43 4 12 52 57 30 58 16 31 42 50 54 48 35 20 14 25 34 3 40 11 8 7 27 0
0 22 1 36 48 42 20 21 13 40 39 10 17 32 58 41 34 27 29 18 25 15 12 8 2 51 16 55 54 23 9 33 47 14 56 37 43 3 46 26 31 53 4 7 30 11 49 19 5 38 45 44 59 52 50 35 28 57 24 6 0
0 2 56 52 9 59 18 40 6 3 32 57 20 15 41 23 55 8 28 50 7 36 4 51 33 14 35 19 12 45 37 25 58 42 54 21 46 1 11 53 39 48 5 17 43 34 47 26 27 44 24 10 49 31 30 13 38 16 22 29 0
0 21 25 17 9 13 18 44 45 26 35 57 34 16 3 15 42 58 7 49 24 8 31 1 10 22 27 48 2 51 59 52 37 36 54 20 50 56 55 11 23 40 32 19 53 29 6 12 46 39 41 14 4 5 30 38 33 28 43 47 0
0 52 13 12 9 5 43 4 40 46 17 48 26 8 49 18 42 25 58 10 28 53 30 54 2 45 56 34 24 16 19 29 6 59 14 22 15 35 21 51 1 50 37 57 33 31 11 23 44 41 36 55 39 47 20 27 3 38 32 7 0
0 34 16 30 23 55 32 48 11 43 53 37 42 12 8 5 9 21 1 45 3 24 33 51 28 31 38 44 15 7 47 17 13 26 54 56 40 10 2 52 39 25 59 4 27 58 20 41 18 19 50 36 46 14 57 22 49 35 29 6 0
0 35 10 24 25 17 51 20 44 36 53 40 29 46 47 9 4 16 48 58 33 23 32 26 12 56 30 11 55 2 52 39 13 49 28 31 59 21 18 45 1 54 34 15 5 7 50 8 6 14 38 37 42 57 3 27 43 22 41 19 0
0 14 41 13 29 26 30 53 54 52 51 15 23 19 40 18 33 44 1 39 36 48 17 5 24 16 7 47 28 6 8 59 32 35 3 25 46 10 9 50 22 27 57 55 34 20 42 31 45 11 58 21 12 49 4 2 43 56 37 38 0
0 35 40 3 45 27 54 38 6 30 47 50 48 11 33 5 58 20 23 46 56 32 4 57 42 19 7 8 29 59 36 22 51 52 26 31 10 44 25 21 14 39 2 16 1 15 13 17 12 53 28 49 41 43 37 9 55 18 34 24 0
0 28 2 37 47 24 45 3 8 57 23 5 36 31 40 12 51 46 33 55 54 1 32 48 4 10 9 6 20 19 26 44 22 49 43 17 14 27 41 30 35 21 42 29 56 53 15 13 34 25 7 58 38 50 11 59 52 18 16 39 0
0 54 11 20 8 9 33 21 12 29 25 24 49 39 28 30 27 44 32 10 52 51 37 14 46 17 3 34 19 42 38 55 53 7 2 23 18 47 6 40 50 36 1 57 58 43 26 5 13 22 31 35 41 59 45 48 56 15 16 4 0
0 30 59 21 41 46 44 48 1 28 31 57 36 51 23 35 29 3 39 4 24 47 12 5 8 17 37 49 16 9 19 7 14 33 54 56 20 27 43 42 13 32 6 2 52 15 25 55 18 38 10 22 53 45 26 50 58 11 40 34 0
0 5 37 15 36 47 22 6 3 16 11 59 1 8 31 38 35 19 14 46 53 54 21 10 2 7 58 27 56 52 24 49 30 57 42 40 29 12 4 20 50 45 41 25 9 48 17 44 33 34 55 39 26 43 18 13 28 23 32 51 0
0 47 19 59 35 11 23 56 52 12 50 3 41 58 40 1 28 39 38 6 9 14 46 16 31 13 4 30 53 27 34 15 20 25 24 51 8 5 33 18 22 43 54 2 48 57 36 49 21 32 17 26 10 29 7 37 44 45 42 55 0
0 42 27 45 44 57 18 48 38 31 3 29 30 26 8 15 21 58 33 49 56 53 5 35 39 19 50 7 22 37 13 10 11 51 28 24 40 36 43 47 2 41 14 17 16 34 54 55 25 59 23 4 6 9 1 32 20 12 52 46 0
0 25 43 48 4 55 1 45 44 30 27 37 19 41 51 22 3 34 39 36 15 46 47 33 52 24 8 49 23 54 12 17 38 53 7 5 13 6 2 20 56 14 26 10 50 9 18 57 29 11 58 16 21 42 35 32 31 59 28 40 0
0 47 55 53 7 13 50 36 14 27 25 1 57 41 26 20 35 19 29 51 23 17 59 44 33 24 34 42 3 52 16 15 8 30 39 49 56 45 12 10 37 2 38 18 9 5 54 4 46 22 11 28 21 58 40 31 43 6 32 48 0
0 31 1 40 51 22 18 42 48 41 17 21 7 10 23 20 55 52 43 44 28 39 2 38 11 16 27 56 29 8 32 37 15 12 53 5 9 58 30 46 57 13 59 25 35 47 3 50 26 49 36 4 34 54 14 6 33 24 19 45 0
0 13 27 45 15 40 22 39 53 32 44 3 43 21 46 6 48 16 33 38 59 52 55 57 17 36 51 50 2 4 47 54 56 18 35 7 8 11 31 1 14 34 29 42 5 24 58 26 28 37 30 12 9 41 20 23 10 25 19 49 0
0 23 40 15 43 33 56 7 44 6 5 50 36 46 49 27 28 1 38 52 10 12 32 2 9 14 21 35 45 53 59 47 39 19 37 48 25 54 13 29 58 24 31 17 55 51 41 11 8 26 57 42 22 3 16 18 34 4 30 20 0
0 58 40 29 1 46 24 38 50 44 13 7 34 21 28 37 45 17 27 48 15 49 51 53 18 4 39 35 23 9 42 33 56 55 26 11 32 20 57 59 25 16 30 22 3 5 52 14 10 47 43 19 12 36 6 54 2 8 31 41 0
0 48 13 30 44 29 11 50 39 25 16 4 12 18 53 52 5 58 41 57 24 34 17 49 7 28 10 36 9 27 20 14 6 37 54 59 15 3 40 33 26 1 42 43 38 8 19 56 51 55 35 23 45 22 2 46 47 21 31 32 0
0 40 10 25 19 48 14 31 38 56 45 4 5 28 34 13 37 57 30 55 44 1 26 17 16 22 20 29 27 39 35 47 36 53 2 21 42 18 54 11 8 23 32 33 24 41 46 49 12 59 52 15 9 7 58 6 50 43 51 3 0
0 18 37 54 22 51 55 33 10 19 11 57 8 23 36 12 14 27 53 15 17 48 46 9 26 47 40 21 43 4 1 39 20 29 52 25 2 50 49 32 45 44 13 7 34 31 24 59 41 5 38 56 58 30 16 3 6 42 28 35 0
0 49 22 43 1 47 26 30 11 12 36 50 10 45 38 16 51 35 4 20 17 44 19 18 39 8 7 58 28 46 6 9 25 21 15 57 37 24 3 40 52 54 53 2 41 48 59 32 56 14 23 33 31 34 55 29 13 5 27 42 0
0 35 26 5 13 37 56 36 59 39 42 25 51 11 22 31 15 30 2 49 32 28 18 53 14 50 23 24 19 57 6 12 17 54 48 38 44 58 16 27 52 8 41 45 43 4 33 3 1 10 7 47 29 34 20 40 55 21 9 46 0
0 52 45 33 47 12 59 22 2 6 25 34 24 48 30 20 44 39 55 54 42 21 31 46 53 32 15 37 50 57 41 16 58 43 29 35 49 14 1 26 4 3 11 10 40 19 27 13 23 8 7 38 51 17 28 18 36 9 56 5 0
0 46 59 39 3 43 14 10 16 30 15 40 29 49 11 20 48 50 19 21 22 26 51 37 8 27 13 53 55 1 36 33 38 32 9 45 34 23 58 56 31 17 42 35 25 24 57 54 2 28 52 6 41 44 18 5 4 47 12 7 0
0 3 40 26 37 13 18 46 56 1 8 43 36 57 2 52 45 7 59 39 19 6 51 4 16 48 28 33 23 27 11 54 21 14 25 38 31 49 42 41 29 35 10 47 50 12 44 20 24 53 55 22 32 58 9 5 15 17 30 34 0
0 41 21 1 20 54 42 19 57 5 13 2 39 18 30 33 55 22 34 11 15 45 27 12 29 24 31 26 46 44 10 51 58 59 3 9 49 52 40 6 50 56 37 17 25 47 38 28 4 8 16 43 7 14 35 48 32 53 36 23 0
0 52 27 26 37 58 6 44 8 12 19 45 46 24 11 54 34 13 16 42 48 50 53 31 35 30 40 32 23 39 21 9 5 28 2 51 57 20 41 1 36 43 47 17 56 29 7 33 10 14 59 38 18 25 3 55 22 49 15 4 0
0 26 17 38 46 20 27 35 58 43 13 36 1 16 47 51 34 45 50 19 24 10 21 37 22 40 15 53 5 29 49 33 56 42 31 12 25 48 32 11 2 52 7 4 44 30 23 54 57 41 28 6 55 14 18 8 39 59 3 9 0
0 41 50 26 51 16 2 27 39 38 49 59 28 1 31 29 53 6 36 54 17 57 56 3 13 24 8 10 18 42 25 15 35 7 11 33 37 45 22 55 5 14 40 44 9 12 23 34 30 20 19 4 21 32 47 58 43 46 52 48 0
0 8 2 47 4 28 11 43 31 1 16 58 33 45 50 23 49 5 42 10 13 54 38 6 48 34 40 57 20 7 27 52 21 30 19 59 26 12 9 36 35 41 18 56 17 25 24 3 32 44 22 29 51 14 46 53 39 55 15 37 0
0 1 36 54 33 17 14 38 32 12 49 23 31 47 2 43 42 24 30 58 46 40 7 41 10 34 57 6 22 11 3 48 20 45 37 8 44 51 25 15 53 5 13 50 52 26 56 39 16 55 28 29 4 35 18 27 21 19 59 9 0
0 24 18 1 48 20 21 28 9 15 52 12 6 4 22 40 11 36 35 51 46 58 47 54 8 32 7 56 55 27 39 50 23 53 2 5 25 49 45 38 17 59 43 13 42 31 44 3 16 30 37 33 14 34 26 41 19 29 57 10 0
0 52 28 24 21 18 32 3 4 9 25 30 22 14 17 26 16 48 20 50 37 8 49 33 45 58 1 55 19 39 51 11 27 56 13 40 31 5 35 12 10 42 57 15 23 6 29 7 59 46 44 34 2 47 43 36 53 54 41 38 0
0 55 5 17 48 20 46 4 15 59 14 54 30 6 13 44 21 24 45 39 27 12 7 57 36 2 3 10 50 26 37 19 49 18 58 32 23 47 52 51 40 42 31 56 53 35 22 1 41 33 16 28 25 9 34 43 11 8 29 38 0
0 50 29 31 44 27 40 6 47 52 32 4 5 55 36 48 1 21 38 51 17 49 42 37 3 30 16 34 39 53 8 13 43 22 59 41 54 7 26 12 58 11 10 18 33 56 15 28 9 19 23 46 57 2 45 20 35 24 25 14 0
0 56 46 18 39 7 44 9 53 24 35 23 52 37 27 8 41 33 38 17 49 43 21 22 58 5 32 25 11 10 54 42 26 13 30 31 16 59 2 1 20 14 12 40 28 19 57 45 6 48 15 4 34 3 47 36 29 51 55 50 0
0 5 17 3 19 13 52 1 18 54 25 41 56 12 38 16 48 55 9 27 43 10 11 40 28 33 29 2 59 45 50 37 39 22 57 32 58 44 20 53 7 8 23 24 47 14 21 30 51 46 36 34 15 26 35 49 4 6 31 42 0
0 28 47 18 39 29 9 31 50 27 40 3 25 13 10 46 45 55 24 42 14 17 52 49 41 16 5 53 20 58 34 36 21 12 19 57 1 33 8 22 44 51 6 4 56 7 35 59 48 23 26 37 54 15 2 32 11 43 38 30 0
0 14 41 31 51 37 55 17 26 4 30 2 7 18 15 27 6 52 44 36 32 20 10 9 42 33 39 28 38 48 22 12 47 53 1 19 25 29 23 40 54 5 57 3 50 24 11 46 13 16 8 35 49 45 59 43 21 56 58 34 0
0 9 56 59 35 31 19 50 54 36 16 29 51 37 5 8 39 22 4 28 18 15 45 58 24 46 53 43 49 21 10 32 27 40 13 7 26 17 11 41 33 20 52 14 34 6 1 38 30 44 12 42 23 3 57 25 55 48 47 2 0
0 14 30 47 34 35 54 23 10 2 59 17 3 50 6 8 21 40 36 26 1 37 48 56 42 57 7 38 45 27 19 46 41 15 13 18 29 9 25 24 20 49 44 32 31 39 11 58 22 28 5 12 55 51 16 33 53 52 43 4 0
0 10 37 25 16 20 50 19 52 3 17 49 5 45 59 8 7 9 46 22 48 33 39 36 18 11 56 21 1 55 34 27 51 41 38 28 54 14 26 58 30 43 32 53 4 23 31 44 24 2 15 6 42 13 47 40 57 29 35 12 0
0 26 16 23 35 31 6 40 57 44 43 27 17 11 2 30 28 49 32 51 58 12 8 1 14 13 24 37 22 15 36 48 25 45 20 53 10 21 56 39 52 54 59 41 34 50 19 55 3 18 38 5 7 47 33 29 4 46 9 42 0
0 1 33 14 46 18 47 19 36 21 54 43 40 55 28 41 5 13 17 9 20 25 35 44 24 8 34 31 45 58 30 42 11 2 4 53 57 52 23 38 48 7 51 49 26 56 32 39 27 12 15 6 50 16 10 59 3 29 37 22 0
0 11 58 2 56 54 39 29 1 52 21 10 3 35 5 38 49 8 50 32 7 53 27 9 40 45 15 26 41 46 34 6 17 20 24 47 33 13 31 12 42 14 37 57 23 4 55 59 30 51 48 43 44 19 25 22 18 28 36 16 0
0 29 50 21 2 47 38 51 34 14 22 33 3 18 19 41 43 31 25 58 42 27 56 16 23 24 45 57 48 1 39 17 6 55 49 12 13 46 11 36 32 35 40 8 15 52 54 20 59 28 44 10 5 53 37 7 4 9 26 30 0
0 27 44 55 47 49 53 36 42 2 48 7 33 28 1 29 52 6 50 59 25 46 34 8 57 23 38 39 21 35 13 58 32 54 56 11 40 12 17 24 14 31 3 10 4 20 22 45 19 5 26 43 9 18 51 37 30 16 15 41 0
0 15 2 37 17 14 1 13 16 30 29 50 20 8 32 10 23 53 35 5 24 38 45 33 7 55 31 11 54 49 59 34 22 41 39 47 18 43 4 21 52 51 58 19 9 3 12 27 40 44 6 25 42 28 36 26 48 57 56 46 0
0 44 10 59 52 15 31 47 32 35 38 16 7 28 2 24 37 50 46 51 33 19 34 13 30 23 48 36 42 11 1 54 39 29 6 3 26 21 57 41 20 53 25 4 9 27 43 5 56 22 55 12 17 40 45 8 18 14 58 49 0
0 23 16 43 13 48 38 11 40 50 57 44 36 39 6 9 45 14 1 52 25 31 47 8 58 51 22 21 2 49 30 41 20 35 15 18 24 10 42 7 37 53 26 3 17 4 34 56 29 54 55 32 46 19 12 27 5 28 59 33 0
0 23 14 24 6 10 17 44 28 30 16 22 36 41 26 48 21 58 55 1 7 35 59 19 39 11 34 42 29 57 56 15 38 33 32 45 13 46 5 50 18 2 12 4 3 40 27 52 9 43 54 49 8 25 20 51 37 53 47 31 0
0 54 4 50 55 20 43 29 59 41 15 53 27 33 7 35 12 26 46 32 21 48 19 18 28 34 5 10 51 58 14 45 1 23 31 24 17 6 11 44 3 57 52 16 8 40 36 42 2 30 56 39 37 38 13 9 25 47 22 49 0
0 39 58 50 26 45 43 25 10 51 4 54 1 2 34 3 23 8 27 20 46 35 21 6 57 13 28 22 9 37 31 29 59 11 17 18 47 52 36 14 41 32 38 42 24 40 53 49 19 55 33 44 7 12 15 5 30 16 48 56 0
0 32 52 6 23 19 34 12 56 45 36 40 17 15 2 16 51 57 48 27 9 3 55 25 31 4 38 44 42 13 50 58 18 5 7 33 26 20 43 54 22 39 37 41 1 53 10 35 24 30 11 29 8 21 14 49 59 28 47 46 0
0 7 23 50 31 52 39 25 8 2 42 3 56 28 44 49 6 36 11 32 54 27 41 33 18 51 35 26 16 24 57 20 10 4 47 14 21 37 48 45 17 58 12 43 46 13 22 29 5 55 30 40 34 38 15 59 53 19 9 1 0
0 56 57 18 25 59 38 8 36 47 24 10 16 28 39 33 54 35 49 45 51 12 1 50 4 55 27 13 23 52 31 41 44 3 48 5 42 2 40 46 14 21 6 26 15 7 20 43 34 58 53 17 32 30 19 37 29 22 11 9 0
0 38 18 7 48 12 40 30 42 26 9 50 13 32 36 45 33 17 46 57 31 2 6 35 24 4 55 49 19 10 21 28 59 52 41 15 37 53 54 25 43 5 8 51 1 20 44 34 39 58 27 56 23 47 11 29 22 14 3 16 0
0 40 11 33 5 15 26 22 17 9 39 27 48 52 53 55 6 13 18 29 44 59 57 34 38 25 19 12 8 56 46 3 21 16 28 47 50 4 2 58 14 41 42 37 7 54 30 49 35 10 20 31 36 24 1 32 51 23 45 43 0
0 7 19 59 15 12 28 5 49 4 55 11 22 38 41 35 1 30 51 50 25 18 20 33 37 43 46 10 21 39 29 17 23 8 27 52 54 24 14 48 26 42 13 2 40 57 34 45 3 36 32 47 16 6 56 53 9 31 44 58 0
0 23 9 32 57 6 25 21 42 11 45 30 52 18 2 49 53 20 4 7 14 3 51 48 12 59 33 29 41 37 44 34 1 22 15 16 54 28 43 55 13 5 56 10 8 50 17 47 36 40 39 27 38 26 19 35 24 46 31 58 0
0 23 28 58 19 42 49 56 14 29 17 15 16 47 24 46 7 45 38 54 25 18 34 33 13 53 21 55 36 50 27 39 2 4 20 5 3 1 51 44 6 35 26 40 48 31 9 57 52 22 59 32 10 30 8 41 43 12 11 37 0
0 40 22 51 32 47 56 11 38 24 35 46 25 16 49 29 12 54 36 33 57 39 26 59 50 43 34 14 23 27 28 31 8 44 21 45 10 52 42 5 18 30 15 6 13 55 19 37 20 41 9 1 7 17 4 48 3 58 53 2 0
0 53 1 15 29 25 41 46 38 8 20 32 24 58 22 2 3 23 39 51 52 43 6 21 30 27 10 26 40 4 45 55 33 54 17 56 5 59 11 16 19 14 36 7 49 35 50 42 34 47 48 44 57 31 18 12 37 28 13 9 0
0 49 2 47 48 45 57 58 35 38 13 1 37 24 5 22 40 12 15 50 19 21 30 44 54 10 23 31 4 53 59 18 29 34 41 27 43 42 11 36 17 28 6 39 14 20 52 51 8 55 25 46 56 3 33 32 7 26 16 9 0
0 18 41 5 21 27 35 3 48 19 34 45 9 31 13 58 17 42 22 59 28 15 30 23 50 14 16 46 56 2 47 8 7 24 55 4 51 36 26 57 38 1 44 29 10 49 53 12 54 25 39 43 6 37 32 52 40 20 33 11 0
0 50 55 32 38 23 12 57 46 22 2 11 3 5 25 47 31 1 58 49 10 35 15 44 6 30 56 29 36 18 9 37 24 42 17 48 28 54 33 16 14 34 7 21 13 45 59 43 19 20 4 41 52 26 39 53 27 8 40 51 0
0 57 24 35 11 29 9 33 14 21 3 2 53 13 28 55 46 51 19 5 18 47 43 12 52 34 31 48 10 41 6 26 32 1 36 25 15 40 39 16 44 7 49 8 23 27 58 42 4 59 37 45 54 56 30 22 17 20 38 50 0
0 52 33 43 35 1 13 38 26 29 32 24 45 48 41 8 56 49 55 34 46 2 28 53 50 42 47 27 39 15 7 40 57 11 22 9 36 37 20 25 19 16 54 44 6 31 58 12 23 18 51 10 59 3 14 17 21 4 30 5 0
