# n n_solutions
60 1000
# n x n distance matrix
0 4826 4707 7102 3848 7710 4669 6935 5162 4002 7563 3219 4341 707 5643 5656 2061 2617 4976 4695 1431 4876 7158 6830 6352 3765 1655 7700 4472 5262 4964 5316 4159 3764 4016 4548 670 4201 6618 5147 7071 1800 6200 8099 3140 1272 6673 2202 2780 6900 2692 6711 1708 921 7340 2785 824 4684 5902 6499
4826 0 8060 5069 7800 5661 4743 8944 4805 7507 8158 5185 7856 5125 3905 5147 3920 2247 806 8621 4104 6723 7513 3671 4197 1077 3224 10022 3178 5385 1910 565 1897 1100 7746 3710 4716 1300 8770 6356 3114 3101 8736 8905 2262 5603 10117 7003 3753 2505 7433 4143 6525 4477 4561 2969 4002 8207 6735 1676
4707 8060 0 7044 1252 7406 4368 2860 4805 707 4701 2941 412 4002 6168 5035 4201 6080 8579 1170 6113 2302 4716 7905 6791 7083 5860 3228 5635 4328 7017 8626 6420 7324 854 5239 4205 6876 2500 3101 8772 5385 1835 4841 5798 5500 2080 4656 4318 9091 3453 7324 4044 4215 7864 5091 5126 316 3667 9577
7102 5069 7044 0 7605 640 2828 6140 2308 6900 4244 4687 7111 6842 1486 2009 5060 5326 5869 8109 7427 4785 3606 1772 894 5053 6363 7240 2690 2716 3195 5375 3635 5455 7300 2555 6536 4114 6171 4002 2973 5663 6555 4967 4393 8348 8572 8996 4341 3807 8640 1004 8246 6226 1063 4404 6560 7332 3716 5408
3848 7800 1252 7605 0 8039 4801 4104 5300 806 5800 3059 860 3176 6537 5622 3883 5663 8221 860 5279 3138 5730 8220 7217 6762 5220 4459 5797 4936 7038 8360 6350 6942 424 5491 3466 6722 3744 3889 8956 4879 3087 6014 5575 4455 2863 3452 4204 9154 2213 7731 2900 3560 8315 4887 4409 1044 4569 9402
7710 5661 7406 640 8039 0 3324 6264 2789 7310 4201 5192 7500 7430 2121 2418 5660 5966 6456 8500 8062 5115 3605 2202 1526 5682 7000 7335 3324 3106 3807 5943 4271 6082 7715 3162 7134 4741 6332 4318 3354 6296 6772 4883 5032 8962 8829 9570 4939 4229 9170 1529 8814 6825 1334 5032 7184 7702 3929 5900
4669 4743 4368 2828 4801 3324 0 4301 538 4130 3501 1868 4373 4263 1802 1000 2640 3748 5481 5360 5371 2302 2906 3546 2433 4130 4437 5420 1612 707 3105 5255 2846 4517 4517 1081 4031 3448 4185 1702 4494 3676 4327 4219 2901 5941 6129 6328 1972 4957 5852 2961 5556 3748 3522 2473 4326 4632 1992 5883
6935 8944 2860 6140 4104 6264 4301 0 4459 3400 2400 4060 3244 6251 5869 4393 5671 7446 9625 3889 8200 2280 2765 7527 6262 8170 7641 1131 5907 3820 7406 9482 7071 8509 3688 5382 6312 7647 360 2607 8631 6986 1063 2213 6835 7962 2961 7392 5412 9201 6264 6780 6706 6200 7156 6198 7100 3124 2483 10178
5162 4805 4805 2308 5300 2789 538 4459 0 4609 3354 2404 4837 4780 1442 500 3114 4052 5572 5830 5798 2640 2716 3176 1992 4300 4830 5590 1627 640 3046 5288 2927 4701 5003 1104 4534 3535 4386 1941 4201 4070 4603 4100 3157 6434 6488 6860 2420 4742 6390 2529 6090 4244 3059 2823 4780 5080 2024 5813
4002 7507 707 6900 806 7310 4130 3400 4609 0 5000 2507 360 3298 5903 4901 3606 5467 7992 1236 5412 2340 4924 7615 6562 6505 5188 3883 5255 4204 6576 8072 5936 6726 412 4904 3511 6360 3041 3104 8415 4743 2435 5232 5249 4800 2729 4016 3801 8676 2865 7085 3373 3534 7652 4545 4438 720 3769 9060
7563 8158 4701 4244 5800 4201 3501 2400 3354 5000 0 4346 4992 6977 4477 3036 5797 7217 8926 5859 8572 2842 670 5882 4632 7623 7766 3298 4981 2807 6360 8634 6279 8015 5382 4455 6893 6888 2617 2416 7072 7021 3275 761 6400 8765 5333 8621 5277 7789 7707 5080 7860 6685 5307 5921 7463 5011 1676 9082
3219 5185 2941 4687 3059 5192 1868 4060 2404 2507 4346 0 2817 2662 3501 2823 1612 3417 5768 3733 4275 1802 3944 5162 4201 4271 3601 5028 2751 2247 4081 5748 3482 4565 2846 2433 2549 3959 3807 1931 5913 2927 3624 4904 2941 4441 4951 4560 1442 6171 3992 4701 3780 2340 5300 2247 3157 3138 2683 6652
4341 7856 412 7111 860 7500 4373 3244 4837 360 4992 2817 0 3640 6161 5103 3962 5825 8348 1000 5756 2451 4965 7884 6806 6859 5547 3640 5554 4401 6896 8421 6268 7083 447 5186 3862 6700 2884 3238 8709 5103 2236 5173 5597 5103 2370 4244 4140 8988 3046 7334 3634 3891 7891 4891 4792 360 3860 9401
707 5125 4002 6842 3176 7430 4263 6251 4780 3298 6977 2662 3640 0 5422 5263 1802 2878 5371 4031 2118 4237 6603 6746 6146 4048 2126 7000 4301 4808 5000 5646 4200 4114 3324 4295 412 4341 5930 4565 7106 2024 5500 7484 3206 1788 5980 2184 2507 7025 2308 6545 1503 700 7177 2716 1272 3984 5333 6799
5643 3905 6168 1486 6537 2121 1802 5869 1442 5903 4477 3501 6161 5422 0 1500 3624 3860 4709 7138 5941 4070 3807 1746 728 3700 4879 7000 1204 2061 2000 4304 2247 4110 6280 1140 5099 2789 5813 3383 2765 4177 6045 5238 2920 6879 7915 7596 2915 3360 7334 1200 6862 4785 1811 2920 5080 6428 3397 4617
5656 5147 5035 2009 5622 2418 1000 4393 500 4901 3036 2823 5103 5263 1500 0 3612 4522 5930 6103 6296 2789 2376 3140 1886 4709 5323 5522 2000 707 3324 5608 3301 5115 5303 1513 5024 3905 4360 2024 4242 4565 4652 3794 3613 6928 6612 7324 2920 4860 6815 2418 6551 4738 2879 3310 5280 5323 1910 6053
2061 3920 4201 5060 3883 5660 2640 5671 3114 3606 5797 1612 3962 1802 3624 3612 0 1886 4386 4701 2785 3413 5314 4964 4346 2900 2002 6621 2500 3275 3337 4482 2570 3124 3828 2505 1476 2863 5412 3436 5408 1315 5186 6413 1700 3330 6280 3984 721 5433 3901 4743 3275 1166 5375 1044 1700 4318 4123 5522
2617 2247 6080 5326 5663 5966 3748 7446 4052 5467 7217 3417 5825 2878 3860 4522 1886 0 2560 6506 2236 5166 6648 4579 4459 1170 1170 8443 2692 4455 2549 2773 1802 1280 5658 3046 2469 1649 7212 5024 4588 854 7038 7902 943 3551 8160 4816 2039 4318 5186 4675 4295 2236 5263 1300 1802 6184 5600 3921
4976 806 8579 5869 8221 6456 5481 9625 5572 7992 8926 5768 8348 5371 4709 5930 4386 2560 0 9060 4044 7379 8286 4428 5000 1500 3324 10688 3945 6139 2716 640 2647 1280 8203 4471 4973 2039 9437 7057 3764 3383 9364 9668 2830 5590 10652 7088 4326 3047 7648 4933 6684 4770 5331 3522 4162 8704 7472 1726
4695 8621 1170 8109 860 8500 5360 3889 5830 1236 5859 3733 1000 4031 7138 6103 4701 6506 9060 0 6126 3436 5886 8851 7792 7592 6080 4031 6484 5400 7781 9183 7119 7783 894 6140 4326 7516 3538 4229 9646 5731 2828 5964 6382 5239 2102 4101 4973 9889 2807 8318 3634 4420 8881 5685 5269 854 4827 10207
1431 4104 6113 7427 5279 8062 5371 8200 5798 5412 8572 4275 5756 2118 5941 6296 2785 2236 4044 6126 0 6040 8099 6809 6594 3157 1081 9027 4738 6037 4785 4504 4031 3006 5442 4967 1923 3862 7900 6184 6800 1769 7532 9167 3080 1552 8098 3130 3400 6453 3962 6860 2906 2000 7462 3047 1118 6102 6896 5707
4876 6723 2302 4785 3138 5115 2302 2280 2640 2340 2842 1802 2451 4237 4070 2789 3413 5166 7379 3436 6040 0 2640 5813 4623 5909 5403 3310 3818 2088 5307 7271 4882 6239 2751 3330 4220 5437 2061 800 6795 4726 2051 3264 4569 6016 3848 5780 3132 7247 4883 5161 5021 4060 5661 3921 4925 2607 1431 8043
7158 7513 4716 3606 5730 3605 2906 2765 2716 4924 670 3944 4965 6603 3807 2376 5314 6648 8286 5886 8099 2640 0 5220 3966 7006 7253 3769 4341 2202 5700 7983 5643 7402 5323 3820 6488 6251 2915 2061 6407 6499 3501 1431 5807 8385 5600 8354 4753 7119 7516 4420 7582 6260 4666 5360 7000 5032 1280 8415
6830 3671 7905 1772 8220 2202 3546 7527 3176 7615 5882 5162 7884 6746 1746 3140 4964 4579 4428 8851 6809 5813 5220 0 1272 3959 5730 8655 2501 3773 2061 3862 2778 4318 7983 2729 6378 3047 7500 5110 1208 5147 7769 6628 3757 7984 9660 8926 4318 2039 8827 806 8237 6063 921 4052 6146 8160 5044 3705
6352 4197 6791 894 7217 1526 2433 6262 1992 6562 4632 4201 6806 6146 728 1886 4346 4459 5000 7792 6594 4623 3966 1272 0 4159 5522 7387 1886 2549 2308 4527 2745 4561 6946 1868 5818 3220 6242 3890 2441 4841 6536 5385 3535 7579 8469 8321 3640 3178 8060 538 7589 5503 1100 3605 5768 7061 3780 4652
3765 1077 7083 5053 6762 5682 4130 8170 4300 6505 7623 4271 6859 4048 3700 4709 2900 1170 1500 7592 3157 5909 7006 3959 4159 0 2200 9219 2716 4816 1920 1612 1456 412 6726 3201 3639 943 7970 5632 3712 2024 7877 8348 1341 4604 9154 5953 2830 3298 6356 4243 5457 3401 4762 2024 2942 7213 6100 2751
1655 3224 5860 6363 5220 7000 4437 7641 4830 5188 7766 3601 5547 2126 4879 5323 2002 1170 3324 6080 1081 5403 7253 5730 5522 2200 0 8551 3679 5126 3716 3687 2952 2137 5299 3940 1769 2816 7368 5433 5756 761 7083 8401 2000 2408 7917 3785 2500 5458 4341 5780 3361 1664 6382 2024 860 5905 6100 4882
7700 10022 3228 7240 4459 7335 5420 1131 5590 3883 3298 5028 3640 7000 7000 5522 6621 8443 10688 4031 9027 3310 3769 8655 7387 9219 8551 0 7021 4951 8521 10567 8163 9546 4080 6500 7111 8731 1252 3720 9762 7930 1500 2901 7879 8637 2523 7884 6425 10332 6672 7902 7256 7034 8266 7223 7951 3417 3612 11289
4472 3178 5635 2690 5797 3324 1612 5907 1627 5255 4981 2751 5554 4301 1204 2000 2500 2692 3945 6484 4738 3818 4341 2501 1886 2716 3679 7021 0 2213 1500 3668 1303 3125 5597 538 3956 1910 5780 3301 3162 2973 5869 5727 1749 5693 7545 6484 1824 3466 6328 2247 5772 3640 2879 1720 3883 5860 3584 4272
5262 5385 4328 2716 4936 3106 707 3820 640 4204 2807 2247 4401 4808 2061 707 3275 4455 6139 5400 6037 2088 2202 3773 2549 4816 5126 4951 2213 0 3667 5881 3492 5208 4609 1676 4609 4100 3753 1341 4826 4365 3996 3535 3605 6529 5923 6800 2640 5381 6216 3087 6021 4341 3573 3178 4973 4617 1389 6441
4964 1910 7017 3195 7038 3807 3105 7406 3046 6576 6360 4081 6896 5000 2000 3324 3337 2549 2716 7781 4785 5307 5700 2061 2308 1920 3716 8521 1500 3667 0 2308 806 2302 6887 2024 4604 989 7280 4801 2109 3201 7358 7116 1824 6044 8981 7134 2846 2118 7224 2332 6503 4301 2842 2308 4220 7219 5053 2778
5316 565 8625 5375 8360 5943 5255 9482 5288 8072 8634 5748 8421 5646 4304 5608 4482 2773 640 9183 4504 7271 7983 3862 4527 1612 3687 10566 3668 5881 2308 0 2416 1552 8309 4205 5239 1835 9314 6887 3140 3624 9291 9386 2827 6029 10682 7472 4318 2408 7947 4414 7021 5008 4775 3534 4492 8772 7244 1204
4159 1897 6420 3635 6350 4271 2846 7071 2927 5936 6279 3482 6268 4200 2247 3301 2570 1802 2647 7119 4031 4882 5643 2778 2745 1456 2952 8163 1303 3492 806 2416 0 1868 6226 1824 3801 608 6911 4472 2915 2404 6920 7021 1019 5249 8429 6328 2147 2863 6438 2900 5700 3500 3471 1529 3420 6603 4838 3182
3764 1100 7324 5455 6942 6082 4517 8509 4701 6726 8015 4565 7083 4114 4110 5115 3124 1280 1280 7783 3006 6239 7402 4318 4561 412 2137 9546 3125 5208 2302 1552 1868 0 6929 3605 3712 1341 8300 5990 3996 2109 8183 8736 1676 4504 9402 5922 3130 3511 6407 4632 5470 3498 5140 2325 2941 7441 6477 2745
4016 7746 854 7300 424 7715 4517 3688 5003 412 5382 2846 447 3324 6280 5303 3828 5658 8203 894 5442 2751 5323 7983 6946 6726 5299 4080 5597 4609 6887 8309 6226 6929 0 5263 3577 6628 3328 3516 8759 4904 2683 5590 5500 4716 2657 3807 4081 8996 2600 7467 3214 3635 8039 4801 4517 700 4178 9323
4548 3710 5239 2555 5491 3162 1081 5382 1104 4904 4455 2433 5186 4295 1140 1513 2505 3046 4471 6140 4967 3330 3820 2729 1868 3201 3940 6500 538 1676 2024 4205 1824 3605 5263 0 3981 2432 5263 2780 3534 3200 5375 5197 2118 5800 7102 6462 1788 3920 6198 2319 5724 3671 2942 1920 4036 5478 3046 4802
670 4716 4205 6536 3466 7134 4031 6312 4534 3511 6893 2549 3862 412 5099 5024 1476 2469 4973 4326 1923 4220 6488 6378 5818 3639 1769 7111 3956 4609 4604 5239 3801 3712 3577 3981 0 3931 6003 4477 6711 1615 5614 7433 2801 1920 6224 2549 2195 6618 2720 6203 1900 316 6835 2334 943 4215 5232 6390
4201 1300 6876 4114 6722 4741 3448 7647 3535 6360 6887 3959 6700 4341 2789 3905 2863 1649 2039 7516 3862 5437 6251 3047 3220 943 2816 8731 1910 4100 989 1835 608 1341 6628 2432 3931 0 7479 5056 2941 2402 7463 7629 1170 5197 8910 6400 2561 2700 6628 3301 5821 3649 3828 1835 3413 7043 5440 2701
6618 8770 2500 6171 3744 6332 4185 360 4386 3041 2617 3807 2884 5930 5813 4360 5412 7212 9437 3538 7900 2061 2915 7500 6242 7970 7368 1252 5780 3753 7280 9314 6911 8300 3328 5263 6003 7479 0 2483 8578 6726 721 2507 6630 7629 2716 7038 5186 9121 5905 6767 6356 5900 7169 5980 6806 2765 2469 10043
5147 6356 3101 4002 3889 4318 1702 2607 1941 3104 2416 1931 3238 4565 3383 2024 3436 5024 7057 4229 6184 800 2061 5110 3890 5632 5433 3720 3301 1341 4801 6887 4472 5990 3516 2780 4477 5056 2483 0 6140 4709 2662 2983 4317 6352 4588 6296 3001 6648 5500 4428 5522 4271 4903 3733 5069 3405 781 7571
7071 3114 8772 2973 8956 3354 4494 8631 4201 8415 7072 5913 8709 7106 2765 4242 5408 4588 3764 9646 6800 6795 6407 1208 2441 3712 5756 9762 3162 4826 2109 3140 2915 3996 8759 3534 6711 2941 8578 6140 0 5295 8800 7823 3931 8125 10617 9243 4850 905 9308 2012 8609 6407 2022 4400 6314 9007 6152 2692
1800 3101 5385 5663 4879 6296 3676 6986 4070 4743 7021 2927 5103 2024 4177 4565 1315 854 3383 5731 1769 4726 6499 5147 4841 2024 761 7930 2973 4365 3201 3624 2404 2109 4904 3200 1615 2402 6726 4709 5295 0 6484 7665 1392 2846 7462 4001 1746 5100 4332 5131 3452 1389 5745 1280 1019 5463 5360 4775
6200 8736 1835 6555 3087 6772 4327 1063 4603 2435 3275 3624 2236 5500 6045 4652 5186 7038 9364 2828 7532 2051 3501 7769 6536 7877 7083 1500 5869 3996 7358 9291 6920 8183 2683 5375 5614 7463 721 2662 8800 6484 0 3220 6536 7144 2102 6451 5053 9284 5280 7070 5797 5544 7515 5859 6462 2080 2846 10089
8099 8905 4841 4967 6014 4883 4219 2213 4100 5232 761 4904 5173 7484 5238 3794 6413 7902 9668 5964 9167 3264 1431 6628 5385 8348 8401 2901 5727 3535 7116 9386 7021 8736 5590 5197 7433 7629 2507 2983 7823 7665 3220 0 7106 9270 5166 9013 5930 8547 8028 5824 8268 7242 6030 6603 8052 5140 2308 9843
3140 2262 5798 4393 5575 5032 2901 6835 3157 5249 6400 2941 5597 3206 2920 3613 1700 943 2830 6382 3080 4569 5807 3757 3535 1341 2000 7879 1749 3605 1824 2827 1019 1676 5500 2118 2801 1170 6630 4317 3931 1392 6536 7106 0 4237 7856 5315 1500 3820 5474 3780 4701 2507 4382 707 2404 5946 4825 3827
1272 5603 5500 8348 4455 8962 5941 7962 6434 4800 8765 4441 5103 1788 6879 6928 3330 3551 5590 5239 1552 6016 8385 7984 7579 4604 2408 8637 5693 6529 6044 6029 5249 4504 4716 5800 1920 5197 7629 6352 8125 2846 7144 9270 4237 0 7316 1640 4045 7863 2692 7917 1655 2193 8542 3982 1838 5414 7119 7233
6673 10117 2080 8572 2863 8829 6129 2961 6488 2729 5333 4951 2370 5980 7915 6612 6280 8160 10652 2102 8098 3848 5600 9660 8469 9154 7917 2523 7545 5923 8981 10682 8429 9402 2657 7102 6224 8910 2716 4588 10617 7462 2102 5166 7856 7316 0 6200 6365 11011 4901 9007 5731 6260 9491 7150 7158 2012 4903 11603
2202 7003 4656 8996 3452 9570 6328 7392 6860 4016 8621 4560 4244 2184 7596 7324 3984 4816 7088 4101 3130 5780 8354 8926 8321 5953 3785 7884 6484 6800 7134 7472 6328 5922 3807 6462 2549 6400 7038 6296 9243 4001 6451 9013 5315 1640 6200 0 4681 9100 1303 8727 781 2863 9359 4883 3014 4491 7076 8667
2780 3753 4318 4341 4204 4939 1972 5412 2420 3801 5277 1442 4140 2507 2915 2920 721 2039 4326 4973 3400 3132 4753 4318 3640 2830 2500 6425 1824 2640 2846 4318 2147 3130 4081 1788 2195 2561 5186 3001 4850 1746 5053 5930 1500 4045 6365 4681 0 4964 4509 4052 3956 1886 4684 806 2360 4482 3622 5262
6900 2505 9091 3807 9154 4229 4957 9201 4742 8676 7789 6171 8988 7025 3360 4860 5433 4318 3047 9889 6453 7247 7119 2039 3178 3298 5458 10332 3466 5381 2118 2408 2863 3511 8996 3920 6618 2700 9121 6648 905 5100 9284 8547 3820 7863 11011 9100 4964 0 9291 2816 8514 6327 2906 4392 6107 9305 6747 1802
2692 7433 3453 8640 2213 9170 5852 6264 6390 2865 7707 3992 3046 2308 7334 6815 3901 5186 7648 2807 3962 4883 7516 8827 8060 6356 4341 6672 6328 6216 7224 7947 6438 6407 2600 6198 2720 6628 5905 5500 9308 4332 5280 8028 5474 2692 4901 1303 4509 9291 0 8515 1063 2983 9140 4916 3488 3257 6262 9107
6711 4143 7324 1004 7731 1529 2961 6780 2529 7085 5080 4701 7334 6545 1200 2418 4743 4675 4933 8318 6860 5161 4420 806 538 4243 5780 7902 2247 3087 2332 4414 2900 4632 7467 2319 6203 3301 6767 4428 2012 5131 7070 5824 3780 7917 9007 8727 4052 2816 8515 0 8008 5887 632 3935 6090 7592 4301 4404
1708 6525 4044 8246 2900 8814 5556 6706 6090 3373 7860 3780 3634 1503 6862 6551 3275 4295 6684 3634 2906 5021 7582 8237 7589 5457 3361 7256 5772 6021 6503 7021 5700 5470 3214 5724 1900 5821 6356 5522 8609 3452 5797 8268 4701 1655 5731 781 3956 8514 1063 8008 0 2202 8640 4219 2529 3911 6303 8200
921 4477 4215 6226 3560 6825 3748 6200 4244 3534 6685 2340 3891 700 4785 4738 1166 2236 4770 4420 2000 4060 6260 6063 5503 3401 1664 7034 3640 4341 4301 5008 3500 3498 3635 3671 316 3649 5900 4271 6407 1389 5544 7242 2507 2193 6260 2863 1886 6327 2983 5887 2202 0 6519 2022 921 4248 5015 6146
7340 4561 7864 1063 8315 1334 3522 7156 3059 7652 5307 5300 7891 7177 1811 2879 5375 5263 5331 8881 7462 5661 4666 921 1100 4762 6382 8266 2879 3573 2842 4775 3471 5140 8039 2942 6835 3828 7169 4903 2022 5745 7515 6030 4382 8542 9491 9359 4684 2906 9140 632 8640 6519 0 4561 6711 8139 4701 4617
2785 2969 5091 4404 4887 5032 2473 6198 2823 4545 5921 2247 4891 2716 2920 3310 1044 1300 3522 5685 3047 3921 5360 4052 3605 2024 2024 7223 1720 3178 2308 3534 1529 2325 4801 1920 2334 1835 5980 3733 4400 1280 5859 6603 707 3982 7150 4883 806 4392 4916 3935 4219 2022 4561 0 2163 5240 4300 4522
824 4002 5126 6560 4409 7184 4326 7100 4780 4438 7463 3157 4792 1272 5080 5280 1700 1802 4162 5269 1118 4925 7000 6146 5768 2942 860 7951 3883 4973 4220 4492 3420 2941 4517 4036 943 3413 6806 5069 6314 1019 6462 8052 2404 1838 7158 3014 2360 6107 3488 6090 2529 921 6711 2163 0 5147 5787 5675
4684 8207 316 7332 1044 7702 4632 3124 5080 720 5011 3138 360 3984 6428 5323 4318 6184 8704 854 6102 2607 5032 8160 7061 7213 5905 3417 5860 4617 7219 8772 6603 7441 700 5478 4215 7043 2765 3405 9007 5463 2080 5140 5946 5414 2012 4491 4482 9305 3257 7592 3911 4248 8139 5240 5147 0 3981 9744
5902 6735 3667 3716 4569 3929 1992 2483 2024 3769 1676 2683 3860 5333 3397 1910 4123 5600 7472 4827 6896 1431 1280 5044 3780 6100 6100 3612 3584 1389 5053 7244 4838 6477 4178 3046 5232 5440 2469 781 6152 5360 2846 2308 4825 7119 4903 7076 3622 6747 6262 4301 6303 5015 4701 4300 5787 3981 0 7829
6499 1676 9577 5408 9402 5900 5883 10178 5813 9060 9082 6652 9401 6799 4617 6053 5522 3921 1726 10207 5707 8043 8415 3705 4652 2751 4882 11289 4272 6441 2778 1204 3182 2745 9323 4802 6390 2701 10043 7571 2692 4775 10089 9843 3827 7233 11603 8667 5262 1802 9107 4404 8200 6146 4617 4522 5675 9744 7829 0
# set of given starting solutions
0 8 28 2 25 29 27 9 50 32 56 48 34 3 35 55 51 18 39 37 58 43 6 10 59 31 40 17 22 49 13 15 30 21 52 47 45 24 53 12 19 20 42 11 44 4 36 7 46 16 26 23 41 54 1 33 57 38 5 14 0
0 24 34 51 7 21 41 6 10 15 11 28 37 1 49 27 3 9 45 48 16 55 30 4 5 59 14 53 31 46 57 18 35 22 38 29 26 40 58 54 39 32 52 42 44 43 19 33 36 8 17 50 13 47 2 20 25 23 56 12 0
0 50 13 39 11 17 42 48 32 22 40 35 19 26 54 34 47 20 57 49 29 36 55 8 43 28 58 33 46 7 23 14 52 59 1 53 31 3 38 15 9 5 45 44 10 27 51 12 37 16 56 2 41 30 18 25 4 6 24 21 0
0 50 8 32 13 58 35 56 11 3 46 41 34 42 47 4 51 12 6 29 20 54 16 28 14 37 40 26 53 48 43 22 44 15 18 59 36 2 38 10 57 33 24 52 45 9 17 21 5 7 1 49 27 55 31 30 23 19 39 25 0
0 31 13 53 1 56 58 10 20 15 52 21 57 27 32 40 6 4 46 35 24 16 37 48 41 49 19 39 29 12 17 8 18 34 25 54 50 3 7 47 11 14 44 43 5 23 38 51 55 45 33 59 9 42 2 22 30 36 28 26 0
0 49 58 57 22 38 30 5 45 21 11 27 7 34 47 59 12 16 33 8 53 10 17 40 25 55 48 50 15 42 31 51 18 29 56 20 46 54 13 9 2 52 14 19 43 1 32 3 26 23 28 24 37 44 39 36 6 4 35 41 0
0 44 57 20 51 16 34 26 30 25 1 50 9 43 45 49 23 56 53 36 19 21 27 7 2 31 15 3 39 33 6 40 32 46 55 41 8 47 22 48 58 38 4 28 54 37 59 10 52 14 35 5 13 42 11 29 18 24 17 12 0
0 19 48 50 42 26 54 44 16 40 5 31 22 33 39 38 58 8 6 9 35 46 57 29 15 1 10 41 32 23 20 49 36 13 47 4 2 27 24 45 37 21 56 12 52 7 11 3 43 59 18 30 14 51 53 25 17 28 55 34 0
0 9 14 12 49 24 28 47 10 18 53 46 37 55 57 45 40 3 23 19 22 50 39 48 4 13 44 20 16 26 30 38 32 42 21 6 43 58 51 52 34 2 11 29 59 54 25 41 15 1 33 35 5 17 36 8 7 27 31 56 0
0 43 24 5 15 10 32 55 48 50 13 33 37 27 22 49 34 31 56 28 39 36 4 54 52 25 42 35 20 14 30 8 40 3 45 7 38 6 16 17 51 29 1 47 53 58 41 11 18 23 9 2 19 12 57 44 26 59 46 21 0
0 34 53 57 13 32 27 8 35 51 5 58 7 10 4 6 50 37 46 16 39 9 59 17 45 47 14 22 42 11 30 40 15 18 36 3 24 26 21 19 56 23 29 33 12 43 2 55 49 25 38 52 48 41 1 20 44 28 31 54 0
0 6 47 34 54 27 18 41 44 28 33 3 24 57 38 58 2 35 26 49 32 55 13 20 51 12 52 31 59 1 37 43 56 42 45 19 9 21 30 16 40 36 14 4 46 29 15 23 17 7 10 48 39 11 5 22 8 50 53 25 0
0 5 34 18 43 12 22 16 8 47 17 6 13 21 20 46 42 2 55 45 51 24 36 7 25 56 35 23 50 10 33 57 39 11 53 54 4 9 30 37 14 32 3 29 1 44 28 19 59 41 27 52 58 15 40 26 48 49 38 31 0
0 51 17 12 2 15 3 34 30 47 57 44 14 54 4 41 8 27 33 35 1 16 46 9 42 24 31 25 10 59 55 26 36 29 19 40 32 37 18 53 7 50 52 48 58 49 45 21 56 20 38 13 11 28 22 23 5 39 6 43 0
0 24 20 45 54 38 32 27 56 22 46 29 21 59 5 36 51 47 13 44 18 2 34 12 14 53 31 30 4 6 39 57 35 15 33 9 52 40 42 3 58 17 25 10 55 19 26 23 8 7 41 37 1 50 43 28 16 48 11 49 0
0 19 1 45 40 32 15 47 9 8 5 37 52 36 56 10 28 3 25 17 51 31 4 49 16 39 42 24 55 54 13 21 22 58 44 27 57 30 23 48 50 38 35 26 14 46 41 18 11 53 34 6 7 12 33 43 20 59 2 29 0
0 44 41 19 56 32 30 9 10 40 49 34 45 20 42 28 11 26 15 33 35 22 12 24 27 2 57 53 1 50 47 43 16 5 58 36 55 6 4 31 48 14 8 52 3 21 54 38 7 51 39 17 29 18 23 13 59 46 37 25 0
0 28 5 54 58 43 53 10 4 2 31 55 57 13 26 59 24 33 18 29 47 56 6 34 51 52 50 15 36 27 44 46 8 12 11 41 23 25 30 14 37 16 40 38 35 17 21 39 45 42 1 3 20 19 9 7 49 32 22 48 0
0 41 49 21 56 27 11 52 40 24 42 43 45 23 25 34 48 44 59 9 30 57 18 47 35 7 29 12 13 1 28 31 37 38 39 36 15 6 51 54 33 16 58 20 2 4 26 53 5 3 32 50 14 10 46 22 17 8 55 19 0
0 12 53 31 3 14 48 18 15 44 55 5 43 22 20 17 27 39 51 41 32 21 38 47 30 10 40 37 49 57 58 9 33 23 56 26 24 50 2 29 45 19 11 28 25 4 8 46 54 34 42 1 16 35 7 36 6 52 13 59 0
0 3 40 59 41 33 34 15 44 9 1 25 2 57 46 7 10 54 21 49 53 19 5 56 32 22 55 50 51 27 12 17 18 13 11 31 30 37 36 45 42 29 24 48 47 39 20 23 58 35 16 4 52 26 43 8 38 6 14 28 0
0 14 15 5 31 58 11 17 2 27 54 30 12 22 47 35 3 20 1 32 24 46 48 38 25 52 21 44 43 34 4 41 57 16 45 59 56 42 29 6 50 8 26 40 33 55 53 39 19 28 7 36 49 37 13 9 51 10 23 18 0
0 58 57 44 47 31 51 46 28 30 27 20 26 34 14 35 9 11 2 53 41 18 19 56 10 16 25 12 42 13 40 1 45 5 43 32 3 22 33 15 6 21 36 17 50 24 4 49 8 38 59 37 7 29 48 54 55 23 39 52 0
0 36 31 23 39 13 21 54 6 57 15 46 59 32 33 10 58 3 37 25 27 12 18 35 43 4 17 16 48 38 55 9 1 22 42 56 29 26 53 24 40 45 34 28 5 52 8 20 7 49 2 44 11 50 41 14 19 30 51 47 0
0 21 16 4 20 35 56 59 58 54 47 34 48 31 30 50 39 14 25 26 15 49 37 27 45 57 44 7 11 5 24 8 33 10 19 2 41 1 13 40 55 51 3 53 23 36 18 6 29 9 32 12 46 38 28 22 17 52 42 43 0
0 6 30 17 18 36 48 55 11 15 57 47 10 34 14 1 19 12 13 51 42 21 44 56 28 16 32 23 25 52 49 53 20 43 27 24 40 9 46 29 8 50 33 5 7 2 37 4 39 59 31 58 38 54 41 35 45 26 22 3 0
0 55 33 12 41 23 2 24 13 16 50 36 57 7 21 4 30 6 11 48 1 34 43 58 18 20 53 47 26 3 46 54 52 51 37 38 27 25 59 19 32 9 31 5 15 8 28 42 10 35 17 44 29 22 45 14 40 39 49 56 0
0 19 8 58 27 32 34 40 54 4 51 49 44 30 50 6 9 52 22 20 42 2 39 41 11 23 7 12 10 38 37 26 55 57 21 14 31 16 1 3 59 13 35 33 47 48 15 56 28 53 18 43 46 24 45 5 17 36 25 29 0
0 24 51 10 23 29 12 25 36 53 44 15 37 4 33 54 8 13 21 17 6 42 34 40 32 27 3 28 35 26 2 43 46 19 9 59 22 39 20 38 45 57 49 16 1 18 14 55 48 58 47 7 11 56 30 50 41 52 31 5 0
0 48 7 56 53 55 13 37 3 50 40 39 20 28 9 51 19 42 11 41 23 16 2 46 17 6 31 30 1 27 36 32 47 43 26 8 35 57 18 44 24 12 34 21 45 58 5 22 25 49 14 38 29 10 15 52 4 54 59 33 0
0 46 55 42 44 21 12 48 24 29 56 30 32 23 38 27 14 45 13 35 31 3 25 57 47 15 19 17 33 51 49 40 37 8 22 43 34 28 9 5 4 54 50 18 39 41 1 11 59 2 20 10 7 16 36 26 53 58 6 52 0
0 14 47 30 22 17 46 33 10 44 35 43 59 49 27 42 40 54 15 53 48 51 21 56 8 32 38 13 9 52 50 29 58 4 55 24 18 7 1 45 57 2 5 3 37 36 20 26 19 12 31 6 39 11 28 16 34 23 25 41 0
0 42 33 54 49 19 6 24 16 45 18 31 5 22 37 29 20 3 10 53 11 8 23 46 48 35 27 51 30 43 40 12 13 2 56 59 32 55 9 52 57 41 39 38 58 26 21 47 4 44 17 36 15 7 50 25 14 34 28 1 0
0 3 20 15 55 4 46 24 8 45 29 12 38 54 10 27 39 31 58 21 36 56 5 7 22 41 17 18 9 47 43 2 53 34 59 44 32 57 23 14 51 30 25 52 35 48 19 16 49 40 33 26 37 50 28 42 6 11 13 1 0
0 28 12 1 58 25 24 49 27 5 36 43 47 7 59 14 15 31 50 8 26 35 19 40 55 18 13 39 22 45 11 41 53 33 16 38 54 6 51 2 52 46 56 10 32 34 42 9 30 48 29 21 3 44 4 20 37 17 23 57 0
0 35 27 29 57 6 58 10 28 12 15 14 33 25 38 49 24 40 8 13 53 19 59 16 45 52 54 1 56 51 5 7 48 34 11 39 26 47 30 17 23 21 9 41 42 55 44 20 3 2 22 37 18 31 50 36 4 32 43 46 0
0 37 51 19 2 38 7 43 8 16 11 28 30 15 58 35 54 32 22 14 42 3 52 23 18 21 55 47 39 34 50 48 10 31 44 6 33 12 25 1 36 24 29 4 57 46 27 20 49 59 9 53 56 26 5 13 45 17 40 41 0
0 20 14 40 50 39 3 6 23 58 56 53 59 15 10 27 29 32 35 8 46 11 19 31 45 37 49 48 24 30 36 33 1 28 25 4 42 34 16 54 12 21 2 41 47 38 7 55 17 44 52 22 18 9 13 26 5 51 57 43 0
0 50 11 55 27 29 20 40 23 16 8 9 13 57 34 6 2 4 12 28 41 30 36 58 56 43 59 45 44 18 31 33 35 42 47 26 15 5 24 22 21 32 19 51 38 52 48 17 53 37 39 46 54 25 14 49 10 1 3 7 0
0 37 22 14 52 46 11 43 20 38 45 53 50 31 35 12 13 18 25 34 56 28 44 24 30 54 39 21 48 3 49 1 26 9 36 15 57 16 42 7 55 51 8 41 17 58 59 6 27 40 23 33 19 10 32 4 29 47 2 5 0
0 14 46 56 15 44 18 26 49 5 23 33 17 4 32 43 22 41 29 42 12 52 59 6 53 8 39 38 34 57 3 31 47 37 30 19 10 55 9 54 21 45 1 2 40 7 27 24 36 16 58 51 28 35 13 11 25 48 50 20 0
0 15 49 11 45 54 55 25 32 38 7 40 52 17 27 19 36 35 39 41 50 28 3 29 34 4 21 1 46 24 33 37 31 58 2 8 53 51 44 16 42 9 6 59 56 10 30 20 26 13 23 48 14 18 5 12 47 43 22 57 0
0 34 51 3 55 54 53 49 19 6 33 9 36 28 12 39 38 17 59 1 52 16 26 56 40 22 44 18 43 24 45 5 31 25 20 35 27 14 57 23 13 4 15 7 50 11 29 58 10 8 47 41 42 46 32 48 37 30 2 21 0
0 53 9 30 8 25 35 43 14 50 16 32 19 23 20 4 34 36 17 42 49 55 54 24 51 11 52 46 48 21 45 2 5 26 1 47 15 12 59 56 38 13 3 22 10 57 27 29 28 33 37 41 6 39 7 18 40 58 44 31 0
0 17 12 7 25 45 32 31 57 26 3 54 49 37 39 20 35 8 27 10 51 47 56 33 4 34 11 30 36 16 15 14 22 24 59 13 41 29 43 48 44 52 38 28 55 40 46 9 53 42 2 6 19 21 5 18 1 23 50 58 0
0 53 17 9 49 34 56 37 52 13 22 46 38 40 43 39 26 48 16 10 29 19 1 44 47 55 20 51 41 5 59 35 18 4 54 58 14 32 33 24 7 36 23 27 28 25 50 15 3 8 42 6 45 11 31 12 21 30 2 57 0
0 49 3 7 54 38 12 1 10 51 5 58 34 14 22 43 16 41 2 27 21 9 52 57 19 25 26 35 13 30 48 20 11 39 56 37 44 47 59 31 18 55 33 45 28 46 50 40 15 4 23 53 32 36 29 24 42 6 17 8 0
0 12 43 7 21 56 33 26 13 37 22 27 4 20 48 30 53 19 45 35 18 44 8 54 59 55 15 29 11 16 38 39 51 58 47 46 1 14 10 23 50 5 32 31 36 9 28 52 34 25 6 40 3 57 2 41 49 42 24 17 0
0 6 20 35 45 30 29 14 44 54 15 52 16 23 12 36 1 3 11 46 33 17 24 32 37 4 2 10 51 56 57 58 19 48 40 21 5 28 53 39 38 42 8 25 43 18 59 31 41 22 13 7 49 26 50 47 27 9 55 34 0
0 59 12 27 50 14 48 56 11 51 43 23 2 42 52 26 41 31 13 58 38 6 45 5 57 39 33 28 54 25 7 29 36 16 18 40 4 24 15 49 34 10 8 55 20 35 19 46 37 3 30 17 9 44 32 47 21 1 22 53 0
0 23 40 1 14 9 31 57 29 2 18 25 8 52 22 38 12 24 7 34 32 36 59 13 15 21 39 5 50 30 41 43 19 10 44 33 35 3 27 58 17 4 48 28 16 6 55 49 11 20 46 51 26 37 56 42 45 53 54 47 0
0 26 7 8 57 17 9 51 54 39 34 44 35 27 14 18 31 2 10 56 19 58 23 55 48 42 3 49 11 52 13 30 36 25 28 20 59 46 5 38 40 21 47 16 53 6 22 24 43 1 33 50 15 29 12 32 45 41 37 4 0
0 3 5 45 1 35 47 46 41 15 52 4 28 54 56 40 39 49 31 8 11 14 20 55 59 53 16 27 48 10 57 12 51 25 58 34 44 18 33 24 22 6 9 38 17 37 19 26 43 23 2 21 7 42 13 50 29 32 30 36 0
0 50 54 26 31 59 56 29 32 1 9 25 36 45 58 20 52 48 53 3 43 16 57 22 7 51 12 2 35 40 14 27 15 19 21 8 10 33 38 44 47 24 37 28 23 18 30 49 41 17 5 42 13 11 46 39 55 34 6 4 0
0 41 20 57 14 27 40 1 47 4 6 43 37 58 59 42 9 13 12 55 11 25 15 51 18 53 17 29 54 50 5 44 21 48 46 32 24 56 38 36 23 16 10 34 28 33 2 49 3 45 19 8 30 7 39 31 26 52 22 35 0
0 36 40 54 33 5 58 44 29 57 55 41 59 4 13 34 49 20 24 17 35 42 22 18 1 31 38 15 9 14 2 56 7 8 50 53 39 28 23 19 6 46 37 27 16 32 30 26 47 3 12 11 21 10 48 45 43 52 51 25 0
0 45 49 15 19 18 16 21 59 57 33 29 13 35 31 58 37 20 28 48 39 38 5 17 8 34 10 27 22 32 43 6 46 36 53 51 2 25 3 56 50 52 44 12 11 7 40 30 9 24 23 54 41 14 1 26 47 42 4 55 0
0 36 53 2 30 47 27 26 18 11 10 24 32 34 5 48 20 44 15 55 28 49 35 1 23 45 52 54 50 16 37 46 29 40 9 19 38 41 59 6 31 4 39 21 57 22 14 42 13 58 25 8 17 7 3 43 51 33 12 56 0
0 30 5 52 57 53 14 17 42 35 43 19 32 36 28 22 41 49 46 6 8 37 13 54 3 10 18 21 50 9 20 2 1 29 40 24 48 38 4 55 31 59 44 26 56 7 45 39 58 23 34 16 15 25 51 11 33 27 12 47 0
0 14 32 36 19 38 3 24 58 8 16 22 45 13 29 49 26 40 28 25 52 10 50 34 20 57 30 51 42 4 6 44 27 33 48 17 11 23 39 55 35 54 46 12 31 18 47 5 37 21 56 59 15 7 41 9 43 1 53 2 0
0 17 26 53 48 39 42 57 8 54 29 9 16 38 37 5 40 34 33 46 21 45 49 11 43 32 18 44 4 47 19 52 22 20 15 6 13 1 25 30 28 41 50 12 23 10 35 59 27 14 3 24 36 2 56 7 55 58 51 31 0
0 33 15 2 22 58 21 19 12 34 57 56 11 26 6 20 38 1 5 36 17 50 41 10 27 54 24 49 14 29 48 32 23 55 59 46 53 51 35 40 16 4 30 9 45 8 52 37 7 39 43 47 13 42 18 3 31 25 28 44 0
0 44 4 11 43 45 37 18 23 5 2 27 14 32 6 38 34 16 46 55 17 25 49 39 35 28 57 47 26 8 13 42 56 59 54 1 29 24 12 36 50 10 31 53 58 22 41 21 40 15 52 7 30 9 3 48 19 20 33 51 0
0 5 42 58 52 28 10 59 43 46 7 35 6 40 53 8 31 1 3 49 26 17 44 55 36 27 57 47 56 45 19 22 48 33 24 9 30 50 32 2 29 16 23 39 15 34 13 11 21 25 38 18 41 54 20 37 4 12 51 14 0
0 34 6 13 42 58 15 23 54 21 30 57 16 53 18 39 7 2 22 50 24 12 37 3 17 20 52 26 51 4 55 47 41 45 27 38 11 49 56 43 19 5 40 48 1 46 25 33 9 32 35 29 10 44 31 59 14 36 28 8 0
0 4 50 1 56 34 25 12 44 41 17 43 21 24 36 22 39 11 51 35 33 57 7 2 55 30 52 23 6 58 14 42 27 15 46 53 9 26 13 20 16 10 48 8 37 29 28 5 40 38 19 59 47 54 3 49 31 18 45 32 0
0 25 12 3 59 37 28 38 48 31 33 55 53 45 8 35 29 57 44 43 30 2 24 46 23 19 40 11 32 47 50 15 34 1 49 17 54 10 51 22 9 18 27 52 26 4 13 20 58 6 21 41 7 16 14 42 36 56 5 39 0
0 38 19 54 49 14 35 33 6 34 58 41 56 27 26 8 45 51 44 43 16 9 32 55 39 11 12 10 18 57 5 50 36 13 15 42 59 28 40 48 46 2 23 17 47 3 31 20 52 4 37 53 1 30 7 21 24 22 25 29 0
0 21 27 3 24 9 37 23 16 52 33 22 14 34 35 2 8 20 41 45 58 7 4 48 30 36 12 50 54 51 25 53 13 10 40 43 49 26 44 17 46 47 31 1 29 56 42 28 59 57 55 38 15 5 19 11 18 32 6 39 0
0 6 23 52 8 1 36 25 18 33 58 47 19 44 24 40 34 30 16 12 51 21 2 29 31 28 56 22 57 55 49 11 42 15 20 37 54 10 9 13 39 45 27 50 14 41 59 7 17 38 4 3 35 48 46 26 32 53 43 5 0
0 30 43 29 45 5 7 3 38 8 33 37 57 39 47 44 14 52 1 18 36 20 49 40 56 27 25 2 48 54 53 12 31 55 13 11 15 16 32 10 23 34 41 19 51 35 26 4 21 17 6 9 50 28 42 24 46 22 58 59 0
0 36 21 39 11 35 2 43 46 28 53 25 57 38 6 9 31 24 34 33 40 56 42 30 7 10 47 54 49 20 29 58 16 59 23 17 32 37 48 3 15 45 27 19 26 55 14 12 52 4 41 50 18 13 1 5 44 51 8 22 0
0 47 35 9 34 48 58 4 12 37 53 41 21 31 44 20 50 11 23 54 27 24 15 1 17 39 6 55 52 10 30 36 18 28 7 29 56 57 2 14 19 42 26 8 43 32 16 22 45 40 3 25 13 51 46 33 59 49 5 38 0
0 4 3 23 32 35 28 27 5 34 51 39 25 46 10 57 11 29 9 36 50 20 30 17 18 8 13 59 12 31 42 7 56 1 33 43 40 19 44 45 49 2 6 24 41 52 58 26 47 54 37 48 14 15 38 22 16 55 21 53 0
0 56 30 32 7 55 28 17 47 44 16 37 4 11 59 10 21 33 27 19 12 42 49 18 40 22 24 6 45 54 3 46 20 29 57 15 9 35 50 23 2 13 51 14 34 36 8 41 58 48 25 53 1 38 43 5 31 26 52 39 0
0 48 52 19 8 18 25 50 35 37 57 11 14 41 5 43 20 16 21 40 30 9 3 24 31 51 38 32 2 7 46 15 34 10 42 44 45 12 27 47 6 56 33 22 36 29 53 1 59 58 23 54 13 55 28 17 49 4 39 26 0
0 33 11 55 38 9 25 31 19 30 13 28 44 36 57 45 20 37 39 53 59 48 50 1 12 52 8 17 49 10 54 2 32 26 29 7 15 23 3 27 56 47 5 34 40 14 6 35 43 58 4 46 41 18 21 51 22 24 42 16 0
0 53 3 22 34 19 54 51 36 21 56 44 31 30 12 50 57 6 20 47 39 13 11 9 37 2 23 49 40 16 15 33 7 26 46 41 4 18 24 5 55 8 38 10 43 45 27 17 52 35 59 1 25 28 14 48 58 42 29 32 0
0 34 21 28 4 43 27 12 46 9 29 39 47 38 10 40 18 33 19 32 49 15 25 6 41 20 16 5 44 51 36 37 50 45 17 24 58 26 2 42 53 23 30 13 48 3 35 55 54 31 1 56 7 14 22 11 52 57 59 8 0
0 25 37 10 56 31 15 40 47 2 19 59 54 52 58 26 5 50 39 36 41 57 27 43 53 17 20 44 29 45 9 42 18 8 38 32 23 22 33 4 46 35 13 16 1 49 48 12 24 30 55 3 51 7 21 14 28 34 11 6 0
0 45 10 53 7 4 1 19 50 15 6 28 27 36 21 38 35 24 26 32 48 25 31 22 37 58 40 16 13 46 30 52 41 17 54 9 11 23 47 29 49 56 55 42 3 8 33 18 39 57 14 43 34 5 44 2 51 20 12 59 0
0 41 57 49 3 40 11 50 52 32 39 46 13 59 38 47 20 30 54 44 8 19 34 9 28 25 58 33 48 53 42 31 18 26 17 10 27 14 55 23 6 36 51 29 1 4 16 5 56 35 12 2 37 45 21 24 43 7 22 15 0
0 10 39 33 1 18 45 56 50 29 22 52 35 38 30 47 5 28 19 44 24 53 17 3 36 57 8 43 13 9 20 34 51 26 48 15 41 31 7 40 25 46 59 37 55 16 58 12 32 4 14 54 27 2 21 11 23 6 42 49 0
0 34 1 22 48 35 23 26 29 59 20 18 12 50 52 39 13 55 44 30 3 41 14 17 37 5 58 24 4 25 27 10 49 21 51 7 38 32 8 33 43 53 45 57 31 2 6 42 19 9 16 28 46 40 54 11 36 47 15 56 0
0 42 47 41 59 20 40 30 28 18 51 48 26 24 16 25 17 27 33 11 44 7 19 1 36 56 53 6 35 50 34 54 21 3 45 2 43 29 13 23 12 37 4 58 32 46 52 31 10 57 5 9 14 8 55 38 22 39 15 49 0
0 40 37 38 27 8 57 16 23 44 2 50 43 47 25 35 30 12 45 46 13 24 49 10 53 56 26 59 41 52 55 21 39 29 33 3 31 9 4 14 22 28 18 48 20 54 1 17 5 19 36 34 42 15 58 11 6 7 51 32 0
0 36 52 55 50 35 53 49 3 47 30 45 54 58 42 20 22 41 7 40 33 27 21 28 24 56 32 29 10 59 51 26 43 13 48 34 9 38 46 1 23 6 4 2 11 5 37 31 19 8 15 44 39 25 16 57 18 12 17 14 0
0 13 53 57 10 56 34 3 5 47 32 29 33 41 17 7 45 39 42 38 55 9 1 44 4 54 11 37 26 16 18 14 31 51 27 58 19 15 12 23 21 6 2 30 20 24 25 46 52 28 8 22 35 40 36 59 50 43 48 49 0
0 4 2 27 10 49 23 45 47 21 25 40 20 1 56 9 41 5 32 37 44 50 22 38 30 26 11 17 6 29 7 12 14 8 18 31 24 34 43 54 15 59 39 52 33 16 35 3 42 51 53 19 48 55 13 57 36 58 46 28 0
0 47 56 15 46 21 22 7 5 42 23 53 19 58 40 1 52 16 34 51 2 44 57 29 20 13 10 35 59 6 8 9 30 45 26 36 37 55 3 17 38 33 50 12 11 31 32 54 48 43 18 39 49 25 4 24 27 14 28 41 0
0 4 35 6 58 20 48 41 1 45 43 21 39 25 27 33 22 37 34 23 29 38 52 16 59 24 31 49 47 9 28 15 40 32 55 5 50 26 46 17 53 7 13 19 36 56 44 54 57 3 12 11 18 2 14 51 42 30 8 10 0
0 40 25 1 3 51 28 9 20 27 56 53 47 13 33 36 34 58 2 42 50 43 44 46 48 35 41 29 39 32 57 37 6 23 21 11 54 16 18 17 10 30 15 45 14 55 49 26 24 59 5 19 22 12 4 38 31 8 52 7 0
0 6 54 32 13 18 52 57 56 42 5 27 10 51 15 4 55 1 50 38 16 41 19 59 39 8 53 9 48 46 22 44 36 47 58 2 24 34 7 12 31 49 14 35 28 25 29 45 26 3 17 20 40 37 11 23 43 33 21 30 0
0 38 51 34 45 59 12 3 36 19 4 47 43 50 55 5 11 32 6 25 39 24 28 35 49 30 9 53 27 21 52 13 29 2 18 1 57 15 10 56 41 31 22 20 26 33 37 54 58 40 23 48 16 14 17 44 8 42 46 7 0
0 59 38 8 29 31 53 32 18 1 43 54 45 24 56 34 51 26 11 5 25 39 6 22 15 17 48 4 16 52 27 41 55 12 35 58 10 7 9 23 14 49 13 33 37 47 44 30 50 21 46 19 3 42 2 57 40 20 28 36 0
0 36 37 54 27 23 38 16 30 14 39 7 18 47 11 1 56 8 4 57 51 33 25 19 12 34 20 52 45 28 10 46 9 40 58 2 29 15 5 17 44 31 59 53 21 13 26 32 35 42 6 48 43 49 22 50 55 24 3 41 0
0 49 50 14 2 25 47 34 36 39 23 27 43 30 5 55 31 46 20 59 11 15 44 10 32 9 54 19 13 37 52 21 35 38 18 26 51 16 45 22 8 28 6 42 4 29 57 1 53 48 17 58 12 56 40 41 3 7 33 24 0
0 31 39 19 2 16 22 1 26 24 43 36 51 21 23 38 11 35 4 29 40 58 53 15 32 20 47 33 50 27 13 12 42 49 9 5 48 6 46 55 34 17 52 37 18 7 14 56 10 8 3 59 41 28 44 57 25 54 30 45 0
0 26 9 58 25 32 30 52 48 16 18 3 35 11 23 28 49 47 7 27 54 43 19 20 15 14 53 41 5 1 34 4 44 38 8 39 12 56 36 57 42 33 31 55 21 6 37 45 13 46 24 40 17 22 29 59 10 51 2 50 0
0 58 49 8 51 41 31 12 18 6 57 14 46 42 36 54 47 27 2 30 39 5 56 43 45 59 13 7 55 28 20 10 19 23 44 16 11 40 48 38 22 9 17 50 35 15 32 26 21 24 1 3 53 25 33 37 52 34 29 4 0
0 59 36 52 48 35 49 34 15 18 7 19 2 56 47 26 45 20 39 27 23 25 3 54 40 50 4 57 22 38 13 14 12 10 28 1 24 17 37 42 32 41 33 43 31 9 44 46 6 58 8 11 5 21 51 30 29 55 53 16 0
0 14 30 34 31 49 19 46 12 9 36 25 4 20 48 13 51 8 57 35 58 37 45 24 15 17 44 41 18 59 47 21 28 33 52 6 54 7 11 22 1 43 29 56 3 32 5 10 16 40 39 42 53 38 2 27 55 50 26 23 0
0 38 52 46 4 56 43 6 11 10 19 25 49 22 2 17 36 28 30 24 21 26 50 12 48 1 44 59 9 13 51 20 23 41 5 47 7 15 31 29 27 39 55 54 16 45 35 3 37 40 34 14 33 42 32 18 53 57 58 8 0
0 26 46 41 39 27 16 23 24 13 51 52 59 35 5 55 19 37 7 21 31 15 42 43 57 36 22 10 18 14 4 45 58 2 56 8 34 6 33 12 25 17 47 40 1 30 53 49 20 29 50 3 9 28 44 48 54 11 38 32 0
0 16 41 47 20 46 44 40 42 59 30 17 27 5 12 52 1 55 18 4 26 23 58 13 15 9 14 31 35 43 6 28 54 39 53 45 24 57 7 19 11 34 25 3 38 56 29 2 22 33 21 48 37 51 50 36 49 10 32 8 0
0 55 16 5 53 6 1 2 21 47 8 26 51 29 28 48 56 40 10 30 31 27 57 41 4 52 33 15 17 42 18 20 19 34 39 46 23 50 37 59 43 44 22 14 24 54 45 35 7 12 36 38 9 3 58 25 32 49 13 11 0
0 44 5 33 54 32 49 53 59 20 43 19 29 57 7 40 9 42 51 14 6 2 3 47 35 24 23 11 56 4 37 12 41 52 50 55 15 13 48 38 58 30 28 17 10 31 34 25 45 8 18 22 46 26 16 39 1 21 27 36 0
0 32 5 7 37 56 4 13 40 20 50 25 21 6 28 54 57 47 30 14 53 27 29 33 38 12 45 26 2 31 24 34 18 15 3 49 35 11 8 59 44 16 46 23 51 39 9 10 58 55 41 36 1 42 17 19 43 22 48 52 0
0 33 3 5 54 30 12 20 40 52 51 8 19 14 15 45 34 10 23 13 50 17 6 25 41 1 11 27 47 36 37 49 55 7 53 58 56 4 35 31 42 28 32 16 57 46 22 2 44 9 21 24 59 39 18 48 29 43 38 26 0
0 1 53 19 16 12 33 54 41 25 23 21 3 38 4 11 37 14 18 10 39 6 57 51 29 17 35 32 59 20 26 34 8 28 7 55 45 40 24 15 56 2 13 30 49 52 46 47 42 31 5 50 44 43 9 22 48 36 27 58 0
0 27 5 19 8 13 22 44 38 36 18 53 34 48 11 41 1 56 46 57 54 25 51 14 49 32 37 58 15 20 59 24 29 17 43 21 40 12 39 55 9 4 31 33 23 3 28 47 2 42 7 10 45 16 35 52 30 26 50 6 0
0 57 11 3 56 47 26 39 50 24 36 19 51 27 14 12 46 54 52 1 53 22 17 5 42 49 40 6 38 30 31 10 55 4 35 13 16 37 25 7 43 28 45 29 58 9 8 32 23 33 41 15 18 34 20 48 44 59 21 2 0
0 3 43 17 38 54 53 21 42 22 33 23 47 57 51 40 7 24 16 39 8 20 58 2 15 49 34 28 27 18 6 36 55 10 26 11 25 52 41 5 19 45 12 50 1 29 48 13 59 4 35 44 32 30 56 31 37 14 46 9 0
0 19 49 18 1 13 8 6 20 42 40 43 48 32 31 44 55 10 22 16 21 12 27 3 54 34 15 29 52 28 5 36 37 11 38 35 4 51 59 47 23 45 56 26 58 50 46 24 7 41 39 53 30 9 25 14 17 2 57 33 0
0 5 7 53 40 28 25 41 9 48 22 42 23 18 8 37 58 56 36 16 24 4 13 43 3 12 44 34 52 26 39 35 51 2 55 27 57 1 19 30 10 29 32 21 11 46 50 38 59 54 31 14 47 6 33 45 15 20 49 17 0
0 28 44 50 29 1 33 47 48 5 8 35 34 16 24 14 40 6 31 25 19 18 7 17 32 59 36 22 54 39 43 11 41 20 26 46 57 3 23 30 49 2 27 9 12 38 53 51 15 55 45 4 37 56 52 21 42 10 58 13 0
0 38 56 5 4 33 1 54 25 19 23 52 26 39 57 49 12 32 18 14 41 55 10 42 34 45 2 43 13 58 59 40 31 27 28 53 17 30 35 16 44 21 24 46 47 20 3 9 29 22 37 51 11 15 36 48 7 8 6 50 0
0 14 31 8 55 23 16 54 33 21 1 44 50 17 53 2 52 43 48 40 24 34 4 25 41 3 27 18 42 20 10 39 57 46 47 58 5 49 13 45 36 38 12 29 51 15 9 22 30 56 19 59 37 26 7 32 35 6 11 28 0
0 30 41 31 45 7 34 36 43 27 35 13 40 28 24 14 56 32 53 46 38 11 44 33 29 4 48 37 23 55 6 58 22 42 50 26 9 12 25 52 3 1 57 49 17 51 21 54 47 15 39 5 2 18 59 16 10 19 8 20 0
0 56 7 55 29 59 53 48 30 23 15 2 52 4 21 19 10 47 58 12 38 27 16 11 39 45 37 44 31 42 24 50 40 6 18 25 20 22 1 41 28 8 46 5 17 36 14 9 54 49 43 51 35 34 26 3 32 13 57 33 0
0 12 18 52 49 54 19 8 14 44 10 50 35 5 6 45 43 2 47 20 16 11 4 38 25 15 13 7 9 33 41 26 29 37 24 59 46 48 53 42 32 22 36 58 27 23 39 21 56 3 40 57 30 1 17 28 34 55 51 31 0
0 7 6 46 28 59 37 15 55 47 23 31 38 52 50 18 8 30 22 58 49 25 4 48 9 40 51 27 35 54 42 19 2 24 41 43 33 11 32 20 45 16 17 39 12 29 53 21 57 10 13 56 5 1 3 34 14 36 44 26 0
0 27 58 38 39 48 31 42 56 50 2 43 35 29 11 36 8 3 9 4 6 20 19 25 30 17 51 47 53 54 13 49 52 33 37 1 44 45 7 14 16 28 23 24 15 55 26 41 10 57 22 18 12 40 59 5 34 46 21 32 0
0 17 5 29 37 28 31 30 41 58 51 45 4 3 9 14 16 43 36 2 8 15 24 27 20 1 38 33 7 49 34 12 19 22 6 47 48 54 23 44 10 11 56 50 25 40 53 32 59 13 26 52 55 21 57 46 42 35 39 18 0
0 31 11 33 38 18 20 29 41 51 34 57 27 16 54 6 43 50 36 52 14 40 45 22 25 8 4 48 12 58 35 13 55 37 9 47 32 15 44 17 23 10 46 2 26 49 39 59 56 1 53 28 19 42 5 7 21 24 3 30 0
0 22 45 13 25 12 20 7 54 16 47 8 30 9 14 1 50 53 39 29 27 35 43 55 23 37 40 49 5 3 17 6 32 44 28 15 46 42 58 18 59 41 21 48 51 31 26 36 10 38 57 19 33 24 11 2 34 4 52 56 0
0 15 27 45 59 28 35 47 37 22 18 11 33 29 44 38 31 14 21 20 3 57 41 16 30 56 50 36 12 49 52 5 34 19 9 24 43 42 8 10 51 46 48 55 25 2 54 23 4 26 7 39 58 13 32 40 1 53 6 17 0
0 43 44 8 50 5 41 59 47 17 12 40 11 37 48 55 46 36 20 10 9 52 27 23 7 42 1 54 39 15 33 3 58 34 14 56 35 32 25 51 4 28 31 16 26 22 21 19 13 38 30 29 49 53 18 2 57 45 24 6 0
0 51 2 8 49 56 12 1 50 9 21 26 33 41 24 43 42 31 10 58 4 14 54 55 28 23 18 57 47 17 15 44 45 37 7 20 39 34 3 52 25 19 11 30 22 27 46 13 53 32 35 59 38 40 36 29 48 16 5 6 0
