# n n_solutions
40 1000
# n x n distance matrix
0 1711 1708 6578 8558 2000 5215 7495 4770 8039 8979 3178 3584 2529 6140 7206 6300 4365 8660 8598 5532 4657 4368 7611 8060 10520 2262 8006 5514 5135 6407 3962 3862 8955 4816 2800 5554 6300 4482 2657
1711 0 2109 5100 8031 3413 4036 8234 4295 8572 8021 3448 3512 2751 4491 5522 4609 4303 7962 7366 6146 4726 2865 5990 8746 9794 1802 7569 6074 5412 5818 3257 3811 7640 5166 3448 3992 6718 3498 3748
1708 2109 0 5632 6879 1800 3984 6146 3124 6551 7465 1503 1878 824 5573 6726 5894 2657 7029 7291 4080 2961 3622 6906 6673 8886 1000 6313 4026 3500 4763 2469 2154 7725 3206 1341 4809 4738 3138 1749
6578 5100 5632 0 5536 7424 1897 9403 4024 9090 4104 5573 4923 5403 1503 2147 2102 5069 4924 2692 7558 5503 2236 1581 9660 6300 4638 5500 7378 6306 4045 3569 5000 2720 6356 6228 1204 7433 2765 7105
8558 8031 6879 5536 0 7993 4601 6000 3801 5135 2370 5607 5021 6102 6937 7669 7569 4327 894 3962 5255 4244 6200 6888 5921 2195 6397 670 5069 4356 2213 4775 4780 4609 4687 6296 6198 4438 4669 7144
2000 3413 1800 7424 7993 0 5727 5721 4494 6412 8935 2420 3106 2154 7355 8500 7648 3679 8297 8953 3945 3764 5414 8705 6312 10117 2800 7366 3981 3935 6060 4110 3280 9425 3577 1697 6606 4850 4850 948
5215 4036 3984 1897 4601 5727 0 7580 2163 7353 4031 3711 3041 3622 2701 3753 3301 3178 4257 3383 5682 3623 1612 3443 7874 5977 3046 4356 5507 4441 2624 1702 3104 3757 4472 4400 1802 5622 900 5308
7495 8234 6146 9403 6000 5721 7580 0 5420 1140 8161 4837 5060 5500 10216 11322 10762 4525 6806 9272 2109 4030 8486 10983 608 7990 6586 5403 2220 3182 5664 6222 4826 9932 3264 4810 9295 1972 6876 4866
4770 4295 3124 4024 3801 4494 2163 5420 0 5249 4441 2102 1389 2408 4810 5903 5375 1104 3905 4652 3534 1486 3224 5594 5731 5762 2600 3289 3354 2282 1640 1104 1264 5215 2340 2863 3889 3471 1500 3807
8039 8572 6551 9090 5135 6412 7353 1140 5249 0 7397 5124 5188 5824 10044 11103 10621 4527 5984 8653 2507 4031 8440 10666 806 7017 6834 4589 2531 3219 5162 6185 4919 9323 3417 5260 9128 1878 6747 5500
8979 8021 7465 4104 2370 8935 4031 8161 4441 7397 0 6536 5830 6824 5607 6053 6200 5371 1476 1788 7045 5502 5554 5119 8158 2209 6717 2816 6846 5922 2973 5024 5682 2360 6184 7294 5099 6400 4545 8229
3178 3448 1503 5573 5607 2420 3711 4837 2102 5124 6536 0 728 707 5909 7077 6352 1280 5879 6694 2729 1486 3982 7034 5322 7707 1749 5000 2640 2002 3640 2009 860 7218 1726 761 5032 3275 2815 1708
3584 3512 1878 4923 5021 3106 3041 5060 1389 5188 5830 728 0 1081 5371 6529 5852 806 5232 5966 2973 1216 3500 6419 5491 7076 1711 4441 2842 1969 2973 1360 300 6493 1802 1486 4472 3310 2158 2434
2529 2751 824 5403 6102 2154 3622 5500 2408 5824 6824 707 1081 0 5565 6735 5961 1838 6296 6800 3401 2137 3605 6789 6000 8146 1131 5522 3324 2707 4031 1964 1341 7280 2433 894 4729 3981 2729 1702
6140 4491 5573 1503 6937 7355 2701 10216 4810 10044 5607 5909 5371 5565 0 1170 632 5720 6378 4148 8241 6200 1964 1523 10541 7800 4589 6835 8080 7042 5235 4049 5522 4071 7021 6451 921 8280 3341 7227
7206 5522 6726 2147 7669 8500 3753 11322 5903 11103 6053 7077 6529 6735 1170 0 921 6850 7021 4400 9373 7323 3132 1044 11627 8260 5748 7647 9208 8160 6161 5197 6673 4143 8153 7621 2059 9372 4465 8393
6300 4609 5894 2102 7569 7648 3301 10762 5375 10621 6200 6352 5852 5961 632 921 0 6248 7003 4687 8761 6735 2370 1697 11101 8400 4933 7467 8605 7582 5859 4560 6021 4554 7543 6854 1500 8838 3889 7589
4365 4303 2657 5069 4327 3679 3178 4525 1104 4527 5371 1280 806 1838 5720 6850 6248 0 4622 5731 2523 500 3962 6621 4904 6438 2501 3720 2360 1345 2418 1697 509 6307 1303 1984 4801 2662 2385 2884
8660 7962 7029 4924 894 8297 4257 6806 3905 5984 1476 5879 5232 6296 6378 7021 7003 4622 0 3114 5894 4632 5869 6184 6760 1860 6435 1403 5700 4884 2267 4750 5024 3748 5189 6606 5707 5147 4494 7500
8598 7366 7291 2692 3962 8953 3383 9272 4652 8653 1788 6694 5966 6800 4148 4400 4687 5731 3114 0 7840 6003 4609 3413 9363 3929 6400 4243 7641 6612 3649 4846 5903 670 6800 7446 3847 7375 4159 8393
5532 6146 4080 7558 5255 3945 5682 2109 3534 2507 7045 2729 2973 3401 8241 9373 8761 2523 5894 7840 0 2059 6444 9124 2600 7432 4477 4588 200 1264 4204 4201 2758 8471 1220 2765 7323 1000 4908 3014
4657 4726 2961 5503 4244 3764 3623 4030 1486 4031 5502 1486 1216 2137 6200 7323 6735 500 4632 6003 2059 0 4459 7066 4404 6403 2927 3606 1886 848 2529 2193 921 6600 854 2080 5280 2163 2860 2900
4368 2865 3622 2236 6200 5414 1612 8486 3224 8440 5554 3982 3500 3605 1964 3132 2370 3962 5869 4609 6444 4459 0 3301 8861 7569 2630 5921 6296 5307 4143 2267 3687 4816 5234 4494 1204 6606 1746 5263
7611 5990 6906 1581 6888 8705 3443 10983 5594 10666 5119 7034 6419 6789 1523 1044 1697 6621 6184 3413 9124 7066 3301 0 11241 7316 5907 6933 8947 7876 5586 5059 6519 3114 7915 7648 2100 9013 4272 8485
8060 8746 6673 9660 5921 6312 7874 608 5731 806 8158 5322 5491 6000 10541 11627 11100 4904 6760 9363 2600 4404 8861 11241 0 7823 7065 5360 2683 3560 5813 6594 5243 10030 3689 5345 9620 2262 7211 5445
10520 9794 8886 6300 2195 10117 5977 7990 5762 7017 2209 7707 7076 8146 7800 8260 8400 6438 1860 3929 7432 6403 7569 7316 7823 0 8292 2865 7249 6551 4123 6603 6859 4401 6879 8421 7244 6578 6307 9295
2262 1802 1000 4638 6397 2800 3046 6586 2600 6834 6717 1749 1711 1131 4589 5748 4933 2501 6435 6400 4477 2927 2630 5907 7065 8292 0 5887 4382 3640 4205 1702 2009 6802 3417 2000 3811 4964 2247 2657
8006 7569 6313 5500 670 7366 4356 5403 3289 4589 2816 5000 4441 5522 6835 7647 7467 3720 1403 4243 4588 3606 5921 6933 5360 2865 5887 0 4401 3689 1802 4317 4188 4909 4022 5672 6044 3785 4303 6505
5514 6074 4026 7378 5069 3981 5507 2220 3354 2531 6846 2640 2842 3324 8080 9208 8605 2360 5700 7641 200 1886 6296 8947 2683 7249 4382 4401 0 1077 4004 4045 2617 8273 1063 2729 7161 894 4743 3041
5135 5412 3500 6306 4356 3935 4441 3182 2282 3219 5922 2002 1969 2707 7043 8160 7582 1345 4884 6612 1264 848 5307 7876 3560 6551 3640 3689 1077 0 3006 3041 1700 7233 360 2376 6121 1341 3701 3001
6407 5818 4763 4045 2213 6060 2624 5664 1640 5162 2973 3640 2973 4031 5235 6161 5859 2418 2267 3649 4204 2529 4143 5586 5813 4123 4205 1802 4004 3006 0 2563 2780 4295 3238 4382 4386 3736 2501 5300
3962 3257 2469 3569 4775 4110 1702 6222 1104 6185 5024 2009 1360 1964 4049 5197 4560 1697 4750 4846 4201 2193 2267 5059 6594 6603 1702 4317 4045 3041 2563 0 1476 5316 2983 2701 3138 4341 806 3622
3862 3811 2154 5000 4780 3280 3104 4826 1264 4919 5682 860 300 1341 5522 6673 6021 509 5024 5903 2758 921 3687 6519 5243 6859 2009 4188 2617 1700 2780 1476 0 6449 1562 1612 4614 3041 2247 2549
8955 7640 7725 2720 4609 9425 3757 9932 5215 9323 2360 7218 6493 7280 4071 4143 4554 6307 3748 670 8471 6600 4816 3114 10030 4401 6802 4909 8273 7233 4295 5316 6449 0 7410 7962 3920 8028 4588 8905
4816 5166 3206 6356 4687 3577 4472 3264 2340 3417 6184 1726 1802 2433 7021 8153 7543 1303 5189 6800 1220 854 5234 7915 3689 6879 3417 4022 1063 360 3238 2983 1562 7410 0 2039 6103 1552 3688 2641
2800 3448 1341 6228 6296 1697 4400 4810 2863 5260 7294 761 1486 894 6451 7621 6854 1984 6606 7446 2765 2080 4494 7648 5345 8421 2000 5672 2729 2376 4382 2701 1612 7962 2039 0 5604 3500 3500 948
5554 3992 4809 1204 6198 6606 1802 9295 3889 9128 5099 5032 4472 4729 921 2059 1500 4801 5707 3847 7323 5280 1204 2100 9620 7244 3811 6044 7161 6121 4386 3138 4614 3920 6103 5604 0 7359 2420 6413
6300 6718 4738 7433 4438 4850 5622 1972 3471 1878 6400 3275 3310 3981 8280 9372 8838 2662 5147 7375 1000 2163 6606 9013 2262 6578 4964 3785 894 1341 3736 4341 3041 8028 1552 3500 7359 0 4949 3905
4482 3498 3138 2765 4669 4850 900 6876 1500 6747 4545 2815 2158 2729 3341 4465 3889 2385 4494 4159 4908 2860 1746 4272 7211 6307 2247 4303 4743 3701 2501 806 2247 4588 3688 3500 2420 4949 0 4410
2657 3748 1749 7105 7144 948 5308 4866 3807 5500 8229 1708 2434 1702 7227 8393 7589 2884 7500 8393 3014 2900 5263 8485 5445 9295 2657 6505 3041 3001 5300 3622 2549 8905 2641 948 6413 3905 4410 0
# set of given starting solutions
0 14 16 1 22 11 10 38 30 15 3 21 27 9 33 26 6 39 20 28 5 4 32 8 35 17 2 25 19 23 13 18 12 7 37 29 36 34 24 31 0
0 11 13 16 12 35 1 10 26 22 15 27 33 37 3 34 21 30 20 32 38 7 18 6 28 2 4 17 25 8 31 36 23 39 24 9 19 5 14 29 0
0 30 3 10 37 34 36 9 29 26 17 16 1 8 38 24 14 28 39 6 7 12 13 5 18 21 15 4 25 2 19 20 27 22 33 32 35 23 11 31 0
0 34 7 11 31 21 26 32 4 30 35 16 23 19 2 1 9 25 33 17 38 20 18 27 29 28 24 15 6 22 14 13 5 8 37 36 10 12 3 39 0
0 37 30 13 33 35 16 9 4 36 39 5 27 18 25 12 14 38 3 29 17 6 24 15 26 19 22 1 21 10 2 34 31 8 7 28 11 23 32 20 0
0 11 9 26 6 12 37 8 38 17 33 20 21 7 5 14 25 35 30 27 31 15 1 3 34 13 16 28 10 4 18 24 23 29 36 32 39 2 22 19 0
0 21 38 6 17 31 34 22 9 23 33 29 25 10 2 39 16 8 24 3 26 35 30 19 32 27 5 1 37 28 36 14 18 12 7 20 4 11 15 13 0
0 13 7 11 14 28 3 12 23 4 15 37 6 32 18 8 39 36 21 9 29 25 2 5 30 33 20 10 1 17 38 35 19 16 22 31 26 24 27 34 0
0 24 39 10 11 12 1 2 27 30 35 28 26 33 19 22 21 7 16 20 13 31 18 25 36 14 23 37 29 3 5 4 8 32 38 6 15 9 34 17 0
0 21 10 25 2 7 31 27 38 13 18 14 28 32 36 4 35 24 8 37 29 34 23 30 20 5 11 17 9 1 16 19 12 39 33 26 15 6 22 3 0
0 35 22 3 33 7 18 26 39 16 1 5 23 24 19 17 15 12 28 8 10 25 20 34 32 21 4 30 31 27 11 13 9 6 2 14 38 37 29 36 0
0 27 32 11 37 36 5 15 39 12 4 18 20 7 29 22 25 17 9 13 38 19 34 33 1 28 30 2 35 3 6 23 26 24 16 14 21 10 31 8 0
0 3 15 18 23 33 22 6 31 25 36 32 35 5 17 16 2 10 7 9 12 19 38 20 4 14 1 37 29 28 39 30 11 27 8 26 21 24 34 13 0
0 39 24 15 7 29 14 22 27 30 1 20 38 6 11 25 26 36 28 10 34 3 23 17 8 4 35 37 2 16 9 13 5 18 19 32 12 21 33 31 0
0 12 36 10 4 9 34 14 32 25 31 3 19 33 30 20 2 22 11 39 5 16 27 21 6 29 38 18 24 23 37 15 8 17 7 26 35 13 1 28 0
0 26 2 28 22 19 34 11 37 25 15 21 4 16 32 39 5 3 33 1 17 23 29 18 31 38 8 30 9 12 36 27 10 24 6 20 13 7 35 14 0
0 9 5 23 4 31 29 39 13 18 3 14 21 34 10 28 11 2 6 33 8 1 32 20 17 37 24 19 16 26 38 15 25 36 35 7 30 22 27 12 0
0 2 12 26 6 32 33 27 24 14 11 22 18 16 20 23 35 8 19 21 9 36 37 15 7 31 13 3 39 1 28 34 17 38 4 30 25 10 29 5 0
0 4 31 17 20 6 2 35 38 36 21 22 37 9 7 18 27 25 19 28 23 15 11 10 26 5 34 1 24 8 33 30 12 3 14 39 29 13 32 16 0
0 19 31 10 24 27 35 22 3 16 17 4 18 33 6 36 5 32 8 38 23 9 37 39 20 2 1 11 26 13 14 21 28 34 29 15 30 25 12 7 0
0 5 1 9 14 31 30 21 23 7 15 22 12 33 28 25 38 11 39 32 6 24 34 36 20 35 2 26 37 17 3 10 16 19 18 27 4 8 13 29 0
0 32 18 30 23 31 33 29 14 5 15 10 12 27 3 11 1 39 26 35 21 28 16 22 2 36 34 8 24 37 20 6 25 13 38 7 19 17 4 9 0
0 37 11 29 30 6 28 16 17 4 34 23 8 38 35 24 14 27 1 2 13 12 22 25 5 15 10 18 33 36 7 39 19 20 9 32 31 26 3 21 0
0 8 11 27 2 23 16 22 36 13 9 32 15 25 37 39 6 14 35 30 5 24 26 7 4 34 17 1 29 31 18 3 19 33 10 21 38 28 12 20 0
0 29 16 21 10 31 13 38 36 39 6 35 3 34 19 33 37 14 32 12 9 26 28 1 23 4 27 25 24 11 15 17 30 7 22 8 2 20 18 5 0
0 22 17 3 29 7 25 26 21 15 33 9 2 19 38 11 35 1 12 32 13 34 20 10 6 36 14 39 18 31 24 4 27 30 28 8 23 5 37 16 0
0 16 25 8 33 1 6 30 14 31 3 39 9 4 13 20 27 36 34 35 24 12 11 19 23 38 17 10 5 18 29 15 7 2 22 21 26 32 28 37 0
0 33 31 9 1 25 24 4 23 29 37 11 6 13 27 2 3 36 18 30 32 26 10 7 8 17 38 35 20 14 16 21 19 39 5 12 15 34 22 28 0
0 23 38 10 12 14 3 16 32 15 37 19 8 28 18 39 24 22 2 20 26 36 1 21 25 17 9 27 29 33 31 6 11 30 4 35 34 7 13 5 0
0 25 29 18 15 7 37 8 6 30 36 21 14 2 32 1 16 5 27 20 19 24 26 12 28 34 35 33 17 38 11 4 9 13 39 23 22 10 31 3 0
0 1 35 17 37 16 32 13 21 38 24 8 10 6 2 9 20 3 22 33 36 12 28 5 14 29 26 11 31 25 15 4 34 19 39 18 27 23 30 7 0
0 22 38 19 17 7 32 23 29 30 25 6 2 39 1 21 35 34 11 24 33 10 15 18 26 5 31 36 12 13 16 27 14 9 8 4 28 37 20 3 0
0 18 35 5 15 32 8 4 22 36 23 1 28 19 6 33 3 10 20 39 34 27 13 37 26 11 16 24 30 38 12 2 21 31 9 7 25 14 17 29 0
0 34 39 33 17 2 8 37 18 26 30 21 36 10 1 16 15 20 5 27 11 9 13 38 23 35 32 14 19 7 3 28 24 31 12 29 22 6 25 4 0
0 9 37 4 25 31 32 39 10 19 21 15 6 18 35 22 12 11 24 30 33 38 29 14 3 28 26 20 16 27 5 36 1 17 7 8 23 13 34 2 0
0 35 23 7 22 15 20 9 38 11 12 21 3 14 27 18 16 29 4 31 1 36 32 8 34 39 33 37 10 24 6 30 26 5 25 17 19 13 2 28 0
0 7 26 3 31 22 6 38 20 21 4 32 27 10 18 9 16 15 34 33 2 1 24 5 36 8 14 28 19 17 37 35 11 13 39 30 23 25 29 12 0
0 2 10 25 39 37 5 13 19 8 26 24 3 11 16 1 21 31 15 36 28 23 14 30 9 4 35 22 18 27 7 6 33 32 12 29 20 34 38 17 0
0 20 1 10 12 9 24 34 27 35 4 11 28 26 16 8 31 23 2 29 5 6 17 18 33 19 30 3 22 15 37 32 38 21 39 7 36 13 14 25 0
0 5 36 11 13 1 29 7 9 27 8 21 12 33 19 37 20 2 23 25 14 3 32 24 15 22 4 34 28 17 31 18 16 10 38 26 39 35 6 30 0
0 5 22 30 4 16 31 36 12 25 37 32 15 1 2 19 20 35 29 34 21 17 6 3 38 23 13 18 28 33 7 26 11 39 14 10 9 27 24 8 0
0 35 38 32 11 28 14 19 39 37 8 9 26 22 13 25 6 23 12 30 4 36 7 21 29 15 31 27 24 33 10 17 2 18 5 16 1 3 20 34 0
0 26 39 16 30 20 2 5 21 35 37 1 19 15 13 12 25 14 28 4 36 11 8 23 22 9 7 18 29 32 24 27 34 33 38 10 3 6 17 31 0
0 21 5 33 8 28 19 14 3 26 35 4 1 6 29 32 11 17 27 20 39 25 13 37 31 36 16 18 24 38 23 30 15 22 10 7 12 34 2 9 0
0 37 21 14 13 34 35 30 24 4 8 29 22 17 5 39 36 38 12 19 1 28 25 11 32 16 2 20 3 31 15 23 33 7 18 10 6 9 26 27 0
0 3 36 17 25 13 5 9 29 6 34 14 32 31 35 28 27 20 15 19 16 21 10 12 24 11 30 37 39 18 38 7 33 4 2 1 22 26 8 23 0
0 19 20 36 10 6 31 32 1 13 17 15 9 34 2 30 16 26 37 24 21 38 39 29 7 28 3 25 35 23 27 33 22 5 4 14 8 18 11 12 0
0 24 2 11 31 20 21 15 23 18 22 38 1 30 14 6 12 8 3 13 39 10 26 35 16 33 19 5 9 25 37 34 27 4 32 36 7 17 29 28 0
0 5 29 4 11 14 34 38 36 18 22 24 25 31 35 10 32 8 21 9 23 17 26 19 28 15 39 33 12 3 6 1 27 2 37 7 20 13 30 16 0
0 39 6 31 27 33 35 19 8 12 7 15 11 18 1 13 9 38 17 21 2 34 23 4 14 24 5 37 25 29 16 22 30 3 26 20 10 28 32 36 0
0 33 3 15 36 28 32 31 26 37 5 14 18 16 22 20 29 39 19 12 7 10 24 38 23 35 30 9 21 1 34 13 4 8 6 11 2 25 17 27 0
0 18 11 4 19 9 25 15 14 29 37 27 7 1 28 39 10 6 20 30 23 8 33 35 17 21 32 34 12 5 38 26 2 3 31 13 22 24 16 36 0
0 18 11 17 20 4 5 39 15 28 35 3 14 7 9 12 29 23 27 34 8 21 36 16 30 32 19 24 13 33 38 1 37 22 25 31 10 2 26 6 0
0 8 7 11 1 29 38 39 27 26 24 18 35 36 17 16 37 28 22 31 12 21 34 10 19 33 13 14 23 6 32 4 2 25 3 15 9 5 20 30 0
0 16 31 7 10 5 24 23 2 17 33 22 13 18 26 14 1 11 9 39 34 29 30 4 35 3 21 27 25 36 32 28 19 12 15 20 6 38 37 8 0
0 27 17 9 2 29 1 36 22 30 39 7 10 26 18 28 3 8 4 6 24 34 31 13 25 33 12 16 38 5 15 19 11 20 32 21 14 35 23 37 0
0 22 15 30 32 29 25 23 31 10 1 20 9 11 21 37 2 6 38 16 33 14 12 35 5 24 8 19 27 28 36 3 18 13 34 39 7 26 4 17 0
0 9 34 35 38 20 10 15 24 25 30 7 32 19 6 37 12 13 14 2 22 33 16 4 17 8 27 23 18 11 31 29 28 3 39 21 36 5 26 1 0
0 38 6 14 17 26 13 21 15 19 8 18 39 16 9 34 10 25 32 29 24 11 3 37 23 35 36 20 22 7 2 12 31 4 30 27 5 1 33 28 0
0 18 17 12 38 29 10 24 23 3 35 4 1 32 26 28 19 2 13 15 16 27 8 36 21 30 31 6 33 11 34 5 25 7 22 20 9 14 37 39 0
0 35 18 16 13 1 28 32 6 22 30 19 3 33 9 2 38 4 20 25 29 14 26 34 23 27 15 12 5 10 8 7 36 31 11 39 21 37 17 24 0
0 34 31 11 32 36 7 9 21 10 14 23 3 28 16 2 19 25 18 13 4 8 24 20 39 27 26 33 5 29 12 38 15 17 22 30 1 35 6 37 0
0 26 30 32 3 34 18 6 22 29 4 28 5 38 27 23 14 33 8 31 9 16 15 1 7 25 20 24 35 13 39 11 12 37 17 21 2 36 19 10 0
0 4 3 16 14 17 18 5 34 30 32 2 33 21 27 13 28 9 39 10 1 15 37 22 19 38 29 8 35 20 36 11 24 12 26 23 31 25 6 7 0
0 39 8 32 37 30 3 16 11 7 18 31 36 27 25 34 26 33 17 29 13 5 10 12 20 14 21 19 6 23 9 2 28 35 38 4 1 15 22 24 0
0 3 25 32 17 29 35 15 37 12 18 27 20 10 26 14 28 22 8 11 1 2 33 24 9 7 38 5 21 34 13 16 19 30 36 39 6 23 31 4 0
0 12 10 5 25 18 14 13 30 9 27 3 35 33 39 21 23 24 31 28 22 26 19 6 38 11 1 4 16 8 29 37 2 36 15 17 7 20 32 34 0
0 4 33 16 3 10 17 25 18 2 28 8 24 20 21 1 22 39 5 32 29 12 38 13 6 26 9 35 34 37 31 23 7 14 30 15 27 19 36 11 0
0 1 7 10 23 26 33 15 3 29 6 5 27 11 21 9 25 12 39 24 14 18 34 4 28 37 32 30 8 16 19 2 17 13 31 20 22 38 35 36 0
0 4 5 27 35 30 3 23 17 37 24 1 18 26 22 39 6 11 29 2 10 9 20 32 15 13 16 38 19 8 36 12 34 7 14 31 33 21 25 28 0
0 30 33 2 31 5 16 1 36 11 20 23 13 26 14 22 24 21 18 12 28 25 15 7 17 4 37 3 39 27 29 6 35 32 9 8 10 19 38 34 0
0 36 12 25 22 37 21 10 26 3 15 17 32 14 1 11 24 16 6 23 28 19 20 9 18 33 8 5 2 38 27 30 31 35 39 13 4 29 7 34 0
0 39 30 23 31 32 28 37 17 16 33 6 38 18 15 24 2 1 25 21 9 3 13 27 8 34 4 10 19 20 14 36 26 7 29 35 5 11 22 12 0
0 32 20 22 5 9 8 21 6 15 1 4 11 39 28 37 27 30 3 23 10 29 36 19 2 17 34 33 35 14 31 16 18 38 12 26 24 7 13 25 0
0 27 23 19 28 25 18 31 21 29 15 5 12 13 8 9 6 37 36 3 17 22 30 4 16 20 39 7 11 26 34 32 38 2 35 1 24 10 33 14 0
0 38 3 15 35 37 6 20 31 34 33 14 5 4 27 39 7 30 11 29 17 24 2 36 21 18 26 10 12 22 28 19 23 25 32 1 16 8 13 9 0
0 5 17 31 32 20 2 13 10 15 22 16 12 29 21 4 39 6 34 19 25 14 1 18 37 23 27 26 36 24 3 28 9 35 11 38 7 33 8 30 0
0 13 25 39 32 34 23 15 24 35 38 9 21 33 2 19 14 3 28 26 1 17 10 27 8 30 7 11 29 4 6 20 36 12 31 18 22 5 37 16 0
0 23 36 39 18 29 21 31 4 6 34 22 5 8 25 24 15 2 37 12 1 14 9 35 33 38 7 10 13 26 27 16 32 20 19 11 17 28 30 3 0
0 34 33 35 3 36 39 28 38 30 20 5 23 31 7 26 16 9 15 2 13 27 8 17 18 10 32 6 22 37 24 29 1 4 25 21 14 11 19 12 0
0 39 29 32 35 38 11 30 31 37 2 18 25 23 5 14 13 27 36 3 28 26 22 6 19 20 10 8 21 7 16 12 9 33 24 15 1 17 34 4 0
0 4 25 23 12 29 36 6 27 26 24 18 11 13 7 34 10 2 14 8 16 28 31 30 22 21 37 20 35 39 19 15 3 17 32 9 1 33 5 38 0
0 21 15 20 28 17 10 16 32 1 26 35 33 6 38 9 8 12 14 13 27 22 3 19 11 18 31 7 37 30 24 36 25 23 5 29 2 4 39 34 0
0 27 3 25 10 38 21 17 35 18 6 36 7 2 22 11 5 29 13 30 4 14 32 16 34 20 28 39 31 23 8 26 15 1 19 33 9 37 12 24 0
0 3 27 22 12 19 2 29 13 25 31 1 39 10 32 21 28 6 8 17 24 18 33 35 11 38 14 23 15 36 26 16 30 4 20 9 5 37 34 7 0
0 29 3 11 6 38 31 15 27 16 36 1 37 10 17 22 33 30 26 12 7 25 14 9 13 39 23 19 8 34 18 5 24 35 28 20 4 2 32 21 0
0 14 7 37 21 17 30 29 3 13 9 25 27 38 16 8 26 35 2 19 11 39 22 10 31 15 23 33 20 6 28 1 24 32 12 5 4 36 34 18 0
0 39 18 35 2 32 4 33 30 7 1 19 22 10 28 8 6 3 31 38 12 36 26 14 23 16 13 9 27 11 20 5 34 37 17 25 21 29 24 15 0
0 12 17 5 1 15 8 31 30 11 20 2 22 32 36 21 3 4 14 28 37 10 38 29 34 39 35 13 16 6 33 25 27 23 19 9 18 7 26 24 0
0 32 4 33 27 5 26 22 3 17 37 36 11 30 8 29 31 7 39 6 13 9 34 15 19 35 28 2 18 21 20 38 23 12 16 14 25 24 10 1 0
0 9 3 6 37 31 35 7 22 24 38 33 5 25 34 10 17 36 23 2 18 8 13 12 20 11 32 27 28 26 29 14 1 21 39 30 16 4 19 15 0
0 19 9 17 30 28 38 29 27 1 37 32 22 12 18 4 31 5 11 16 3 10 14 7 24 25 34 15 33 8 26 36 6 13 2 21 23 35 20 39 0
0 26 7 17 39 35 11 27 22 30 38 18 19 16 28 5 36 10 12 33 1 29 8 2 24 9 25 4 14 15 31 32 13 21 20 6 34 37 23 3 0
0 10 9 36 1 8 14 16 15 35 29 31 27 28 33 17 22 13 32 11 37 3 7 2 21 18 34 4 24 19 20 6 25 38 23 26 39 30 5 12 0
0 37 24 26 15 20 12 4 23 1 34 10 36 31 28 3 25 38 11 30 32 33 29 13 8 6 21 39 18 7 27 2 17 19 5 14 9 22 35 16 0
0 15 39 8 37 16 3 24 28 1 30 20 36 7 13 4 17 12 31 34 18 21 22 19 5 29 27 2 9 25 33 35 32 11 26 38 10 6 14 23 0
0 11 15 16 4 39 32 37 13 22 5 20 23 27 10 1 25 12 6 9 29 14 28 33 30 31 35 19 2 24 34 38 36 21 7 26 3 18 17 8 0
0 36 32 6 11 31 24 37 4 18 5 9 14 35 19 34 20 16 2 10 3 7 17 13 15 39 8 1 28 25 38 26 22 21 30 12 29 33 23 27 0
0 3 13 22 2 37 18 39 14 9 21 19 38 6 28 17 5 4 33 15 25 1 27 16 8 35 30 12 36 10 20 11 29 23 26 24 32 7 34 31 0
0 39 10 33 18 28 2 20 23 11 26 22 27 37 5 4 21 1 36 34 3 6 12 32 19 31 7 38 8 29 24 16 13 9 35 17 15 14 30 25 0
0 30 17 5 26 15 39 8 9 21 37 34 18 20 29 1 3 6 12 14 7 27 11 35 32 33 13 2 4 36 16 19 31 10 24 38 28 23 22 25 0
0 30 29 14 16 20 27 6 28 34 36 39 7 18 23 4 22 21 35 5 1 8 25 19 15 12 24 32 33 3 9 2 37 31 17 10 38 26 13 11 0
0 25 16 27 38 30 26 6 37 36 21 23 3 18 1 34 5 9 14 39 22 4 24 31 7 13 19 28 17 32 11 10 35 12 29 20 33 2 8 15 0
0 5 39 10 3 7 8 25 34 11 37 14 23 17 20 19 2 16 27 15 9 26 32 38 22 13 35 30 4 6 33 12 1 29 31 18 24 36 28 21 0
0 31 23 4 36 17 9 27 19 13 3 16 11 38 32 12 28 20 6 34 25 15 39 22 26 10 8 33 29 18 1 2 5 35 21 37 14 30 24 7 0
0 2 3 33 7 4 10 19 14 35 8 20 27 31 25 30 37 6 16 18 36 1 24 9 21 39 15 17 32 26 34 13 22 29 5 38 28 12 23 11 0
0 37 3 14 17 24 13 27 8 1 32 4 6 36 16 26 31 22 34 18 21 35 33 29 12 19 9 11 28 23 5 15 38 30 7 39 25 10 2 20 0
0 31 13 24 28 8 20 39 22 32 3 19 23 14 1 29 10 17 27 12 15 4 11 25 6 36 35 34 26 18 33 2 9 5 21 38 30 16 7 37 0
0 5 23 1 16 6 20 29 35 9 24 34 33 22 12 37 36 31 38 18 19 39 21 2 25 15 3 10 30 28 7 13 17 8 14 26 32 11 4 27 0
0 2 12 18 38 19 22 16 39 32 13 33 37 24 26 20 9 25 11 30 27 34 17 4 3 28 36 5 31 23 14 8 10 7 15 29 21 6 35 1 0
0 3 20 22 7 23 15 30 24 39 33 21 4 8 2 13 16 18 28 14 17 11 9 37 31 6 26 27 38 25 12 1 36 34 35 32 10 5 29 19 0
0 4 35 36 20 11 19 18 31 21 26 37 5 10 12 33 27 9 2 13 22 23 1 6 29 32 30 3 39 16 8 28 34 15 14 38 17 24 25 7 0
0 15 17 39 5 25 30 7 26 9 29 28 27 6 18 34 4 3 22 31 10 19 32 14 37 23 2 38 33 12 24 11 20 35 13 16 8 36 1 21 0
0 21 10 29 14 32 12 1 36 18 2 22 11 3 24 31 15 17 30 6 26 37 27 7 4 39 5 34 9 16 33 20 25 13 19 8 35 38 23 28 0
0 31 36 14 7 38 20 27 29 8 25 34 12 4 2 18 1 33 5 22 11 24 6 21 3 39 16 9 19 17 10 23 37 26 30 28 35 13 32 15 0
0 32 33 5 16 28 10 34 8 37 6 9 1 4 30 12 22 3 39 18 21 17 13 26 35 11 23 19 29 31 38 14 15 20 36 25 7 24 27 2 0
0 30 17 19 9 25 37 16 3 31 2 5 33 36 18 7 32 35 1 12 24 8 39 27 6 4 22 38 20 14 11 26 10 13 29 15 34 21 23 28 0
0 21 29 39 10 4 26 27 20 30 9 28 38 1 35 19 24 6 16 15 11 25 33 12 7 34 36 14 31 8 37 23 32 22 18 5 17 2 3 13 0
0 39 24 16 12 22 37 18 3 11 5 19 10 14 1 38 32 7 34 2 23 33 21 29 31 36 13 4 25 15 35 9 20 28 26 30 27 8 17 6 0
0 21 4 10 18 20 27 30 29 23 36 34 31 38 9 35 24 12 25 28 6 33 8 14 22 7 39 3 1 2 13 11 26 5 15 17 37 16 19 32 0
0 28 30 35 26 2 4 27 25 1 16 36 31 22 9 21 20 12 34 7 3 14 5 11 37 13 32 29 38 6 18 19 17 33 15 23 24 10 8 39 0
0 29 12 8 34 22 17 5 28 3 33 26 37 24 4 36 2 39 9 1 11 31 21 13 14 10 6 20 25 18 32 23 27 19 30 7 35 15 38 16 0
0 15 25 21 28 24 5 16 18 37 22 23 3 8 31 35 6 9 1 4 32 7 38 12 26 39 10 2 27 11 30 20 19 36 33 17 29 14 34 13 0
0 14 30 23 39 38 4 21 13 28 7 22 12 6 34 37 19 16 26 32 29 9 10 36 2 33 1 25 11 18 31 3 17 5 8 24 35 15 20 27 0
0 34 21 6 26 2 22 28 12 31 14 8 18 15 19 23 11 1 13 27 16 37 36 38 25 39 17 5 29 24 35 33 3 10 7 20 30 9 32 4 0
0 22 35 36 14 38 10 32 16 21 18 31 11 26 9 4 33 30 1 19 3 29 27 13 5 2 12 17 6 7 15 25 23 8 39 20 34 28 37 24 0
0 10 6 8 19 14 4 17 26 32 25 15 36 34 12 7 27 39 1 18 11 16 3 33 21 22 31 20 29 9 30 35 2 5 28 24 13 38 37 23 0
0 6 20 24 21 17 30 31 39 16 13 1 2 34 29 26 22 32 18 10 37 9 25 38 12 36 3 19 33 11 27 15 5 23 14 35 28 8 7 4 0
0 2 26 24 35 32 33 38 29 18 34 23 10 14 22 20 5 37 9 16 17 11 15 4 1 39 31 3 25 12 13 21 36 8 27 28 19 7 30 6 0
0 4 24 18 8 34 3 36 30 15 27 14 2 32 7 6 19 26 33 10 25 5 13 12 16 23 1 38 35 29 22 31 11 20 28 39 37 21 9 17 0
0 2 20 5 25 8 33 23 28 24 6 14 35 38 36 4 21 26 22 3 15 7 17 18 30 12 27 32 29 34 39 31 16 13 11 10 1 9 19 37 0
0 14 30 38 34 37 11 10 32 24 16 21 7 3 18 33 13 25 29 36 23 9 2 4 17 5 26 12 35 27 6 31 28 39 15 8 1 22 19 20 0
0 33 35 8 17 15 14 2 1 13 28 25 6 3 22 20 18 4 32 29 21 26 19 12 37 39 24 38 11 7 9 16 36 34 5 30 10 31 23 27 0
0 35 37 13 3 34 14 15 1 16 24 23 4 9 33 11 7 19 38 27 26 32 18 39 29 12 28 36 5 8 10 21 25 6 30 20 17 2 22 31 0
0 34 27 31 8 1 7 37 12 15 35 11 2 9 39 24 5 3 21 4 16 38 18 29 19 10 32 22 17 6 14 20 23 33 28 36 26 13 25 30 0
0 31 37 17 20 25 6 15 39 16 34 7 38 4 30 11 32 13 8 29 10 35 5 14 23 1 3 12 21 27 36 28 2 18 19 22 24 26 33 9 0
0 30 20 32 26 11 5 3 29 21 38 35 33 8 7 24 25 27 9 23 39 1 34 31 17 19 10 13 2 37 12 4 6 18 14 22 36 15 16 28 0
0 30 16 6 31 26 9 13 27 24 35 22 3 12 28 19 2 8 15 32 1 29 34 21 17 20 18 36 38 4 11 39 25 5 23 10 14 37 7 33 0
0 1 4 24 5 16 6 9 34 13 22 12 8 29 38 3 28 11 10 39 37 15 23 19 14 20 17 27 36 2 35 31 7 21 18 33 32 25 30 26 0
0 15 11 26 7 19 32 23 24 34 25 13 30 39 6 18 16 37 10 20 14 21 22 36 27 2 1 31 8 5 29 28 3 33 12 4 17 38 35 9 0
0 23 31 35 9 27 32 38 5 15 22 39 14 2 7 36 37 26 10 4 11 12 8 1 29 30 18 19 20 25 21 24 16 17 33 3 28 13 6 34 0
0 2 34 10 36 30 15 3 37 4 24 26 38 16 19 20 31 18 32 1 29 17 22 13 8 6 12 35 28 21 27 7 39 9 11 23 33 14 5 25 0
0 35 21 9 4 32 6 22 12 28 25 7 24 10 30 38 31 39 3 34 15 29 23 16 36 26 27 2 37 8 13 18 20 19 14 5 33 1 11 17 0
0 30 10 6 32 28 7 22 12 37 15 2 38 36 29 8 17 35 19 27 21 20 24 34 11 9 33 23 26 18 25 3 39 13 14 5 31 4 1 16 0
0 26 3 33 7 15 30 8 31 1 35 13 29 9 19 37 17 27 28 20 23 10 22 38 4 21 25 2 14 24 36 12 39 6 18 34 11 32 5 16 0
0 11 8 6 39 20 17 10 15 27 16 2 7 4 33 26 38 31 13 14 19 29 5 12 23 18 32 3 35 22 37 28 25 21 24 36 30 1 34 9 0
0 11 2 32 38 10 13 1 30 26 5 3 17 9 39 22 28 27 33 25 34 12 6 19 7 23 21 18 8 24 20 4 35 29 36 16 14 37 31 15 0
0 37 9 36 17 13 30 39 38 3 22 18 29 1 32 11 4 34 10 12 28 25 15 33 20 35 7 19 23 8 5 16 31 26 2 24 6 14 21 27 0
0 13 3 8 7 28 24 14 20 23 4 38 19 26 1 34 9 37 27 21 33 25 6 36 22 15 17 12 39 2 30 16 18 5 11 10 31 35 32 29 0
0 15 5 7 25 20 30 34 6 38 29 17 10 24 36 13 18 27 14 11 2 19 4 39 35 16 12 21 32 9 28 33 1 3 26 23 37 31 22 8 0
0 7 23 17 18 1 38 36 10 31 24 39 8 30 2 29 22 3 37 15 6 4 5 12 35 25 9 27 13 28 16 14 11 19 34 26 33 21 20 32 0
0 18 33 15 38 32 14 39 23 24 4 11 29 3 9 30 8 22 34 31 16 37 10 20 1 2 6 12 36 21 27 17 19 5 26 13 25 35 7 28 0
0 5 16 6 15 9 38 22 18 8 1 19 31 20 34 33 14 37 27 2 30 32 10 13 23 39 25 35 26 28 11 17 24 4 7 21 29 12 3 36 0
0 7 19 32 17 13 3 23 37 24 16 35 36 21 10 31 33 8 6 15 14 39 12 27 30 9 5 18 20 28 11 25 22 38 1 26 2 29 34 4 0
0 22 32 38 20 7 37 1 17 28 18 36 29 4 9 25 34 5 30 33 24 13 31 19 35 10 23 26 6 16 11 15 27 8 2 39 12 21 3 14 0
0 22 2 15 27 23 7 33 9 34 28 25 17 39 13 31 11 38 24 19 35 37 18 26 20 21 8 6 32 10 3 1 16 5 30 4 12 14 29 36 0
0 25 24 27 3 29 30 9 5 32 12 31 35 39 13 4 8 33 21 6 22 23 2 26 15 10 28 17 34 7 11 14 19 20 37 16 38 1 36 18 0
0 16 1 4 32 36 5 39 11 33 9 7 22 35 14 37 28 8 29 10 12 26 18 23 24 13 3 17 2 20 31 25 38 27 21 19 34 15 6 30 0
0 7 11 17 29 6 13 34 32 9 26 33 1 15 35 16 4 10 5 20 27 3 12 24 19 8 37 2 23 36 39 14 18 25 28 22 30 31 38 21 0
0 37 18 31 33 25 27 10 34 24 39 11 5 4 7 13 15 12 26 2 23 3 36 35 28 16 38 14 17 30 6 9 8 29 1 32 22 19 21 20 0
0 32 18 13 19 11 30 8 10 9 15 6 23 7 24 28 3 25 38 4 14 35 12 2 34 5 20 37 33 22 27 39 17 21 36 26 16 29 1 31 0
0 15 24 33 30 36 28 18 16 17 23 11 12 27 37 29 38 39 31 14 35 6 26 2 9 10 32 1 34 22 4 8 7 3 21 5 13 20 25 19 0
0 18 32 17 39 33 11 7 13 19 8 36 30 34 20 2 38 25 37 5 29 22 24 28 1 27 4 12 26 3 6 10 21 31 15 9 14 23 35 16 0
0 33 19 25 1 4 14 24 9 36 16 12 28 2 3 32 35 20 6 39 15 13 17 11 23 30 27 18 5 22 26 21 34 10 37 31 38 8 7 29 0
0 15 35 32 8 28 5 2 7 33 22 31 1 9 17 4 29 23 21 19 20 26 11 13 37 25 27 36 10 34 3 12 16 30 38 14 24 18 39 6 0
0 33 35 22 32 21 14 13 26 27 39 38 36 19 11 3 37 10 5 29 1 34 17 2 28 4 9 23 18 31 25 8 6 30 20 12 15 16 24 7 0
0 28 26 33 7 35 38 36 8 22 1 27 10 11 9 37 12 24 3 19 32 13 34 31 6 15 2 18 20 29 17 39 30 16 14 23 25 21 4 5 0
0 7 18 32 17 31 10 30 6 13 19 4 28 23 25 9 38 36 27 33 15 24 37 11 20 21 2 1 35 3 8 14 26 34 29 16 39 12 22 5 0
0 34 14 21 28 29 26 8 39 15 11 31 27 33 20 35 32 5 16 10 6 37 9 24 36 30 23 13 2 38 12 3 19 7 18 22 25 17 4 1 0
0 38 1 19 14 35 33 13 27 12 26 11 3 10 18 25 5 17 37 15 29 39 24 21 6 16 34 31 20 36 30 4 2 22 23 8 32 9 28 7 0
0 31 22 6 12 29 25 17 19 35 2 3 38 1 26 34 39 18 27 10 21 24 14 33 4 15 28 5 20 11 32 7 23 13 8 9 30 16 36 37 0
0 38 29 25 4 24 27 36 26 37 12 8 1 21 13 7 6 19 5 17 14 23 11 28 9 30 10 15 18 31 2 22 33 35 3 32 39 16 20 34 0
0 17 37 33 16 31 4 14 3 6 32 18 10 15 11 27 5 35 29 8 28 34 20 9 23 13 38 30 1 39 24 21 36 12 2 26 7 19 25 22 0
0 22 35 23 32 9 21 38 3 12 17 28 7 34 11 20 24 13 15 27 19 16 30 36 18 29 31 26 8 2 39 6 25 4 10 33 1 14 37 5 0
0 27 2 17 30 5 33 38 11 25 35 19 6 39 10 36 4 21 9 14 26 7 8 24 34 32 13 23 12 15 31 3 29 37 28 1 18 16 20 22 0
0 21 34 23 27 7 26 13 3 30 20 6 5 19 24 28 22 1 4 37 2 10 8 14 11 35 39 15 16 18 36 9 38 17 32 33 25 31 29 12 0
0 15 20 39 8 4 5 7 9 14 10 24 17 22 32 36 11 34 25 26 30 13 38 23 31 29 6 12 37 16 19 33 21 28 18 35 1 2 27 3 0
0 7 29 2 27 35 15 8 11 25 4 3 33 34 24 14 37 1 13 9 10 20 38 22 30 28 36 19 16 39 21 31 32 6 18 17 12 5 23 26 0
0 12 14 4 39 38 1 28 23 36 33 17 5 6 18 7 2 10 31 19 32 3 35 22 9 34 13 30 8 11 24 16 37 21 25 20 26 29 15 27 0
0 4 20 36 28 21 33 25 1 24 38 39 34 12 2 16 30 7 13 9 15 6 3 31 27 32 22 10 37 19 5 17 26 14 18 35 11 8 29 23 0
0 39 18 20 36 34 14 25 5 26 35 27 37 12 31 6 19 38 7 13 21 16 1 15 22 33 3 29 2 17 9 23 24 4 32 30 28 10 8 11 0
0 25 12 36 15 37 6 27 3 38 1 16 19 8 17 10 7 33 30 2 13 28 14 18 22 11 24 23 31 39 4 21 35 34 9 5 29 26 20 32 0
0 12 2 38 19 24 13 36 16 21 14 39 15 32 26 11 3 17 29 25 6 33 31 18 4 34 1 20 9 5 27 28 10 7 35 30 23 8 22 37 0
0 31 6 17 8 19 16 23 26 39 37 20 12 15 10 14 25 30 34 3 21 18 13 36 11 4 22 1 27 5 7 2 24 28 9 35 38 29 33 32 0
0 31 8 37 20 39 12 19 29 16 18 30 2 21 27 4 35 28 7 13 6 33 1 3 36 22 15 24 14 9 34 10 25 26 5 32 38 11 23 17 0
0 26 5 30 1 21 33 38 24 22 11 32 28 14 9 34 29 31 37 16 8 19 13 36 7 10 27 20 3 12 18 4 39 6 2 23 35 17 15 25 0
0 36 1 26 27 30 37 35 17 5 22 16 7 34 32 9 18 3 39 29 28 11 10 33 23 12 8 6 2 15 13 24 38 20 21 25 4 31 19 14 0
0 8 17 22 16 37 33 15 6 13 26 39 5 18 34 10 7 24 29 32 14 19 3 23 21 35 11 30 4 25 2 28 12 20 31 38 36 9 1 27 0
0 25 21 26 16 1 4 11 33 39 36 2 28 32 3 6 29 18 13 14 31 10 30 9 34 20 27 19 22 24 12 7 23 37 35 17 5 15 38 8 0
0 34 13 30 9 10 15 28 33 25 24 37 39 19 17 8 21 5 27 31 18 3 32 14 2 6 38 16 11 12 4 1 35 29 7 23 22 20 26 36 0
0 27 39 38 37 36 20 4 22 33 19 2 29 31 18 7 3 26 12 9 5 6 10 17 32 1 16 30 35 8 14 34 11 24 23 15 25 21 13 28 0
0 6 10 11 15 23 19 9 17 20 7 4 8 38 31 35 32 1 24 2 33 16 21 29 34 26 5 25 30 18 37 13 3 36 39 14 27 22 28 12 0
0 15 36 32 29 11 19 23 18 37 26 21 20 17 25 10 1 34 8 31 3 16 28 6 5 7 13 2 4 38 33 24 30 35 12 22 14 9 27 39 0
0 4 5 19 3 20 17 2 24 21 13 14 33 28 37 35 12 29 36 31 38 8 32 30 15 10 6 27 23 25 34 22 16 11 39 18 9 7 1 26 0
0 21 28 4 14 19 22 3 23 27 39 33 2 12 34 7 31 32 6 15 5 25 29 38 9 26 30 35 17 20 16 1 37 10 13 36 24 11 8 18 0
0 23 2 32 15 33 11 24 13 19 31 28 7 18 39 20 16 17 27 10 3 1 12 9 5 14 26 22 36 30 37 35 34 8 25 6 4 29 38 21 0
0 8 15 33 18 39 21 2 28 23 12 9 4 5 13 20 22 16 17 30 38 19 14 34 10 36 7 29 24 31 37 32 25 26 3 11 6 27 1 35 0
0 35 16 30 17 39 23 14 36 20 24 25 31 15 8 29 10 2 27 3 11 19 13 33 22 6 4 7 32 12 34 21 9 18 1 26 38 28 5 37 0
0 10 18 34 4 32 6 25 17 11 30 16 37 23 33 28 36 7 31 22 1 9 13 24 27 15 14 12 19 35 38 26 3 5 39 2 20 21 29 8 0
0 35 5 28 3 1 34 33 17 24 36 13 20 32 15 11 22 14 18 37 10 27 6 30 31 25 26 8 7 23 21 2 4 29 38 19 16 12 9 39 0
0 16 13 21 7 27 34 9 22 14 28 6 38 36 31 35 3 25 24 33 10 8 39 5 12 30 19 26 32 2 1 23 18 20 29 4 15 11 17 37 0
0 30 29 33 27 38 37 6 2 1 23 16 24 11 32 5 19 39 12 18 25 35 15 14 13 17 4 7 10 36 28 9 26 20 21 22 34 8 3 31 0
0 7 3 10 24 19 21 5 9 12 34 13 16 33 27 31 28 32 39 1 22 23 6 11 15 4 30 2 29 8 14 17 26 20 36 37 25 38 18 35 0
0 38 31 25 23 30 29 9 22 35 12 4 10 20 6 37 26 14 2 33 39 34 17 3 36 15 19 5 7 16 24 11 1 13 32 21 28 18 8 27 0
0 28 2 3 14 21 6 10 20 9 24 31 33 19 22 37 17 27 35 38 15 32 1 4 11 26 8 7 12 30 18 16 29 39 13 36 25 34 5 23 0
0 18 34 11 33 13 6 3 38 2 5 4 29 20 1 9 12 35 27 7 17 16 23 24 32 37 14 19 36 30 28 8 21 25 31 10 26 39 15 22 0
0 35 39 28 25 2 11 24 10 34 17 13 23 21 9 16 36 4 31 18 30 29 22 33 12 3 37 20 5 32 6 26 19 1 14 15 27 8 38 7 0
0 23 27 4 8 21 39 25 22 31 16 11 34 28 18 17 14 35 29 30 9 3 13 32 33 5 24 10 12 37 26 19 1 15 7 2 36 6 20 38 0
0 33 18 37 4 1 21 12 13 19 14 26 15 2 3 9 20 6 32 17 11 34 28 30 22 31 35 8 29 10 5 25 36 38 7 27 23 24 39 16 0
0 19 13 24 37 1 2 9 36 28 15 27 25 39 18 14 17 30 34 22 3 20 5 21 4 32 29 38 16 31 23 7 26 6 35 8 33 12 10 11 0
0 23 32 35 5 12 1 8 21 33 34 38 31 39 37 22 24 17 2 20 16 11 7 28 29 3 15 9 13 6 10 27 26 18 4 30 36 25 19 14 0
0 24 38 36 13 39 16 37 7 30 35 17 12 31 18 34 28 5 10 20 8 32 21 9 27 14 4 25 22 23 2 15 29 3 11 33 6 26 19 1 0
0 26 9 21 14 1 36 24 16 4 34 32 11 23 10 29 39 33 20 35 38 31 2 18 19 13 5 15 28 3 17 22 7 30 37 8 25 6 27 12 0
0 24 31 19 7 6 17 25 29 10 9 21 14 35 15 2 28 18 20 5 3 12 38 16 27 23 4 34 33 37 32 36 13 26 11 8 39 22 30 1 0
0 35 4 25 30 24 1 31 7 39 3 33 5 32 11 29 28 9 36 13 19 17 15 2 21 6 34 20 18 12 26 37 27 22 23 38 10 14 8 16 0
0 37 24 25 17 35 3 30 28 15 7 31 18 4 22 38 2 11 26 19 6 32 13 23 27 39 14 21 36 16 10 9 8 12 33 1 20 34 29 5 0
0 31 30 18 13 39 28 17 35 21 37 16 19 33 38 20 32 2 5 26 24 11 36 4 3 34 6 9 15 8 12 23 7 22 27 14 10 25 29 1 0
0 9 10 2 33 11 5 14 32 38 34 4 27 1 21 26 15 24 31 37 7 28 36 25 20 8 3 39 22 29 35 18 30 23 17 19 16 13 12 6 0
0 7 24 13 4 12 1 21 10 22 6 30 9 31 33 3 8 37 26 38 34 32 5 11 29 39 35 20 25 17 28 16 36 27 18 23 15 19 14 2 0
0 2 14 23 34 36 8 35 22 28 33 25 5 11 18 13 7 12 26 29 30 4 21 31 27 24 32 38 17 9 20 1 39 37 3 16 10 19 15 6 0
0 6 15 10 28 14 12 17 27 16 39 8 34 18 2 13 21 24 7 29 20 26 30 36 25 22 33 1 23 9 37 5 11 35 31 4 19 3 32 38 0
0 18 21 29 32 38 22 31 14 5 28 33 15 24 36 26 6 19 16 35 20 12 2 23 4 3 25 7 13 8 10 37 39 27 34 11 9 1 17 30 0
0 27 29 36 28 4 25 13 22 5 38 18 1 16 23 20 19 31 37 30 6 15 35 32 2 17 12 21 14 3 39 7 10 8 26 9 11 34 33 24 0
0 18 14 10 7 22 12 34 25 4 9 23 38 31 24 36 15 21 11 35 16 13 33 3 28 19 37 27 39 5 6 30 29 20 26 1 32 17 2 8 0
0 10 33 34 16 29 7 13 20 28 17 38 27 14 24 22 26 9 15 5 39 23 4 11 21 3 8 18 2 19 6 35 32 25 37 30 12 31 36 1 0
0 28 7 24 20 37 5 32 23 36 39 34 13 16 19 15 31 14 6 8 10 30 27 35 4 2 9 22 38 25 17 21 33 26 1 29 11 3 18 12 0
0 25 14 38 2 22 6 31 3 5 1 4 34 29 20 19 13 15 10 11 35 27 33 39 7 16 17 26 18 37 32 36 23 8 28 12 24 21 30 9 0
0 9 29 8 25 24 1 2 38 32 10 5 31 16 13 39 11 36 37 26 7 15 34 19 14 3 21 28 22 18 6 23 4 12 33 17 20 27 30 35 0
0 30 12 34 13 7 3 35 16 32 23 6 25 15 29 20 14 22 5 11 37 33 24 28 38 31 10 19 18 4 8 27 21 36 1 26 2 9 39 17 0
0 38 19 34 20 26 18 22 2 37 7 17 25 27 39 28 6 4 15 8 33 23 9 11 12 24 1 16 36 31 32 13 29 3 30 35 10 14 21 5 0
0 16 9 19 18 35 6 31 23 7 28 14 21 38 8 1 33 10 30 20 25 32 29 4 22 17 2 26 12 36 37 11 3 13 24 34 39 27 15 5 0
0 5 9 28 30 4 34 25 23 27 17 32 38 2 18 14 39 33 15 26 19 36 10 21 20 8 24 16 13 11 31 3 37 1 22 7 29 35 6 12 0
0 17 9 8 20 3 31 35 6 14 10 18 25 26 37 12 29 27 19 38 7 33 16 23 34 22 21 2 28 11 1 15 4 24 39 36 13 30 32 5 0
0 4 21 12 39 17 29 24 1 35 9 7 19 38 31 20 11 13 28 37 2 23 34 22 26 33 32 16 36 3 18 8 30 10 6 27 5 25 15 14 0
0 29 25 23 28 31 24 37 22 38 13 27 10 7 32 2 34 14 26 18 11 16 3 4 36 33 30 12 39 15 8 20 5 35 1 21 9 17 6 19 0
0 18 23 24 37 15 38 1 35 30 32 14 39 13 17 27 19 2 21 6 9 3 12 25 10 22 36 31 28 11 7 4 33 16 20 26 34 29 5 8 0
0 26 31 2 8 29 9 27 28 20 4 11 5 36 10 38 33 12 15 23 6 3 19 17 32 34 1 30 39 25 21 35 18 37 22 13 24 16 14 7 0
0 17 33 32 39 12 37 31 6 22 23 1 29 3 28 36 25 4 19 15 13 26 18 7 5 20 30 9 8 38 24 10 16 21 27 11 14 34 35 2 0
0 16 25 34 13 12 22 6 1 39 28 20 26 36 15 35 29 14 5 23 37 31 32 7 30 10 8 11 18 17 9 19 2 4 38 24 3 21 33 27 0
0 14 11 33 12 38 25 36 5 24 32 16 26 4 15 18 39 6 27 20 30 31 2 19 7 37 17 35 23 29 8 9 3 22 34 13 28 21 1 10 0
0 13 21 12 17 19 31 33 29 15 28 25 16 37 2 5 32 11 7 30 8 9 24 1 27 18 10 14 35 39 22 20 6 38 3 4 26 36 34 23 0
0 20 39 7 30 19 12 32 26 1 11 3 21 5 18 2 34 10 37 24 38 22 29 23 35 31 28 9 15 6 8 33 16 13 14 25 27 36 17 4 0
0 9 15 24 28 37 3 11 2 8 13 7 33 35 26 31 39 36 4 16 38 5 30 21 10 18 22 17 1 23 6 19 14 34 20 12 25 29 27 32 0
0 5 10 39 28 7 32 16 37 18 25 12 29 3 1 9 15 19 14 24 6 35 2 13 27 31 21 17 8 11 36 23 33 30 4 38 20 26 34 22 0
0 18 17 38 7 6 36 28 25 23 2 12 26 9 21 32 11 16 5 33 10 22 15 8 34 3 1 20 19 31 30 27 4 24 35 37 39 14 29 13 0
0 28 31 32 21 1 6 12 15 2 18 34 27 19 13 39 9 11 38 23 22 24 26 30 25 4 36 37 35 3 10 29 14 17 33 20 5 16 7 8 0
0 33 8 27 25 1 11 21 12 26 7 38 37 34 6 17 15 14 29 10 2 4 3 13 20 39 9 35 30 28 22 24 23 16 5 31 18 32 36 19 0
0 4 27 1 19 5 17 11 12 23 15 8 14 31 33 13 35 29 21 18 28 39 7 22 6 30 9 16 32 34 3 36 25 26 38 20 37 10 2 24 0
0 10 38 1 32 3 37 9 20 5 39 36 26 30 25 29 31 11 12 4 35 8 14 22 6 34 18 27 16 17 19 7 33 2 21 28 24 15 13 23 0
0 9 35 39 28 7 33 8 38 26 24 23 19 20 12 37 32 6 27 4 2 5 21 29 10 11 34 30 18 31 36 3 15 17 13 25 22 1 14 16 0
0 31 7 8 14 32 28 35 23 11 27 5 17 2 36 15 22 1 39 30 20 3 9 25 6 4 16 26 13 29 18 38 24 12 34 19 37 10 21 33 0
0 15 32 19 12 14 24 4 23 16 2 20 33 31 8 11 26 6 29 22 5 17 27 9 30 13 37 18 28 25 1 39 35 7 10 34 38 36 21 3 0
0 28 32 18 26 27 3 11 23 10 21 35 30 34 8 5 39 36 24 33 2 38 19 20 16 4 17 15 25 7 31 29 22 1 14 9 6 37 12 13 0
0 22 4 15 27 32 31 13 18 11 26 35 8 38 28 12 23 34 14 1 29 37 36 25 7 33 24 16 19 39 2 21 20 30 17 6 5 9 3 10 0
0 20 38 16 3 27 29 25 6 7 14 33 34 5 8 13 30 35 36 37 23 1 32 18 15 26 9 2 39 17 28 19 12 24 11 22 4 31 21 10 0
0 32 23 33 30 7 34 2 10 16 17 8 19 27 3 13 4 9 18 35 25 38 1 5 29 6 24 26 21 20 12 39 22 28 31 15 36 37 11 14 0
0 9 20 31 11 7 4 24 5 30 28 12 19 1 34 38 35 14 13 32 39 15 26 18 16 3 10 22 29 25 23 21 37 6 36 27 8 17 2 33 0
0 10 6 38 20 3 26 1 15 35 25 28 33 16 5 2 37 14 27 21 23 13 30 7 8 18 4 22 12 19 11 32 29 24 17 31 39 9 34 36 0
0 9 19 23 17 34 36 1 33 39 18 4 30 6 32 35 26 8 27 29 11 15 20 10 5 28 14 3 22 13 37 25 24 7 2 21 12 38 16 31 0
0 10 17 21 7 32 4 30 28 3 20 1 26 16 33 22 18 6 8 36 2 39 35 11 24 29 38 13 31 14 23 27 19 12 9 25 34 37 15 5 0
0 6 39 37 17 3 21 7 19 38 34 36 23 30 31 24 29 28 16 4 5 18 27 14 33 22 8 1 35 10 11 9 2 15 32 12 25 13 20 26 0
0 14 16 5 30 33 38 1 20 37 35 13 27 15 39 32 29 4 6 31 10 24 17 34 18 8 26 7 3 19 2 21 36 11 28 9 23 25 22 12 0
0 23 7 12 28 18 37 27 29 36 16 6 25 1 32 31 3 30 5 9 14 39 17 13 11 20 15 33 21 38 10 22 24 19 2 26 4 8 35 34 0
0 39 27 3 14 33 29 6 28 38 24 2 30 9 20 31 35 17 10 5 22 32 16 4 12 34 23 36 26 18 37 21 15 13 7 1 25 11 19 8 0
0 11 38 1 31 10 8 19 28 18 35 37 15 3 13 21 30 12 29 2 25 27 5 22 39 32 4 14 23 24 34 7 26 16 20 17 9 36 6 33 0
0 32 19 28 37 16 1 21 18 14 22 8 33 38 26 24 17 36 25 9 3 15 12 35 13 5 4 34 2 30 29 7 23 31 6 20 10 11 39 27 0
0 9 31 6 32 10 8 27 20 5 13 4 22 23 30 21 18 11 26 34 24 14 29 19 16 36 28 35 15 17 37 2 3 39 7 12 38 33 1 25 0
0 6 10 38 26 24 5 20 11 15 18 8 21 13 34 16 17 29 36 32 7 3 9 33 31 19 2 14 25 22 4 23 39 30 27 28 1 37 12 35 0
0 15 19 37 36 34 1 12 32 3 6 24 30 14 11 5 10 25 27 26 4 23 9 39 17 22 29 2 38 18 31 8 7 21 16 33 35 28 20 13 0
0 23 12 6 27 5 31 15 39 34 18 7 3 8 16 32 14 2 26 4 17 13 37 9 20 10 29 30 38 24 28 11 36 33 1 19 25 22 35 21 0
0 18 5 3 27 30 16 13 20 17 6 32 28 38 37 29 9 36 22 7 21 19 26 12 10 25 23 14 24 15 39 8 34 35 2 4 31 1 11 33 0
0 14 28 26 29 25 30 10 13 16 34 5 18 33 24 37 22 35 19 1 7 38 39 8 4 36 6 32 2 3 11 21 17 9 23 20 12 31 15 27 0
0 27 1 2 33 32 11 21 31 3 15 22 19 6 17 29 30 20 16 28 7 36 39 9 5 25 4 23 37 12 26 8 38 24 18 34 35 13 10 14 0
0 27 21 6 28 20 36 38 10 22 30 13 1 11 24 29 23 7 18 9 16 35 39 25 31 2 33 34 14 26 4 19 12 17 5 3 15 32 37 8 0
0 15 27 20 18 31 8 14 26 34 21 35 11 36 17 25 39 13 33 2 3 4 22 19 10 1 32 24 30 37 6 12 28 7 5 9 38 29 23 16 0
0 27 29 13 31 36 11 3 19 28 8 12 33 1 23 7 32 39 4 18 26 35 30 17 25 14 20 21 24 37 15 38 2 10 16 5 6 34 9 22 0
0 1 10 33 2 11 35 4 30 27 34 29 14 15 20 7 28 23 13 6 19 31 39 12 22 26 21 9 17 36 32 24 25 37 8 16 5 18 3 38 0
0 31 5 1 3 17 25 23 12 15 21 10 4 14 19 13 38 9 18 26 35 34 33 28 29 32 16 36 6 20 30 8 11 39 37 27 24 2 7 22 0
0 2 27 39 37 25 5 30 13 34 12 21 6 26 20 19 9 36 29 35 4 10 23 28 31 17 38 22 15 11 3 18 14 24 16 33 32 8 1 7 0
0 17 4 38 9 20 29 7 19 23 36 39 35 25 27 10 37 13 22 15 31 3 30 21 6 24 11 12 5 18 14 1 32 34 26 28 16 8 33 2 0
0 35 28 19 16 24 26 2 10 32 14 39 8 23 7 30 5 13 11 25 1 38 3 20 22 21 18 37 31 33 27 12 36 15 34 6 29 9 4 17 0
0 2 26 23 39 28 11 36 20 8 30 14 19 24 34 5 32 27 37 3 25 1 12 6 10 29 9 31 22 13 4 15 7 18 16 17 38 35 33 21 0
0 18 3 14 27 17 13 26 23 37 29 15 4 11 8 28 1 19 24 38 7 39 30 22 35 6 31 36 12 9 34 32 21 10 5 25 16 2 33 20 0
0 22 30 28 2 13 10 12 21 17 20 25 34 16 3 14 1 31 5 38 8 39 26 23 24 11 35 4 7 9 18 32 15 27 33 29 36 6 19 37 0
0 23 3 14 33 32 8 37 19 2 20 36 9 4 30 5 13 31 21 18 10 11 16 29 34 17 7 27 25 39 22 15 24 38 35 26 1 28 12 6 0
0 39 13 16 14 25 1 15 5 26 17 20 28 38 23 35 29 36 3 24 18 11 12 19 21 7 8 2 31 32 4 37 9 6 27 10 34 22 33 30 0
