# n n_solutions
40 1000
# n x n distance matrix
0 7427 5491 6378 4522 9080 6580 7211 10331 8154 8028 9100 8134 9660 8104 9013 5348 6407 3517 7779 5303 2842 1118 4580 3413 9300 7468 3634 9002 9269 3535 5679 4517 2729 8409 3832 1029 5661 4123 7839
7427 0 2247 4197 6592 3046 9000 1252 3820 2831 7400 6220 3111 3420 3764 2102 3501 5491 4651 360 5603 7605 6519 3041 4219 6420 2220 5882 7782 8931 4104 2900 3478 5420 8973 6332 7746 1969 8759 1843
5491 2247 0 2624 4410 3710 6935 1720 4904 2906 5852 5353 3001 4272 3298 3522 3360 3758 2418 2600 5322 5366 4482 2024 2801 5575 2121 3640 6452 7433 1984 2969 2692 3220 7249 4100 5658 300 6514 2376
6378 4197 2624 0 3124 3466 5000 3014 4701 2505 3264 2941 2302 4000 1920 4176 5946 1303 2901 4455 7793 4964 5261 4500 4884 3162 2334 3088 3828 4837 3275 5590 5161 3649 4780 3280 6103 2860 5597 2942
4522 6592 4410 3124 0 6580 2692 5661 7824 5603 3535 5028 5420 7121 5020 7155 6834 2370 2469 6923 8070 2137 3577 5345 4973 5192 5277 1140 4527 4753 3323 6744 5830 2408 3966 721 3832 4709 2475 5860
9080 3046 3710 3466 6580 0 8321 2202 1280 989 5813 3905 1166 583 1746 1303 6395 4569 5660 3001 8515 8274 8006 5503 6477 4052 1615 6364 5830 7117 5554 5824 6100 6519 7523 6652 9073 3649 9042 1400
6580 9000 6935 5000 2692 8321 0 7930 9442 7432 3201 5517 7178 8784 6592 9167 9526 3764 5161 9304 10717 3744 5869 8032 7647 5586 7334 3801 4031 3471 6015 9425 8522 5024 2319 3312 5660 7233 2789 7942
7211 1252 1720 3014 5661 2202 7930 0 3275 1700 6168 4981 1941 2707 2544 1802 4220 4317 4045 1456 6334 6933 6200 3313 4341 5185 989 5100 6530 7689 3701 3668 3900 4883 7766 5503 7366 1565 7962 806
10331 3820 4904 4701 7824 1280 9442 3275 0 2267 6746 4601 2408 707 2865 1726 7306 5730 6933 3667 9418 9551 9265 6576 7615 4701 2865 7641 6612 7915 6797 6711 7134 7793 8452 7920 10346 4808 10294 2529
8154 2831 2906 2505 5603 989 7432 1700 2267 0 5108 3488 316 1562 1044 1800 5882 3668 4701 2906 7981 7285 7068 4825 5707 3671 806 5375 5263 6511 4648 5348 5458 5556 6800 5663 8111 2901 8060 989
8028 7400 5852 3264 3535 5813 3201 6168 6746 5108 0 2385 4804 6166 4100 6906 9078 2126 5215 7624 10762 5600 7021 7574 7683 2420 5315 4427 1000 1581 5920 8780 8203 5594 1711 4197 7367 6105 5360 5885
9100 6220 5353 2941 5028 3905 5517 4981 4601 3488 2385 0 3176 4119 2469 5154 8709 2729 5755 6351 10654 7156 8000 7343 7818 223 4000 5532 2022 3324 6209 8280 8013 6407 3992 5510 8657 5521 7289 4441
8134 3111 3001 2302 5420 1166 7178 1941 2408 316 4804 3176 0 1702 728 2102 6074 3417 4651 3200 8160 7158 7038 4964 5800 3361 984 5249 4947 6198 4657 5553 5608 5500 6500 5515 8052 3026 7887 1280
9660 3420 4272 4000 7121 583 8784 2707 707 1562 6166 4119 1702 0 2193 1442 6846 5053 6243 3324 8967 8845 8588 6020 7021 4242 2193 6935 6100 7400 6132 6264 6603 7102 7877 7213 9656 4197 9589 1923
8104 3764 3298 1920 5020 1746 6592 2544 2865 1044 4100 2469 728 2193 0 2816 6530 2865 4588 3883 8579 6881 6992 5316 6040 2662 1555 4992 4220 5474 4726 6041 5977 5408 5803 5200 7930 3383 7495 1972
9013 2102 3522 4176 7155 1303 9167 1802 1726 1800 6906 5154 2102 1442 2816 0 5600 5412 5798 1941 7705 8621 8000 4972 6074 5314 1878 6742 7021 8287 5500 5000 5491 6648 8600 7101 9154 3361 9552 1303
5348 3501 3360 5946 6834 6395 9527 4220 7306 5882 9078 8709 6074 6846 6530 5600 0 6952 4365 3721 2121 6806 4866 1526 2102 8930 5092 5756 9758 10652 3511 608 1019 4668 10317 6264 6063 3190 8229 5021
6407 5491 3758 1303 2370 4569 3764 4317 5730 3668 2126 2729 3417 5053 2865 5412 6952 0 3231 5755 8655 4459 5323 5448 5603 2915 3612 2807 2884 3701 3858 6661 6081 3765 3511 2789 5930 4024 4780 4219
3517 4651 2418 2901 2469 5660 5161 4045 6933 4701 5215 5755 4651 6243 4588 5798 4365 3231 0 5008 5685 2954 2404 2886 2561 5968 4080 1414 6082 6700 854 4295 3361 860 6155 1923 3413 2683 4177 4534
7779 360 2600 4455 6923 3001 9304 1456 3667 2906 7624 6351 3200 3324 3883 1941 3721 5755 5008 0 5800 7961 6876 3361 4548 6545 2370 6229 7970 9141 4464 3114 3769 5780 9219 6676 8105 2325 9108 1920
5303 5603 5322 7793 8070 8515 10717 6334 9418 7981 10762 10654 8160 8967 8579 7705 2121 8655 5685 5800 0 7494 5263 3311 3124 10877 7184 6933 11525 12306 4883 2707 2641 5693 11834 7409 6239 5200 8949 7138
2842 7605 5366 4964 2137 8275 3744 6933 9551 7285 5600 7156 7158 8845 6881 8621 6806 4459 2954 7961 7494 0 2282 5522 4716 7324 6801 1910 6600 6649 3613 6906 5800 2256 5692 1700 1923 5636 1456 7324
1118 6519 4482 5261 3577 8006 5869 6200 9265 7068 7021 8000 7038 8588 6992 8000 4866 5323 2404 6876 5263 2282 0 3848 2789 8202 6400 2596 7981 8325 2500 5096 3929 1612 7529 2863 1252 4675 3716 6795
4580 3041 2024 4500 5345 5503 8032 3313 6576 4825 7574 7343 4964 6020 5316 4972 1526 5448 2886 3361 3311 5522 3848 0 1204 7566 4019 4295 8280 9143 2039 1414 670 3300 8792 4804 5099 1941 6900 4104
3413 4219 2801 4884 4973 6477 7647 4341 7615 5707 7683 7818 5800 7021 6040 6074 2102 5603 2561 4548 3124 4716 2789 1204 0 8041 4916 3847 8487 9209 1769 2308 1140 2657 8711 4338 4016 2828 6152 5099
9300 6420 5575 3162 5192 4052 5586 5185 4701 3671 2420 223 3361 4242 2662 5314 8930 2915 5968 6545 10877 7324 8202 7566 8041 0 4201 5721 1964 3255 6428 8500 8236 6612 3981 5688 8845 5742 7424 4632
7468 2220 2121 2334 5277 1615 7334 989 2865 806 5315 4000 984 2193 1555 1878 5092 3612 4080 2370 7184 6801 6400 4019 4916 4201 0 4904 5608 6800 3939 4569 4652 4940 6958 5243 7488 2100 7685 608
3634 5882 3640 3088 1140 6364 3801 5100 7641 5375 4427 5532 5249 6935 4992 6742 5756 2807 1414 6229 6933 1910 2596 4295 3847 5721 4904 0 5385 5770 2256 5707 4743 1272 5060 509 3125 3929 2879 5440
9002 7782 6452 3828 4527 5830 4031 6530 6612 5263 1000 2022 4947 6100 4220 7021 9758 2884 6082 7970 11525 6600 7981 8280 8487 1964 5608 5385 0 1303 6741 9417 8927 6519 2080 5178 8359 6684 6334 6135
9269 8931 7433 4837 4753 7117 3471 7689 7915 6511 1581 3324 6198 7400 5474 8287 10652 3701 6700 9141 12306 6649 8325 9143 9209 3255 6800 5770 1303 0 7441 10360 9767 6997 1170 5462 8516 7685 6100 7349
3535 4104 1984 3275 3323 5554 6015 3701 6797 4648 5920 6209 4657 6132 4726 5500 3511 3858 854 4464 4883 3613 2500 2039 1769 6428 3939 2256 6741 7441 0 3452 2507 1360 6952 2765 3676 2193 4925 4304
5679 2900 2969 5590 6744 5824 9425 3668 6711 5348 8780 8280 5553 6264 6041 5000 608 6661 4295 3114 2707 6906 5096 1414 2308 8500 4569 5707 9417 10360 3452 0 1170 4704 10084 6216 6324 2765 8300 4464
4517 3478 2692 5161 5830 6100 8522 3900 7134 5458 8203 8013 5608 6603 5977 5491 1019 6081 3361 3769 2641 5800 3929 670 1140 8236 4652 4743 8927 9767 2507 1170 0 3649 9381 5249 5154 2596 7217 4701
2729 5420 3220 3649 2408 6519 5024 4883 7793 5556 5594 6407 5500 7102 5408 6648 4668 3765 860 5780 5693 2256 1612 3300 2657 6612 4940 1272 6519 6997 1360 4704 3649 0 6325 1720 2555 3466 3601 5390
8409 8973 7249 4780 3966 7523 2319 7766 8452 6800 1711 3992 6500 7877 5803 8600 10317 3511 6155 9219 11834 5692 7529 8792 8711 3981 6958 5060 2080 1170 6952 10084 9381 6325 0 4687 7596 7523 5015 7542
3832 6332 4100 3280 721 6652 3312 5503 7920 5663 4197 5510 5515 7213 5200 7101 6264 2789 1923 6676 7409 1700 2863 4804 4338 5688 5243 509 5178 5462 2765 6216 5249 1720 4687 0 3201 4393 2459 5798
1029 7746 5658 6103 3832 9073 5660 7366 10346 8111 7367 8657 8052 9656 7930 9154 6063 5930 3413 8105 6239 1923 1252 5099 4016 8845 7488 3125 8359 8516 3676 6324 5154 2555 7596 3201 0 5869 3114 7920
5661 1969 300 2860 4709 3649 7233 1565 4808 2901 6105 5521 3026 4197 3383 3361 3190 4024 2683 2325 5200 5636 4675 1941 2828 5742 2100 3929 6684 7685 2193 2765 2596 3466 7523 4393 5869 0 6800 2280
4123 8759 6514 5597 2475 9042 2789 7962 10294 8060 5360 7289 7887 9589 7495 9552 8229 4780 4177 9108 8949 1456 3716 6900 6152 7424 7685 2879 6334 6100 4925 8300 7217 3601 5015 2459 3114 6800 0 8249
7839 1843 2376 2942 5860 1400 7942 806 2529 989 5885 4441 1280 1923 1972 1303 5021 4219 4534 1920 7138 7324 6795 4104 5099 4632 608 5440 6135 7349 4304 4464 4701 5390 7542 5798 7920 2280 8249 0
# set of given starting solutions
0 21 18 37 12 30 10 20 11 8 7 25 13 1 39 38 4 26 2 24 32 27 28 34 22 16 15 31 3 17 23 29 33 14 19 9 35 36 5 6 0
0 7 6 33 14 23 10 13 31 16 36 24 29 28 26 11 9 34 38 39 18 37 1 15 19 21 25 30 35 17 5 3 32 2 22 27 12 20 4 8 0
0 4 11 17 31 13 37 34 22 28 15 18 2 24 6 5 26 19 27 20 38 33 29 3 23 7 16 25 14 12 8 35 30 32 9 1 39 21 36 10 0
0 35 31 6 15 1 34 36 39 30 23 26 11 9 3 38 14 5 18 32 19 29 21 20 25 37 10 16 13 22 17 2 8 33 28 24 27 4 7 12 0
0 27 25 9 22 35 15 37 12 1 11 18 19 38 29 13 23 20 36 26 31 6 34 17 7 5 2 24 14 28 32 4 10 21 33 30 39 3 16 8 0
0 33 9 10 35 5 14 23 26 34 13 20 36 6 16 3 24 37 29 4 15 18 32 12 31 17 27 22 2 19 25 28 21 38 8 30 1 7 11 39 0
0 26 38 5 11 15 3 21 18 39 25 13 20 12 9 31 27 37 17 28 7 32 33 36 10 16 1 8 6 24 14 19 4 23 34 30 29 2 35 22 0
0 34 39 26 20 30 5 38 4 32 24 1 9 25 23 8 33 18 21 2 13 29 19 11 6 28 15 16 12 31 7 17 3 10 35 27 36 22 14 37 0
0 24 4 9 31 38 23 10 13 1 18 27 28 16 22 21 35 15 14 33 26 30 20 32 36 19 7 17 12 29 6 37 2 8 5 11 34 39 25 3 0
0 34 32 1 11 22 39 37 3 6 33 35 8 28 26 38 15 36 13 20 12 17 14 21 7 5 2 30 23 27 10 18 31 24 16 9 29 25 19 4 0
0 39 20 37 23 12 16 4 7 26 10 19 17 24 3 31 32 30 8 33 34 6 1 22 29 21 11 14 9 36 13 28 25 35 2 5 38 27 15 18 0
0 15 30 26 5 34 29 9 28 19 7 8 18 16 17 32 2 12 39 24 22 25 1 36 14 23 27 21 37 6 3 13 31 33 35 38 10 20 11 4 0
0 20 7 26 6 37 28 36 32 9 38 35 15 13 17 12 16 39 34 1 22 31 27 2 11 10 30 25 3 5 8 29 24 14 33 4 19 23 21 18 0
0 22 7 31 36 25 30 21 13 11 29 24 39 23 35 19 6 4 2 27 9 8 5 10 16 28 14 3 37 17 32 12 34 33 38 20 15 1 26 18 0
0 35 19 28 34 4 36 18 37 32 23 22 39 26 9 14 1 11 12 6 8 38 3 10 31 7 17 15 29 33 24 16 20 21 25 5 13 30 2 27 0
0 19 18 37 38 33 26 31 15 17 1 34 39 8 25 14 9 10 16 13 4 12 23 21 22 2 29 32 3 5 36 7 27 11 30 35 20 6 28 24 0
0 25 7 20 26 14 21 22 24 23 10 32 8 12 39 29 1 17 15 6 11 4 3 5 38 37 35 19 30 16 18 27 13 36 34 28 33 9 31 2 0
0 10 30 21 8 31 9 18 35 26 17 3 29 27 28 20 32 37 7 39 16 15 24 33 4 19 1 13 23 5 12 14 38 2 36 6 22 34 11 25 0
0 25 39 15 28 11 5 32 18 14 21 12 7 3 16 34 31 17 13 6 36 4 38 2 33 8 20 22 19 29 9 30 37 35 26 1 10 27 23 24 0
0 9 28 36 1 38 29 37 31 27 39 17 5 24 35 11 19 30 26 25 22 4 10 33 32 7 12 2 16 3 8 23 34 18 14 15 21 6 20 13 0
0 2 25 15 39 35 36 6 3 23 24 12 29 16 5 8 34 17 11 10 33 27 37 22 14 31 30 26 38 28 1 4 32 13 21 9 20 19 18 7 0
0 19 5 14 38 39 23 7 30 11 32 10 3 35 18 12 20 34 21 8 22 33 24 25 17 1 27 29 28 15 16 13 37 36 4 6 26 31 9 2 0
0 30 25 32 3 5 22 26 34 27 2 21 35 1 4 7 31 13 9 28 16 33 36 18 19 23 12 6 24 39 29 15 11 17 14 38 10 8 20 37 0
0 39 23 7 18 14 25 3 8 35 11 28 31 6 27 19 29 34 38 22 36 30 16 26 5 12 32 13 15 17 24 10 9 2 4 20 1 37 21 33 0
0 22 29 5 19 2 33 23 9 39 25 18 4 31 24 16 38 28 15 11 37 13 3 32 35 14 27 30 12 21 6 8 17 26 20 1 34 7 10 36 0
0 18 33 28 25 39 26 1 3 36 31 7 20 9 2 27 37 4 19 21 12 13 23 16 38 35 30 32 5 29 17 24 15 22 10 11 8 14 6 34 0
0 10 15 24 25 27 29 26 34 36 7 1 18 12 33 30 4 3 21 14 38 19 28 13 22 23 32 8 20 9 11 35 5 2 31 17 16 37 6 39 0
0 26 14 21 23 3 4 7 36 33 11 16 29 19 20 9 39 12 31 32 18 6 22 2 34 15 25 28 8 27 38 10 37 1 24 5 35 30 13 17 0
0 23 32 9 17 14 27 25 28 37 38 21 26 35 13 12 24 4 20 39 36 29 2 10 11 6 1 34 8 33 30 19 22 18 3 5 7 16 15 31 0
0 29 12 36 13 14 9 16 22 5 4 31 28 20 19 15 17 18 33 8 11 1 34 27 7 30 6 25 21 24 35 3 32 2 26 37 38 10 23 39 0
0 17 1 4 6 30 9 3 31 26 18 16 33 27 22 36 19 29 14 20 24 37 28 5 11 10 13 32 39 35 8 34 12 2 21 23 15 38 7 25 0
0 30 5 16 4 6 31 9 12 3 26 11 20 35 34 38 15 32 18 23 21 10 24 28 25 13 33 37 14 39 1 17 36 27 22 8 19 7 2 29 0
0 33 34 14 26 35 30 5 6 38 18 1 17 16 25 3 21 31 19 20 36 37 15 22 32 27 13 10 29 2 9 12 4 24 11 7 28 23 39 8 0
0 16 14 36 22 11 25 30 7 28 23 13 37 33 38 34 21 29 1 20 26 32 27 10 9 8 15 6 35 31 2 39 12 24 19 4 18 17 5 3 0
0 36 27 37 3 31 26 10 24 35 5 34 17 2 33 14 15 28 22 32 21 4 12 8 25 1 38 7 30 16 9 6 29 23 39 20 13 18 11 19 0
0 30 11 2 35 19 27 9 23 31 6 15 39 7 28 17 32 18 38 5 22 8 21 26 4 20 24 13 3 12 29 37 14 25 33 16 34 1 10 36 0
0 28 22 18 33 4 19 9 25 36 8 12 32 16 29 23 17 27 13 3 34 11 30 24 39 38 2 31 20 35 21 14 6 10 5 15 1 7 37 26 0
0 8 25 3 13 11 9 19 31 5 28 23 24 33 26 17 2 39 16 30 32 1 4 10 6 14 37 12 22 38 20 35 36 29 21 18 27 34 15 7 0
0 29 33 3 37 30 9 19 26 16 18 36 32 24 2 7 34 6 8 13 10 15 39 4 25 35 23 1 14 28 22 27 12 21 17 20 11 5 38 31 0
0 9 32 16 34 25 12 2 14 33 1 35 11 36 27 8 10 15 38 18 24 37 23 13 19 4 31 17 5 28 6 30 22 26 29 3 21 7 39 20 0
0 33 23 26 15 14 18 11 7 19 22 38 32 16 10 2 31 9 12 28 6 30 27 4 36 3 39 24 13 34 17 5 1 20 29 8 37 21 35 25 0
0 33 19 12 15 29 38 16 17 36 13 9 24 2 22 37 14 7 3 11 1 4 28 32 20 35 10 31 27 26 21 39 18 5 30 34 25 6 23 8 0
0 28 15 7 22 4 32 16 23 9 30 38 34 24 33 35 27 2 25 39 5 17 31 36 21 19 37 18 10 26 6 12 13 29 8 11 20 14 1 3 0
0 26 38 35 14 32 19 30 20 12 9 23 18 13 1 7 5 6 11 2 22 24 29 3 36 31 27 4 34 37 15 39 21 8 16 28 33 10 25 17 0
0 28 35 9 19 7 37 38 23 4 15 20 2 12 10 14 22 36 26 8 5 11 13 18 29 25 6 3 34 24 33 16 31 30 17 1 27 39 32 21 0
0 20 35 9 30 21 37 4 3 36 25 31 38 15 34 28 27 33 18 23 8 13 2 26 29 14 16 6 17 19 22 7 11 10 5 24 32 39 1 12 0
0 7 34 28 30 29 39 16 25 1 17 23 24 5 27 37 10 33 36 4 22 8 9 32 14 19 26 12 15 38 3 31 11 20 6 2 35 21 13 18 0
0 20 5 37 1 17 21 15 6 7 19 25 24 32 12 13 4 3 27 30 9 16 26 33 38 14 11 28 23 39 22 2 36 34 31 18 29 8 10 35 0
0 29 15 27 32 28 36 6 37 30 39 11 8 13 24 16 5 2 38 18 23 26 20 22 1 34 7 33 31 14 4 35 21 12 17 10 9 25 3 19 0
0 13 2 7 15 30 8 38 23 28 27 20 26 10 22 29 32 5 35 18 11 4 16 12 36 21 25 39 19 31 24 3 6 9 34 33 37 14 17 1 0
0 3 17 20 11 30 5 31 22 7 9 15 18 19 1 2 39 26 27 6 36 25 32 23 21 29 34 37 14 12 24 13 10 4 28 8 35 38 16 33 0
0 32 4 25 30 2 26 33 37 38 10 31 22 36 17 27 35 1 18 24 7 39 6 3 20 19 23 29 12 28 34 8 9 5 16 13 15 21 11 14 0
0 3 39 1 28 26 34 8 30 18 38 2 9 6 5 29 14 23 16 31 15 25 13 7 4 21 19 20 33 22 32 17 24 27 37 35 36 12 10 11 0
0 25 3 28 34 10 24 4 19 21 26 11 20 32 30 13 39 38 23 29 31 8 15 1 12 14 33 5 22 2 27 16 17 7 35 6 9 37 36 18 0
0 21 23 1 8 3 7 12 10 25 4 29 9 36 22 15 16 35 18 2 6 20 5 24 38 17 19 13 31 39 26 14 28 34 37 27 32 33 11 30 0
0 36 9 27 2 23 19 20 34 35 13 32 7 12 37 14 10 17 1 28 3 30 25 6 15 8 18 24 4 11 16 5 22 39 38 26 21 31 33 29 0
0 7 29 26 9 6 13 20 35 24 14 3 21 31 33 38 18 11 16 2 39 32 28 1 10 19 37 8 23 30 27 17 12 5 36 34 4 22 15 25 0
0 37 33 4 21 1 22 5 15 31 8 13 23 16 32 7 29 19 17 27 28 10 35 30 25 12 34 26 36 9 6 38 14 3 18 39 11 2 24 20 0
0 24 16 20 34 10 21 37 38 5 14 32 22 11 2 28 35 39 33 15 29 3 8 17 36 31 30 6 7 26 18 13 9 23 25 19 1 27 12 4 0
0 34 3 4 27 12 23 20 33 5 15 31 38 24 16 11 26 8 14 29 22 9 1 17 30 37 25 2 36 28 6 18 21 19 13 10 35 7 39 32 0
0 7 30 29 8 5 13 6 39 32 22 20 11 17 16 31 10 23 15 27 34 24 1 2 21 19 12 18 26 4 14 38 35 3 33 9 28 36 25 37 0
0 16 21 37 5 31 24 8 29 18 33 23 9 2 35 32 20 15 30 3 26 17 27 38 36 4 6 7 13 10 34 39 22 1 28 19 14 12 25 11 0
0 6 2 34 16 38 19 23 8 18 12 1 10 4 11 14 7 13 25 36 20 29 9 26 31 15 21 39 5 30 32 17 28 35 37 24 27 22 3 33 0
0 28 22 12 1 15 13 35 32 10 37 5 25 6 36 17 14 16 31 30 23 7 4 11 19 33 27 8 24 26 9 29 18 38 3 39 21 20 2 34 0
0 23 19 35 38 5 14 26 9 32 4 15 22 3 16 20 13 25 8 33 6 21 27 36 10 34 24 18 11 12 31 17 39 29 1 30 2 37 28 7 0
0 2 6 7 13 31 34 26 30 18 16 3 8 12 4 22 38 27 14 21 28 17 39 33 9 10 1 32 23 29 35 15 20 24 36 25 11 5 19 37 0
0 32 39 21 5 14 30 6 28 25 4 36 10 3 38 19 27 15 24 1 9 37 11 17 33 20 13 29 7 22 8 34 26 16 12 23 31 18 2 35 0
0 30 27 34 25 10 37 18 3 39 15 36 29 12 23 38 9 2 8 33 17 21 4 20 7 16 13 32 22 1 19 11 6 31 5 14 26 28 24 35 0
0 23 32 10 19 16 18 33 5 38 1 30 26 14 12 29 15 3 17 2 21 24 22 35 4 28 36 39 34 20 27 37 13 9 8 31 25 7 11 6 0
0 17 7 33 10 12 39 16 27 20 4 38 31 25 3 32 29 22 6 34 2 9 15 36 19 1 18 21 30 5 28 35 23 14 13 8 24 26 11 37 0
0 3 24 8 25 17 35 5 31 9 32 13 10 36 12 37 11 29 30 14 20 6 19 26 18 28 7 27 15 38 21 2 39 4 23 33 1 34 22 16 0
0 30 26 18 28 29 25 2 27 4 35 31 37 21 22 23 34 10 7 6 14 9 12 15 5 36 8 17 20 1 11 39 38 19 32 13 16 24 3 33 0
0 30 18 32 4 23 31 5 37 24 17 36 14 1 25 8 38 7 26 21 34 2 22 11 16 28 13 12 19 10 6 39 20 9 35 3 15 33 27 29 0
0 16 4 11 5 30 18 15 3 36 8 9 2 34 25 27 31 39 32 24 17 21 10 35 13 7 29 38 14 1 33 22 20 6 19 37 12 28 23 26 0
0 35 15 37 23 29 26 36 19 3 14 9 25 39 20 32 10 2 1 18 22 13 21 28 4 34 16 5 24 8 31 27 12 17 6 38 7 30 11 33 0
0 20 30 35 9 8 6 27 29 3 23 15 32 18 1 16 37 4 5 39 10 38 33 21 13 34 12 11 31 36 24 7 19 25 26 22 14 28 2 17 0
0 13 4 3 12 20 8 37 11 23 9 34 32 30 22 5 10 7 38 21 15 27 28 26 18 19 14 17 31 36 29 1 24 16 2 39 25 35 6 33 0
0 21 18 37 28 8 23 17 12 31 22 16 30 33 3 6 4 7 29 27 19 11 26 15 2 9 35 1 20 5 13 36 14 39 34 24 32 25 38 10 0
0 21 11 27 36 13 29 15 30 14 28 39 8 5 38 18 17 20 19 34 22 35 16 12 7 2 1 4 33 37 24 6 9 31 32 3 23 26 25 10 0
0 21 14 32 39 9 20 16 29 1 11 8 22 38 4 26 6 23 19 13 15 31 33 34 7 30 5 2 24 35 10 36 27 18 25 3 37 28 17 12 0
0 6 36 32 18 4 23 10 12 34 20 15 9 1 30 38 31 13 28 17 33 21 35 25 39 11 14 19 3 16 8 29 7 26 22 2 5 24 37 27 0
0 37 13 3 11 22 25 8 17 16 5 4 10 27 26 1 21 24 35 34 19 14 7 6 31 38 33 20 36 2 12 9 28 29 15 23 39 30 18 32 0
0 36 21 8 28 22 20 7 33 3 4 6 15 1 2 31 39 18 19 10 12 38 26 25 16 24 9 30 34 17 29 23 35 14 11 37 27 5 13 32 0
0 9 36 32 18 35 27 22 24 37 30 34 20 13 16 6 29 28 4 1 11 15 2 19 38 12 31 3 26 33 17 8 23 10 21 5 39 25 14 7 0
0 30 16 10 23 17 7 8 9 25 6 5 28 3 36 32 31 11 1 24 35 38 4 29 39 15 20 26 14 33 12 34 22 21 19 27 37 13 2 18 0
0 1 38 17 32 22 23 2 10 5 24 19 4 6 18 13 16 25 14 35 36 15 33 3 9 37 21 11 39 8 27 29 12 20 34 28 26 30 7 31 0
0 10 3 32 28 33 19 17 38 14 18 34 2 11 25 5 6 12 9 31 35 16 15 4 27 7 13 24 21 37 30 1 26 22 23 29 20 39 8 36 0
0 35 3 17 21 31 19 34 1 36 38 26 22 2 23 11 32 5 29 33 6 14 4 27 39 24 28 9 7 13 10 15 30 16 12 25 18 20 8 37 0
0 10 22 2 33 9 29 4 24 1 30 14 37 28 34 8 7 3 27 5 21 16 32 6 26 17 25 12 23 15 18 39 31 20 13 19 35 11 36 38 0
0 9 28 36 13 30 39 37 3 8 2 19 23 27 26 38 5 35 21 29 31 25 32 10 20 33 18 22 15 17 34 11 14 24 4 12 7 16 6 1 0
0 8 37 5 39 34 22 25 14 6 17 4 7 27 24 26 16 36 2 1 21 33 35 31 12 11 28 19 32 20 29 3 9 13 23 30 15 10 38 18 0
0 29 34 38 14 33 5 17 6 22 4 25 18 7 19 16 2 26 36 13 10 39 8 1 32 15 35 12 31 11 28 3 23 37 27 21 9 20 30 24 0
0 25 21 2 37 39 9 24 27 18 8 20 23 28 12 19 10 38 32 30 33 1 31 36 4 16 13 35 26 29 14 17 7 22 5 6 3 15 11 34 0
0 3 6 11 32 4 7 28 10 38 31 24 13 34 27 39 9 1 30 18 5 25 12 26 16 17 20 36 37 8 35 19 22 23 14 21 15 29 33 2 0
0 25 22 30 26 18 31 14 15 19 17 2 9 4 13 1 23 33 7 12 27 37 16 10 11 6 24 5 29 28 3 35 38 34 21 36 8 32 39 20 0
0 34 5 33 10 19 2 8 38 39 37 21 7 32 25 30 27 36 35 26 6 23 22 20 28 14 12 18 1 31 13 17 24 3 9 29 11 4 15 16 0
0 6 11 18 16 4 1 21 19 36 3 12 23 24 10 22 34 35 8 39 37 30 5 26 32 31 17 7 29 28 2 38 14 20 13 25 9 15 27 33 0
0 32 9 36 7 39 34 5 13 33 15 20 26 38 29 3 10 27 11 14 19 31 2 30 17 23 28 6 22 16 1 21 37 35 8 25 12 4 18 24 0
0 31 22 2 27 11 35 9 24 15 26 13 8 25 7 33 17 30 28 38 23 3 34 6 36 39 12 10 14 21 18 19 4 20 1 32 16 5 29 37 0
0 18 6 38 27 12 25 5 23 10 26 16 34 14 35 36 13 17 8 22 2 20 4 32 33 7 28 39 11 24 9 37 21 30 29 3 31 1 19 15 0
0 16 29 2 37 11 32 20 18 36 7 27 14 38 26 19 39 3 4 25 8 6 22 24 28 21 12 13 30 10 17 31 5 1 33 23 15 34 9 35 0
0 27 2 33 14 8 16 30 19 39 4 20 9 37 29 3 32 18 11 34 10 17 5 36 26 12 31 1 35 21 23 7 13 24 25 38 6 22 15 28 0
0 24 33 28 9 38 37 17 26 29 34 18 2 14 35 12 4 5 20 25 30 15 23 11 36 32 7 31 27 19 16 39 6 8 22 21 1 3 10 13 0
0 22 2 12 27 11 35 21 32 7 15 29 10 6 26 25 31 14 13 4 36 34 38 20 16 3 37 24 18 8 33 39 9 5 17 30 19 1 23 28 0
0 15 8 3 27 31 35 14 12 21 34 17 4 24 19 9 36 33 28 30 10 37 23 7 11 13 32 22 29 2 6 5 39 16 1 20 25 26 38 18 0
0 22 17 19 35 9 23 33 8 3 14 24 37 30 36 31 29 5 16 20 10 6 26 27 32 7 38 25 15 2 11 1 18 28 34 12 13 39 4 21 0
0 1 29 37 6 13 35 5 30 16 32 18 21 22 8 15 10 20 39 4 23 33 12 7 2 31 9 17 25 24 11 34 26 36 19 27 14 38 3 28 0
0 35 5 30 36 32 9 33 6 1 37 11 15 34 38 21 39 12 17 26 3 20 25 13 27 7 24 16 23 2 19 28 4 31 8 22 14 18 10 29 0
0 14 2 23 16 9 5 17 27 35 18 38 12 13 25 7 26 1 22 39 8 30 6 34 29 10 33 3 28 31 24 36 15 37 21 11 32 20 19 4 0
0 11 10 7 38 4 33 8 18 36 12 16 19 6 37 27 31 1 30 20 9 25 23 26 32 29 17 3 22 34 24 21 2 35 15 28 13 14 39 5 0
0 7 5 37 39 9 35 11 30 19 21 29 34 26 22 16 33 25 20 38 8 2 23 1 32 13 12 17 36 3 18 15 14 10 31 6 4 28 24 27 0
0 28 26 23 4 13 16 1 36 34 6 32 12 17 24 37 27 15 2 19 25 35 38 33 3 18 30 5 21 31 29 11 8 39 22 10 20 7 9 14 0
0 8 32 26 23 17 11 28 13 33 38 31 4 5 7 6 30 3 20 10 25 24 21 35 2 34 37 22 19 29 12 16 9 18 15 39 27 1 36 14 0
0 13 34 2 9 3 11 33 25 15 39 35 16 18 5 29 7 1 8 12 6 38 4 27 10 31 21 19 37 36 14 24 17 26 28 23 22 20 32 30 0
0 34 20 17 10 29 37 19 28 30 6 24 18 9 4 7 23 38 22 27 39 31 35 3 21 2 12 33 26 36 11 1 14 25 8 16 5 15 13 32 0
0 16 9 23 38 20 5 14 39 4 10 22 15 8 32 3 33 18 35 29 34 27 7 21 36 12 25 11 17 2 6 28 37 31 24 26 30 13 1 19 0
0 36 28 17 20 37 23 38 9 22 31 27 33 11 14 1 4 25 18 16 15 35 2 7 8 32 13 30 6 19 39 34 12 10 26 21 24 29 3 5 0
0 5 10 13 36 19 35 3 23 8 26 7 4 28 39 18 15 29 12 37 9 30 1 20 11 16 2 32 33 24 22 21 34 27 38 17 14 6 25 31 0
0 15 2 13 12 36 20 29 5 33 1 14 23 17 7 28 26 32 21 11 3 39 16 22 18 34 10 30 35 8 4 24 19 9 27 31 38 25 6 37 0
0 34 7 19 32 29 26 23 12 31 20 15 16 8 4 38 33 21 6 17 30 14 24 22 25 35 27 3 36 37 39 28 13 9 1 10 11 2 5 18 0
0 35 27 24 5 34 10 25 22 36 31 14 6 33 17 13 1 23 15 19 38 20 9 21 30 26 18 39 3 12 2 4 28 29 7 11 8 32 37 16 0
0 8 18 36 28 21 27 38 6 16 35 5 26 17 15 9 10 31 25 11 12 4 23 14 33 30 13 37 3 39 24 22 34 20 32 29 2 1 7 19 0
0 29 2 32 36 31 30 28 8 21 11 17 26 18 27 19 35 1 38 33 24 10 13 7 25 20 22 34 23 15 12 5 9 39 37 16 14 3 6 4 0
0 17 21 4 3 10 2 27 24 14 26 38 23 37 30 9 18 32 35 33 36 28 12 20 8 1 19 5 39 15 11 7 13 34 16 22 31 6 25 29 0
0 19 37 9 18 11 29 14 10 39 32 4 36 15 31 21 33 8 7 34 25 12 30 35 3 26 38 1 2 17 24 16 22 23 27 20 28 13 6 5 0
0 8 11 6 16 2 23 17 4 36 15 35 24 10 26 31 27 5 37 21 33 3 32 18 38 34 12 1 7 14 29 30 13 22 25 39 28 19 9 20 0
0 8 7 23 29 15 33 4 13 22 28 2 30 14 21 17 25 39 31 20 24 27 3 10 9 35 19 12 11 6 36 1 5 26 16 38 37 18 34 32 0
0 29 23 9 15 3 6 5 38 19 34 16 14 31 21 2 33 8 11 25 7 18 20 13 17 10 32 12 28 1 26 27 37 24 22 39 4 36 35 30 0
0 32 20 3 9 35 25 16 7 10 27 22 39 13 23 36 4 14 31 1 30 15 29 28 18 6 2 26 37 33 38 19 5 17 11 24 12 34 21 8 0
0 14 27 36 34 11 5 20 22 3 4 19 17 12 23 1 2 33 21 15 6 38 8 37 18 13 9 7 26 24 39 29 30 31 10 28 16 35 25 32 0
0 17 26 27 22 23 11 1 4 16 38 32 9 39 33 21 2 20 3 24 35 30 6 36 18 8 25 13 29 34 28 15 19 31 7 14 5 10 37 12 0
0 37 28 9 4 26 21 8 34 11 18 33 35 7 20 5 31 27 13 12 15 24 38 25 39 36 32 14 30 17 29 22 1 6 10 19 2 3 16 23 0
0 9 27 26 22 39 36 8 21 33 17 38 28 20 15 4 13 29 14 1 31 32 2 11 25 3 16 12 5 35 34 19 24 37 6 10 30 7 23 18 0
0 5 28 1 2 15 22 23 27 34 33 29 20 12 37 7 25 19 17 36 35 4 39 9 26 6 16 32 10 13 11 38 21 3 18 24 14 8 30 31 0
0 18 24 13 2 9 15 38 1 8 37 14 32 6 28 31 12 33 30 29 21 34 22 19 5 17 39 27 7 23 10 4 25 3 35 16 26 36 11 20 0
0 21 25 3 35 16 34 20 39 27 31 7 11 12 38 23 29 24 5 28 15 10 30 26 13 6 33 36 9 1 19 4 17 2 18 37 22 14 8 32 0
0 29 23 9 31 38 11 1 4 32 13 12 25 6 24 2 33 7 18 39 16 17 3 15 27 5 36 20 21 35 37 26 8 19 30 10 28 34 14 22 0
0 36 9 15 28 32 3 31 29 5 1 4 25 17 22 11 34 20 39 10 23 27 24 33 16 8 6 38 14 26 35 30 18 13 37 2 19 7 12 21 0
0 17 5 7 30 24 26 19 11 14 31 39 34 32 28 16 36 12 3 38 22 13 18 4 10 9 35 23 21 27 29 20 2 15 25 8 6 33 37 1 0
0 17 12 34 16 25 22 8 24 32 13 3 6 1 39 23 7 9 18 26 33 31 19 4 29 38 37 5 20 28 14 10 11 2 27 30 15 36 21 35 0
0 12 19 7 8 16 33 39 2 3 24 13 36 1 34 35 4 26 10 28 38 14 20 17 9 32 5 23 6 31 30 29 18 37 25 15 27 21 11 22 0
0 32 14 27 2 7 28 20 38 29 10 37 16 23 24 22 9 17 13 6 11 25 36 5 19 26 34 15 1 39 18 21 8 35 3 30 31 33 12 4 0
0 18 28 22 19 29 23 39 11 1 34 24 15 6 35 13 17 37 27 7 16 2 14 36 20 32 38 33 5 12 10 31 21 26 9 8 3 30 25 4 0
0 18 20 21 33 9 38 35 27 26 6 30 36 11 37 3 10 24 22 16 12 5 25 34 29 23 13 39 4 32 28 31 7 19 17 8 2 1 14 15 0
0 27 37 20 5 31 29 4 22 7 6 38 17 12 25 23 11 15 18 3 2 9 8 10 35 16 26 1 24 32 14 28 36 34 33 13 30 19 39 21 0
0 1 13 33 26 31 14 23 39 22 36 3 7 29 37 27 28 9 18 24 30 35 8 32 16 2 4 5 34 15 17 21 12 20 6 19 11 38 10 25 0
0 31 25 39 19 15 34 18 6 21 20 10 11 4 32 24 1 37 22 38 36 27 7 2 12 35 8 28 26 5 16 3 14 17 30 23 29 9 33 13 0
0 9 38 3 14 30 31 33 12 15 8 29 35 22 28 23 25 18 13 24 39 27 21 20 7 1 5 37 10 26 17 6 2 11 32 16 34 19 36 4 0
0 29 30 27 21 8 38 25 34 22 3 36 33 19 11 23 18 26 31 37 13 14 39 32 7 20 9 10 24 35 16 1 12 5 6 15 4 2 17 28 0
0 13 38 15 29 34 39 27 31 12 36 30 33 21 9 10 3 37 23 11 1 5 26 14 4 20 32 17 16 35 28 8 24 6 7 18 19 2 22 25 0
0 37 30 8 3 29 39 22 11 5 9 33 14 1 27 35 23 4 26 15 19 21 28 32 31 18 16 6 34 7 20 17 36 13 10 12 2 38 25 24 0
0 39 35 19 38 34 9 4 5 10 22 14 21 26 1 25 16 18 15 7 30 2 20 36 17 8 11 6 23 31 32 37 29 12 28 33 13 24 27 3 0
0 37 22 11 9 4 19 10 6 18 1 16 2 12 3 25 7 35 33 27 29 13 26 23 38 34 17 21 30 39 32 24 15 8 5 28 14 36 20 31 0
0 11 17 1 26 10 12 7 16 13 29 14 3 6 9 8 22 25 32 38 37 31 18 15 20 5 4 21 19 34 33 28 24 39 23 35 27 2 30 36 0
0 23 2 11 34 20 24 12 26 10 36 16 8 15 19 25 1 27 30 38 9 4 33 28 6 13 35 7 39 31 21 18 14 37 29 32 3 22 5 17 0
0 39 22 23 29 28 14 8 18 21 32 19 37 7 34 17 38 16 20 27 5 15 36 6 9 31 24 33 10 2 30 1 3 26 25 35 11 4 12 13 0
0 24 20 32 28 11 3 27 1 37 29 2 31 23 16 39 35 14 9 18 4 22 6 36 21 25 26 19 12 15 8 38 17 13 30 7 5 10 34 33 0
0 17 21 34 6 23 3 2 14 31 28 22 30 1 5 10 26 29 32 25 38 36 4 9 39 33 16 37 35 18 11 8 15 12 24 19 7 13 20 27 0
0 16 35 34 19 38 24 12 7 21 13 3 20 17 22 32 14 6 26 28 31 30 9 11 25 1 36 27 33 10 15 29 18 4 2 8 23 5 39 37 0
0 24 5 1 37 16 21 19 10 29 18 33 35 11 36 23 27 9 38 31 14 13 15 2 34 39 7 26 22 20 30 25 6 17 32 4 28 8 12 3 0
0 3 13 22 25 32 19 34 4 1 37 20 12 7 6 9 30 14 24 17 36 27 10 23 26 15 21 28 2 8 11 31 33 39 38 35 16 29 18 5 0
0 35 37 39 11 18 28 15 34 5 29 7 17 27 6 9 32 19 25 33 14 4 10 21 36 16 38 23 3 22 12 31 2 30 8 26 20 1 24 13 0
0 16 1 22 8 11 35 14 9 25 29 15 21 13 36 7 28 3 33 37 24 30 27 20 5 6 2 10 23 31 19 4 26 38 32 39 12 18 34 17 0
0 12 2 36 24 37 7 30 10 27 5 38 29 39 34 33 11 35 4 16 21 14 15 6 28 22 32 23 8 9 17 3 25 20 1 19 31 13 26 18 0
0 9 20 13 30 19 38 31 6 5 33 34 26 27 37 15 36 24 2 28 25 4 14 3 18 32 23 29 8 10 22 7 16 1 35 39 21 17 11 12 0
0 32 1 23 12 7 6 36 24 2 18 11 16 39 19 34 8 20 26 15 17 5 13 3 33 22 9 31 28 29 35 21 38 4 27 10 14 25 30 37 0
0 6 26 14 15 39 18 11 23 35 22 20 3 13 2 5 29 17 10 37 31 33 1 4 30 38 34 24 8 12 32 7 9 25 28 19 21 36 16 27 0
0 18 29 6 24 13 12 38 17 20 34 31 30 27 7 8 16 2 37 21 26 9 39 22 35 15 32 28 1 4 5 11 10 33 25 14 36 19 3 23 0
0 28 6 26 39 8 7 31 16 1 29 3 9 36 27 18 32 24 11 15 22 19 10 14 13 35 38 17 21 37 34 5 30 4 20 23 2 12 33 25 0
0 18 12 16 15 32 17 24 5 4 30 1 31 33 34 10 14 3 38 22 21 2 29 36 7 9 11 28 35 27 13 23 26 25 20 6 39 8 19 37 0
0 12 27 2 1 14 37 18 17 16 19 28 31 8 13 23 22 32 6 39 9 26 5 36 25 10 29 3 38 4 11 20 34 24 35 21 7 33 15 30 0
0 31 24 2 10 7 20 30 32 26 33 16 9 21 39 18 27 22 29 25 14 36 11 28 34 15 13 17 38 3 35 8 12 1 19 37 4 6 5 23 0
0 32 28 2 31 36 16 5 29 17 10 9 22 39 25 6 24 30 11 27 14 3 23 1 34 4 15 20 7 19 13 33 8 12 38 26 37 21 35 18 0
0 19 25 3 7 4 36 35 23 20 13 29 27 14 5 37 26 1 28 32 22 16 8 17 9 30 24 31 33 15 39 21 6 18 38 12 34 10 2 11 0
0 8 5 37 32 29 3 13 17 2 12 30 23 20 7 39 18 28 26 31 10 6 14 15 34 25 4 22 9 19 38 21 36 27 24 11 33 35 16 1 0
0 19 30 14 13 35 7 6 21 20 12 24 33 32 27 16 4 22 18 5 26 9 8 28 15 2 31 11 36 25 17 34 39 38 1 3 29 23 10 37 0
0 13 31 19 12 34 9 1 30 29 33 23 35 11 4 6 36 15 18 22 8 32 7 27 17 10 20 39 25 38 16 24 26 37 2 5 21 3 14 28 0
0 19 31 11 3 22 9 36 21 20 8 5 15 16 29 38 25 6 33 37 2 18 13 26 1 10 28 7 34 17 32 39 23 27 35 30 24 14 4 12 0
0 7 19 16 39 36 4 13 10 31 5 11 30 35 3 6 18 37 33 34 20 15 1 12 17 22 9 26 8 14 24 21 38 29 23 28 27 25 32 2 0
0 6 11 17 13 3 19 29 14 15 8 35 38 28 16 32 30 25 24 37 26 18 4 1 36 2 22 27 34 20 9 5 12 21 33 10 31 39 23 7 0
0 11 6 8 37 39 21 22 23 3 7 15 38 28 5 16 35 14 34 25 9 10 4 36 27 30 20 26 2 33 19 32 18 31 13 17 1 24 29 12 0
0 37 33 14 22 17 29 28 24 27 19 6 25 36 18 3 30 31 7 38 13 34 21 1 16 39 20 8 23 4 5 35 2 15 9 32 26 12 10 11 0
0 38 9 11 25 6 10 21 18 13 26 2 15 17 22 35 32 20 12 19 1 16 23 4 34 29 33 24 27 39 3 36 37 5 14 8 28 7 31 30 0
0 37 27 34 35 24 3 38 19 39 8 25 30 1 13 2 23 4 29 33 22 12 7 14 9 6 5 10 18 21 11 17 20 36 26 28 32 31 15 16 0
0 37 38 33 12 36 16 34 1 2 21 32 27 9 8 17 4 14 24 13 39 5 19 3 31 30 22 10 25 18 28 6 29 11 35 23 20 15 7 26 0
0 7 25 21 15 37 39 22 34 23 36 32 38 20 13 12 2 5 26 29 27 31 28 9 16 17 18 30 6 3 8 1 24 14 35 11 33 19 10 4 0
0 20 21 9 12 32 1 16 22 36 35 4 6 24 2 8 7 27 3 18 28 31 38 19 29 15 11 5 23 13 30 10 14 37 26 17 39 34 25 33 0
0 19 29 38 12 8 13 1 33 23 10 24 20 18 21 36 34 22 35 17 25 26 7 27 16 9 6 37 4 39 30 14 31 28 5 3 11 15 2 32 0
0 35 14 30 2 4 12 24 3 20 18 9 8 6 25 36 39 15 26 22 34 13 17 21 38 31 32 19 5 37 10 28 1 23 33 16 7 29 11 27 0
0 5 24 12 31 2 10 37 38 11 18 32 9 7 8 23 21 20 33 6 39 22 27 19 25 3 35 4 16 29 28 13 1 36 15 26 34 14 30 17 0
0 27 23 25 29 32 34 30 24 16 1 8 4 15 38 12 3 17 9 28 20 26 6 11 39 14 37 5 13 21 2 33 10 19 36 31 35 22 18 7 0
0 1 34 25 12 29 2 10 21 7 17 6 3 37 11 27 8 33 16 26 13 19 30 24 23 14 9 20 5 38 28 31 18 15 39 4 32 35 36 22 0
0 7 22 4 27 18 28 11 8 31 16 19 6 26 30 3 10 23 1 12 24 5 33 32 39 36 29 38 37 20 17 34 2 13 35 14 21 9 15 25 0
0 37 15 16 9 2 22 25 1 31 18 34 35 29 19 5 23 21 13 39 36 17 38 28 12 10 30 26 27 20 3 6 4 24 11 32 8 7 14 33 0
0 33 28 9 21 18 8 30 36 22 35 24 4 17 37 15 31 6 38 10 19 14 39 12 2 16 34 7 29 23 26 11 32 27 20 25 5 13 3 1 0
0 15 2 9 8 5 36 30 7 11 13 6 27 37 20 26 38 17 25 34 23 3 24 32 10 14 22 31 28 1 29 12 33 21 4 16 18 19 39 35 0
0 1 15 9 20 12 24 11 17 37 28 27 32 4 38 25 22 3 14 34 7 10 33 29 13 35 21 16 36 8 26 19 5 31 23 2 30 6 39 18 0
0 22 16 23 25 37 12 9 35 6 21 20 27 4 11 15 14 36 28 7 32 34 10 33 5 30 8 29 39 38 3 24 19 26 17 1 2 13 18 31 0
0 2 27 16 25 30 32 7 35 22 4 28 17 38 9 21 15 26 10 1 19 13 29 34 14 24 20 11 33 8 39 6 36 31 3 5 37 23 12 18 0
0 22 21 29 38 13 30 25 2 17 34 14 35 11 31 26 32 10 23 27 28 19 5 4 1 20 6 37 36 7 3 33 39 8 24 16 18 9 12 15 0
0 33 8 30 3 26 28 34 20 7 38 5 11 13 10 4 9 29 1 14 37 32 22 24 18 15 23 6 21 19 31 2 25 35 39 12 27 16 36 17 0
0 19 2 25 3 17 26 38 34 14 21 11 32 18 33 37 15 5 12 16 10 35 23 30 39 7 27 1 29 22 28 8 24 6 36 31 13 4 20 9 0
0 12 31 27 39 30 17 33 19 3 24 15 16 11 28 7 20 23 6 14 38 13 1 21 35 34 5 10 22 29 26 9 37 2 25 4 18 36 8 32 0
0 39 6 1 16 28 32 23 14 22 26 31 7 33 11 19 5 12 34 15 4 36 9 30 35 20 24 29 3 27 37 2 8 13 21 18 17 10 38 25 0
0 32 9 25 13 20 6 16 12 26 36 29 22 2 28 4 10 1 23 24 30 35 39 11 3 27 7 14 21 8 5 37 18 34 19 17 31 38 15 33 0
0 26 5 34 16 37 23 39 13 7 38 27 6 24 30 20 33 1 31 17 4 29 21 36 8 9 28 22 2 12 32 25 35 11 3 18 14 10 19 15 0
0 30 14 6 23 10 21 18 35 8 7 33 9 3 1 31 19 27 12 29 13 26 24 38 34 11 17 22 16 2 15 39 5 4 28 37 25 36 32 20 0
0 32 20 26 38 9 28 39 6 25 29 27 2 35 16 15 11 19 30 14 5 33 8 37 31 34 18 23 24 7 4 22 21 12 10 13 36 1 3 17 0
0 25 15 4 34 33 29 9 12 3 21 6 5 24 16 11 37 10 13 32 8 18 39 1 14 19 20 2 35 38 7 31 28 27 23 36 30 26 22 17 0
0 23 26 35 13 12 19 1 16 6 29 21 33 15 20 39 34 36 8 32 4 17 7 37 22 27 30 11 18 24 5 9 25 10 2 14 28 3 31 38 0
0 23 27 3 4 8 26 22 36 12 31 39 15 11 32 37 20 1 16 6 10 35 9 7 30 28 14 19 38 25 29 13 21 2 18 34 33 5 17 24 0
0 17 24 25 22 1 35 20 33 15 16 8 21 5 36 18 30 3 4 10 12 34 37 31 26 11 23 32 27 19 39 29 38 14 9 13 6 2 7 28 0
0 26 29 32 7 25 10 15 4 12 30 39 8 38 33 35 1 16 37 11 2 5 6 19 34 31 24 23 27 20 9 14 22 3 36 13 21 28 18 17 0
0 37 16 19 5 7 33 35 26 24 13 15 27 29 2 10 30 39 1 31 18 32 8 6 34 12 14 11 36 9 28 3 23 22 17 38 20 4 21 25 0
0 34 24 3 29 18 21 35 10 26 19 28 23 31 30 14 33 38 22 8 4 27 17 6 13 39 2 16 11 1 12 5 36 25 37 7 20 9 15 32 0
0 38 11 39 30 21 1 10 26 25 29 33 31 8 2 9 24 5 23 28 6 37 19 27 34 4 12 18 22 17 15 7 14 32 3 16 36 20 35 13 0
0 13 36 37 11 23 14 25 31 18 16 2 20 28 1 22 24 32 30 9 34 38 3 29 8 10 4 17 26 33 15 21 12 19 7 39 6 27 5 35 0
0 37 38 20 35 23 17 39 6 19 21 4 8 12 28 25 18 29 2 22 32 14 11 9 36 3 34 10 5 31 7 26 30 1 15 24 27 13 33 16 0
0 19 30 12 9 31 6 11 24 10 8 2 27 17 7 22 25 36 28 21 26 35 4 34 29 37 15 14 18 23 33 38 20 32 13 39 16 5 1 3 0
0 4 28 8 26 38 17 18 3 10 7 30 23 39 22 1 13 12 9 27 25 14 6 29 20 37 16 15 35 34 24 11 32 2 19 31 5 33 36 21 0
0 20 10 18 32 30 23 39 19 5 7 3 14 8 15 35 24 34 13 6 1 31 21 28 12 27 36 33 38 11 22 2 29 26 4 17 9 25 37 16 0
0 5 30 38 2 3 16 11 25 1 8 15 31 12 33 23 37 36 4 7 19 39 18 20 6 21 26 9 27 35 22 17 32 34 24 29 10 28 13 14 0
0 4 28 35 19 9 29 38 1 6 37 17 14 15 8 31 20 2 25 16 23 22 5 7 12 21 33 24 13 11 34 36 18 27 3 30 32 39 10 26 0
0 20 37 25 39 4 9 5 12 3 35 15 38 32 23 16 2 8 1 26 14 18 34 31 13 28 33 17 10 27 11 29 21 7 24 6 22 30 19 36 0
0 24 10 15 31 25 6 11 8 13 37 28 1 35 12 20 16 36 30 9 39 22 3 5 21 2 17 29 7 18 27 4 32 34 14 23 26 19 33 38 0
0 25 2 37 33 26 39 24 27 21 30 38 15 1 23 5 14 32 36 9 28 13 19 34 16 18 8 22 29 12 7 6 20 10 17 11 31 4 35 3 0
0 23 7 39 21 15 6 4 2 28 20 34 12 22 25 37 27 9 36 8 5 29 35 10 33 32 19 24 17 26 31 14 18 13 3 38 11 1 16 30 0
0 26 10 25 30 18 34 17 3 32 12 4 28 2 5 9 38 21 6 31 20 29 13 35 23 14 37 24 22 11 39 1 19 36 27 33 15 8 7 16 0
0 26 20 28 18 14 23 34 39 5 10 3 31 7 12 37 33 9 2 19 8 4 1 36 21 11 16 29 32 24 15 27 35 6 38 25 17 30 22 13 0
0 37 7 29 10 30 32 31 25 8 34 1 9 3 11 12 36 5 16 33 35 22 15 27 39 6 18 23 38 20 19 24 4 2 21 17 14 28 26 13 0
0 32 17 33 38 11 35 2 21 14 29 36 16 24 18 27 19 4 3 10 37 12 15 22 31 9 1 13 39 28 30 5 20 8 25 34 7 6 26 23 0
0 12 4 34 24 31 36 8 3 37 22 26 32 35 7 18 11 33 14 1 28 19 29 15 20 38 6 5 17 25 21 9 16 30 39 23 2 27 13 10 0
0 32 7 34 10 17 18 16 3 5 25 26 23 29 11 1 9 30 6 33 28 36 37 38 22 12 39 4 27 31 24 15 35 19 2 21 14 13 20 8 0
0 39 27 8 32 20 16 38 18 7 14 6 9 25 29 34 22 28 30 10 3 21 17 35 2 1 31 13 11 36 24 4 26 12 5 23 15 19 33 37 0
0 24 28 36 39 31 17 5 8 37 30 9 32 14 33 11 15 10 23 13 27 19 34 26 6 12 21 25 4 29 38 7 16 1 18 3 22 2 20 35 0
0 4 21 23 19 10 27 9 24 7 33 35 15 1 3 2 14 16 37 8 32 17 36 5 34 38 18 20 39 28 22 31 26 13 25 30 12 29 6 11 0
0 25 4 8 18 26 17 14 28 1 27 9 32 10 13 35 22 30 21 37 5 12 15 2 31 16 29 7 3 19 20 38 36 24 33 34 11 39 23 6 0
0 6 15 28 12 3 1 22 10 21 20 14 29 17 18 25 9 35 32 37 8 23 16 27 39 24 13 2 5 34 19 36 31 33 30 38 7 11 4 26 0
0 2 32 7 16 20 12 3 24 31 6 30 19 5 35 8 1 17 27 22 14 23 37 39 33 18 25 21 38 10 9 11 29 15 34 4 36 28 26 13 0
0 23 6 18 22 17 30 28 26 24 14 11 38 37 33 19 12 10 15 8 20 34 27 7 2 21 36 32 5 39 9 3 29 35 4 25 1 16 13 31 0
0 33 29 8 31 38 17 18 25 37 11 22 26 34 35 10 3 23 2 27 36 15 9 7 30 16 12 6 32 24 20 39 19 21 1 14 4 28 13 5 0
0 4 35 20 25 1 5 6 7 37 2 9 33 17 22 16 24 14 34 28 39 27 21 13 29 8 11 3 30 19 32 23 15 18 10 36 26 31 38 12 0
0 35 33 18 23 25 17 2 22 15 38 5 16 30 26 32 27 39 19 34 36 24 9 20 21 1 8 37 10 28 4 13 6 31 7 3 11 29 14 12 0
0 20 38 24 32 36 35 22 39 11 34 33 15 26 21 5 14 4 12 31 27 17 7 18 16 19 1 28 30 10 2 9 23 25 8 29 6 3 37 13 0
0 9 3 38 28 6 15 20 32 8 2 24 13 5 22 39 35 29 7 17 34 26 30 27 18 14 37 36 25 10 11 31 16 23 1 21 19 4 33 12 0
0 30 31 21 39 28 1 9 6 33 7 37 34 36 22 24 11 16 20 14 2 35 29 17 3 26 13 4 32 23 27 12 18 38 25 5 15 19 10 8 0
0 30 16 24 39 9 10 17 4 26 25 28 2 15 20 13 29 18 36 6 19 1 12 7 32 33 8 21 37 27 3 38 31 14 22 5 35 23 11 34 0
0 38 16 35 31 30 17 4 5 34 29 28 24 23 36 26 25 21 39 2 14 13 11 10 20 6 18 32 37 3 9 33 22 27 8 1 7 15 12 19 0
0 17 10 9 23 20 3 15 4 1 33 11 34 8 36 25 18 37 27 32 30 2 21 28 6 39 29 26 14 12 31 35 7 5 13 24 38 16 22 19 0
0 26 27 8 20 15 34 6 7 19 14 5 23 21 35 25 1 36 28 4 10 30 11 24 12 37 17 32 31 18 22 13 29 2 16 39 33 9 3 38 0
0 27 9 26 33 34 13 4 15 14 35 39 3 12 22 20 19 17 31 2 6 5 28 25 8 7 21 1 36 38 23 10 11 24 16 32 30 37 29 18 0
0 35 14 39 34 15 36 29 13 30 31 26 10 4 7 20 33 37 38 3 6 8 25 17 27 2 12 1 21 5 9 16 28 22 24 23 11 32 19 18 0
0 1 38 34 14 12 20 9 7 19 26 15 32 3 24 37 21 29 13 11 27 4 33 28 10 16 31 30 17 8 6 18 35 36 2 23 5 39 25 22 0
0 10 25 12 34 22 35 3 39 30 36 21 26 15 1 38 28 29 24 27 11 32 20 2 33 37 18 4 6 31 8 17 9 5 13 14 19 23 7 16 0
0 5 30 27 20 31 10 35 2 36 16 19 22 29 17 4 34 26 12 38 13 18 6 1 24 8 14 37 3 7 28 39 11 32 9 21 33 25 15 23 0
0 9 12 24 10 37 34 27 6 25 1 2 15 17 5 8 18 26 13 20 3 36 39 4 35 32 21 11 33 14 7 23 31 29 28 38 22 16 30 19 0
0 6 7 18 35 30 16 17 38 15 36 27 4 32 2 9 37 33 12 25 13 39 20 31 19 5 28 23 8 29 11 26 21 3 10 34 1 14 24 22 0
0 4 5 18 6 22 21 27 25 20 9 14 16 19 30 39 17 36 26 3 33 8 15 11 38 29 2 32 1 35 24 23 12 13 10 37 31 34 7 28 0
0 26 29 19 2 25 14 1 23 9 31 33 22 27 30 32 11 34 24 12 20 3 39 7 37 18 6 28 13 21 17 5 36 38 4 10 8 35 16 15 0
0 21 4 32 1 24 12 16 7 39 13 2 8 5 29 19 3 22 38 25 30 10 37 31 18 11 27 35 15 23 28 9 6 14 20 33 36 17 26 34 0
0 18 36 23 33 22 28 12 30 37 26 35 2 29 32 8 34 11 21 4 13 24 39 3 6 17 19 38 25 5 9 14 7 27 20 15 16 10 1 31 0
0 30 3 35 1 26 2 14 10 11 36 13 17 29 19 23 7 9 24 25 39 22 37 18 8 28 21 4 34 5 38 15 12 27 31 6 33 16 32 20 0
0 29 2 37 23 5 39 15 38 32 20 31 17 10 8 36 34 1 35 24 21 13 14 28 11 33 18 12 25 27 30 19 7 26 6 22 9 4 3 16 0
0 25 37 31 1 22 27 33 19 11 13 21 28 2 14 17 8 35 20 30 10 34 26 29 4 12 5 9 3 16 7 18 23 24 38 39 15 36 32 6 0
0 13 37 19 7 12 6 4 36 5 20 33 31 34 28 35 23 29 3 9 39 18 14 16 2 22 32 38 15 26 11 21 25 24 27 1 8 30 17 10 0
0 28 35 7 4 14 20 36 11 38 8 13 26 25 32 23 16 3 2 15 18 1 31 22 17 10 33 9 5 29 21 27 34 39 24 12 30 6 37 19 0
0 26 36 27 38 37 17 25 5 24 31 3 32 20 33 28 19 39 4 13 23 11 10 18 8 35 22 12 2 6 1 21 16 30 9 15 7 14 29 34 0
0 10 22 18 4 2 11 30 9 32 12 25 26 15 17 13 6 24 39 16 21 23 27 35 29 37 7 5 38 34 33 14 20 1 36 19 3 31 28 8 0
0 30 7 5 9 38 11 20 3 26 1 19 17 36 8 23 25 21 31 12 29 22 35 34 10 32 27 16 18 6 4 24 37 15 14 33 13 28 39 2 0
0 25 17 32 1 15 8 20 2 34 30 36 10 16 11 27 31 22 13 26 18 6 12 5 19 33 23 4 39 14 7 9 28 35 37 21 29 24 38 3 0
0 20 8 13 35 11 26 19 33 29 3 22 16 2 27 31 12 32 15 30 23 1 28 18 4 14 10 9 39 7 5 6 25 24 38 36 37 17 21 34 0
0 4 12 25 18 5 31 2 9 14 34 20 38 39 8 32 17 1 26 27 10 28 29 11 23 22 36 19 13 15 3 24 30 35 6 16 7 33 37 21 0
0 18 2 37 12 31 5 29 1 16 32 33 26 34 3 6 23 8 25 38 24 20 30 39 28 10 27 9 13 11 17 21 15 4 14 35 19 7 22 36 0
0 21 3 8 26 6 27 16 5 1 38 24 13 35 15 17 14 12 19 4 33 22 28 31 11 37 7 25 20 30 18 39 32 9 2 34 10 23 36 29 0
0 38 27 34 39 30 37 20 4 24 22 31 32 18 17 33 9 29 2 5 10 15 26 23 8 1 6 36 12 21 3 16 11 28 7 13 25 19 14 35 0
0 30 27 28 24 6 11 19 39 12 10 13 38 5 9 18 1 14 15 32 35 29 16 2 4 37 20 8 21 17 26 34 25 33 23 22 7 3 31 36 0
0 1 5 20 16 19 12 23 31 25 28 9 34 27 10 30 14 26 11 35 32 17 36 4 37 2 38 7 8 22 29 24 6 13 3 39 15 18 33 21 0
0 8 34 32 27 35 21 29 37 11 2 4 26 39 9 13 5 12 7 24 22 18 1 33 38 23 36 31 3 16 28 15 6 25 17 14 30 10 20 19 0
0 19 20 13 24 38 33 6 25 2 28 7 31 37 11 36 9 32 4 26 5 22 15 27 12 3 23 29 35 14 10 34 1 18 39 21 30 16 8 17 0
0 33 20 21 12 14 37 19 36 35 16 18 15 11 24 6 28 34 5 13 1 9 17 30 4 39 3 23 31 10 32 2 8 27 26 22 29 25 7 38 0
0 39 21 26 19 13 28 25 9 32 18 3 10 20 7 1 2 34 16 14 38 27 33 24 12 22 29 30 23 5 11 15 35 31 36 6 8 37 17 4 0
0 15 20 11 36 37 33 38 17 5 18 22 14 19 31 24 35 4 34 28 12 32 27 3 13 2 1 9 39 26 16 6 8 29 30 7 10 23 25 21 0
0 6 26 5 32 11 13 17 3 1 29 21 22 8 38 35 12 9 2 37 7 16 30 34 33 14 18 19 23 24 28 4 39 25 10 31 27 15 36 20 0
0 27 32 36 12 14 11 1 33 5 22 10 19 29 3 18 37 38 23 24 7 13 35 39 6 26 25 16 8 34 2 21 28 17 20 15 30 31 9 4 0
0 5 27 21 7 22 1 35 23 8 18 31 20 37 38 9 4 29 12 6 39 10 30 19 24 34 3 16 2 36 26 11 33 28 17 14 32 25 15 13 0
0 24 19 27 22 29 7 38 6 13 9 12 35 31 33 3 25 4 18 20 23 36 16 5 15 21 30 39 14 34 17 37 1 32 8 26 2 11 28 10 0
