# n n_solutions
60 1000
# n x n distance matrix
0 8588 6264 6488 8367 5798 5135 10430 4201 7409 5824 3980 9291 6360 9620 3178 4701 3748 7696 9288 3471 9313 3401 2140 5671 8683 7660 3806 8477 9492 8695 10383 6484 2570 7516 6720 10072 3300 5748 4482 6628 2701 9340 1702 4101 6041 8800 4118 5531 905 3036 5375 5604 6200 3584 6453 6369 1421 5375 2353
8588 0 5280 2140 6120 7596 7085 2000 5173 8006 6621 10422 5536 3956 1523 9343 5021 6030 1000 6453 5481 4810 7523 6488 3313 1969 1486 4981 1581 7414 412 1802 2343 6129 3501 8296 8256 5872 3920 8904 7981 10056 7481 6935 7500 5565 4176 5614 4004 8958 6789 6001 6258 3905 6902 5554 2334 8420 3712 9492
6264 5280 0 4459 9544 9095 2088 6200 5824 10288 1400 9767 9619 1341 6800 8697 6168 6395 5060 10244 3114 9128 3397 4491 2623 6774 3794 4924 6363 10985 5069 6537 4948 5100 7144 10096 11814 5742 1702 9202 9837 8764 10954 4780 2967 7738 8421 2184 1802 7057 3275 1081 1140 1442 7134 8006 4666 7009 2385 8271
6488 2140 4459 0 5280 5885 5818 4101 3106 6612 5575 8340 5185 3189 3178 7247 3046 3966 1208 5883 3601 4669 5842 4427 1886 2549 1824 2842 2209 6708 2334 3940 538 3996 2720 6718 7558 3748 2780 6931 6412 7924 6711 4870 5966 4000 3962 4002 2745 6826 5003 4837 5161 3041 4854 4119 300 6280 2236 7359
8367 6120 9544 5280 0 3352 10396 7731 4477 2545 10413 7518 1360 8386 5573 6846 3944 4648 5412 921 7465 2000 9707 7247 6933 4310 6868 5325 4600 1442 6527 7170 4742 6216 2668 3301 2282 5239 7849 5481 3052 8022 1431 7515 10121 2340 2213 8348 7742 8088 8765 9633 9990 8215 4850 1931 5008 7268 7161 7602
5798 7596 9095 5885 3352 0 9258 9534 3275 1612 9546 4176 4661 8273 7685 3605 3006 2773 6640 4177 6264 5110 8080 5440 6826 6351 7709 4176 6449 4004 7937 9124 5434 4410 4440 1029 4414 3488 7595 2137 848 4816 3811 5531 8653 2059 4981 7300 7414 5280 7211 8802 9154 8075 2334 2202 5590 4472 6873 4472
5135 7085 2088 5818 10396 9258 0 8215 6161 10653 848 9002 10720 3200 8570 8030 6621 6488 6676 11194 3023 10346 1772 3956 3956 8321 5632 5220 7937 11808 6935 8500 6217 4884 8292 10287 12592 5770 3178 8876 10072 7816 11740 4060 1118 8309 9656 2051 3132 6020 2220 1100 948 3206 7038 8645 5948 6207 3584 7400
10430 2000 6200 4101 7731 9534 8215 0 7170 9823 7600 12419 6911 5024 2209 11335 7021 8028 3000 7902 7158 6120 8973 8300 4884 3423 2823 6935 3178 8900 1769 670 4341 8043 5263 10184 9708 7849 5239 10900 9868 12023 9000 8746 8828 7484 5600 7088 5385 10860 8348 7117 7302 5048 8901 7433 4318 10358 5255 11458
4201 5173 5824 3106 4477 3275 6161 7170 0 4517 6352 5249 5192 5015 5824 4172 538 860 4176 5366 3140 5135 5263 2773 3601 4695 4833 943 4579 5800 5420 6929 2831 1772 3324 4272 6529 905 4328 3862 4016 4964 5700 3067 5728 2202 4601 4133 4143 4220 4327 5590 5948 4816 1749 2580 2860 3511 3612 4410
7409 8006 10288 6612 2545 1612 10653 9823 4517 0 10869 5500 3894 9340 7783 5099 4123 4201 7134 3138 7632 4534 9576 6942 7858 6451 8400 5458 6648 2668 8386 9330 6103 5889 4560 905 2906 4920 8697 3522 824 6315 2451 7071 10120 2630 4632 8645 8538 6887 8683 10107 10465 9148 3905 2500 6312 6082 7969 6016
5824 6621 1400 5575 10413 9546 848 7600 6352 10869 0 9607 10630 2668 8132 8600 6774 6777 6315 11172 3289 10200 2549 4428 3689 8005 5141 5412 7605 11844 6432 7930 6021 5263 8168 10570 12650 6074 2817 9338 10336 8471 11792 4601 1941 8431 9500 2247 2830 6691 2816 781 424 2720 7404 8741 5742 6806 3360 8030
3980 10422 9767 8340 7518 4176 9002 12419 5249 5500 9607 0 8793 9486 10978 1118 5445 4393 9425 8354 6670 9154 7333 5277 8367 9745 9985 5608 9708 8122 10666 12169 8080 4810 8015 4601 8402 4632 8792 2039 4704 1389 7915 5024 8030 5724 8900 7595 8570 3080 6800 9043 9326 9297 3535 6041 8105 2801 8207 1627
9291 5536 9619 5185 1360 4661 10720 6911 5192 3894 10630 8793 0 8373 4704 8060 4657 5544 5008 1019 7925 806 10242 7937 7000 3590 6529 5923 3956 2022 5948 6300 4675 6964 2475 4661 2800 6041 7920 6767 4410 9207 2158 8256 10581 3300 1360 8709 7849 9108 9302 9859 10206 8221 5900 2901 4957 8302 7286 8757
6360 3956 1341 3189 8386 8273 3200 5024 5015 9340 2668 9486 8373 0 5470 8381 5277 5700 3721 9044 2915 7849 4071 4341 1486 5437 2473 4201 5024 9827 3765 5300 3701 4684 5903 9239 10667 5124 707 8657 8962 8632 9811 4716 3832 6735 7142 2343 921 7048 3640 2100 2319 200 6519 6964 3420 6844 1403 8102
9620 1523 6800 3178 5573 7685 8570 2209 5824 7783 8132 10978 4704 5470 0 9948 5544 6640 2009 5700 6747 3911 8900 7596 4709 1341 3008 5860 1272 6700 1802 1603 3138 7077 3264 8228 7502 6637 5393 9276 7915 10788 6806 8036 8927 5630 3405 7002 5458 9884 8115 7495 7762 5412 7451 5507 3257 9266 5108 10234
3178 9343 8697 7247 6846 3605 8030 11335 4172 5099 8600 1118 8060 8381 9948 0 4404 3324 8348 7723 5590 8352 6413 4219 7249 8741 8875 4494 8683 7609 9577 11101 7003 3700 7071 4244 7990 3522 7684 1615 4275 1216 7416 4000 7102 4870 8041 6537 7463 2332 5813 8009 8302 8190 2500 5220 7017 1843 7093 1000
4701 5021 6168 3046 3944 3006 6621 7021 538 4123 6774 5445 4657 5277 5544 4404 0 1118 4022 4830 3612 4617 5780 3310 3820 4356 4838 1414 4280 5280 5299 6735 2692 2308 2863 3962 6020 1403 4609 3894 3687 5283 5185 3605 6228 1697 4101 4580 4438 4669 4841 6003 6363 5080 1910 2061 2773 3929 3883 4741
3748 6030 6395 3966 4648 2773 6488 8028 860 4201 6777 4393 5544 5700 6640 3324 1118 0 5032 5565 3492 5600 5381 2758 4341 5470 5679 1500 5382 5859 6280 7779 3687 1697 3956 3801 6519 721 5000 3036 3584 4167 5730 2941 5920 2308 5135 4531 4801 3612 4482 6040 6390 5500 894 2720 3720 2844 4304 3623
7696 1000 5060 1208 5412 6640 6676 3000 4176 7134 6315 9425 5008 3721 2009 8348 4022 5032 0 5852 4738 4356 6902 5630 2745 1720 1526 4022 1303 6772 1300 2765 1345 5197 2745 7375 7624 4891 3511 7907 7061 9077 6815 6074 6958 4632 3671 5015 3544 8026 6107 5629 5923 3623 5903 4652 1360 7462 3140 8514
9288 6453 10244 5883 921 4177 11194 7902 5366 3138 11172 8353 1019 9044 5700 7723 4830 5565 5852 0 8300 1824 10568 8139 7621 4539 7353 6191 4883 1004 6865 7300 5353 7117 3176 3981 1811 6146 8542 6314 3769 8908 1140 8417 10962 3257 2308 9154 8450 9008 9625 10394 10748 8881 5770 2846 5630 8188 7874 8500
3471 5481 3114 3601 7465 6264 3023 7158 3140 7632 3289 6670 7925 2915 6747 5590 3612 3492 4738 8300 0 7655 2340 1431 2282 6112 4338 2202 5800 8852 5502 7210 3820 2009 5608 7291 9617 2785 2280 6119 7066 5738 8772 1802 2662 5307 7000 1044 2061 4134 1431 2570 2912 2745 4123 5656 3605 3956 1941 5220
9313 4810 9128 4669 2000 5110 10346 6120 5135 4534 10200 9154 806 7849 3911 8352 4617 5600 4356 1824 7655 0 9992 7810 6529 2846 5882 5772 3231 2828 5220 5503 4186 6888 2059 5240 3601 6020 7441 7158 4967 9458 2961 8158 10285 3492 707 8372 7387 9208 9062 9440 9780 7707 6067 3132 4468 8421 6841 8982
3401 7523 3397 5842 9707 8080 1772 8973 5263 9576 2549 7333 10242 4071 8900 6413 5780 5381 6902 10568 2340 9992 0 2640 4210 8386 6198 4382 8050 11060 7467 9140 6118 3687 7947 9102 11792 4669 3736 7409 8920 6100 10963 2594 700 7465 9339 1910 3590 4300 943 2334 2441 3992 5768 7840 5885 4570 3811 5714
2140 6488 4491 4427 7247 5440 3956 8300 2773 6942 4428 5277 7937 4341 7596 4219 3310 2758 5630 8139 1431 7810 2640 0 3538 6760 5521 2039 6511 8544 6576 8273 4491 1063 5854 6463 9241 2061 3689 4924 6280 4308 8431 447 3224 4939 7217 2319 3466 2720 1788 3800 4104 4167 3138 5333 4341 2529 3255 3793
5671 3313 2623 1886 6933 6826 3956 4884 3601 7858 3689 8367 7000 1486 4709 7249 3820 4341 2745 7621 2282 6529 4210 3538 0 4365 2061 2863 3984 8375 3275 4972 2343 3584 4525 7778 9211 3832 921 7354 7496 7655 8352 3969 4219 5249 5825 2302 860 6228 3492 2952 3275 1300 5197 5478 2061 5882 400 7102
8682 1969 6774 2549 4310 6351 8321 3423 4695 6451 8005 9745 3590 5437 1341 8741 4356 5470 1720 4539 6112 2846 8386 6760 4365 0 3182 4876 424 5522 2376 2886 2300 6112 1923 6887 6350 5554 5189 7990 6574 9637 5608 7184 8514 4301 2236 6551 5200 8860 7531 7300 7605 5333 6242 4167 2507 8193 4743 9091
7660 1486 3794 1824 6868 7709 5632 2823 4833 8400 5141 9985 6529 2473 3008 8875 4838 5679 1526 7353 4338 5882 6198 5521 2061 3182 0 4382 2758 8254 1303 2942 2302 5375 4205 8537 9108 5353 2501 8692 8229 9436 8285 5964 6113 5807 5197 4295 2617 8146 5536 4539 4785 2433 6573 5900 2121 7709 2435 8872
3806 4981 4924 2842 5325 4176 5220 6935 943 5458 5412 5608 5923 4201 5860 4494 1414 1500 4022 6191 2202 5772 4382 2039 2863 4876 4382 0 4681 6684 5166 6780 2729 1236 3820 5186 7433 984 3500 4491 4939 5090 6594 2408 4816 3111 5178 3190 3301 4024 3440 4651 5008 4001 2334 3471 2662 3440 2807 4525
8477 1581 6363 2209 4600 6449 7937 3178 4579 6648 7605 9708 3956 5024 1272 8683 4280 5382 1303 4883 5800 3231 8050 6511 3984 424 2758 4681 0 5854 1992 2692 2022 5913 2088 7038 6691 5412 4792 8005 6723 9541 5930 6942 8158 4390 2596 6198 4810 8692 7211 6907 7208 4924 6184 4295 2202 8049 4368 8988
9492 7414 10985 6708 1442 4004 11808 8900 5800 2668 11844 8122 2022 9827 6700 7609 5280 5859 6772 1004 8852 2828 11060 8544 8375 5522 8254 6684 5854 0 7826 8302 6171 7494 4049 3569 854 6500 9291 6103 3423 8820 223 8781 11497 3605 3301 9758 9183 9120 10121 11063 11421 9656 5913 3220 6441 8296 8602 8459
8695 412 5069 2334 6527 7937 6935 1769 5420 8386 6432 10666 5948 3765 1802 9577 5299 6280 1300 6865 5502 5220 7467 6576 3275 2376 1303 5166 1992 7826 0 1708 2607 6280 3900 8658 8668 6082 3800 9192 8343 10254 7891 7023 7406 5920 4588 5557 3905 9102 6767 5842 6082 3733 7161 5922 2561 8591 3667 9689
10383 1802 6537 3940 7170 9124 8500 670 6929 9330 7930 12169 6300 5300 1603 11101 6735 7779 2765 7300 7210 5503 9140 8273 4972 2886 2942 6780 2692 8302 1708 0 4103 7931 4775 9730 9100 7656 5433 10580 9415 11842 8409 8720 9044 7066 5008 7236 5557 10760 8464 7400 7610 5300 8637 6985 4123 10220 5360 11279
6484 2343 4948 538 4742 5434 6217 4341 2831 6103 6021 8080 4675 3701 3138 7003 2692 3687 1345 5353 3820 4186 6118 4491 2343 2300 2302 2729 2022 6171 2607 4103 0 3939 2202 6239 7021 3560 3255 6586 5930 7746 6173 4924 6293 3505 3482 4332 3201 6753 5246 5269 5603 3546 4560 3605 282 6158 2662 7183
2570 6129 5100 3996 6216 4410 4884 8043 1772 5889 5263 4810 6964 4684 7077 3700 2308 1697 5197 7117 2009 6888 3687 1063 3584 6112 5375 1236 5913 7494 6280 7931 3939 0 5000 5437 8184 1000 3984 4110 5243 4080 7378 1300 4243 3894 6328 3041 3764 2830 2801 4570 4903 4492 2154 4294 3847 2334 3401 3522
7516 3501 7144 2720 2668 4440 8292 5263 3324 4560 8168 8015 2475 5903 3264 7071 2863 3956 2745 3176 5608 2059 7947 5854 4525 1923 4205 3820 2088 4049 3900 4775 2202 5000 0 4965 4903 4229 5445 6171 4651 8062 4080 6228 8229 2408 1392 6313 5375 7531 7022 7402 7746 5747 4609 2247 2483 6791 4816 7539
6720 8296 10096 6718 3301 1029 10287 10184 4272 905 10570 4601 4661 9239 8228 4244 3962 3801 7375 3981 7291 5240 9102 6463 7778 6887 8537 5186 7038 3569 8658 9730 6239 5437 4965 0 3801 4517 8570 2647 316 5457 3354 6543 9679 2745 5249 8325 8395 6140 8237 9823 10176 9042 3342 2751 6419 5353 7844 5186
10072 8256 11814 7558 2282 4414 12592 9708 6529 2906 12650 8402 2800 10667 7502 7990 6020 6519 7624 1811 9617 3601 11792 9241 9211 6350 9108 7433 6691 854 8668 9100 7021 8184 4903 3801 0 7184 10124 6428 3721 9206 860 9457 12248 4327 4119 10541 10012 9646 10856 11869 12228 10495 6488 3962 7289 8825 9430 8884
3300 5872 5742 3748 5239 3488 5770 7849 905 4920 6074 4632 6041 5124 6637 3522 1403 721 4891 6146 2785 6020 4669 2061 3832 5554 5353 984 5412 6500 6082 7656 3560 1000 4229 4517 7184 0 4418 3535 4304 4186 6381 2282 5200 2906 5500 3827 4210 3324 3764 5345 5692 4925 1400 3310 3538 2640 3748 3623
5748 3920 1702 2780 7849 7595 3178 5239 4328 8697 2817 8792 7920 707 5393 7684 4609 5000 3511 8542 2280 7441 3736 3689 921 5189 2501 3500 4792 9291 3800 5433 3255 3984 5445 8570 10124 4418 0 7951 8296 7959 9264 4080 3612 6109 6735 1878 223 6407 3176 2118 2416 509 5813 6356 2973 6171 728 7424
4482 8904 9202 6931 5481 2137 8876 10900 3862 3522 9338 2039 6767 8657 9276 1615 3894 3036 7907 6314 6119 7158 7409 4924 7354 7990 8692 4491 8005 6103 9192 10580 6586 4110 6171 2647 6428 3535 7951 0 2707 2816 5900 4838 8065 3801 6946 7144 7741 3748 6676 8670 8994 8459 2158 4081 6664 3061 7283 2594
6628 7981 9837 6412 3052 848 10072 9868 4016 824 10336 4704 4410 8962 7915 4275 3687 3584 7061 3769 7066 4967 8920 6280 7496 6574 8229 4939 6723 3423 8343 9415 5930 5243 4651 316 3721 4304 8296 2707 0 5491 3214 6378 9486 2433 4957 8095 8125 6082 8044 9585 9940 8766 3182 2435 6113 5283 7570 5192
2701 10056 8764 7924 8022 4816 7816 12023 4964 6315 8471 1389 9207 8632 10788 1216 5283 4167 9077 8908 5738 9458 6100 4308 7655 9637 9436 5090 9541 8820 10254 11842 7746 4080 8062 5457 9206 4186 7959 2816 5491 0 8627 3984 6800 5966 9109 6580 7736 1800 5656 7962 8220 8452 3453 6334 7723 1788 7443 565
9340 7481 10954 6711 1431 3811 11740 9000 5700 2451 11792 7915 2158 9811 6806 7416 5185 5730 6815 1140 8772 2961 10963 8431 8352 5608 8285 6594 5930 223 7891 8409 6173 7378 4080 3354 860 6381 9264 5900 3214 8627 0 8660 11410 3500 3401 9689 9152 8956 10026 11011 11370 9638 5758 3124 6439 8132 8570 8273
1702 6935 4780 4870 7515 5531 4060 8746 3067 7071 4601 5024 8256 4716 8036 4000 3605 2941 6074 8417 1802 8158 2594 447 3969 7184 5964 2408 6942 8781 7023 8720 4924 1300 6228 6543 9457 2282 4080 4838 6378 3984 8660 0 3231 5188 7580 2596 3860 2332 1843 4019 4304 4547 3201 5590 4780 2236 3676 3492
4101 7500 2967 5966 10121 8653 1118 8828 5728 10120 1941 8030 10581 3832 8927 7102 6228 5920 6958 10962 2662 10285 700 3224 4219 8514 6113 4816 8158 11497 7406 9044 6293 4243 8229 9679 12248 5200 3612 8065 9486 6800 11410 3231 0 7924 9617 1964 3501 5000 1442 1886 1910 3785 6362 8287 6044 5261 3820 6412
6041 5565 7738 4000 2340 2059 8309 7484 2202 2630 8431 5724 3300 6735 5630 4870 1697 2308 4632 3257 5307 3492 7465 4939 5249 4301 5807 3111 4390 3605 5920 7066 3505 3894 2408 2745 4327 2906 6109 3801 2433 5966 3500 5188 7924 0 3178 6262 5961 5813 6529 7655 8015 6545 2601 412 3700 5003 5385 5491
8800 4176 8421 3962 2213 4981 9656 5600 4601 4632 9500 8900 1360 7142 3405 8041 4101 5135 3671 2308 7000 707 9339 7217 5825 2236 5197 5178 2596 3301 4588 5008 3482 6328 1392 5249 4119 5500 6735 6946 4957 9109 3401 7580 9617 3178 0 7694 6683 8746 8414 8741 9080 7000 5675 2865 3764 7976 6140 8612
4118 5614 2184 4002 8348 7300 2051 7088 4133 8645 2247 7595 8709 2343 7002 6537 4580 4531 5015 9154 1044 8372 1910 2319 2302 6551 4295 3190 6198 9758 5557 7236 4332 3041 6313 8325 10541 3827 1878 7144 8095 6580 9689 2596 1964 6262 7694 0 1708 4884 1303 1529 1868 2220 5166 6594 4080 4827 1902 6087
5531 4004 1802 2745 7742 7414 3132 5385 4143 8538 2830 8570 7849 921 5458 7463 4438 4801 3544 8450 2061 7387 3590 3466 860 5200 2617 3301 4810 9183 3905 5557 3201 3764 5375 8395 10012 4210 223 7741 8125 7736 9152 3860 3501 5961 6683 1708 0 6185 2996 2102 2418 728 5608 6216 2920 5948 583 7201
905 8958 7057 6826 8088 5280 6020 10860 4220 6887 6691 3080 9108 7048 9884 2332 4669 3612 8026 9008 4134 9208 4300 2720 6228 8860 8146 4024 8692 9120 9102 10760 6753 2830 7531 6140 9646 3324 6407 3748 6082 1800 8956 2332 5000 5813 8746 4884 6185 0 3883 6209 6453 6879 3238 6220 6673 824 5966 1456
3036 6789 3275 5003 8765 7211 2220 8348 4327 8683 2816 6800 9302 3640 8115 5813 4841 4482 6107 9625 1431 9062 943 1788 3492 7531 5536 3440 7211 10121 6767 8464 5246 2801 7022 8237 10856 3764 3176 6676 8044 5656 10026 1843 1442 6529 8414 1303 2996 3883 0 2340 2570 3522 4924 6902 5024 4000 3104 5215
5375 6001 1081 4837 9633 8802 1100 7117 5590 10107 781 9043 9859 2100 7495 8009 6003 6040 5629 10394 2570 9440 2334 3800 2952 7300 4539 4651 6907 11063 5842 7400 5269 4570 7402 9823 11869 5345 2118 8670 9585 7962 11011 4019 1886 7655 8741 1529 2102 6209 2340 0 360 2109 6693 7963 4992 6251 2607 7496
5604 6258 1140 5161 9990 9154 948 7302 5948 10465 424 9326 10206 2319 7762 8302 6363 6390 5923 10748 2912 9780 2441 4104 3275 7605 4785 5008 7208 11421 6082 7610 5603 4903 7746 10176 12228 5692 2416 8994 9940 8220 11370 4304 1910 8015 9080 1868 2418 6453 2570 360 0 2353 7034 8323 5325 6527 2941 7764
6200 3905 1442 3041 8215 8075 3206 5048 4816 9148 2720 9297 8221 200 5412 8190 5080 5500 3623 8881 2745 7707 3992 4167 1300 5333 2433 4001 4924 9656 3733 5300 3546 4492 5747 9042 10495 4925 509 8459 8766 8452 9638 4547 3785 6545 7000 2220 728 6879 3522 2109 2353 0 6319 6777 3264 6664 1204 7920
3584 6902 7134 4854 4850 2334 7038 8901 1749 3905 7404 3535 5900 6519 7451 2500 1910 894 5903 5770 4123 6067 5768 3138 5197 6242 6573 2334 6184 5913 7161 8637 4560 2154 4609 3342 6488 1400 5813 2158 3182 3453 5758 3201 6362 2601 5675 5166 5608 3238 4924 6693 7034 6319 0 3000 4604 2418 5135 2941
6453 5554 8006 4119 1931 2202 8645 7433 2580 2500 8741 6041 2901 6964 5507 5220 2061 2720 4652 2846 5656 3132 7840 5333 5478 4167 5900 3471 4295 3220 5922 6985 3605 4294 2247 2751 3962 3310 6356 4081 2435 6334 3124 5590 8287 412 2865 6594 6216 6220 6902 7963 8323 6777 3000 0 3820 5408 5636 5869
6369 2334 4666 300 5008 5590 5948 4318 2860 6312 5742 8105 4957 3420 3257 7017 2773 3720 1360 5630 3605 4468 5885 4341 2061 2507 2121 2662 2202 6441 2561 4123 282 3847 2483 6419 7289 3538 2973 6664 6113 7723 6439 4780 6044 3700 3764 4080 2920 6673 5024 4992 5325 3264 4604 3820 0 6102 2385 7158
1421 8420 7009 6280 7268 4472 6207 10358 3511 6082 6806 2801 8302 6844 9266 1843 3929 2844 7462 8188 3956 8421 4570 2529 5882 8193 7709 3440 8049 8296 8591 10220 6158 2334 6791 5353 8825 2640 6171 3061 5283 1788 8132 2236 5261 5003 7976 4827 5948 824 4000 6251 6527 6664 2418 5408 6102 0 5660 1264
5375 3712 2385 2236 7161 6873 3584 5255 3612 7969 3360 8207 7286 1403 5108 7093 3883 4304 3140 7874 1941 6841 3811 3255 400 4743 2435 2807 4368 8602 3667 5360 2662 3401 4816 7844 9430 3748 728 7283 7570 7443 8570 3676 3820 5385 6140 1902 583 5966 3104 2607 2941 1204 5135 5636 2385 5660 0 6896
2353 9492 8271 7359 7602 4472 7400 11458 4410 6016 8030 1627 8757 8102 10234 1000 4741 3623 8514 8500 5220 8982 5714 3793 7102 9091 8872 4525 8988 8459 9689 11279 7183 3522 7539 5186 8884 3623 7424 2594 5192 565 8273 3492 6412 5491 8612 6087 7201 1456 5215 7496 7764 7920 2941 5869 7158 1264 6896 0
# set of given starting solutions
0 47 29 5 15 21 6 44 26 50 14 24 40 10 13 51 28 12 49 39 34 20 2 18 42 48 56 31 58 3 1 52 30 59 38 9 27 45 36 33 32 4 25 16 54 35 41 17 19 57 46 43 22 37 53 55 23 8 7 11 0
0 52 6 30 8 58 37 10 41 3 49 35 57 40 7 19 5 55 50 16 48 14 53 56 51 45 29 26 15 4 31 28 34 43 21 33 23 32 46 59 42 27 22 36 38 17 44 39 18 47 2 12 1 20 13 11 9 54 25 24 0
0 37 13 15 31 12 58 10 22 56 48 14 34 29 52 3 23 46 39 16 38 36 41 45 5 11 43 19 25 54 59 50 33 9 20 51 21 1 53 2 42 30 55 18 47 27 49 40 17 4 32 7 35 26 8 28 24 44 57 6 0
0 22 9 29 54 8 44 18 40 55 36 16 59 5 19 30 43 24 42 27 58 53 10 41 38 2 21 25 51 35 49 46 33 57 28 45 52 3 11 4 50 14 20 17 6 26 23 15 37 31 34 12 39 32 56 48 1 13 47 7 0
0 31 1 6 11 33 36 45 58 24 49 41 8 42 22 19 20 34 2 56 59 39 28 25 4 27 17 3 13 47 48 9 46 40 15 44 50 38 53 16 32 51 7 55 21 14 12 54 23 37 29 10 43 5 30 18 57 52 35 26 0
0 1 54 37 53 28 23 32 47 7 10 40 39 52 35 25 22 59 26 44 56 49 6 58 43 8 15 42 11 14 5 46 38 12 45 2 4 18 3 19 30 55 20 51 27 31 13 21 29 24 16 33 36 50 9 34 48 57 17 41 0
0 4 30 18 7 34 33 2 57 23 46 24 41 53 49 26 58 17 32 29 22 5 51 47 59 55 42 35 25 3 20 43 9 39 6 11 21 50 36 14 8 54 48 19 1 12 45 15 44 27 16 52 37 40 13 31 10 28 56 38 0
0 30 25 56 55 35 11 54 8 13 53 23 39 27 6 28 59 43 9 41 4 57 7 51 50 31 48 21 14 29 3 12 17 24 49 1 58 15 42 19 33 10 38 44 40 16 2 47 22 36 34 37 20 5 32 18 52 26 45 46 0
0 36 22 42 11 44 39 52 43 27 51 54 16 21 48 12 8 34 50 57 59 5 35 10 17 47 15 38 4 31 53 1 24 25 29 49 26 45 58 32 30 6 56 18 20 3 23 14 19 40 41 33 13 37 7 55 46 28 2 9 0
0 29 58 21 12 47 31 20 54 36 8 19 57 32 27 16 9 53 13 15 26 49 33 45 25 28 3 10 18 38 48 34 2 30 23 44 14 39 1 40 17 43 4 52 50 42 7 59 56 22 46 5 6 51 37 35 11 24 41 55 0
0 50 33 3 31 54 15 28 45 10 57 34 32 16 51 48 23 52 13 40 39 2 53 46 12 26 38 49 20 4 44 35 24 21 29 47 1 19 36 22 37 42 43 41 14 8 30 58 18 9 55 59 27 56 5 6 7 25 11 17 0
0 44 38 52 1 43 31 47 8 35 15 5 55 34 51 12 24 45 19 21 27 11 30 28 46 25 32 56 20 17 14 22 37 10 58 57 13 26 9 36 18 7 6 33 16 49 42 48 4 40 53 23 54 3 50 2 59 29 41 39 0
0 33 46 31 49 26 44 25 1 19 7 30 18 35 8 32 2 41 27 48 53 58 57 43 20 52 12 37 40 55 14 38 51 22 59 24 16 39 28 11 13 17 29 5 6 47 42 45 9 54 23 34 36 50 21 3 15 56 10 4 0
0 9 14 40 44 12 24 28 48 32 11 25 18 26 22 17 10 39 29 54 38 36 15 51 21 56 49 5 30 27 19 34 47 13 43 35 31 53 42 33 58 59 50 55 23 57 37 4 6 45 7 46 3 20 8 52 16 1 41 2 0
0 22 36 32 10 11 27 19 52 29 51 31 39 50 7 5 3 24 48 35 34 15 25 41 8 18 40 59 37 26 45 55 44 38 58 14 12 43 20 16 21 30 28 2 47 9 4 23 6 54 57 42 33 17 46 53 1 13 49 56 0
0 59 41 7 19 32 17 6 36 37 24 39 56 30 22 26 3 15 10 1 55 12 9 49 51 13 2 54 23 57 14 29 58 4 21 33 28 44 16 18 25 42 8 46 5 11 38 52 20 48 50 40 31 27 45 53 34 43 47 35 0
0 1 3 14 9 47 56 29 53 33 13 48 12 32 39 34 6 21 22 35 57 49 55 18 15 4 7 17 11 2 16 36 28 30 20 43 51 5 40 25 23 27 31 52 45 58 37 8 44 38 41 59 24 10 42 50 46 54 19 26 0
0 40 57 42 8 53 17 10 50 51 23 22 24 27 30 18 2 19 45 33 9 4 44 1 37 58 6 49 20 56 36 46 7 13 28 5 15 34 55 47 14 39 12 25 3 59 32 48 38 35 16 52 41 26 31 43 54 11 29 21 0
0 13 59 23 2 9 28 18 49 39 24 12 7 32 56 43 8 30 20 50 4 51 55 40 14 6 42 57 41 46 45 10 44 53 48 19 16 35 3 5 15 17 27 58 31 21 52 33 29 47 54 36 26 11 37 22 38 1 34 25 0
0 53 42 35 14 34 25 45 29 7 56 51 40 23 55 37 22 26 43 44 17 20 8 38 18 50 21 32 4 48 3 31 13 27 41 49 33 58 19 6 5 54 52 30 47 36 24 11 57 59 1 46 28 12 39 10 9 16 15 2 0
0 18 48 30 53 8 7 34 33 35 45 13 31 23 43 42 36 21 56 47 38 2 4 6 49 39 25 55 12 40 19 50 14 46 17 37 59 15 3 22 26 51 29 10 52 54 24 5 11 9 16 32 57 20 27 44 58 28 41 1 0
0 45 46 7 42 14 36 47 50 38 6 4 17 39 55 31 43 49 48 3 34 8 33 13 27 28 22 15 9 32 51 44 19 20 1 40 37 10 24 18 16 41 26 30 12 25 57 2 5 52 58 11 23 56 29 59 53 21 54 35 0
0 51 52 34 30 41 43 31 22 4 57 8 39 44 45 10 37 23 33 3 58 26 25 59 50 24 53 35 18 38 5 32 6 54 19 48 36 20 7 2 15 11 17 55 46 29 56 47 42 28 27 40 9 1 16 13 49 14 21 12 0
0 2 23 22 17 14 19 53 55 48 49 56 25 12 24 47 33 21 38 26 46 35 11 32 45 3 28 34 43 52 10 39 6 27 51 8 41 31 30 7 59 18 13 58 9 20 16 44 1 50 54 36 4 29 15 5 37 57 40 42 0
0 49 24 42 53 29 28 46 35 47 22 2 10 40 56 48 34 52 54 33 39 9 45 31 14 19 1 58 20 13 5 6 32 25 12 50 7 16 30 26 59 41 15 44 55 18 51 21 27 23 3 17 37 43 11 38 8 36 4 57 0
0 37 15 47 57 23 46 30 45 18 20 50 40 6 59 49 36 32 55 19 8 39 10 58 12 35 44 34 7 22 38 27 56 11 5 9 16 33 42 1 52 28 31 43 54 2 41 48 53 51 3 26 13 4 17 21 25 24 14 29 0
0 33 34 27 43 4 7 18 12 17 47 45 11 51 10 2 15 9 35 42 37 31 49 24 1 57 20 32 21 56 29 50 46 8 30 13 16 5 44 22 23 36 25 39 54 28 19 59 26 38 58 40 48 52 41 55 53 6 14 3 0
0 41 24 33 8 53 31 7 10 17 28 30 14 3 37 47 18 45 4 52 23 32 16 59 43 25 19 6 56 58 40 49 5 9 39 35 15 22 38 1 48 36 57 46 54 12 11 29 20 44 26 21 55 51 2 27 34 50 13 42 0
0 53 17 2 41 55 50 47 34 51 22 35 43 14 57 10 20 9 40 31 33 25 28 44 30 18 16 27 37 19 1 52 11 45 6 13 49 59 36 48 56 26 8 46 15 23 24 29 5 12 3 7 32 54 4 58 38 42 39 21 0
0 53 38 3 28 18 16 41 27 34 36 17 13 25 55 31 9 21 32 5 8 23 37 45 11 40 59 6 49 22 52 58 19 4 56 30 14 35 48 43 2 39 54 57 20 51 42 33 7 29 26 44 1 12 47 10 24 46 15 50 0
0 13 55 42 19 17 50 54 58 22 51 1 12 21 10 18 16 8 57 2 24 9 48 26 47 39 11 35 30 59 29 43 56 37 3 31 14 27 6 7 32 38 49 15 20 36 53 41 52 5 23 4 33 40 44 34 45 46 25 28 0
0 26 43 47 58 23 10 7 15 19 37 35 56 45 57 5 50 27 21 29 51 18 38 6 14 17 4 54 3 52 20 55 44 32 42 53 33 31 30 25 39 59 9 22 40 46 13 34 24 11 1 8 36 28 16 12 49 41 48 2 0
0 55 58 11 18 31 21 29 49 56 50 34 52 7 15 35 26 5 33 9 53 32 54 42 27 16 41 47 38 25 6 39 10 37 19 46 24 28 14 17 57 30 3 43 20 59 44 13 22 48 36 12 40 51 23 4 45 1 8 2 0
0 30 50 22 1 31 20 11 40 23 58 39 33 29 42 47 10 9 18 49 35 51 37 19 8 38 21 15 53 24 2 36 52 4 13 46 12 3 28 7 54 6 14 27 48 26 43 5 25 32 56 59 55 17 16 45 34 44 41 57 0
0 55 1 7 39 10 13 59 48 4 5 29 22 19 58 42 45 44 25 46 50 40 30 38 14 57 15 3 56 37 16 51 6 24 34 41 49 32 54 18 2 8 12 31 28 26 36 20 11 47 27 23 33 53 43 17 52 21 9 35 0
0 53 26 34 45 50 48 42 4 24 57 52 39 28 51 5 55 23 58 59 22 56 44 43 35 13 11 40 37 33 41 6 17 36 10 54 49 19 27 31 20 47 15 29 21 3 2 16 9 8 1 12 14 18 38 25 30 46 32 7 0
0 33 12 27 25 43 15 22 8 57 49 32 4 26 31 37 56 24 53 17 21 13 19 3 50 14 54 6 58 42 10 35 34 38 7 16 41 55 20 9 1 11 23 51 44 28 39 48 46 59 47 40 5 52 36 18 30 2 29 45 0
0 35 20 2 15 27 38 42 44 13 23 25 10 11 7 24 3 4 34 26 49 6 9 1 36 28 14 22 54 46 55 19 40 17 59 48 39 58 30 8 5 12 29 57 53 32 41 43 56 52 45 18 50 31 16 33 47 37 51 21 0
0 39 58 56 35 7 15 32 8 21 4 26 6 41 36 38 2 22 55 14 34 43 27 54 29 13 23 48 31 59 24 50 12 20 19 11 17 49 30 40 52 45 28 46 18 3 16 10 33 51 47 57 37 42 9 44 1 5 25 53 0
0 55 26 43 59 42 13 49 29 6 52 3 31 40 36 48 39 25 57 20 35 27 9 51 14 41 22 28 34 1 15 19 44 18 46 24 5 53 21 58 50 56 12 37 30 8 54 38 17 11 33 10 32 23 45 16 4 2 47 7 0
0 49 43 59 17 1 50 33 44 25 11 23 52 18 15 42 51 28 37 34 9 30 19 3 32 21 53 26 58 38 8 57 7 40 39 6 29 10 24 12 4 56 48 35 55 46 27 2 47 31 16 14 13 45 5 41 36 22 20 54 0
0 32 7 45 56 38 33 55 41 9 46 24 51 58 23 42 40 14 19 43 3 34 29 31 20 52 18 6 22 26 12 44 59 5 25 11 48 1 49 13 53 17 37 4 2 15 16 47 21 27 36 57 10 8 35 30 39 50 28 54 0
0 16 29 47 3 40 18 46 11 10 48 25 6 49 31 38 32 5 43 44 30 57 55 54 52 23 9 42 4 45 17 24 51 8 27 14 56 22 12 50 19 21 28 35 36 1 33 37 59 58 26 2 20 41 7 39 15 13 53 34 0
0 26 55 33 8 34 11 37 16 15 27 21 30 12 57 7 18 32 9 17 45 1 44 38 10 19 3 5 48 14 58 28 56 24 54 51 39 52 29 53 22 20 25 47 23 13 41 40 49 4 6 59 42 46 43 35 36 31 50 2 0
0 29 4 9 41 58 54 19 50 42 16 46 23 12 45 57 36 1 13 20 3 56 39 44 11 32 38 17 52 40 51 10 35 34 30 49 2 21 6 53 31 28 55 24 15 43 27 18 25 48 22 47 33 37 59 5 26 7 8 14 0
0 43 29 47 23 32 30 3 46 12 36 22 11 5 18 10 31 58 19 38 8 4 28 20 35 9 21 37 50 16 6 42 34 1 45 25 39 26 59 2 40 41 17 13 51 55 7 14 53 27 48 24 54 57 44 49 15 56 52 33 0
0 21 36 53 30 54 34 4 33 5 38 22 48 17 42 25 47 58 46 51 50 1 13 49 24 45 27 41 14 16 59 15 35 26 39 57 6 32 44 10 37 19 55 31 43 56 11 3 7 12 20 18 8 9 29 52 2 23 28 40 0
0 1 7 40 51 50 33 19 35 30 54 25 22 13 12 9 32 28 49 48 14 52 21 18 29 31 44 5 36 24 39 15 38 34 59 43 53 23 27 17 41 10 45 58 46 6 47 8 3 37 26 57 20 16 11 4 42 55 2 56 0
0 50 36 37 10 56 6 58 51 5 7 42 40 33 53 52 12 45 20 24 22 31 19 43 13 9 54 14 57 8 59 49 46 18 25 39 55 48 28 32 38 47 23 16 11 15 35 29 34 4 1 21 30 17 27 26 41 44 2 3 0
0 36 2 6 7 55 15 16 47 40 43 46 32 34 28 59 24 39 21 45 41 27 42 1 4 56 13 50 26 49 31 29 48 37 57 44 8 11 17 22 9 51 58 54 23 53 5 3 12 14 38 35 18 19 20 25 10 33 30 52 0
0 41 10 6 15 30 48 2 16 32 57 59 18 37 43 25 54 49 26 51 28 45 40 12 11 21 50 22 23 35 31 17 52 36 55 38 9 13 47 5 27 3 53 4 46 39 44 14 56 29 42 33 7 34 24 1 20 19 8 58 0
0 5 11 39 37 45 4 10 40 33 56 36 8 23 20 24 27 54 48 31 28 41 14 57 58 30 21 26 15 44 49 50 16 22 2 6 25 34 55 17 51 13 52 9 53 38 1 42 19 46 43 12 47 29 3 35 59 32 7 18 0
0 7 30 52 16 34 14 48 59 37 17 4 58 50 36 57 1 28 13 55 22 41 21 11 42 24 27 12 33 25 9 5 26 39 45 40 18 23 3 29 15 20 10 54 47 53 51 6 31 44 2 32 38 49 56 35 43 8 46 19 0
0 14 17 44 43 45 35 20 13 36 9 2 47 26 51 11 59 19 29 50 40 16 46 21 7 6 23 3 30 33 34 27 52 4 25 24 48 54 38 5 31 37 41 28 42 18 57 55 12 10 15 49 32 22 56 53 39 8 58 1 0
0 23 19 24 28 22 52 38 40 18 58 34 53 41 35 2 36 12 44 4 57 33 32 49 10 29 5 25 56 42 59 48 55 6 45 20 46 11 50 26 17 16 14 54 9 7 47 31 13 1 21 39 30 51 15 8 37 43 27 3 0
0 28 12 6 32 19 18 9 8 34 55 1 4 5 17 14 3 2 29 54 50 37 20 11 31 23 43 7 48 21 49 45 47 51 22 26 42 15 10 53 58 52 30 35 13 39 36 24 44 16 27 41 46 25 33 38 57 56 40 59 0
0 21 54 1 46 10 47 5 25 41 18 39 20 9 22 33 17 27 59 13 36 40 49 11 37 48 23 26 45 28 19 15 56 31 29 16 3 44 55 57 24 30 12 51 14 52 53 2 50 7 6 34 32 35 42 4 8 38 43 58 0
0 45 28 19 38 40 27 52 25 53 14 2 59 26 6 15 47 5 23 11 56 7 37 46 50 35 24 4 30 17 31 44 8 41 34 42 55 32 43 13 22 18 58 21 12 49 57 39 51 48 3 29 16 36 20 9 10 33 1 54 0
0 56 26 12 39 51 25 32 24 31 11 13 49 35 37 15 5 45 10 3 36 8 1 34 22 44 7 4 17 43 2 58 30 40 41 46 29 28 53 33 59 27 55 42 16 52 6 14 47 20 9 21 57 54 18 38 23 50 19 48 0
0 32 27 26 1 52 40 45 18 22 4 34 12 24 28 8 10 44 14 49 11 29 25 9 15 37 17 54 39 59 43 53 30 19 3 16 46 58 33 50 47 41 42 6 2 57 5 20 13 38 31 23 51 48 56 55 36 35 21 7 0
0 50 1 58 10 59 37 14 3 49 22 15 6 24 4 47 31 9 27 21 48 53 39 28 19 44 26 40 2 38 25 23 8 7 55 17 13 16 18 57 30 12 35 54 32 56 45 33 34 41 52 42 20 11 46 51 43 36 29 5 0
0 40 56 1 35 27 23 46 22 24 16 48 36 21 4 52 9 34 50 11 18 58 20 53 7 41 12 51 59 33 8 47 54 30 39 42 25 14 10 2 31 45 55 13 38 26 6 5 57 29 43 17 19 15 28 37 3 49 32 44 0
0 25 18 48 40 42 49 10 19 32 8 21 58 11 50 23 34 56 47 6 30 53 31 33 37 35 45 2 57 3 28 14 29 12 41 1 39 52 26 24 38 55 7 15 13 46 54 51 4 17 43 27 16 20 22 5 9 36 59 44 0
0 7 48 47 42 8 23 32 40 55 34 39 45 50 44 58 49 21 33 1 13 37 5 11 10 4 51 29 53 54 26 24 16 35 41 3 14 46 19 22 20 27 59 57 15 17 43 38 9 31 36 52 18 25 2 56 6 30 12 28 0
0 51 8 56 14 52 29 2 41 37 42 11 13 5 3 17 46 26 43 20 12 23 35 39 28 49 54 34 21 25 6 59 33 53 24 32 48 44 9 4 58 47 1 7 40 10 30 16 36 50 18 55 45 19 27 31 22 38 15 57 0
0 42 25 47 56 44 7 48 59 40 49 52 39 10 50 5 33 51 57 58 36 3 9 46 19 35 16 55 54 43 31 27 53 6 8 12 45 23 26 34 14 2 24 41 22 29 11 37 38 4 20 1 30 13 32 17 15 28 18 21 0
0 49 20 22 1 58 56 27 52 5 33 2 3 23 19 35 30 48 41 4 28 6 44 21 14 24 12 26 9 47 39 8 45 57 38 10 11 34 50 17 40 36 53 18 16 29 51 31 54 43 13 55 15 7 46 42 32 59 37 25 0
0 32 13 19 6 23 27 3 50 18 52 2 29 47 11 21 59 55 53 15 28 16 48 7 38 37 56 57 30 41 45 42 5 9 35 36 4 26 44 22 24 31 46 39 34 20 10 17 8 49 58 40 25 43 51 14 54 33 1 12 0
0 22 23 34 7 28 6 47 32 27 30 41 33 52 29 39 18 21 31 16 43 51 57 15 4 5 58 44 20 2 38 24 8 35 55 54 59 37 13 26 12 3 53 45 11 49 10 9 50 40 19 14 48 17 46 42 36 25 56 1 0
0 36 48 45 4 27 49 3 9 57 32 21 12 25 23 24 22 47 34 33 30 16 1 52 2 10 35 20 39 37 59 43 41 56 13 42 40 58 11 15 53 28 14 5 55 8 19 29 31 26 6 46 18 50 54 44 38 7 17 51 0
0 52 25 36 3 57 54 27 6 47 41 33 29 9 12 28 4 37 24 35 26 13 32 11 46 42 40 14 38 30 5 1 49 19 48 16 7 53 20 43 34 23 58 50 15 10 51 22 17 45 31 55 44 59 18 8 39 21 56 2 0
0 51 28 41 20 25 43 55 27 36 21 46 6 26 1 19 52 34 32 49 45 11 31 37 15 33 16 40 30 38 7 35 18 39 3 22 59 5 8 56 42 53 4 9 13 17 54 23 47 2 24 29 57 14 48 12 10 44 58 50 0
0 9 57 53 31 52 45 34 47 12 33 32 23 15 55 50 35 14 30 58 8 25 3 19 21 27 13 43 48 10 26 44 24 1 18 51 38 7 2 16 36 39 41 37 20 42 28 54 29 22 11 49 4 5 46 40 59 56 6 17 0
0 47 39 52 28 48 16 21 27 24 25 3 45 14 44 19 26 58 57 41 23 20 42 33 43 30 36 59 9 37 17 15 29 4 11 12 7 56 54 34 53 8 5 35 51 1 55 32 38 13 40 49 50 46 2 6 18 31 10 22 0
0 21 13 49 10 51 57 53 59 4 44 22 54 17 25 34 19 58 35 40 50 33 2 43 11 32 31 7 36 46 52 12 18 45 28 9 38 5 29 6 47 14 23 26 20 37 1 55 15 41 16 27 48 30 56 24 8 39 42 3 0
0 5 14 2 40 41 13 8 32 1 16 56 39 4 10 35 3 50 55 33 7 21 37 34 15 57 46 26 28 58 42 25 36 17 47 18 51 43 54 38 6 30 9 11 53 24 20 27 49 12 29 19 23 31 52 22 45 48 59 44 0
0 11 45 33 27 1 2 55 18 26 59 41 20 40 21 52 22 5 35 4 8 48 7 51 56 30 16 14 25 42 36 15 58 44 28 24 49 57 43 32 3 34 39 10 13 17 23 29 47 37 50 19 31 38 9 6 46 54 53 12 0
0 33 29 35 21 55 36 27 3 49 22 45 54 38 57 46 50 2 40 37 14 4 28 53 48 7 8 30 17 34 6 12 44 56 47 25 23 10 15 39 32 26 5 13 59 16 1 19 18 9 20 43 41 52 11 31 58 42 24 51 0
0 25 9 16 19 5 43 58 4 42 35 29 7 45 11 39 1 56 22 21 49 34 26 18 6 15 36 44 3 51 50 24 14 27 10 52 41 54 46 31 57 17 59 32 33 38 20 48 23 12 53 40 55 8 13 37 2 30 28 47 0
0 23 33 50 8 42 4 26 10 44 22 28 2 41 27 38 24 54 49 13 35 25 30 36 6 18 29 59 58 17 20 53 34 52 21 16 51 45 19 46 11 43 5 3 39 7 15 32 9 48 12 31 14 1 47 56 57 55 40 37 0
0 59 4 24 17 9 28 19 48 55 35 26 58 20 50 16 44 39 41 6 31 8 27 53 38 52 25 29 5 40 23 3 51 2 57 1 21 13 18 14 49 37 54 47 42 34 12 7 33 43 45 11 30 22 46 10 36 32 15 56 0
0 31 2 21 30 55 41 8 51 14 23 5 32 40 44 54 34 19 1 37 52 50 4 53 11 7 33 49 36 12 47 24 57 43 10 28 13 6 59 38 18 46 39 35 9 20 45 48 25 26 15 17 58 27 56 3 16 22 29 42 0
0 57 44 14 41 45 2 18 6 15 42 52 49 36 47 13 3 5 50 24 58 38 29 19 51 54 21 46 11 34 23 25 8 26 40 33 7 31 53 43 59 22 35 17 55 20 37 10 32 30 39 16 28 12 9 4 48 56 1 27 0
0 7 11 33 5 48 30 32 26 56 10 22 49 44 46 13 41 28 39 19 57 18 43 47 20 27 50 8 24 3 40 23 25 31 1 2 54 52 53 37 29 16 58 21 17 12 38 14 59 6 42 51 34 45 55 35 9 15 4 36 0
0 52 36 25 3 4 50 57 7 47 9 5 12 1 17 45 28 10 29 30 40 43 59 55 24 2 31 13 21 19 42 37 54 41 15 38 27 39 20 33 6 32 44 11 48 18 34 35 16 26 58 49 53 14 46 51 22 23 8 56 0
0 48 34 38 27 54 43 26 6 42 53 44 50 49 14 24 57 20 23 41 35 22 31 1 58 3 56 25 2 39 19 18 9 30 47 40 5 16 32 15 29 8 46 45 59 10 7 28 4 12 52 55 17 51 37 13 36 33 21 11 0
0 30 40 29 59 24 56 34 3 42 45 32 31 58 39 44 11 14 27 5 38 41 33 35 53 9 52 54 17 26 43 28 18 37 48 16 25 2 36 47 21 12 10 1 4 15 8 23 19 46 13 57 51 49 7 50 55 20 6 22 0
0 8 14 29 36 6 9 19 35 24 26 4 28 59 45 1 25 38 50 7 5 11 12 34 40 15 47 2 58 46 56 41 53 49 27 10 31 21 20 30 37 55 17 32 16 22 51 39 43 42 52 54 33 44 48 57 18 3 13 23 0
0 42 41 16 53 40 31 2 9 18 56 22 12 50 14 35 10 20 23 8 11 25 34 43 30 58 47 6 26 33 44 32 52 15 28 29 5 27 45 3 7 49 13 21 48 24 38 57 59 4 55 19 17 37 46 36 54 39 51 1 0
0 40 24 47 55 11 21 31 18 54 29 12 46 14 10 37 34 51 48 17 57 27 43 13 39 58 36 23 7 56 52 42 28 15 50 49 33 8 9 32 19 6 3 16 59 44 35 53 25 2 22 30 4 45 5 1 26 20 41 38 0
0 28 47 25 27 53 18 32 29 4 19 20 13 51 30 42 56 59 35 34 48 7 2 49 55 39 41 12 31 22 15 38 43 16 54 58 5 44 26 23 14 10 17 57 21 50 37 3 40 6 45 52 46 1 33 24 8 9 36 11 0
0 36 5 58 1 46 57 19 15 39 7 23 17 51 3 22 2 6 30 44 25 38 31 33 54 28 42 14 26 41 27 40 48 32 35 20 12 10 47 37 4 24 13 34 29 59 45 21 11 49 8 43 52 55 50 18 53 16 56 9 0
0 21 24 37 49 27 17 7 42 31 28 48 25 39 50 12 16 46 47 5 41 8 44 33 45 56 9 38 15 11 36 53 43 26 59 30 3 4 29 20 40 32 52 18 54 23 57 1 34 35 10 14 58 6 13 51 55 22 2 19 0
0 57 44 29 26 4 21 33 5 24 41 38 20 18 53 17 39 30 22 8 50 27 2 45 28 9 23 19 56 49 1 31 12 16 59 32 58 46 13 6 11 48 51 47 55 25 34 40 35 14 36 3 15 43 42 7 10 54 37 52 0
0 12 8 29 34 52 20 19 54 26 45 27 13 15 48 47 7 49 25 23 28 11 37 36 32 59 41 42 44 50 53 38 4 56 21 31 22 55 24 18 3 6 17 58 9 57 16 10 43 39 2 5 14 33 46 51 40 30 35 1 0
0 17 37 24 49 53 31 42 21 12 39 23 2 41 44 34 56 4 51 14 52 32 58 19 7 3 13 11 29 27 45 8 1 25 59 18 9 20 46 43 5 48 33 35 26 38 6 55 10 54 40 47 57 50 28 15 30 36 16 22 0
0 43 7 28 38 16 47 44 23 14 2 39 52 18 41 59 4 13 34 26 49 6 3 37 22 1 8 46 31 42 27 45 51 29 56 57 53 19 17 48 20 50 36 24 54 40 5 30 11 9 21 33 58 15 55 12 25 35 10 32 0
0 42 8 43 29 55 7 25 35 36 12 44 13 31 32 3 50 39 52 6 47 11 40 28 15 14 27 53 9 54 23 21 18 30 51 2 58 37 38 5 45 59 4 19 17 20 41 16 1 34 49 22 10 26 48 57 56 33 46 24 0
0 36 6 55 31 4 10 21 7 47 30 23 1 5 27 15 24 40 53 42 50 16 52 43 51 14 56 8 39 44 38 17 46 57 48 3 12 2 33 9 58 32 29 54 18 19 25 45 49 34 28 41 35 20 37 13 22 59 11 26 0
0 37 32 21 1 29 17 49 55 48 51 42 24 15 47 39 14 45 34 46 3 35 57 30 9 56 7 16 18 41 25 12 54 36 2 52 28 13 27 59 53 50 10 11 58 40 8 20 5 22 38 4 33 19 23 6 43 31 44 26 0
0 36 48 7 25 8 40 46 17 42 4 23 58 39 29 35 49 12 27 28 11 16 53 43 32 3 13 30 50 21 9 47 10 54 26 18 22 15 6 5 1 45 38 52 31 59 41 44 34 55 19 56 33 37 57 2 51 20 14 24 0
0 42 4 33 56 54 37 5 29 53 41 19 8 43 26 45 36 38 13 22 7 57 14 58 51 2 18 32 39 40 30 48 21 35 3 12 17 28 55 1 47 49 31 50 10 9 34 59 6 25 52 27 20 15 44 46 16 11 23 24 0
0 8 7 17 39 59 13 31 42 32 9 52 51 40 48 49 2 19 33 11 34 24 18 14 16 35 46 21 43 29 27 5 20 44 3 22 4 25 10 53 47 12 57 55 36 58 1 45 37 28 6 38 54 41 23 50 30 56 26 15 0
0 10 18 23 48 41 51 22 16 15 49 35 21 36 28 13 14 57 40 26 56 7 2 4 24 17 30 27 34 37 39 12 31 55 5 1 8 33 54 29 43 53 25 20 46 11 52 19 6 44 50 58 3 59 45 32 42 38 47 9 0
0 51 27 43 1 56 11 21 52 47 2 48 58 14 39 49 17 44 9 46 22 7 36 10 23 18 40 19 31 35 20 57 28 5 25 55 45 30 33 16 37 24 13 29 38 42 26 12 53 8 59 4 54 41 6 15 32 3 50 34 0
0 13 36 44 31 45 30 2 48 24 10 19 8 4 26 27 55 42 5 49 6 7 16 22 57 11 34 9 20 50 59 1 14 25 43 58 29 18 23 47 37 21 56 54 33 3 28 12 39 32 53 51 15 41 17 52 40 46 38 35 0
0 3 59 48 5 23 36 18 1 30 13 10 53 27 45 49 41 19 47 14 24 43 6 8 58 50 34 54 29 42 37 12 39 56 20 33 51 17 21 38 35 32 28 22 40 44 26 31 16 15 52 2 11 7 55 9 4 25 46 57 0
0 6 4 58 49 23 59 12 3 21 30 29 22 11 27 57 18 50 15 5 46 10 7 20 37 8 34 53 33 26 38 54 45 35 44 24 25 2 31 39 56 48 16 42 47 13 9 51 14 17 52 40 19 1 43 41 55 28 36 32 0
0 30 50 41 21 19 20 5 25 56 52 7 3 58 2 36 57 47 23 32 16 55 35 33 22 17 37 34 10 27 54 18 46 24 31 13 9 48 8 6 43 40 26 59 51 15 53 42 14 28 1 12 49 45 44 29 11 39 4 38 0
0 55 51 26 28 7 6 50 13 46 31 15 37 30 8 57 17 10 16 35 2 47 58 49 52 11 42 22 41 53 3 9 19 4 27 43 44 36 14 32 12 18 24 54 59 33 56 45 23 29 5 38 21 39 34 40 20 1 48 25 0
0 36 38 32 19 42 52 23 34 9 3 50 5 41 45 54 59 40 12 35 29 10 15 46 58 37 14 57 4 56 22 21 51 43 24 17 31 11 16 13 6 47 55 26 28 7 8 18 33 25 2 49 30 53 20 44 48 27 1 39 0
0 47 37 19 17 20 28 58 27 12 7 57 8 9 40 42 22 11 52 21 54 48 16 30 10 1 39 49 23 53 59 6 25 56 18 33 24 4 44 55 3 41 36 2 29 5 32 43 38 35 34 31 51 46 26 50 45 14 15 13 0
0 51 38 17 24 5 43 59 16 11 46 3 54 36 53 48 37 6 40 55 44 10 41 56 22 50 29 27 39 45 30 25 18 15 20 32 13 8 58 4 52 23 7 9 12 14 26 21 42 28 35 47 1 33 49 57 31 2 19 34 0
0 15 42 45 37 7 50 36 44 11 14 33 26 32 23 35 19 52 16 1 3 59 30 20 10 51 2 24 48 49 46 56 31 53 40 22 9 8 28 25 34 12 6 38 27 29 47 4 54 13 5 55 58 18 17 39 43 41 21 57 0
0 42 53 43 33 39 34 16 45 55 48 56 9 5 14 12 44 7 20 38 3 58 8 50 59 4 57 1 28 26 6 49 40 29 25 41 37 18 19 31 10 51 11 23 47 22 46 17 2 27 35 54 36 21 52 30 15 13 24 32 0
0 26 1 18 36 49 41 50 39 2 13 43 3 29 28 16 6 38 59 33 58 9 19 31 54 52 10 7 37 4 12 35 42 15 57 40 5 20 8 46 21 53 22 30 45 51 32 17 44 27 56 24 47 11 48 34 25 14 55 23 0
0 28 47 18 31 2 58 34 27 54 15 3 32 55 5 17 50 52 1 53 37 16 26 49 45 6 11 43 4 23 46 33 14 9 56 20 12 38 21 29 42 22 24 44 36 48 19 51 59 25 8 41 13 7 10 40 39 35 57 30 0
0 21 8 31 3 41 46 47 20 54 9 49 29 37 17 5 59 32 44 23 18 24 25 28 30 52 56 16 40 6 27 19 50 34 26 42 14 58 15 4 22 33 12 36 2 1 38 53 13 39 10 7 55 43 48 11 57 35 51 45 0
0 23 55 56 50 48 6 39 49 21 5 17 8 34 54 53 43 18 51 13 44 45 16 58 19 28 22 27 4 37 3 47 26 29 31 36 38 2 32 25 46 33 57 7 40 10 52 35 12 1 9 14 20 59 11 42 15 24 41 30 0
0 12 7 54 2 47 20 45 58 13 43 23 22 31 28 4 27 50 49 35 10 36 17 40 1 25 26 19 5 18 15 30 55 6 44 52 53 3 33 57 48 59 8 37 46 14 42 41 32 16 24 56 38 21 29 11 9 39 51 34 0
0 58 40 16 34 19 47 28 25 39 36 49 56 50 24 8 15 2 12 42 43 21 46 7 37 31 57 3 54 29 51 11 4 20 48 9 52 6 26 44 45 22 18 30 23 10 1 17 53 13 55 41 32 27 35 5 59 14 33 38 0
0 58 42 10 5 7 32 47 16 8 18 57 1 20 44 2 4 53 22 11 45 17 15 36 9 19 54 35 14 24 59 6 33 30 52 38 48 46 55 3 29 13 12 27 50 51 31 40 28 43 37 34 26 39 56 25 21 49 23 41 0
0 16 53 44 18 50 27 31 9 52 17 40 24 14 23 13 7 36 35 1 45 3 42 25 34 2 10 39 22 12 46 38 30 41 37 55 11 4 5 8 47 54 6 21 58 33 20 19 49 15 59 51 26 56 57 32 28 29 43 48 0
0 24 12 44 55 40 34 46 42 50 59 23 3 29 2 25 1 14 47 35 39 13 58 8 48 15 31 10 38 11 7 28 21 5 43 57 52 19 20 9 17 16 45 4 49 56 37 36 22 41 30 32 6 53 51 27 33 26 18 54 0
0 5 49 18 2 21 20 40 4 48 8 53 56 19 29 11 1 12 3 47 44 13 26 50 6 35 14 10 37 42 24 36 38 22 23 31 34 45 7 27 43 17 33 32 58 41 59 55 46 39 57 16 30 25 52 51 54 15 9 28 0
0 11 56 18 22 16 34 23 50 54 20 37 49 1 19 14 59 53 30 55 41 46 36 12 25 33 44 10 40 8 43 4 6 35 26 51 7 38 21 24 52 45 29 13 58 32 27 3 42 39 28 57 31 48 15 47 9 5 2 17 0
0 19 32 4 43 12 16 47 24 26 10 51 59 25 28 8 42 37 3 53 52 30 46 55 36 29 49 45 15 31 18 6 7 11 56 50 34 41 54 2 14 23 35 9 27 40 13 57 58 44 22 39 5 21 1 17 38 48 33 20 0
0 18 23 15 58 27 19 33 53 51 14 24 29 46 5 30 11 37 3 32 31 26 41 1 42 56 13 43 28 21 39 40 47 50 34 16 55 48 36 7 22 17 35 54 57 25 49 52 20 2 6 44 12 9 4 59 8 38 45 10 0
