# n n_solutions
60 1000
# n x n distance matrix
0 6648 3894 6618 2195 1979 4951 721 921 3894 2507 4004 6935 8681 8683 5966 2202 1972 4272 5691 8246 894 1802 5945 3801 6103 2647 4531 5536 8672 6580 7839 5360 8215 3178 2657 5742 3324 5122 6850 5200 5135 3920 4186 8364 8321 6296 5546 7061 4854 6811 7962 4809 1044 8354 4110 7102 6140 1552 7283
6648 0 5622 1300 4554 7810 6177 6462 7433 3590 5423 8489 5108 5604 2683 2690 5000 8185 7864 1000 1843 6539 4850 6135 8579 5481 7360 4134 3573 2140 141 4964 1486 6129 9021 7333 4244 4031 6624 5643 5503 7738 8275 3956 2325 4904 6360 5122 583 2435 6315 5261 6797 7692 1811 2549 2118 4810 6806 3511
3894 5622 0 6352 3832 5872 1118 3201 3982 5200 5255 3040 3275 5099 8265 6621 4554 4002 2267 5060 7465 3080 3417 2051 3231 2284 2400 1581 2600 7715 5640 4328 4161 4437 4210 6360 7310 4925 1431 3045 1341 8458 2817 5803 7905 4909 2404 7616 5728 5336 2920 4373 7843 4527 6762 4026 4837 7902 5263 8036
6618 1300 6352 0 4428 7472 7057 6573 7478 3026 4949 9027 6303 6896 2080 1526 4684 8348 8514 1300 1711 6685 4837 7158 9068 6561 7779 4997 4638 2202 1170 6236 2280 7382 9308 6818 3106 3569 7502 6802 6456 6830 8823 3206 1749 6198 7414 4031 1802 1843 7433 6530 5882 7648 2692 2624 3417 3623 6475 2213
2195 4554 3832 4428 0 3313 4933 2267 3080 1802 1500 5375 6082 7621 6488 3818 781 4031 5246 3569 6074 2420 538 5679 5291 5547 3955 3623 4341 6514 4472 6761 3413 7427 5121 3130 3862 1300 5263 6200 4830 4716 5220 2247 6171 7128 6037 3931 5015 2662 6414 6952 4031 3220 6318 2009 5360 4368 2334 5185
1979 7810 5872 7472 3313 0 6930 2690 2247 4464 2563 5632 8850 10558 9425 6462 2815 3125 6083 6811 9178 2842 3201 7923 5359 8060 4428 6400 7340 9650 7715 9706 6726 10151 4301 1208 5742 3905 7093 8800 7170 3785 5597 4477 9148 10155 8275 5234 8300 5629 8786 9848 3801 1746 9602 5300 8649 5954 1004 7566
4951 6177 1118 7057 4933 6930 0 4242 4940 6220 6369 3224 2716 4500 8858 7496 5664 4792 2256 5758 7992 4103 4531 1077 3505 1603 3067 2061 2758 8184 6217 3832 4792 3667 4751 7463 8300 5984 447 2308 806 9575 3014 6835 8499 4455 1389 8657 6185 6239 1969 3805 8953 5500 7076 4925 5024 8905 6360 8884
721 6462 3201 6573 2267 2690 4242 0 1004 4060 2961 3405 6307 8077 8653 6082 2507 1780 3590 5546 8141 200 1769 5249 3238 5437 2002 3956 5000 8542 6407 7244 5096 7566 2860 3361 6041 3522 4404 6191 4522 5787 3300 4441 8321 7749 5597 5946 6830 4891 6121 7353 5400 1431 8104 3982 6711 6488 2247 7451
921 7433 3982 7478 3080 2247 4940 1004 0 4810 3400 3395 7186 8981 9552 6876 3123 1077 3847 6500 9080 1004 2641 5990 3140 6260 2195 4903 5968 9493 7373 8160 6087 8409 2308 3214 6661 4242 5032 7021 5323 5800 3352 5107 9227 8683 6324 6441 7816 5742 6879 8254 5573 565 9095 4924 7715 7049 2209 8201
3894 3590 5200 3026 1802 4464 6220 4060 4810 0 1923 7130 6711 7964 4964 2080 1749 5805 6912 2624 4737 4220 2332 6768 7068 6451 5727 4492 4837 5223 3471 7140 3000 8026 6920 3801 2137 583 6606 6985 5922 4301 6964 632 4684 7366 7106 2451 4148 1200 7368 7381 3405 4860 5393 1640 5047 2707 3478 3397
2507 5423 5255 4949 1500 2563 6369 2961 3400 1923 0 6350 7574 9078 6868 3900 721 4472 6403 4428 6660 3157 1838 7158 6198 7045 4925 5122 5805 7144 5315 8221 4553 8919 5685 1910 3324 1400 6673 7700 6313 3224 6228 1923 6596 8560 7517 3041 5953 3114 7907 8421 2596 3280 7233 3067 6592 3661 1612 5047
4004 8489 3040 9027 5375 5632 3224 3405 3395 7130 6350 0 5940 7710 11044 8955 5824 2594 1004 7789 10324 3206 4838 4200 360 4825 1431 4613 5635 10621 8486 7056 7003 6806 1860 6592 9235 6673 3000 5503 3981 9135 223 7621 10688 7679 4409 9264 8668 7666 5015 7025 8800 3889 9765 6463 7876 9741 5532 10383
6935 5108 3275 6303 6082 8850 2716 6307 7186 6711 7574 5940 0 1824 7648 7256 6862 7277 4964 5147 6670 6224 5879 1838 6220 1118 5643 2483 1878 6705 5203 1118 4177 1345 7410 9089 8475 6711 2983 640 2002 10744 5730 7335 7316 1746 1802 9087 4866 6229 1421 1104 9962 7707 5331 5098 3257 9107 8080 8448
8681 5604 5099 6896 7621 10558 4500 8077 8981 7964 9078 7710 1824 0 7805 8102 8386 9100 6718 5950 6806 8005 7488 3522 8002 2901 7467 4159 3280 6702 5728 860 5110 1140 9226 10707 9489 8065 4716 2209 3820 12163 7505 8560 7516 707 3373 10208 5197 7271 2816 728 11327 9491 5208 6325 3492 10111 9741 9109
8683 2683 8265 2080 6488 9425 8858 8653 9552 4964 6868 11044 7648 7805 0 3026 6685 10428 10480 3255 1000 8765 6911 8802 11103 8127 9831 6808 6239 1208 2641 7310 4104 8521 11385 8667 4328 5536 9305 8222 8185 8248 10837 5000 360 7102 9013 5261 2789 3848 8928 7610 7324 9706 2668 4701 4428 4632 8442 2563
5966 2690 6621 1526 3818 6462 7496 6082 6876 2080 3900 8955 7256 8102 3026 0 3827 7849 8600 2154 3059 6228 4318 7802 8935 7310 7600 5514 5445 3568 2549 7373 3080 8448 8927 5651 1581 2662 7924 7679 7017 5360 8770 1992 2801 7424 8100 2505 3252 1300 8221 7655 4414 6940 4218 2596 4716 2121 5503 1431
2202 5000 4554 4684 781 2815 5664 2507 3123 1749 721 5824 6862 8386 6685 3827 0 4161 5803 4001 6378 2692 1140 6441 5700 6324 4393 4404 5108 6844 4904 7528 4002 8207 5333 2435 3551 1166 5977 6981 5594 3944 5688 1984 6390 7881 6800 3448 5503 2846 7186 7723 3289 3124 6800 2531 6008 3981 1811 5099
1972 8185 4002 8348 4031 3125 4792 1780 1077 5805 4472 2594 7277 9100 10428 7849 4161 0 3255 7294 9897 1664 3546 5869 2284 6264 1749 5200 6300 10288 8139 8318 6777 8411 1236 4201 7710 5249 4788 7021 5316 6811 2607 6140 10095 8881 6174 7513 8523 6670 6761 8374 6628 1400 9773 5745 8237 8112 3255 9202
4272 7864 2267 8514 5246 6083 2256 3590 3847 6912 6403 1004 4964 6718 10480 8600 5803 3255 0 7242 9707 3395 4726 3201 1333 3847 1655 3841 4802 9972 7874 6082 6389 5803 2773 6926 9047 6511 2002 4509 3036 9374 824 7452 10121 6708 3405 9177 7990 7300 4011 6040 8945 4390 9026 6037 7072 9589 5824 10031
5691 1000 5060 1300 3569 6811 5758 5546 6500 2624 4428 7789 5147 5950 3255 2154 4001 7294 7242 0 2607 5635 3889 5885 7849 5314 6585 3700 3401 2996 905 5220 1004 6306 8184 6338 3580 3041 6203 5608 5166 6847 7582 3041 2900 5277 6151 4386 1529 1526 6202 5502 5916 6735 2807 1581 2624 4188 5807 3306
8246 1843 7465 1711 6074 9178 7992 8141 9080 4737 6660 10324 6670 6806 1000 3059 6378 9897 9707 2607 0 8236 6447 7879 10406 7186 9167 5964 5322 509 1838 6312 3324 7523 10789 8528 4554 5277 8438 7253 7294 8417 10111 4900 728 6103 8077 5502 1838 3551 7969 6612 7473 9284 1708 4159 3436 4965 8178 3061
894 6539 3080 6685 2420 2842 4103 200 1004 4220 3157 3206 6224 8005 8765 6228 2692 1664 3395 5635 8236 0 1910 5122 3041 5333 1802 3905 4964 8631 6488 7178 5154 7470 2701 3546 6217 3689 4252 6090 4410 5984 3100 4614 8431 7692 5467 6135 6894 5024 6000 7280 5600 1486 8160 4081 6726 6670 2435 7605
1802 4850 3417 4837 538 3201 4531 1769 2641 2332 1838 4838 5879 7488 6911 4318 1140 3546 4726 3889 6447 1910 0 5333 4753 5263 3417 3397 4219 6870 4780 6628 3605 7217 4609 3220 4400 1838 4838 5946 4494 5053 4684 2785 6586 7032 5693 4455 5277 3124 6103 6800 4427 2846 6576 2308 5458 4904 2284 5700
5945 6135 2051 7158 5679 7923 1077 5249 5990 6768 7158 4200 1838 3522 8802 7802 6441 5869 3201 5885 7879 5122 5333 0 4504 781 4143 2308 2563 8006 6198 2941 4883 2617 5805 8386 8769 6609 1200 1315 854 10382 4001 7397 8450 3573 360 9219 6041 6606 894 2863 9708 6545 6767 5322 4661 9390 7300 9135
3801 8579 3231 9068 5291 5359 3505 3238 3140 7068 6198 360 6220 8002 11103 8935 5700 2284 1333 7849 10406 3041 4753 4504 0 5108 1341 4785 5830 10716 8570 7333 7093 7117 1500 6350 9153 6591 3306 5800 4242 8913 509 7538 10748 7951 4726 9148 8780 7655 5333 7310 8609 3613 9902 6481 8049 9646 5308 10358
6103 5481 2284 6561 5547 8060 1603 5437 6260 6451 7045 4825 1118 2901 8127 7310 6324 6264 3847 5314 7186 5333 5263 781 5108 0 4589 1969 1923 7291 5554 2236 4310 2153 6328 8414 8374 6355 1868 761 948 10262 4617 7083 7779 2863 894 8888 5348 6166 921 2202 9538 6800 6020 4924 3911 9002 7359 8602
2647 7360 2400 7779 3955 4428 3067 2002 2195 5727 4925 1431 5643 7467 9831 7600 4393 1749 1655 6585 9167 1802 3417 4143 1341 4589 0 3807 4903 9500 7340 6718 5882 6718 1824 5288 7817 5255 3041 5336 3649 7778 1303 6202 9479 7306 4438 7833 7600 6324 5032 6747 7402 2745 8770 5173 7022 8316 4197 9021
4531 4134 1581 4997 3623 6400 2061 3956 4903 4492 5122 4613 2483 4159 6808 5514 4404 5200 3841 3700 5964 3905 3397 2308 4785 1969 3807 0 1104 6184 4167 3310 2731 3820 5629 6606 6462 4386 2507 2580 1503 8323 4390 5124 6449 3794 2630 6937 4186 4301 2879 3448 7580 5385 5185 3014 3264 7085 5603 6873
5536 3573 2600 4638 4341 7340 2758 5000 5968 4837 5805 5635 1878 3280 6239 5445 5108 6300 4802 3401 5322 4964 4219 2563 5830 1923 4903 1104 0 5470 3640 2420 2400 3190 6726 7433 6609 4860 3189 2236 2000 8927 5412 5458 5887 2817 2789 7209 3488 4368 2801 2617 8121 6431 4318 3220 2280 7241 6488 6700
8672 2140 7715 2202 6514 9650 8184 8542 9493 5223 7144 10621 6705 6702 1208 3568 6844 10288 9972 2996 509 8631 6870 8006 10716 7291 9500 6184 5470 0 2163 6264 3623 7480 11151 9019 5059 5755 8626 7305 7462 8926 10406 5400 1063 6007 8185 6007 2000 4031 8041 6562 7982 9714 1503 4569 3448 5462 8649 3522
6580 141 5640 1170 4472 7715 6217 6407 7373 3471 5315 8486 5203 5728 2641 2549 4904 8139 7874 905 1838 6488 4780 6198 8570 5554 7340 4167 3640 2163 0 5080 1486 6239 8988 7224 4103 3920 6664 5731 5554 7605 8273 3827 2282 5028 6428 4981 721 2308 6395 5375 6664 7624 1923 2473 2247 4669 6711 3383
7839 4964 4328 6236 6761 9706 3832 7244 8160 7140 8221 7056 1118 860 7310 7373 7528 8318 6082 5220 6312 7178 6628 2941 7333 2236 6718 3310 2420 6264 5080 0 4338 1216 8502 9847 8720 7224 4100 1655 3101 11317 6846 7742 7002 632 2863 9415 4609 6488 2385 300 10488 8664 4805 5500 2901 9346 8883 8440
5360 1486 4161 2280 3413 6726 4792 5096 6087 3000 4553 7003 4177 5110 4104 3080 4002 6777 6389 1004 3324 5154 3605 4883 7093 4310 5882 2731 2400 3623 1486 4338 0 5375 7566 6428 4382 3264 5238 4617 4176 7300 6789 3538 3744 4465 5147 5103 1746 2163 5200 4609 6403 6395 3008 1486 2059 5008 5742 4301
8215 6129 4438 7382 7427 10151 3667 7566 8409 8026 8919 6806 1345 1140 8521 8448 8207 8411 5803 6306 7523 7470 7217 2617 7117 2153 6718 3820 3190 7480 6239 1216 5375 0 8417 10423 9730 8044 3811 1392 3100 12088 6612 8645 8209 1612 2400 10375 5800 7484 1802 921 11300 8944 6020 6400 4101 10361 9402 9570
3178 9021 4210 9308 5121 4301 4751 2860 2308 6920 5685 1860 7410 9226 11385 8927 5333 1236 2773 8184 10789 2701 4609 5805 1500 6328 1824 5629 6726 11151 8988 8502 7566 8417 0 5414 8883 6382 4632 7057 5408 8030 1972 7294 11042 9100 6063 8723 9305 7707 6670 8514 7864 2617 10511 6684 8823 9305 4491 10306
2657 7333 6360 6818 3130 1208 7463 3361 3214 3801 1910 6592 9089 10707 8667 5651 2435 4201 6926 6338 8528 3546 3220 8386 6350 8414 5288 6606 7433 9019 7224 9847 6428 10423 5414 0 4741 3306 7685 9124 7582 2617 6530 3667 8417 10239 8745 4140 7863 5000 9209 10020 2594 2801 9143 4947 8443 4882 1118 6630
5742 4244 7310 3106 3862 5742 8300 6041 6661 2137 3324 9235 8475 9489 4328 1581 3551 7710 9047 3580 4554 6217 4400 8769 9153 8374 7817 6462 6609 5059 4103 8720 4382 9730 8883 4741 0 2563 8700 8832 7940 3920 9075 1615 4177 8832 9092 948 4816 2247 9295 8989 3001 6594 5798 3452 6200 632 4891 1941
3324 4031 4925 3569 1300 3905 5984 3522 4242 583 1400 6673 6711 8065 5536 2662 1166 5249 6511 3041 5277 3689 1838 6609 6591 6355 5255 4386 4860 5755 3920 7224 3264 8044 6382 3306 2563 0 6350 6935 5756 4103 6514 948 5249 7496 6957 2700 4570 1726 7261 7451 3264 4280 5842 1802 5323 3080 2912 3959
5122 6624 1431 7502 5263 7093 447 4404 5032 6606 6673 3000 2983 4716 9305 7924 5977 4788 2002 6203 8438 4252 4838 1200 3306 1868 3041 2507 3189 8626 6664 4100 5238 3811 4632 7685 8700 6350 0 2507 1204 9861 2801 7217 8946 4729 1431 9035 6628 6661 2039 4044 9265 5597 7507 5346 5445 9300 6573 9317
6850 5643 3045 6802 6200 8800 2308 6191 7021 6985 7700 5503 640 2209 8222 7679 6981 7021 4509 5608 7253 6090 5946 1315 5800 761 5336 2580 2236 7305 5731 1655 4617 1392 7057 9124 8832 6935 2507 0 1708 10903 5300 7615 7885 2284 1208 9398 5434 6596 781 1552 10154 7559 5950 5408 3862 9464 8080 8914
5200 5503 1341 6456 4830 7170 806 4522 5323 5922 6313 3981 2002 3820 8185 7017 5594 5316 3036 5166 7294 4410 4494 854 4242 948 3649 1503 2000 7462 5554 3101 4176 3100 5408 7582 7940 5756 1204 1708 0 9537 3765 6551 7828 3712 1208 8373 5470 5800 1627 3106 8856 5866 6312 4504 4242 8558 6506 8372
5135 7738 8458 6830 4716 3785 9575 5787 5800 4301 3224 9135 10744 12163 8248 5360 3944 6811 9374 6847 8417 5984 5053 10382 8913 10262 7778 8323 8927 8926 7605 11317 7300 12088 8030 2617 3920 4103 9861 10903 9537 0 9055 3807 8089 11599 10741 3001 8319 5323 11130 11536 948 5414 9470 5889 9347 3705 3605 5800
3920 8275 2817 8823 5220 5597 3014 3300 3352 6964 6228 223 5730 7505 10837 8770 5688 2607 824 7582 10111 3100 4684 4001 509 4617 1303 4390 5412 10406 8273 6846 6789 6612 1972 6530 9075 6514 2801 5300 3765 9055 0 7462 10480 7467 4219 9121 8450 7479 4825 6818 8700 3862 9544 6268 7653 9588 5458 10200
4186 3956 5803 3206 2247 4477 6835 4441 5107 632 1923 7621 7335 8560 5000 1992 1984 6140 7452 3041 4900 4614 2785 7397 7538 7083 6202 5124 5458 5400 3827 7742 3538 8645 7294 3667 1615 948 7217 7615 6551 3807 7462 0 4751 7951 7736 1824 4531 1523 8000 7988 2884 5093 5728 2247 5560 2137 3535 3140
8364 2325 7905 1749 6171 9148 8499 8321 9227 4684 6596 10688 7316 7516 360 2801 6390 10095 10121 2900 728 8431 6586 8450 10748 7779 9479 6449 5887 1063 2282 7002 3744 8209 11042 8417 4177 5249 8946 7885 7828 8089 10480 4751 0 6811 8664 5119 2451 3546 8586 7302 7156 9391 2435 4360 4110 4522 8160 2505
8321 4904 4909 6198 7128 10155 4455 7749 8683 7366 8560 7679 1746 707 7102 7424 7881 8881 6708 5277 6103 7692 7032 3573 7951 2863 7306 3794 2817 6007 5028 632 4465 1612 9100 10239 8832 7496 4729 2284 3712 11599 7467 7951 6811 0 3492 9568 4491 6628 3001 781 10748 9176 4517 5731 2789 9451 9305 8411
6296 6360 2404 7414 6037 8275 1389 5597 6324 7106 7517 4409 1802 3373 9013 8100 6800 6174 3405 6151 8077 5467 5693 360 4726 894 4438 2630 2789 8185 6428 2863 5147 2400 6063 8745 9092 6957 1431 1208 1208 10741 4219 7736 8664 3492 0 9556 6239 6918 608 2751 10064 6881 6911 5643 4802 9715 7657 9419
5546 5122 7616 4031 3931 5234 8657 5946 6441 2451 3041 9264 9087 10208 5261 2505 3448 7513 9177 4386 5502 6135 4455 9219 9148 8888 7833 6937 7209 6007 4981 9415 5103 10375 8723 4140 948 2700 9035 9398 8373 3001 9121 1824 5119 9568 9556 0 5700 2941 9808 9674 2109 6296 6723 3992 7009 761 4482 2801
7061 583 5728 1802 5015 8300 6185 6830 7816 4148 5953 8668 4866 5197 2789 3252 5503 8523 7990 1529 1838 6894 5277 6041 8780 5348 7600 4186 3488 2000 721 4609 1746 5800 9305 7863 4816 4570 6628 5434 5470 8319 8450 4531 2451 4491 6239 5700 0 3008 6140 4909 7379 8102 1303 3006 1711 5373 7300 3981
4854 2435 5336 1843 2662 5629 6239 4891 5742 1200 3114 7666 6229 7271 3848 1300 2846 6670 7300 1526 3551 5024 3124 6606 7655 6166 6324 4301 4368 4031 2308 6488 2163 7484 7707 5000 2247 1726 6661 6596 5800 5323 7479 1523 3546 6628 6918 2941 3008 0 7085 6753 4390 5866 4220 1315 4103 2879 4632 2731
6811 6315 2920 7433 6414 8786 1969 6121 6879 7368 7907 5015 1421 2816 8928 8221 7186 6761 4011 6202 7969 6000 6103 894 5333 921 5032 2879 2801 8041 6395 2385 5200 1802 6670 9209 9295 7261 2039 781 1627 11130 4825 8000 8586 3001 608 9808 6140 7085 0 2236 10423 7433 6708 5845 4609 9923 8133 9500
7962 5261 4373 6530 6952 9848 3805 7353 8254 7381 8421 7025 1104 728 7610 7655 7723 8374 6040 5502 6612 7280 6800 2863 7310 2202 6747 3448 2617 6562 5375 300 4609 921 8514 10020 8989 7451 4044 1552 3106 11536 6818 7988 7302 781 2751 9674 4909 6753 2236 0 10715 8766 5099 5742 3201 9617 9042 8732
4809 6797 7843 5882 4031 3801 8953 5400 5573 3405 2596 8800 9962 11327 7324 4414 3289 6628 8945 5916 7473 5600 4427 9708 8609 9538 7402 7580 8121 7982 6664 10488 6403 11300 7864 2594 3001 3264 9265 10154 8856 948 8700 2884 7156 10748 10064 2109 7379 4390 10423 10715 0 5263 8523 5020 8440 2844 3373 4909
1044 7692 4527 7648 3220 1746 5500 1431 565 4860 3280 3889 7707 9491 9706 6940 3124 1400 4390 6735 9284 1486 2846 6545 3613 6800 2745 5385 6431 9714 7624 8664 6395 8944 2617 2801 6594 4280 5597 7559 5866 5414 3862 5093 9391 9176 6881 6296 8102 5866 7433 8766 5263 0 9394 5154 8100 6940 1897 8221
8354 1811 6762 2692 6318 9602 7076 8104 9095 5393 7233 9765 5331 5208 2668 4218 6800 9773 9026 2807 1708 8160 6576 6767 9902 6020 8770 5185 4318 1503 1923 4805 3008 6020 10511 9143 5798 5842 7507 5950 6312 9470 9544 5728 2435 4517 6911 6723 1303 4220 6708 5099 8523 9394 0 4309 2109 6300 8600 4609
4110 2549 4026 2624 2009 5300 4925 3982 4924 1640 3067 6463 5098 6325 4701 2596 2531 5745 6037 1581 4159 4081 2308 5322 6481 4924 5173 3014 3220 4569 2473 5500 1486 6400 6684 4947 3452 1802 5346 5408 4504 5889 6268 2247 4360 5731 5643 3992 3006 1315 5845 5742 5020 5154 4309 0 3534 4079 4304 4016
7102 2118 4837 3417 5360 8649 5024 6711 7715 5047 6592 7876 3257 3492 4428 4716 6008 8237 7072 2624 3436 6726 5458 4661 8049 3911 7022 3264 2280 3448 2247 2901 2059 4101 8823 8443 6200 5323 5445 3862 4242 9347 7653 5560 4110 2789 4802 7009 1711 4103 4609 3201 8440 8100 2109 3534 0 6800 7690 5629
6140 4810 7902 3623 4368 5954 8905 6488 7049 2707 3661 9741 9107 10111 4632 2121 3981 8112 9589 4188 4965 6670 4904 9390 9646 9002 8316 7085 7241 5462 4669 9346 5008 10361 9305 4882 632 3080 9300 9464 8558 3705 9588 2137 4522 9451 9715 761 5373 2879 9923 9617 2844 6940 6300 4079 6800 0 5166 2109
1552 6806 5263 6475 2334 1004 6360 2247 2209 3478 1612 5532 8080 9741 8442 5503 1811 3255 5824 5807 8178 2435 2284 7300 5308 7359 4197 5603 6488 8649 6711 8883 5742 9402 4491 1118 4891 2912 6573 8080 6506 3605 5458 3535 8160 9305 7657 4482 7300 4632 8133 9042 3373 1897 8600 4304 7690 5166 0 6657
7283 3511 8036 2213 5185 7566 8884 7451 8201 3397 5047 10383 8448 9109 2563 1431 5099 9202 10031 3306 3061 7605 5700 9135 10358 8602 9021 6873 6700 3522 3383 8440 4301 9570 10306 6630 1941 3959 9317 8914 8372 5800 10200 3140 2505 8411 9419 2801 3981 2731 9500 8732 4909 8221 4609 4016 5629 2109 6657 0
# set of given starting solutions
0 46 45 34 42 12 43 52 30 31 55 14 53 40 50 58 36 57 21 49 23 33 5 28 51 1 35 2 56 16 18 9 17 15 27 22 32 25 19 4 11 48 8 38 39 37 13 41 10 44 7 29 59 24 6 3 54 26 20 47 0
0 36 17 15 1 13 3 12 32 45 9 11 18 20 5 57 23 30 19 44 38 46 16 6 51 4 42 28 8 37 26 35 22 59 41 10 49 2 27 58 47 40 54 33 55 14 50 56 21 29 34 39 52 25 43 7 48 31 53 24 0
0 1 8 36 38 5 28 14 31 29 42 25 17 18 33 16 6 21 9 45 4 48 59 43 39 2 52 27 35 47 40 15 58 23 55 46 26 12 44 34 57 10 13 41 53 54 3 49 20 56 11 19 24 32 30 7 37 51 22 50 0
0 47 44 39 41 23 36 10 42 2 20 14 27 32 55 21 7 38 43 40 8 29 3 18 24 4 59 51 49 56 13 11 33 52 6 28 16 48 26 58 37 30 54 45 5 34 9 22 46 31 35 25 19 17 1 15 12 50 57 53 0
0 27 19 35 31 26 47 15 59 30 28 29 49 16 58 17 22 41 34 3 4 51 56 24 12 43 6 18 7 32 9 44 20 55 54 40 11 13 38 39 21 8 33 2 23 52 57 53 36 42 25 37 48 14 5 1 50 45 46 10 0
0 34 27 8 13 53 51 32 42 6 31 26 21 36 1 7 45 10 59 25 39 19 4 33 44 50 23 28 20 16 40 56 57 55 35 17 3 58 24 9 2 49 5 15 37 48 54 22 52 18 38 11 47 46 41 12 14 30 43 29 0
0 27 29 41 59 5 48 11 16 32 39 23 44 51 33 15 40 20 35 37 30 34 45 14 53 9 13 21 43 7 31 57 2 17 55 1 50 47 36 24 49 18 54 58 56 4 26 52 46 3 42 12 19 25 8 38 6 28 10 22 0
0 48 7 35 26 21 32 15 25 19 44 5 55 37 39 17 45 1 54 51 24 31 12 14 2 57 58 53 30 8 56 52 9 36 6 47 43 16 42 3 23 20 11 50 38 40 10 59 4 49 29 41 18 46 28 34 13 22 33 27 0
0 29 46 7 48 10 41 19 55 1 59 31 14 6 39 12 13 21 45 17 27 52 40 15 22 4 54 49 53 11 35 42 47 20 43 56 25 36 23 9 58 16 32 2 37 28 8 3 26 24 38 30 50 51 5 18 33 44 57 34 0
0 59 24 18 6 10 8 5 27 57 14 41 47 20 32 9 35 44 33 15 50 23 11 46 43 7 22 45 54 3 4 31 42 30 37 53 48 26 55 52 16 28 49 51 19 12 34 21 58 2 56 40 29 39 17 1 25 36 38 13 0
0 21 58 46 44 49 22 51 24 42 52 8 7 37 12 39 23 43 11 53 36 13 25 17 34 55 28 48 59 38 31 16 30 40 1 2 9 20 32 6 29 50 19 10 18 15 41 33 27 5 45 4 54 14 56 57 26 3 35 47 0
0 33 56 1 7 24 26 28 12 36 18 46 49 35 31 38 34 3 9 52 20 25 11 23 59 55 50 58 16 54 2 40 45 42 5 39 43 22 57 4 47 6 32 17 30 14 21 41 29 8 19 13 27 51 10 44 48 15 37 53 0
0 7 18 17 28 45 49 23 42 5 2 29 57 25 56 59 9 33 51 6 55 13 10 12 26 32 8 48 24 41 50 19 46 35 27 30 34 58 44 43 54 37 22 36 11 16 20 53 39 31 21 38 52 1 40 4 14 47 3 15 0
0 1 58 40 14 31 3 37 25 29 49 33 15 51 4 11 5 41 36 38 39 47 23 44 20 59 50 8 30 22 19 32 6 57 43 55 54 13 21 24 10 9 45 17 46 7 28 18 48 56 2 42 12 16 26 34 27 35 52 53 0
0 39 55 47 19 18 35 36 2 8 15 9 21 32 57 51 45 58 16 26 22 30 31 27 43 11 40 6 14 50 3 38 49 56 13 46 34 44 24 7 33 17 54 10 41 20 52 25 59 23 37 28 4 5 53 1 42 29 12 48 0
0 8 32 26 41 43 25 30 27 53 15 45 44 24 10 16 50 55 52 6 49 4 35 1 38 2 5 12 48 14 21 7 42 58 11 23 56 54 22 34 57 17 51 9 3 39 46 47 36 31 28 29 18 37 33 40 13 19 20 59 0
0 5 22 18 11 58 27 39 46 41 59 4 33 2 43 14 40 34 26 30 12 56 3 48 9 1 50 38 47 42 15 21 31 19 8 51 16 29 7 10 53 37 17 55 6 23 44 35 24 28 57 32 36 13 52 49 45 20 54 25 0
0 27 53 34 50 7 3 2 45 22 42 25 10 30 8 57 12 5 56 32 11 52 59 35 19 17 29 37 36 41 46 9 55 43 26 20 33 6 23 16 14 47 13 39 28 18 1 49 31 40 4 44 54 48 58 51 24 38 21 15 0
0 2 57 44 56 32 6 12 14 9 47 40 27 7 36 53 24 52 8 25 18 28 23 55 21 37 15 38 43 35 30 11 34 31 33 4 59 10 22 46 49 51 29 16 20 19 1 3 48 41 54 17 42 50 45 39 5 13 58 26 0
0 17 50 12 6 35 48 49 20 30 45 53 16 27 34 7 46 28 52 31 40 59 21 23 2 38 54 58 26 44 36 32 33 19 47 3 9 25 41 57 8 51 11 42 24 14 37 5 15 39 10 18 43 29 13 22 55 4 56 1 0
0 26 44 37 48 29 20 9 36 57 30 15 47 8 55 52 50 1 3 33 25 27 56 24 34 13 23 5 32 41 16 19 11 54 58 51 6 14 53 35 7 49 43 59 2 38 12 31 18 28 42 21 46 22 4 40 17 10 45 39 0
0 13 59 1 57 8 50 21 22 2 9 42 16 53 29 15 25 34 36 23 46 55 48 19 43 45 12 31 47 17 20 11 38 52 56 18 7 49 39 28 33 37 40 58 6 51 26 5 41 10 54 24 4 32 44 35 3 14 27 30 0
0 31 13 28 34 11 18 38 32 37 1 17 35 36 49 53 33 6 26 27 21 59 12 14 16 43 29 39 8 51 22 7 42 44 24 57 55 45 50 46 15 5 41 3 48 4 30 19 23 54 25 40 58 2 47 52 9 10 20 56 0
0 20 59 1 52 23 40 5 58 4 42 16 7 54 57 55 31 18 51 38 56 13 37 35 48 29 46 17 22 50 53 47 49 10 11 34 3 33 28 24 27 12 26 41 15 14 8 2 43 6 39 32 9 21 30 19 25 45 44 36 0
0 15 31 8 28 37 34 38 25 26 33 20 14 51 46 19 53 36 5 43 18 50 47 59 55 22 58 2 9 10 1 54 3 29 48 39 21 12 27 35 45 40 24 16 57 13 49 17 56 23 44 41 52 4 32 7 42 30 6 11 0
0 34 11 49 14 15 32 58 43 48 23 39 6 28 44 33 2 36 20 19 1 31 54 29 24 13 37 35 38 57 17 52 50 25 4 22 41 42 46 26 8 10 51 21 3 7 55 45 47 56 5 27 12 16 18 53 59 40 30 9 0
0 51 13 48 29 37 11 59 38 52 40 19 21 8 16 39 10 56 1 5 7 15 36 12 6 14 28 47 41 31 23 57 24 43 33 3 26 49 4 58 44 17 35 54 55 46 50 53 27 30 2 18 45 32 42 9 25 20 22 34 0
0 44 11 46 29 12 32 25 39 28 57 41 19 40 31 14 20 23 5 54 1 42 37 24 21 8 52 43 49 17 7 56 50 15 38 9 13 48 33 4 6 35 22 26 45 47 18 58 30 2 34 51 3 59 55 36 53 27 16 10 0
0 58 32 36 12 14 50 46 38 54 27 56 41 29 7 49 5 47 40 11 26 59 8 28 31 6 34 17 1 39 2 13 42 15 25 20 30 4 57 43 48 51 23 55 35 21 19 53 52 9 24 10 44 16 33 45 3 18 37 22 0
0 25 13 58 27 26 18 5 41 33 44 50 24 4 38 45 11 17 48 57 23 6 43 59 1 55 37 34 32 29 28 8 49 16 19 9 53 52 31 3 15 46 7 36 39 2 30 40 56 54 10 14 20 47 12 21 42 35 22 51 0
0 48 59 25 51 27 19 6 20 11 1 2 7 55 5 41 33 44 14 46 42 35 22 3 13 43 29 34 12 23 54 53 28 40 52 17 56 21 37 24 38 30 39 45 36 57 9 15 4 8 47 16 10 26 31 50 49 58 18 32 0
0 16 26 2 46 35 9 4 17 51 11 39 28 40 52 55 25 24 7 18 59 27 5 58 19 10 36 47 14 29 53 54 56 43 23 44 6 41 12 48 22 31 33 50 37 15 21 3 13 49 30 57 1 32 38 45 20 34 42 8 0
0 14 22 43 21 35 28 45 19 31 52 1 5 56 13 38 58 34 9 37 25 54 24 46 4 47 42 51 23 8 29 53 26 48 15 41 39 20 57 7 3 40 17 32 44 36 59 10 6 50 30 55 2 18 11 49 12 33 27 16 0
0 52 49 15 42 23 21 37 32 45 30 39 48 31 2 53 1 47 35 22 19 18 17 56 14 11 8 46 43 58 57 29 28 27 20 50 10 33 34 5 36 51 40 16 41 25 54 4 9 55 3 13 38 59 26 6 7 12 24 44 0
0 25 49 37 9 32 55 4 39 27 42 14 22 44 52 12 41 21 10 8 18 33 46 58 34 35 2 48 57 30 31 11 36 7 56 23 6 19 26 40 20 47 38 53 59 16 29 50 13 3 5 45 43 15 54 51 1 24 28 17 0
0 32 29 24 51 6 1 5 4 15 17 50 40 28 19 18 38 59 46 44 34 49 35 7 23 36 43 56 45 41 39 57 31 37 21 3 27 25 13 58 42 55 20 11 12 26 16 10 33 52 54 53 47 8 30 14 22 2 48 9 0
0 38 10 30 32 53 35 18 21 6 58 1 49 40 19 3 27 57 36 24 25 52 42 23 5 4 56 41 50 20 12 34 17 26 13 51 29 15 55 47 54 59 7 45 46 37 48 33 8 16 22 31 9 11 39 14 43 2 28 44 0
0 11 2 35 52 50 8 46 58 57 1 20 34 40 30 49 6 59 53 38 21 54 45 19 47 14 32 56 5 18 39 17 22 43 31 23 12 13 25 42 29 27 4 33 15 24 7 9 16 41 28 44 26 51 10 48 37 36 55 3 0
0 46 10 26 59 41 38 39 13 7 29 43 40 23 3 58 50 17 56 48 1 19 33 44 22 21 18 2 32 52 53 11 4 16 37 45 30 8 34 9 35 20 14 25 49 36 12 24 15 51 57 27 31 54 28 5 42 6 47 55 0
0 58 59 4 23 45 13 33 42 50 36 27 39 51 28 29 14 46 11 7 44 49 40 21 43 20 18 30 9 1 6 37 57 17 22 48 56 41 2 26 55 47 34 35 24 25 38 10 3 16 31 5 8 15 19 32 52 12 53 54 0
0 7 17 57 47 36 33 45 39 42 35 14 26 15 34 53 9 30 54 25 59 19 56 5 31 44 8 46 24 3 12 6 40 27 20 51 58 22 49 16 43 13 23 38 4 2 21 41 37 1 48 10 28 11 29 32 55 18 50 52 0
0 23 36 44 32 45 8 42 22 50 4 52 26 41 29 54 57 2 18 3 56 5 6 10 49 14 7 34 11 1 19 24 35 20 33 16 47 17 15 9 48 25 40 31 27 39 13 30 53 51 28 21 12 59 43 58 38 37 55 46 0
0 8 54 15 46 13 44 18 11 33 29 42 10 14 6 52 20 31 41 40 53 27 32 12 1 34 3 25 23 39 43 16 7 19 38 48 5 24 51 59 35 37 30 2 21 45 47 49 55 57 28 17 50 56 9 26 58 36 22 4 0
0 57 1 42 21 55 6 5 26 50 37 59 25 44 35 49 11 29 9 13 36 15 24 41 19 28 22 53 45 51 7 23 31 52 34 14 27 10 30 46 32 2 56 20 54 58 40 17 8 38 16 18 48 39 4 43 12 33 3 47 0
0 52 25 4 22 30 35 46 15 2 19 20 1 51 47 11 54 5 53 32 40 3 27 16 55 29 48 12 44 39 13 6 41 8 37 9 21 45 7 24 58 36 14 31 50 34 56 49 42 57 43 23 38 26 28 33 10 18 59 17 0
0 27 37 56 52 19 49 48 41 22 39 47 2 18 3 20 17 7 46 14 8 5 32 29 54 12 9 51 4 45 59 13 43 11 36 33 50 53 26 21 42 57 10 35 24 15 55 16 25 38 30 23 44 1 40 6 28 34 58 31 0
0 21 30 31 7 38 25 19 14 22 20 58 11 55 1 18 3 9 49 43 33 4 24 39 56 57 41 29 59 50 26 10 52 34 6 8 54 37 51 32 36 45 46 2 16 28 13 35 27 48 23 17 47 40 15 53 5 12 42 44 0
0 1 56 53 54 34 10 49 31 27 20 15 13 47 35 30 9 39 43 57 8 33 50 6 37 5 24 42 40 58 22 38 46 19 29 26 14 52 23 17 28 25 41 59 2 12 36 18 4 11 3 45 48 51 44 16 32 21 55 7 0
0 34 26 38 46 57 9 22 27 2 20 24 13 15 4 7 35 12 8 21 11 23 55 16 40 14 58 42 31 19 44 53 28 30 33 39 52 56 6 45 32 47 29 59 1 17 10 43 54 36 3 48 18 25 5 49 51 41 50 37 0
0 33 26 3 41 12 17 25 55 19 46 16 14 58 23 59 10 27 24 48 11 38 35 56 45 4 29 43 18 15 32 8 53 57 42 21 22 50 9 36 39 5 34 47 40 13 51 2 30 28 6 54 31 37 7 20 44 52 1 49 0
0 5 32 50 11 47 22 1 46 38 54 37 13 41 27 6 51 14 19 28 49 48 43 25 4 18 20 36 55 8 29 15 57 52 16 23 58 59 45 56 33 30 39 9 31 40 24 7 34 10 26 53 17 42 35 44 12 3 2 21 0
0 37 25 53 29 21 35 22 14 8 2 5 11 16 50 18 20 28 34 57 7 24 48 4 47 40 30 36 52 27 56 44 38 51 39 41 17 19 58 3 26 15 6 45 49 23 54 42 32 1 59 55 46 9 10 33 12 43 13 31 0
0 30 5 41 17 47 9 39 11 37 54 13 49 18 12 58 19 7 44 33 8 1 51 36 3 55 26 10 48 2 27 35 28 32 45 34 56 29 53 15 20 50 31 24 22 21 52 42 40 46 59 14 38 25 57 23 4 43 16 6 0
0 35 57 47 14 33 55 11 20 36 30 52 24 29 17 2 49 44 19 10 40 6 54 21 5 18 27 4 39 42 43 58 31 1 16 8 22 34 15 9 37 38 56 25 26 53 13 48 3 51 46 45 12 7 50 59 28 32 23 41 0
0 59 10 49 19 40 5 55 39 46 45 32 9 41 14 36 58 22 21 33 12 17 35 37 53 42 31 25 29 16 18 52 28 15 56 13 20 50 1 51 34 3 38 30 23 43 24 7 11 54 26 8 47 27 57 2 6 44 48 4 0
0 21 9 6 15 34 33 52 19 36 47 48 16 37 7 32 2 43 1 17 55 12 39 29 51 58 23 18 5 56 4 3 54 44 50 28 14 10 49 11 24 30 25 57 59 31 45 38 41 40 26 22 13 35 8 53 46 27 20 42 0
0 1 56 32 29 3 2 11 23 26 8 24 54 20 30 37 5 50 44 13 39 46 55 28 18 9 48 25 33 31 53 7 38 42 47 16 58 27 59 45 6 14 22 15 43 57 41 12 52 34 36 21 49 17 4 10 19 40 35 51 0
0 34 59 27 31 38 26 12 20 8 35 33 7 5 11 17 55 54 25 32 41 29 19 13 24 23 58 18 10 22 21 42 2 28 50 4 51 43 39 37 6 47 40 30 46 49 16 1 9 14 56 52 57 44 48 45 53 36 15 3 0
0 16 34 20 45 32 41 26 28 44 46 29 38 15 43 27 6 23 13 58 25 2 24 10 8 3 14 18 40 49 35 53 59 31 42 1 22 9 12 21 36 17 5 48 19 50 56 47 7 54 11 4 33 30 37 57 51 55 52 39 0
0 15 40 6 2 49 50 27 37 45 58 10 21 7 23 5 24 19 59 8 4 35 29 11 57 18 43 20 34 48 22 33 25 1 56 26 14 28 12 32 54 46 38 13 41 53 55 51 30 17 44 9 42 3 16 39 52 31 47 36 0
0 36 1 40 15 9 47 56 20 34 39 57 45 31 42 19 46 10 21 54 6 25 4 22 12 24 16 11 52 28 5 59 53 41 43 55 2 17 33 7 27 38 48 8 35 32 23 18 30 58 29 26 37 3 44 13 14 49 50 51 0
0 11 43 9 17 46 37 13 48 25 18 32 22 23 50 26 24 19 44 56 55 36 41 51 52 47 1 45 10 21 5 20 38 34 14 39 53 59 8 58 12 49 27 30 57 3 42 40 6 31 54 2 33 35 29 28 4 15 7 16 0
0 28 13 56 42 12 51 9 18 30 59 20 43 45 26 3 1 50 24 36 22 53 31 46 32 27 21 57 4 19 58 5 54 47 48 23 14 39 7 10 52 16 15 11 35 29 44 40 41 25 2 49 6 37 38 33 34 17 8 55 0
0 2 23 3 34 20 33 46 27 32 45 49 22 6 52 13 51 16 17 31 39 9 36 42 47 44 48 15 28 5 18 24 7 10 19 37 1 25 54 21 55 12 30 43 38 8 41 26 29 50 14 53 35 11 40 57 59 56 4 58 0
0 26 31 46 54 45 17 1 18 49 16 44 40 56 2 14 8 20 25 32 27 24 57 19 42 10 28 38 5 33 35 12 22 36 13 7 52 39 43 11 21 48 58 15 41 59 55 53 4 51 47 23 3 34 9 50 29 6 37 30 0
0 38 52 47 19 48 24 36 39 4 2 14 28 25 9 18 35 3 10 22 31 11 21 15 57 7 54 46 42 44 12 30 41 27 45 58 50 49 26 32 8 55 37 5 23 1 16 34 59 53 51 13 43 40 56 29 20 17 6 33 0
0 19 52 49 33 37 42 34 9 25 28 20 58 32 43 24 35 22 3 8 38 47 45 23 51 41 4 26 27 53 17 59 40 18 29 30 55 10 13 56 36 16 50 57 48 39 21 12 1 31 15 14 6 54 46 11 5 2 7 44 0
0 35 33 56 7 59 46 53 2 12 20 5 29 45 18 26 40 58 54 39 24 47 11 38 23 42 41 34 51 27 3 37 9 1 43 25 10 16 36 28 52 4 17 21 31 14 49 32 15 13 30 48 44 50 57 6 22 8 19 55 0
0 9 8 56 30 33 10 59 11 25 48 35 49 32 58 44 3 12 14 5 1 54 46 24 20 37 53 45 50 16 38 22 42 52 28 6 23 18 27 34 13 55 47 15 41 17 36 21 39 7 51 29 40 2 4 19 43 26 57 31 0
0 50 23 1 59 54 36 6 9 10 41 38 31 13 24 43 27 22 28 55 19 3 8 58 37 2 29 21 12 17 44 4 34 16 30 7 56 53 11 39 42 49 15 51 45 26 32 57 20 35 33 5 14 52 25 18 40 46 47 48 0
0 27 39 4 13 19 50 56 23 12 16 29 59 3 14 33 42 9 6 52 53 1 5 8 41 51 22 45 49 24 36 48 46 47 2 34 17 26 11 15 20 28 32 10 58 35 21 40 57 30 18 38 7 55 31 44 54 43 37 25 0
0 37 53 48 56 27 54 39 23 19 2 43 8 47 4 11 58 55 25 14 33 45 1 10 15 12 21 29 35 30 32 34 44 38 31 18 13 59 49 20 7 42 9 6 5 22 51 28 16 26 3 46 57 52 40 24 50 41 17 36 0
0 37 33 10 36 55 53 13 25 57 26 15 6 1 8 34 52 12 35 38 46 42 45 14 31 27 30 28 22 18 41 17 59 3 40 2 50 58 48 7 11 54 4 32 51 19 16 47 5 20 49 56 9 44 39 24 29 21 43 23 0
0 7 55 4 58 5 3 26 53 8 10 29 25 16 56 47 33 38 11 35 27 59 48 40 34 19 51 20 42 45 39 12 46 50 37 41 21 17 44 36 43 18 49 54 2 6 32 31 22 24 28 30 1 14 52 23 15 57 13 9 0
0 5 30 40 45 59 52 28 17 36 26 12 19 42 14 38 24 20 57 23 13 55 53 47 48 44 50 33 56 31 35 10 49 8 43 54 34 1 21 3 27 16 29 11 6 15 4 39 9 7 18 41 58 2 32 46 22 37 25 51 0
0 25 3 57 48 18 43 46 6 34 27 13 51 5 38 47 28 45 55 17 10 23 14 7 15 33 41 52 8 12 19 11 20 53 2 22 44 37 31 50 1 35 32 39 56 29 42 24 59 9 40 16 4 30 36 26 58 54 49 21 0
0 11 51 44 43 19 45 34 57 16 10 46 47 49 58 22 27 56 30 5 59 35 2 1 29 6 37 7 23 3 52 38 54 24 48 13 26 14 20 31 9 12 18 25 50 39 17 53 32 36 8 41 28 21 33 42 4 55 40 15 0
0 44 12 42 10 23 9 51 57 56 20 21 38 15 28 27 55 32 36 46 11 18 53 14 43 45 35 7 34 8 59 47 40 33 29 17 41 26 25 52 31 48 3 49 2 13 6 16 50 19 5 37 54 1 30 58 4 39 24 22 0
0 40 37 41 32 54 24 36 31 6 44 23 29 26 34 5 16 14 10 56 2 18 53 22 19 57 8 27 51 39 59 17 52 12 47 3 9 11 50 35 48 45 58 46 42 20 1 21 30 55 15 13 28 43 38 4 7 49 25 33 0
0 17 38 4 46 40 1 14 53 12 33 20 36 18 24 43 23 25 34 13 51 35 9 45 48 30 57 50 22 54 32 29 37 55 27 7 21 42 31 56 19 58 15 47 26 8 41 44 52 3 49 28 16 2 6 10 39 11 59 5 0
0 46 48 45 40 43 3 34 23 54 33 10 38 11 19 25 15 35 12 58 57 14 30 7 8 6 47 41 51 36 28 9 16 13 59 56 44 17 53 24 20 18 32 52 22 31 29 37 1 4 50 5 42 49 55 39 26 2 21 27 0
0 25 26 23 1 31 18 47 36 52 51 12 49 53 8 40 21 34 3 7 35 30 29 55 22 39 24 33 13 44 10 14 5 58 56 43 19 32 54 6 46 4 59 16 41 50 15 48 17 9 20 11 28 45 38 27 42 57 2 37 0
0 32 28 27 40 52 15 54 45 6 57 18 33 24 49 13 20 17 50 2 19 22 16 25 12 30 31 3 14 53 29 47 4 43 59 44 11 48 35 34 55 58 26 42 38 21 41 7 51 36 10 8 1 56 39 37 46 23 5 9 0
0 12 28 2 49 32 51 52 38 54 25 45 36 22 20 48 1 42 41 23 18 31 27 55 44 33 7 16 10 34 47 11 13 4 19 26 58 17 46 24 5 50 56 29 53 8 9 43 30 39 21 14 35 15 6 59 37 57 40 3 0
0 7 21 10 25 39 17 6 13 58 34 38 3 33 29 30 4 53 54 43 1 19 56 42 36 52 37 44 47 41 32 22 26 14 45 18 28 46 27 8 24 50 12 35 31 2 9 23 57 5 15 16 40 11 55 59 48 49 51 20 0
0 23 48 38 35 59 45 21 27 40 29 50 5 41 16 20 8 34 42 26 10 31 18 57 37 13 3 28 6 32 39 19 17 14 49 15 2 4 58 43 54 24 7 44 30 33 36 46 53 9 51 11 55 12 47 1 56 22 25 52 0
0 9 37 49 40 27 42 20 5 26 21 4 56 59 31 48 22 44 57 38 28 32 18 11 7 47 43 30 3 14 19 36 34 46 15 17 45 12 29 58 41 13 33 10 39 6 1 25 35 8 53 2 55 23 51 16 54 24 50 52 0
0 29 40 8 7 36 46 43 24 12 58 52 54 32 22 21 14 55 49 18 28 41 20 5 59 3 13 1 25 27 31 16 39 47 56 35 10 50 57 44 17 19 34 26 45 9 6 4 37 51 53 11 23 42 2 33 15 48 30 38 0
0 3 33 7 9 51 18 35 43 42 29 22 32 54 31 46 23 1 8 14 38 45 25 41 19 20 47 17 11 5 16 30 26 10 40 2 50 28 15 48 12 56 13 49 4 21 55 36 58 57 39 27 52 37 53 34 6 24 59 44 0
0 54 7 43 42 45 51 33 3 8 5 49 17 27 56 46 40 10 50 47 41 23 1 44 38 2 19 13 28 52 57 34 29 39 32 22 21 36 55 16 11 25 48 18 53 37 35 20 4 31 15 58 9 24 12 59 26 6 30 14 0
0 57 55 52 36 59 44 53 25 37 27 8 51 5 29 50 15 14 35 58 7 20 47 4 43 26 13 48 34 9 1 38 46 6 19 56 21 54 12 31 10 18 23 40 41 32 45 42 22 24 33 49 3 39 11 30 17 16 2 28 0
0 10 12 14 6 39 47 5 15 57 31 59 56 52 36 19 11 25 16 35 27 8 20 1 53 17 42 58 51 41 28 48 54 55 29 34 3 13 9 45 37 4 22 50 49 2 30 32 46 33 26 24 7 40 21 23 43 38 44 18 0
0 41 3 29 1 56 18 39 43 55 37 58 46 23 33 40 49 35 57 11 48 22 42 53 31 8 19 27 12 4 50 16 51 2 47 15 34 9 25 44 28 36 5 32 10 7 59 52 24 26 20 14 54 21 45 13 38 6 30 17 0
0 13 22 20 12 34 32 51 45 33 23 59 41 7 28 31 17 2 25 57 29 44 21 38 55 15 14 10 30 54 1 47 58 19 4 8 50 35 43 37 46 26 11 24 42 3 16 49 18 53 27 40 56 6 52 9 5 39 48 36 0
0 39 54 55 50 37 7 23 20 15 48 12 56 40 29 1 45 43 36 44 17 57 47 21 59 2 58 42 26 5 41 9 6 46 4 11 16 32 27 34 19 31 49 14 51 8 13 53 10 28 3 25 18 35 33 22 52 38 24 30 0
0 39 33 42 58 45 48 38 15 10 36 30 11 19 23 59 21 51 13 43 2 44 34 17 8 31 57 54 22 28 53 25 5 55 47 37 6 24 27 41 7 3 46 35 56 50 49 26 14 18 9 40 1 29 52 16 32 12 20 4 0
0 8 41 39 51 53 4 3 15 33 10 5 9 52 45 49 19 28 55 57 38 36 56 6 48 35 34 54 46 43 20 25 42 14 26 40 23 47 27 2 7 58 32 50 30 18 24 17 44 1 11 22 31 21 12 16 29 13 37 59 0
0 31 14 29 38 54 28 8 24 6 10 13 44 55 25 7 34 27 2 59 9 17 1 16 39 51 18 49 57 26 4 41 33 47 45 56 58 30 15 19 12 50 3 21 5 22 37 48 42 40 35 32 20 23 52 36 11 46 53 43 0
0 56 8 13 25 12 4 21 51 24 20 3 5 9 42 52 6 11 31 10 50 17 14 23 15 54 26 58 37 39 38 30 53 45 49 29 55 59 34 46 22 43 32 28 1 57 19 36 2 16 33 44 35 27 48 18 7 47 41 40 0
0 9 6 26 43 25 12 8 11 10 42 16 28 54 15 59 52 19 40 32 1 13 2 50 31 38 33 55 18 44 17 23 53 3 20 30 22 35 34 49 45 27 46 7 39 4 58 36 21 37 24 29 5 51 47 56 41 57 14 48 0
0 40 27 19 47 10 37 34 56 41 16 21 5 3 26 57 55 1 31 38 28 48 59 23 58 53 7 14 30 32 49 17 50 4 39 33 35 24 8 43 54 2 12 11 9 29 6 13 45 36 46 18 51 15 42 25 44 52 20 22 0
0 37 16 46 34 52 6 8 32 23 21 18 36 51 42 14 41 53 22 50 33 48 55 13 35 40 39 31 59 57 4 26 54 45 30 38 12 29 7 20 44 3 49 17 27 24 10 11 58 47 43 5 28 9 2 19 1 15 56 25 0
0 57 37 11 17 18 2 58 28 21 24 35 1 56 32 13 46 54 41 40 19 4 5 20 7 23 31 3 36 14 9 49 34 12 44 15 50 59 10 26 38 27 42 30 33 52 8 48 25 39 45 29 6 51 53 55 22 43 47 16 0
0 21 3 48 10 4 58 6 27 44 29 59 18 55 23 54 45 30 9 15 20 24 38 53 35 1 2 28 51 36 17 22 12 50 43 8 11 39 13 16 47 7 49 46 14 32 52 5 19 57 56 25 26 41 31 37 42 33 40 34 0
0 12 41 6 24 58 29 5 47 54 30 49 32 39 53 37 11 45 2 59 28 43 13 57 15 1 14 46 52 36 33 9 51 10 35 3 50 7 42 55 27 18 48 4 23 44 19 40 8 21 34 31 25 56 17 16 26 22 38 20 0
0 24 18 59 16 52 41 12 48 42 20 19 11 39 33 32 44 7 17 6 3 43 29 45 22 10 34 51 50 9 27 14 23 57 56 58 21 15 4 8 40 35 2 37 55 1 31 5 49 13 54 28 30 53 25 47 46 26 38 36 0
0 38 55 30 33 50 3 57 31 23 8 54 19 24 51 1 7 41 13 25 28 52 20 16 5 26 45 44 43 32 47 4 39 29 21 36 9 22 46 2 59 58 17 35 12 53 14 27 6 11 56 37 42 18 40 15 49 34 48 10 0
0 13 49 36 6 17 28 20 52 16 37 56 19 4 14 27 38 25 59 22 33 47 1 29 48 32 3 54 2 8 57 11 58 39 7 35 45 51 50 26 53 41 9 21 10 43 34 12 42 46 18 31 23 24 40 44 5 55 15 30 0
0 17 5 25 13 48 1 29 20 57 15 16 14 39 31 24 50 34 28 43 22 40 3 10 33 52 44 38 46 30 12 54 49 26 23 35 21 56 41 4 11 19 18 32 53 58 45 36 27 9 2 51 6 55 47 37 59 7 42 8 0
0 47 26 23 46 44 12 13 54 18 3 19 10 11 41 39 28 2 57 30 1 15 56 6 20 17 25 9 4 5 48 33 27 7 58 51 42 59 34 16 35 43 22 31 8 32 40 55 38 29 49 24 52 36 50 45 14 37 53 21 0
0 39 31 28 22 25 33 11 57 24 36 21 15 52 54 14 41 1 46 18 26 38 20 51 32 23 5 13 42 30 45 44 40 12 47 35 6 9 2 10 16 49 56 59 37 58 17 53 50 34 3 29 48 19 55 7 43 27 8 4 0
0 46 44 34 5 22 40 52 28 3 18 10 37 33 17 58 6 16 39 38 50 13 49 43 35 30 21 9 15 51 14 25 12 57 8 29 55 24 48 56 4 59 42 23 20 41 1 26 31 36 7 2 53 27 47 32 19 45 54 11 0
0 47 29 43 3 48 35 52 13 39 5 41 28 45 25 33 59 44 17 55 30 21 31 49 8 23 26 14 24 2 54 27 11 18 4 51 57 15 10 42 7 20 32 46 53 12 37 9 40 56 34 36 50 58 38 16 1 19 22 6 0
0 8 6 59 44 36 51 19 22 4 46 3 1 33 17 52 42 56 15 38 24 20 10 26 53 25 37 2 13 14 12 57 29 27 7 28 16 35 9 40 30 58 34 18 47 49 41 23 55 48 21 43 54 5 11 45 39 32 31 50 0
0 29 13 42 56 37 40 41 49 3 43 52 24 26 50 51 4 34 47 8 18 45 15 38 2 57 20 9 55 32 23 36 25 22 7 28 31 35 21 10 58 30 44 6 53 59 16 27 1 5 19 48 39 33 12 11 14 17 54 46 0
0 6 20 46 11 33 13 23 8 18 37 27 48 42 59 49 51 30 24 9 52 36 21 1 16 45 22 57 56 15 26 14 28 34 41 19 25 2 43 31 7 58 35 32 40 44 29 47 5 4 53 54 17 3 55 39 10 12 38 50 0
0 14 24 23 53 29 7 12 56 55 8 47 5 26 27 41 45 2 38 28 1 49 48 40 52 25 35 3 34 33 11 4 22 18 58 54 17 19 36 57 16 44 30 21 31 46 10 20 59 51 43 15 50 37 6 32 42 39 13 9 0
0 1 56 35 28 21 3 13 2 31 59 12 57 17 9 24 52 25 19 8 48 47 16 30 23 20 11 5 43 37 40 14 51 10 38 44 33 34 4 46 54 55 39 41 29 36 53 50 58 7 26 42 22 49 27 15 32 6 18 45 0
0 39 5 26 47 21 19 29 52 30 20 38 36 8 13 55 22 33 32 34 9 53 35 15 14 58 4 16 27 59 41 45 7 18 23 10 48 3 44 17 56 1 25 2 31 42 28 43 54 37 49 50 6 57 51 24 12 46 40 11 0
0 10 31 46 58 52 23 44 20 13 1 5 2 28 34 29 21 56 15 53 37 30 40 11 25 36 14 26 7 49 27 19 4 43 55 9 6 45 59 41 54 38 51 48 8 50 22 42 16 57 17 47 3 24 33 12 18 39 32 35 0
0 9 42 34 4 41 21 36 32 7 24 26 25 47 37 59 44 27 28 20 30 53 14 51 49 1 52 22 8 2 35 58 18 48 3 50 13 31 19 15 12 23 11 5 38 54 55 10 6 29 43 17 46 45 33 56 39 16 57 40 0
0 43 7 17 41 52 53 58 2 46 48 21 18 20 23 56 57 37 38 49 34 12 3 47 54 33 6 40 1 9 22 25 30 8 35 15 29 31 36 4 14 59 45 24 10 32 19 44 28 55 27 13 26 51 42 16 50 11 5 39 0
0 54 9 53 31 56 11 49 7 44 50 8 58 51 15 29 35 13 39 10 28 41 23 24 43 17 1 26 19 14 3 59 21 57 37 47 6 55 52 4 12 25 18 22 16 36 20 38 48 42 46 5 2 34 32 40 27 45 33 30 0
0 29 5 55 24 2 37 11 25 46 45 22 21 34 20 49 44 1 33 50 35 36 14 57 9 39 59 52 15 58 48 27 38 23 41 10 40 3 28 6 7 31 16 53 30 19 47 4 18 51 12 8 32 42 54 17 43 26 13 56 0
0 34 31 56 5 11 2 28 16 37 38 55 35 14 44 13 3 25 46 26 52 59 53 4 15 18 58 47 33 49 48 41 23 40 29 36 32 22 27 51 21 39 57 54 10 50 12 9 19 20 43 7 1 24 45 6 8 42 30 17 0
0 14 59 17 12 36 46 25 58 27 19 9 16 41 1 32 26 47 48 15 3 28 57 35 13 40 8 44 4 10 45 24 56 53 50 20 52 54 5 38 37 21 51 31 42 55 22 43 11 39 6 23 7 49 30 33 18 2 34 29 0
0 23 1 10 54 15 24 45 6 9 18 41 11 4 34 13 35 22 30 16 14 58 51 43 32 27 49 47 5 28 55 42 17 39 29 46 21 56 52 38 20 50 19 26 40 36 25 53 59 44 37 3 48 33 57 2 31 7 8 12 0
0 6 55 38 51 21 5 57 40 44 52 4 28 16 53 14 50 26 22 31 19 35 42 32 27 30 59 3 9 39 20 48 37 56 7 43 46 17 45 15 23 24 49 36 18 2 58 33 54 41 8 13 11 10 25 34 12 47 29 1 0
