# n n_solutions
60 1000
# n x n distance matrix
0 5000 8062 8490 5220 8904 7406 7130 2780 8902 4049 7130 4925 5630 565 5758 4414 9491 9350 2500 7725 5658 11200 6762 4976 3827 5953 538 8104 9718 3306 8492 5824 2729 10186 6212 8856 6802 7032 6711 4080 3538 7134 9095 8570 7532 7595 7034 7547 6920 640 11038 5315 4404 11928 8900 6708 8105 9640 8570
5000 0 4561 7317 3298 9330 6251 7083 3328 7116 7494 2687 608 5162 5423 6264 7440 9159 7200 7500 7624 4100 9178 9948 5630 5232 3006 4509 10688 11287 1726 8988 6933 6777 8805 1300 9757 10026 6378 9963 4280 3465 6334 11510 9442 8732 8497 9104 6576 5656 5522 9364 7093 4134 10062 8173 2061 5360 7840 7202
8062 4561 0 4060 2941 6935 3500 5024 5322 3354 8401 2202 4081 3962 8228 5192 8005 6140 3104 10307 5280 2901 4904 9946 5135 5714 2109 7529 9953 9500 5303 6747 6044 8452 4997 3687 7682 10043 4081 10022 4652 4681 3911 10465 7420 7206 6773 8263 3841 3176 8318 5277 6726 4242 5803 5060 2828 1303 3889 3801
8490 7317 4060 0 4110 3001 1140 1897 5961 1019 6809 5909 6711 2865 8381 3080 6217 2080 1711 10041 1700 3324 2860 7269 3676 4816 4356 8062 6726 5679 7101 2915 3624 7528 1700 7009 3848 7368 1486 7382 4429 5162 1360 6985 3640 3811 3313 5203 943 1726 8440 2561 4518 4162 3471 1000 6356 2765 1392 316
5220 3298 2941 4110 0 6053 3000 3807 2441 4110 5643 2996 2692 1941 5333 3182 5336 5869 4382 7382 4332 806 6356 7564 2745 2942 1019 4701 7940 8160 3036 5727 3969 5544 5707 3360 6536 7655 3080 7615 1811 1746 3041 8644 6226 5622 5324 6262 3306 2400 5420 6389 4390 1431 7186 4909 3061 2900 4870 4044
8904 9330 6935 3001 6053 0 3471 2247 7006 3981 5907 8520 8731 4176 8612 3301 5269 1414 4623 9749 1749 5280 4904 5235 4100 5135 6673 8614 4197 2692 8613 412 3080 7066 3400 9347 905 5323 3052 5371 5423 6338 3162 4201 824 1697 1389 3106 3114 3940 8640 4229 3716 5375 5021 2118 8850 5685 4026 3312
7406 6251 3500 1140 3000 3471 0 1581 4833 1581 6053 5077 5643 1780 7324 2308 5502 2941 2193 9060 1780 2202 3820 6900 2745 3828 3352 6963 6621 6000 5968 3255 3026 6628 2823 6040 4186 7000 700 7000 3328 4031 500 7038 3920 3769 3310 4981 360 600 7387 3635 3883 3041 4522 1923 5456 2325 2262 1166
7130 7083 5024 1897 3807 2247 1581 0 4925 2828 4964 6378 6484 1941 6931 1389 4356 2376 3522 8402 608 3041 4701 5414 2154 3310 4465 6767 5044 4527 6428 1923 1749 5800 3342 7119 2780 5514 943 5522 3313 4201 1118 5462 2483 2193 1749 3423 1315 1860 6977 4280 2641 3201 5200 1843 6661 3900 3289 2158
2780 3328 5322 5961 2441 7006 4833 4925 0 6243 4167 4701 2954 3132 2906 3705 4123 7283 6640 4997 5532 2906 8544 6652 2915 2102 3231 2267 7521 8475 1860 6611 4123 3569 7655 4205 7200 6726 4588 6660 1612 806 4648 8405 6888 5990 5885 6041 5032 4294 2996 8453 4024 1802 9314 6525 4428 5326 6997 5993
8902 7116 3354 1019 4110 3981 1581 2828 6243 0 7605 5385 6527 3324 8852 3848 7038 2906 700 10630 2707 3401 2302 8238 4326 5403 4110 8440 7740 6670 7146 3921 4492 8209 1711 6637 4846 8338 2193 8348 4826 5437 2012 8004 4648 4825 4328 6200 1615 1984 8919 2280 5375 4500 3086 1886 5903 2061 761 707
4049 7494 8401 6809 5643 5907 6053 4964 4167 7605 0 8537 7111 4589 3544 3757 640 6935 8246 3956 5403 5500 9656 2729 3395 2707 6660 4070 4079 5953 5920 5521 3220 1403 8300 8325 5546 2778 5412 2692 3832 4237 5594 5080 5323 4254 4522 3275 5993 5852 3517 9241 2343 4219 10160 6762 8411 7808 8188 7023
7130 2687 2202 5909 2996 8520 5077 6378 4701 5385 8537 0 2385 4780 7433 6080 8286 7960 5246 9570 6780 3500 7100 10560 5730 5882 2024 6596 10899 10893 3939 8261 6906 8221 7083 1564 9154 10651 5481 10610 4743 4341 5360 11560 8861 8421 8061 9208 5437 4580 7531 7443 7382 4401 8000 6887 670 3354 6001 5700
4925 608 4081 6711 2692 8731 5643 6484 2954 6527 7111 2385 0 4569 5300 5693 7017 8551 6628 7416 7021 3492 8612 9500 5080 4750 2418 4410 10183 10717 1627 8393 6381 6484 8209 1303 9170 9580 5772 9521 3753 2983 5727 10987 8856 8162 7917 8579 5968 5048 5400 8781 6579 3580 9491 7565 1838 4808 7255 6600
5630 5162 3962 2865 1941 4176 1780 1941 3132 3324 4589 4780 4569 0 5544 1303 4119 4204 3860 7310 2517 1280 5597 5990 1204 2109 2765 5197 6140 6220 4504 3827 2147 4964 4564 5300 4606 6087 1456 6063 1565 2353 1523 6780 4294 3687 3383 4441 1923 1360 5608 5408 2765 1334 6300 3395 4949 3224 4036 2941
565 5423 8228 8381 5333 8612 7324 6931 2906 8852 3544 7433 5300 5544 0 5546 3945 9270 9333 2137 7515 5700 11139 6239 4788 3623 6132 921 7615 9302 3705 8200 5536 2193 10068 6600 8515 6276 6906 6184 4031 3605 7021 8612 8237 7184 7278 6606 7440 6868 100 10940 4964 4386 11840 8732 7045 8184 9577 8481
5758 6264 5192 3080 3182 3301 2308 1389 3705 3848 3757 6080 5693 1303 5546 0 3195 3733 4494 7029 1969 2580 5940 4767 806 1931 4060 5412 4837 5024 5360 2906 854 4459 4666 6529 3544 4866 1655 4850 2137 3058 1838 5481 3228 2469 2247 3138 2236 2202 5590 5590 1603 2154 6511 3220 6228 4310 4441 3275
4414 7440 8005 6217 5336 5269 5502 4356 4123 7038 640 8286 7017 4119 3945 3195 0 6296 7689 4554 4780 5115 9055 2549 2915 2404 6355 4365 3700 5414 5941 4882 2607 1923 7684 8188 4924 2617 4846 2545 3544 4070 5032 4684 4695 3623 3883 2716 5423 5336 3931 8626 1720 3905 9543 6140 8207 7343 7602 6440
9491 9159 6140 2080 5869 1414 2941 2376 7283 2906 6935 7960 8551 4204 9270 3733 6296 0 3466 10622 1772 5063 3500 6579 4522 5664 6293 9139 5608 3981 8700 1615 3827 7963 2009 8981 2302 6670 2807 6711 5671 6537 2828 5600 2236 2952 2523 4428 2596 3517 9310 2816 4622 5522 3613 1081 8377 4841 2773 2343
9350 7200 3104 1711 4382 4623 2193 3522 6640 700 8246 5246 6628 3860 9333 4494 7689 3466 0 11166 3405 3744 1992 8935 4924 5964 4220 8872 8437 7315 7392 4588 5166 8798 1923 6600 5502 9035 2846 9044 5303 5841 2657 8688 5316 5522 5024 6900 2280 2500 9404 2202 6044 4951 2863 2507 5813 1902 806 1403
2500 7500 10307 10041 7382 9749 9060 8402 4997 10630 3956 9570 7416 7310 2137 7029 4554 10622 11166 0 8940 7666 12872 6203 6365 5234 8228 3006 7805 9884 5803 9347 6795 2683 11684 8709 9470 6207 8556 6107 5907 5636 8697 8802 9230 8154 8362 7227 9121 8668 2039 12593 6041 6296 13509 10244 9178 10171 11321 10183
7725 7624 5280 1700 4332 1749 1780 608 5532 2707 5403 6780 7021 2517 7515 1969 4780 1772 3405 8940 0 3546 4346 5590 2751 3900 4924 7368 5035 4220 7017 1486 2193 6312 2915 7602 2408 5688 1303 5707 3920 4804 1421 5345 2140 2121 1627 3505 1442 2202 7558 3858 3061 3800 4770 1360 7101 4081 3041 2002
5658 4100 2901 3324 806 5280 2202 3041 2906 3401 5500 3500 3492 1280 5700 2580 5115 5063 3744 7666 3546 0 5682 7178 2308 2816 1486 5162 7409 7464 3785 4964 3413 5604 4947 4081 5798 7272 2280 7241 1802 2121 2236 8060 5491 4951 4622 5714 2501 1603 5780 5664 3956 1392 6487 4104 3679 2505 4162 3275
11200 9178 4904 2860 6356 4904 3820 4701 8544 2302 9656 7100 8612 5597 11139 5940 9055 3500 1992 12872 4346 5682 0 9876 6518 7638 6209 10740 9066 7443 9377 5035 6449 10385 1513 8521 5800 9972 4327 10000 7121 7738 4176 9100 5714 6258 5772 7736 3753 4280 11204 761 7342 6800 900 3036 7702 3832 1562 2690
6762 9948 9946 7269 7564 5235 6900 5414 6652 8238 2729 10560 9500 5990 6239 4767 2549 6579 8935 6203 5590 7178 9876 0 4870 4770 8561 6799 1676 4081 8485 4965 3931 4049 8381 10622 4522 100 6200 141 5866 6521 6400 2630 4441 3640 4110 2154 6702 6935 6203 9296 3228 6171 10159 6841 10558 9066 8631 7553
4976 5630 5135 3676 2745 4100 2745 2154 2915 4326 3395 5730 5080 1204 4788 806 2915 4522 4924 6365 2751 2308 6518 4870 0 1166 3712 4617 5200 5679 4616 3701 1303 3883 5326 6010 4295 4964 2193 4933 1392 2308 2343 5939 3981 3138 2983 3538 2765 2469 4837 6228 1655 1500 7144 3944 5800 4428 4981 3828
3827 5232 5714 4816 2942 5135 3828 3310 2102 5403 2707 5882 4750 2109 3623 1931 2404 5664 5964 5234 3900 2816 7638 4770 1166 0 3961 3492 5467 6389 3944 4726 2102 2863 6481 5852 5208 4854 3330 4802 1140 1769 3465 6324 4903 3945 3901 3944 3889 3466 3671 7375 1923 1513 8287 5110 5818 5220 6087 4949
5953 3006 2109 4356 1019 6673 3352 4465 3231 4110 6660 2024 2418 2765 6132 4060 6355 6293 4220 8228 4924 1486 6209 8561 3712 3961 0 5420 8875 8937 3301 6381 4882 6519 5800 2692 7242 8653 3623 8616 2828 2647 3534 9541 6940 6435 6095 7184 3700 2785 6224 6363 5366 2450 7083 5263 2202 2459 4837 4219
538 4509 7529 8062 4701 8614 6963 6767 2267 8440 4070 6596 4410 5197 921 5412 4365 9139 8872 3006 7368 5162 10740 6799 4617 3492 5420 0 8065 9563 2800 8203 5544 2842 9760 5703 8614 6847 6618 6760 3635 3041 6711 9044 8321 7302 7333 6905 7119 6463 1019 10598 5100 3940 11482 8508 6181 7592 9183 8129
8104 10688 9953 6726 7940 4197 6621 5044 7521 7740 4079 10899 10183 6140 7615 4837 3700 5608 8437 7805 5035 7409 9066 1676 5200 5467 8875 8065 0 2483 9381 4031 3996 5474 7553 11194 3352 1708 5948 1802 6434 7224 6140 1004 3373 2915 3413 1700 6356 6800 7592 8417 3606 6660 9218 6103 11000 8918 8000 7034
9718 11287 9500 5679 8160 2692 6000 4527 8475 6670 5953 10893 10717 6220 9302 5024 5414 3981 7315 9884 4220 7464 7443 4081 5679 6389 8937 9563 2483 0 10269 2778 4386 7333 5984 11520 1835 4134 5456 4219 7068 7970 5608 1923 2080 2555 2842 2701 5660 6377 9300 6718 4512 7158 7400 4810 11139 8292 6705 5993
3306 1726 5303 7101 3036 8613 5968 6428 1860 7146 5920 3939 1627 4504 3705 5360 5941 8700 7392 5803 7017 3785 9377 8485 4616 3944 3301 2800 9381 10269 0 8237 5887 5099 8732 2906 8902 8556 5903 8486 3228 2308 5913 10262 8586 7749 7596 7888 6239 5375 3805 9425 5866 3238 10218 7823 3448 5745 7905 7060
8492 8988 6747 2915 5727 412 3255 1923 6611 3921 5521 8261 8393 3827 8200 2906 4882 1615 4588 9347 1486 4964 5035 4965 3701 4726 6381 8203 4031 2778 8237 0 2668 6664 3522 9042 943 5056 2780 5099 5035 5953 2906 4130 728 1360 1000 2817 2906 3687 8228 4393 3310 5000 5220 2121 8570 5521 4044 3231
5824 6933 6044 3624 3969 3080 3026 1749 4123 4492 3220 6906 6381 2147 5536 854 2607 3827 5166 6795 2193 3413 6449 3931 1303 2102 4882 5544 3996 4386 5887 2668 0 4140 5080 7286 3106 4031 2334 4019 2683 3584 2531 4675 2801 1868 1800 2302 2886 3006 5565 6021 894 2801 6940 3546 7029 5135 5015 3862
2729 6777 8452 7528 5544 7066 6628 5800 3569 8209 1403 8221 6484 4964 2193 4459 1923 7963 8798 2683 6312 5604 10385 4049 3883 2863 6519 2842 5474 7333 5099 6664 4140 0 9124 7762 6800 4085 6060 3992 3807 3900 6220 6477 6555 5478 5679 4638 6640 6313 2154 10049 3361 4219 10970 7641 7990 8065 8860 7700
10186 8805 4997 1700 5707 3400 2823 3342 7655 1711 8300 7083 8209 4564 10068 4666 7684 2009 1923 11684 2915 4947 1513 8381 5326 6481 5800 9760 7553 5984 8732 3522 5080 9124 0 8348 4301 8477 3162 8507 6129 6854 3052 7600 4204 4753 4272 6236 2641 3383 10125 943 5964 5860 1860 1565 7611 3736 1118 1676
6212 1300 3687 7009 3360 9347 6040 7119 4205 6637 8325 1564 1303 5300 6600 6529 8188 8981 6600 8709 7602 4081 8521 10622 6010 5852 2692 5703 11194 11520 2906 9042 7286 7762 8348 0 9879 10706 6307 10653 4780 4118 6224 11949 9571 8981 8683 9548 6390 5477 6700 8800 7592 4534 9419 7940 894 4701 7310 6844
8856 9757 7682 3848 6536 905 4186 2780 7200 4846 5546 9154 9170 4606 8515 3544 4924 2302 5502 9470 2408 5798 5800 4522 4295 5208 7242 8614 3352 1835 8902 943 3106 6800 4301 9879 0 4604 3679 4661 5675 6596 3818 3300 316 1334 1315 2475 3841 4596 8532 5115 3551 5691 5885 3008 9440 6463 4924 4162
6802 10026 10043 7368 7655 5323 7000 5514 6726 8338 2778 10651 9580 6087 6276 4866 2617 6670 9035 6207 5688 7272 9972 100 4964 4854 8653 6847 1708 4134 8556 5056 4031 4085 8477 10706 4604 0 6300 100 5953 6603 6500 2647 4527 3733 4205 2247 6802 7034 6239 9391 3324 6260 10252 6937 10647 9166 8729 7653
7032 6378 4081 1486 3080 3052 700 943 4588 2193 5412 5481 5772 1456 6906 1655 4846 2807 2846 8556 1303 2280 4327 6200 2193 3330 3623 6618 5948 5456 5903 2780 2334 6060 3162 6307 3679 6300 0 6300 3008 3807 200 6397 3394 3130 2692 4295 583 921 6963 4045 3201 2789 4957 1941 5798 2973 2801 1640
6711 9963 10022 7382 7615 5371 7000 5522 6660 8348 2692 10610 9521 6063 6184 4850 2545 6711 9044 6107 5707 7241 10000 141 4933 4802 8616 6760 1802 4219 8486 5099 4019 3992 8507 10653 4661 100 6300 0 5905 6545 6500 2745 4579 3769 4237 2284 6806 7025 6146 9423 3298 6216 10288 6964 10600 9154 8747 7665
4080 4280 4652 4429 1811 5423 3328 3313 1612 4826 3832 4743 3753 1565 4031 2137 3544 5671 5303 5907 3920 1802 7121 5866 1392 1140 2828 3635 6434 7068 3228 5035 2683 3807 6129 4780 5675 5953 3008 5905 0 921 3087 7234 5360 4530 4368 4827 3488 2842 4101 6963 2828 412 7849 4933 4695 4295 5560 4494
3538 3465 4681 5162 1746 6338 4031 4201 806 5437 4237 4341 2983 2353 3605 3058 4070 6537 5841 5636 4804 2121 7738 6521 2308 1769 2647 3041 7224 7970 2308 5953 3584 3900 6854 4118 6596 6603 3807 6545 921 0 3860 8060 6281 5442 5288 5661 4237 3488 3689 7647 3640 1019 8508 5748 4176 4580 6191 5189
7134 6334 3911 1360 3041 3162 500 1118 4648 2012 5594 5360 5727 1523 7021 1838 5032 2828 2657 8697 1421 2236 4176 6400 2343 3465 3534 6711 6140 5608 5913 2906 2531 6220 3052 6224 3818 6500 200 6500 3087 3860 0 6579 3538 3310 2865 4491 424 781 7080 3920 3395 2846 4827 1910 5693 2785 2640 1486
9095 11510 10465 6985 8644 4201 7038 5462 8405 8004 5080 11560 10987 6780 8612 5481 4684 5600 8688 8802 5345 8060 9100 2630 5939 6324 9541 9044 1004 1923 10262 4130 4675 6477 7600 11949 3300 2647 6397 2745 7234 8060 6579 0 3413 3269 3733 2408 6741 7289 8590 8409 4420 7427 9154 6251 11703 9361 8174 7300
8570 9442 7420 3640 6226 824 3920 2483 6888 4648 5323 8861 8856 4294 8237 3228 4695 2236 5316 9230 2140 5491 5714 4441 3981 4903 6940 8321 3373 2080 8586 728 2801 6555 4204 9571 316 4527 3394 4579 5360 6281 3538 3413 0 1077 1004 2343 3580 4313 8256 5048 3275 5375 5845 2844 9140 6212 4767 3956
7532 8732 7206 3811 5622 1697 3769 2193 5990 4825 4254 8421 8162 3687 7184 2469 3623 2952 5522 8154 2121 4951 6258 3640 3138 3945 6435 7302 2915 2555 7749 1360 1868 5478 4753 8981 1334 3733 3130 3769 4530 5442 3310 3269 1077 0 500 1486 3478 4031 7200 5661 2220 4606 6519 3238 8630 6092 5103 4119
7595 8497 6773 3313 5324 1389 3310 1749 5885 4328 4522 8061 7917 3383 7278 2247 3883 2523 5024 8362 1627 4622 5772 4110 2983 3901 6095 7333 3413 2842 7596 1000 1800 5679 4272 8683 1315 4205 2692 4237 4368 5288 2865 3733 1004 500 0 1964 3008 3605 7300 5186 2340 4401 6053 2745 8297 5635 4604 3622
7034 9104 8263 5203 6262 3106 4981 3423 6041 6200 3275 9208 8579 4441 6606 3138 2716 4428 6900 7227 3505 5714 7736 2154 3538 3944 7184 6905 1700 2701 7888 2817 2302 4638 6236 9548 2475 2247 4295 2284 4827 5661 4491 2408 2343 1486 1964 0 4738 5124 6603 7147 2024 5020 8005 4707 9323 7253 6537 5500
7547 6576 3841 943 3306 3114 360 1315 5032 1615 5993 5437 5968 1923 7440 2236 5423 2596 2280 9121 1442 2501 3753 6702 2765 3889 3700 7119 6356 5660 6239 2906 2886 6640 2641 6390 3841 6802 583 6806 3488 4237 424 6741 3580 3478 3008 4738 0 921 7500 3500 3764 3231 4404 1603 5813 2641 2220 1063
6920 5656 3176 1726 2400 3940 600 1860 4294 1984 5852 4580 5048 1360 6868 2202 5336 3517 2500 8668 2202 1603 4280 6935 2469 3466 2785 6463 6800 6377 5375 3687 3006 6313 3383 5477 4596 7034 921 7025 2842 3488 781 7289 4313 4031 3605 5124 921 0 6935 4159 3805 2523 5024 2517 4924 2137 2720 1708
640 5522 8318 8440 5420 8640 7387 6977 2996 8919 3517 7531 5400 5608 100 5590 3931 9310 9404 2039 7558 5780 11204 6203 4837 3671 6224 1019 7592 9300 3805 8228 5565 2154 10125 6700 8532 6239 6963 6146 4101 3689 7080 8590 8256 7200 7300 6603 7500 6935 0 11000 4981 4459 11901 8781 7144 8266 9642 8542
11038 9364 5277 2561 6389 4229 3635 4280 8453 2280 9241 7443 8781 5408 10940 5590 8626 2816 2202 12593 3858 5664 761 9296 6228 7375 6363 10598 8417 6718 9425 4393 6021 10049 943 8800 5115 9391 4045 9423 6963 7647 3920 8409 5048 5661 5186 7147 3500 4159 11000 0 6906 6673 921 2505 8015 4104 1529 2469
5315 7093 6726 4518 4390 3716 3883 2641 4024 5375 2343 7382 6579 2765 4964 1603 1720 4622 6044 6041 3061 3956 7342 3228 1655 1923 5366 5100 3606 4512 5866 3310 894 3361 5964 7592 3551 3324 3201 3298 2828 3640 3395 4420 3275 2220 2340 2024 3764 3805 4981 6906 0 3061 7823 4420 7433 5903 5909 4753
4404 4134 4242 4162 1431 5375 3041 3201 1802 4500 4219 4401 3580 1334 4386 2154 3905 5522 4951 6296 3800 1392 6800 6171 1500 1513 2450 3940 6660 7158 3238 5000 2801 4219 5860 4534 5691 6260 2789 6216 412 1019 2846 7427 5375 4606 4401 5020 3231 2523 4459 6673 3061 0 7547 4729 4390 3891 5243 4205
11928 10062 5803 3471 7186 5021 4522 5200 9314 3086 10160 8000 9491 6300 11840 6511 9543 3613 2863 13509 4770 6487 900 10159 7144 8287 7083 11482 9218 7400 10218 5220 6940 10970 1860 9419 5885 10252 4957 10288 7849 8508 4827 9154 5845 6519 6053 8005 4404 5024 11901 921 7823 7547 0 3413 8602 4726 2325 3360
8900 8173 5060 1000 4909 2118 1923 1843 6525 1886 6762 6887 7565 3395 8732 3220 6140 1081 2507 10244 1360 4104 3036 6841 3944 5110 5263 8508 6103 4810 7823 2121 3546 7641 1565 7940 3008 6937 1941 6964 4933 5748 1910 6251 2844 3238 2745 4707 1603 2517 8781 2505 4420 4729 3413 0 7316 3764 1923 1272
6708 2061 2828 6356 3061 8850 5456 6661 4428 5903 8411 670 1838 4949 7045 6228 8207 8377 5813 9178 7101 3679 7702 10558 5800 5818 2202 6181 11000 11139 3448 8570 7029 7990 7611 894 9440 10647 5798 10600 4695 4176 5693 11703 9140 8630 8297 9323 5813 4924 7144 8015 7433 4390 8602 7316 0 3911 6549 6168
8105 5360 1303 2765 2900 5685 2325 3900 5326 2061 7808 3354 4808 3224 8184 4310 7343 4841 1902 10171 4081 2505 3832 9066 4428 5220 2459 7592 8918 8292 5745 5521 5135 8065 3736 4701 6463 9166 2973 9154 4295 4580 2785 9361 6212 6092 5635 7253 2641 2137 8266 4104 5903 3891 4726 3764 3911 0 2647 2500
9640 7840 3889 1392 4870 4026 2262 3289 6997 761 8188 6001 7255 4036 9577 4441 7602 2773 806 11321 3041 4162 1562 8631 4981 6087 4837 9183 8000 6705 7905 4044 5015 8860 1118 7310 4924 8729 2801 8747 5560 6191 2640 8174 4767 5103 4604 6537 2220 2720 9642 1529 5909 5243 2325 1923 6549 2647 0 1166
8570 7202 3801 316 4044 3312 1166 2158 5993 707 7023 5700 6600 2941 8481 3275 6440 2343 1403 10183 2002 3275 2690 7553 3828 4949 4219 8129 7034 5993 7060 3231 3862 7700 1676 6844 4162 7653 1640 7665 4494 5189 1486 7300 3956 4119 3622 5500 1063 1708 8542 2469 4753 4205 3360 1272 6168 2500 1166 0
# set of given starting solutions
0 52 31 21 5 9 56 38 37 25 27 45 48 34 46 20 16 12 7 43 35 53 49 23 51 57 17 33 18 40 58 11 14 24 47 32 2 6 22 1 15 50 19 44 13 10 55 39 29 26 54 42 8 3 28 59 4 36 41 30 0
0 40 38 16 9 58 53 51 36 55 57 15 4 45 13 3 46 48 49 5 17 10 28 7 20 25 14 54 1 31 29 59 34 27 42 8 22 47 33 39 19 2 18 56 30 32 12 44 43 50 37 6 35 21 26 23 11 41 52 24 0
0 55 45 36 39 8 52 4 33 5 29 2 16 58 56 14 9 20 31 12 25 13 7 53 32 19 28 46 48 59 15 49 41 54 57 10 51 26 11 3 37 22 18 40 43 38 1 42 21 34 17 50 47 27 30 24 6 23 44 35 0
0 10 9 27 42 55 18 29 58 20 56 16 26 39 38 40 8 28 24 5 43 30 6 7 32 41 1 11 51 50 59 53 52 49 14 15 36 46 35 22 34 47 13 25 12 19 33 4 45 37 31 3 48 57 2 54 44 23 17 21 0
0 51 33 41 21 27 11 2 13 4 10 53 56 24 19 34 20 28 15 1 29 6 45 37 7 54 39 48 26 32 57 30 5 49 55 47 9 42 16 50 46 18 31 40 17 44 8 23 52 14 59 22 43 3 38 12 58 35 25 36 0
0 18 37 17 23 21 2 15 43 53 50 10 1 26 56 49 52 4 9 44 55 25 14 36 35 34 41 31 28 54 51 38 32 30 3 29 7 59 13 47 57 24 46 39 48 27 19 40 22 12 45 5 20 58 33 8 42 16 11 6 0
0 1 8 35 12 41 43 25 31 28 10 7 19 18 22 24 44 17 55 48 33 56 47 40 15 32 53 42 23 26 58 9 6 37 20 4 13 34 30 11 49 59 51 5 27 57 21 46 2 54 52 29 36 14 45 16 38 39 50 3 0
0 41 5 35 25 21 57 44 45 27 12 56 24 37 3 20 14 18 28 13 59 11 46 23 52 7 26 15 16 29 50 32 36 2 53 30 39 48 51 6 17 10 34 22 31 43 8 47 55 54 19 40 42 49 9 4 38 1 33 58 0
0 17 6 19 13 10 8 16 35 24 21 31 12 47 22 55 36 40 42 25 11 2 38 56 34 30 45 9 58 51 53 14 1 33 49 26 20 27 39 46 15 54 7 23 44 18 52 43 5 59 48 29 28 4 57 3 41 37 32 50 0
0 14 2 31 51 41 47 43 23 30 15 34 38 53 49 40 29 59 12 46 39 57 25 24 36 1 52 17 33 11 56 58 55 9 22 37 3 7 28 8 42 50 19 45 4 32 48 27 54 13 26 44 18 21 6 10 20 35 5 16 0
0 10 15 38 46 57 59 41 56 31 22 11 51 8 19 21 24 29 47 12 16 53 2 26 52 54 55 58 7 45 9 39 5 17 50 6 40 42 14 43 34 32 48 49 37 44 18 20 33 1 23 30 35 36 27 25 4 3 28 13 0
0 49 16 18 50 36 56 9 57 24 19 29 13 26 17 32 15 55 8 28 53 33 46 44 30 25 21 52 39 23 1 41 11 20 37 27 12 14 38 5 58 42 22 48 54 47 34 3 6 7 10 31 4 2 40 43 59 35 51 45 0
0 42 31 5 30 47 53 41 6 26 19 44 8 1 58 28 36 32 45 56 46 52 55 25 21 48 12 16 22 13 11 43 7 17 40 3 14 50 35 24 39 51 59 10 23 15 49 2 18 33 4 37 29 54 9 27 20 34 57 38 0
0 8 10 43 29 33 31 22 30 54 40 55 48 4 46 45 15 21 32 44 47 49 42 57 28 16 34 53 3 2 5 51 35 18 58 37 52 24 41 25 19 1 59 26 17 39 56 13 20 14 6 50 9 11 27 23 36 7 38 12 0
0 39 21 51 34 18 22 16 35 8 19 10 49 26 15 1 17 5 47 58 48 31 24 7 44 20 23 42 38 11 40 52 53 3 12 45 30 36 54 37 2 14 56 13 57 59 4 46 55 50 28 29 32 43 9 41 27 25 6 33 0
0 29 44 8 49 53 10 21 27 12 11 30 55 47 28 37 9 15 35 26 50 14 59 2 58 25 6 57 46 13 52 24 3 36 38 32 18 45 16 33 41 1 17 19 40 56 5 22 43 7 51 4 54 39 34 31 23 20 42 48 0
0 9 22 33 56 40 2 6 39 28 19 5 18 8 3 42 59 58 15 12 21 54 23 26 51 24 4 14 49 50 45 43 31 41 20 7 16 52 38 30 48 11 17 34 44 1 46 47 32 35 37 53 55 27 57 36 10 13 25 29 0
0 39 15 23 56 50 21 24 6 2 13 17 35 7 12 59 46 53 20 49 42 9 10 25 44 34 40 38 43 36 28 41 48 45 58 51 47 26 31 55 27 19 37 22 33 5 54 14 16 8 32 3 11 18 57 4 1 29 30 52 0
0 10 23 30 40 6 32 44 12 49 7 37 24 2 18 36 53 45 41 15 22 26 3 4 48 16 59 51 14 43 25 54 50 35 56 46 31 11 8 57 29 39 58 38 17 5 33 9 47 19 55 52 27 28 21 42 34 20 1 13 0
0 17 12 44 54 50 59 5 30 27 49 41 33 19 25 2 57 31 14 46 35 22 29 11 20 10 3 53 42 43 24 48 58 9 37 4 34 32 40 21 45 51 38 28 18 55 26 7 47 39 13 36 56 8 1 6 52 16 15 23 0
0 49 28 55 1 37 48 24 56 40 33 6 10 27 35 15 52 22 39 19 17 44 32 46 11 8 16 7 45 30 2 3 9 14 43 58 36 25 42 50 41 38 23 12 47 18 26 53 51 54 5 59 31 34 29 4 57 20 13 21 0
0 53 17 31 47 6 34 14 24 8 50 19 18 52 27 5 9 59 46 37 26 1 58 25 15 11 35 10 4 54 23 51 45 40 49 48 39 30 57 20 42 41 32 29 43 21 2 13 55 44 38 33 28 3 36 7 16 56 22 12 0
0 50 26 5 41 58 18 34 24 13 23 2 3 4 12 55 9 37 49 45 1 52 31 47 48 53 38 56 27 29 44 51 21 36 8 19 17 20 11 14 25 33 57 32 43 28 10 16 40 30 35 42 39 54 46 59 22 6 15 7 0
0 54 24 43 25 41 37 42 16 22 39 14 35 10 8 11 52 13 19 45 44 33 46 36 34 1 17 20 23 59 18 58 26 38 30 21 28 27 12 4 2 50 29 47 3 55 40 49 48 7 57 15 32 31 6 56 9 51 53 5 0
0 54 20 24 55 32 51 57 10 34 27 22 26 47 38 12 17 2 4 3 33 56 39 14 45 35 37 23 11 30 44 29 19 9 6 25 18 52 50 58 13 46 43 16 21 41 1 59 36 42 15 40 31 53 49 28 5 8 48 7 0
0 46 36 26 48 37 47 4 31 5 13 3 11 7 10 8 1 15 49 16 19 18 30 42 24 12 29 40 58 59 50 44 28 35 17 38 14 21 6 22 23 20 34 57 41 53 9 54 55 33 32 27 51 52 2 39 45 25 56 43 0
0 2 25 26 57 10 40 8 4 13 24 53 1 19 33 50 23 43 14 18 36 11 7 28 17 37 44 30 51 52 46 38 9 49 5 27 22 39 59 45 35 32 12 16 31 42 54 3 56 34 21 47 58 41 6 55 20 15 29 48 0
0 1 2 11 48 36 39 47 54 6 4 50 43 46 31 21 23 28 49 22 3 9 52 5 12 34 20 25 32 44 30 40 17 29 42 8 16 35 45 55 13 37 57 10 15 41 59 51 19 53 7 26 18 56 24 58 14 33 27 38 0
0 43 35 42 24 50 9 8 21 1 2 44 13 4 11 54 45 37 38 3 56 23 46 28 34 20 30 17 41 14 47 36 51 53 33 31 32 58 10 59 18 27 22 5 52 40 57 15 55 19 26 48 12 39 7 49 6 16 25 29 0
0 47 37 18 29 45 23 24 4 36 53 19 27 26 46 34 54 58 11 1 14 8 13 7 40 32 25 3 20 56 17 42 48 33 12 35 50 43 2 21 6 52 10 28 31 39 5 57 38 30 51 16 59 55 41 22 15 49 44 9 0
0 26 8 6 2 28 14 49 32 23 4 3 59 17 51 25 41 46 10 36 27 53 54 22 40 21 56 20 43 9 44 35 52 29 47 12 45 34 11 33 5 39 37 58 31 18 57 38 16 48 19 24 7 30 15 55 50 1 13 42 0
0 40 52 33 32 31 19 22 18 35 16 48 26 13 29 44 24 4 28 38 59 9 21 37 7 39 43 12 3 53 49 25 2 50 54 34 36 10 30 41 14 58 51 47 23 6 45 42 56 5 15 17 8 11 27 1 20 46 55 57 0
0 48 5 31 26 57 56 28 3 29 13 42 11 27 18 51 36 33 58 45 54 25 41 35 22 39 50 6 7 4 47 15 55 1 20 16 34 32 8 44 10 30 49 2 9 19 43 53 52 38 24 12 46 59 37 21 40 17 14 23 0
0 57 3 6 23 48 24 53 59 21 10 44 52 55 9 47 35 50 2 36 37 17 56 5 8 34 18 11 26 33 49 40 14 39 13 38 32 30 28 41 58 25 45 22 16 31 20 7 43 12 42 19 1 29 51 27 15 46 4 54 0
0 51 39 21 14 52 3 36 59 28 43 26 1 48 41 18 57 42 2 11 13 50 9 53 5 35 8 33 31 55 12 20 38 15 25 10 7 54 56 6 4 46 34 49 17 40 37 27 16 47 24 45 19 32 44 29 30 58 22 23 0
0 28 23 54 38 42 56 20 34 15 16 26 37 10 13 52 48 53 46 36 40 9 22 30 57 27 12 14 32 33 1 18 45 44 11 24 21 35 43 47 2 51 17 39 19 5 55 58 31 7 50 59 6 41 4 29 8 49 25 3 0
0 40 13 42 44 18 51 34 57 30 7 49 22 55 29 15 32 3 20 28 36 2 48 24 17 8 54 16 10 5 56 31 11 26 58 14 4 39 50 38 19 52 12 21 9 45 27 47 37 1 46 59 43 35 41 25 53 23 33 6 0
0 42 20 18 15 40 8 16 48 22 6 27 57 10 30 41 31 5 43 9 44 36 33 56 34 35 24 45 37 55 23 59 38 11 4 7 54 29 52 50 13 53 46 25 26 51 21 39 1 28 14 58 19 17 32 12 2 49 47 3 0
0 41 22 54 12 23 32 34 16 27 36 42 48 46 37 20 51 40 2 58 4 47 31 3 28 38 13 26 59 45 24 9 44 35 29 56 39 19 52 53 14 33 49 7 55 17 30 5 21 50 1 25 18 11 10 43 57 6 15 8 0
0 29 23 57 56 45 13 27 21 10 28 18 50 48 25 59 51 6 20 33 47 53 43 46 19 15 26 36 39 44 52 11 8 37 31 1 3 16 30 32 55 40 12 49 7 38 58 22 34 9 2 54 35 41 42 24 17 5 4 14 0
0 8 4 51 35 48 56 32 49 2 12 10 6 41 47 33 38 22 45 42 57 29 27 24 25 3 18 19 16 1 28 39 31 34 53 5 44 59 46 14 11 36 15 52 26 7 40 20 55 23 9 58 50 43 54 13 30 17 21 37 0
0 56 50 30 29 17 39 27 14 34 44 11 37 59 7 48 43 45 18 12 49 35 15 54 33 4 32 47 20 53 19 31 3 40 51 23 41 42 24 26 2 52 16 55 9 5 6 10 21 36 28 13 58 1 38 46 57 25 8 22 0
0 56 30 7 31 21 1 27 41 43 26 17 47 5 6 37 9 58 24 54 8 16 22 50 25 44 13 36 52 4 23 38 11 46 34 48 12 51 10 29 18 53 32 45 35 2 49 39 57 14 15 28 59 42 55 20 33 19 3 40 0
0 27 59 4 5 16 23 53 57 32 48 25 50 42 44 17 30 10 49 20 24 29 31 9 1 34 11 12 47 46 38 33 52 58 8 41 14 15 2 40 19 18 3 7 39 55 45 28 36 54 26 35 51 56 43 22 13 21 6 37 0
0 49 55 7 52 29 3 36 59 51 8 9 30 46 6 33 12 2 50 57 41 54 58 1 38 32 47 26 24 13 25 16 39 18 34 40 27 37 35 5 53 19 42 23 48 10 56 17 14 43 45 44 28 21 31 15 4 20 22 11 0
0 19 14 59 2 58 6 39 12 52 22 4 24 32 54 43 15 56 30 25 46 7 57 49 8 26 50 35 20 42 11 28 45 23 40 5 9 41 13 21 53 17 3 36 37 10 38 55 48 33 29 27 31 51 16 44 34 18 47 1 0
0 3 37 12 30 25 46 51 19 56 31 6 29 44 36 22 23 5 38 57 18 17 52 4 13 49 28 21 40 8 54 10 2 16 55 34 53 24 20 48 7 35 15 43 58 1 33 47 50 11 27 45 14 41 39 42 59 9 26 32 0
0 42 54 7 21 47 58 1 49 57 18 28 22 20 24 35 33 3 55 15 6 17 16 26 30 11 37 10 27 43 52 29 45 14 44 50 38 2 40 51 13 34 12 5 25 41 31 4 19 48 9 39 53 59 8 56 23 46 32 36 0
0 10 12 49 51 15 35 54 25 2 39 47 6 5 31 57 50 40 23 43 7 45 26 11 1 14 18 29 46 21 37 19 30 17 16 52 34 24 41 22 27 59 56 9 32 44 48 4 42 20 33 28 53 55 38 36 58 3 13 8 0
0 11 36 20 27 18 30 25 5 49 15 3 40 4 1 10 58 44 12 33 2 9 21 32 31 35 50 56 29 52 39 59 22 38 42 48 57 34 26 16 46 45 13 19 7 51 53 43 14 8 6 37 17 23 41 24 47 28 55 54 0
0 12 58 36 51 48 13 23 7 53 17 59 57 38 16 41 42 19 29 35 10 49 47 14 5 40 55 43 22 27 44 1 18 11 6 45 37 26 33 31 54 32 4 2 24 8 28 39 30 56 9 15 34 25 3 21 20 52 50 46 0
0 23 46 22 26 15 41 40 38 45 34 51 47 52 32 10 4 55 6 21 8 27 59 14 35 42 58 18 36 37 54 11 9 24 33 1 2 5 48 44 7 16 25 49 29 3 12 20 30 43 39 50 13 19 31 57 53 17 56 28 0
0 31 11 50 34 13 42 30 1 32 45 55 20 40 5 7 53 47 36 17 43 29 59 9 16 33 4 48 58 25 54 12 15 21 52 37 6 19 56 23 26 38 39 2 57 28 41 51 44 35 14 49 46 10 8 3 18 22 24 27 0
0 30 58 24 32 1 36 35 19 40 48 8 17 59 42 4 45 33 52 6 41 10 47 14 55 18 53 54 44 38 57 37 51 46 28 49 25 22 56 11 9 21 20 34 2 16 15 12 5 31 50 27 3 13 7 43 29 39 23 26 0
0 36 26 15 19 24 54 41 7 31 3 49 48 47 59 8 13 45 52 46 44 42 39 38 1 20 32 22 17 4 18 50 43 9 30 33 56 10 57 6 53 16 58 12 35 37 14 2 28 40 29 55 5 34 51 23 21 27 11 25 0
0 54 53 25 6 33 10 41 7 9 45 37 48 30 18 2 59 51 15 19 40 57 27 14 21 50 11 55 1 43 38 39 23 13 20 47 29 12 52 8 49 34 32 4 17 31 58 3 44 42 26 28 5 22 16 46 24 56 35 36 0
0 11 43 20 41 1 24 52 10 22 35 39 9 26 45 29 34 13 4 19 59 3 33 58 12 54 40 46 17 51 7 6 8 21 37 18 16 47 55 2 56 36 53 38 5 15 57 25 30 23 28 14 50 32 31 27 49 44 42 48 0
0 42 22 5 29 8 34 59 31 37 23 21 3 26 47 55 32 14 58 12 19 9 46 7 56 41 54 15 50 38 52 33 6 4 49 16 17 39 27 43 28 40 45 11 18 48 20 35 25 53 1 24 13 2 51 57 36 10 44 30 0
0 4 30 51 23 24 29 25 57 48 19 54 41 56 6 5 46 22 13 43 32 38 2 28 26 18 11 16 1 10 20 12 40 36 9 27 49 7 55 44 21 42 53 14 59 8 47 35 45 50 52 33 37 17 34 3 15 31 39 58 0
0 47 38 41 16 30 32 29 21 27 53 13 28 22 14 6 43 20 57 44 3 19 52 34 7 33 11 5 15 26 45 35 24 17 55 10 31 40 2 51 46 49 12 37 36 9 59 1 18 48 42 56 4 8 54 25 23 50 58 39 0
0 58 30 35 16 54 44 8 34 1 11 3 17 7 52 49 12 37 42 21 4 45 23 13 48 6 47 53 46 20 24 26 28 29 55 18 50 38 32 33 56 43 27 22 15 40 41 51 9 19 31 10 39 36 14 2 25 57 5 59 0
0 32 22 8 31 20 56 57 36 40 7 28 43 6 29 37 46 9 17 19 10 5 52 54 50 25 14 12 53 45 11 33 55 42 13 18 3 59 38 16 1 48 24 15 34 4 27 39 23 51 35 26 44 58 47 49 21 2 30 41 0
0 27 18 44 31 15 24 16 29 38 52 8 26 54 57 55 58 48 59 46 21 36 47 43 1 35 10 28 13 49 32 3 23 41 4 30 51 20 12 37 11 45 5 39 34 56 40 2 19 6 25 50 14 33 9 7 22 53 42 17 0
0 31 39 35 15 38 22 10 42 26 45 14 34 46 40 1 7 51 58 20 48 28 49 47 11 24 23 12 29 56 50 25 57 16 44 19 41 36 53 3 9 4 54 30 59 55 33 17 6 18 2 21 37 52 8 5 13 32 43 27 0
0 13 8 29 50 17 27 52 6 25 34 43 10 26 23 38 30 4 1 56 58 19 54 12 20 42 45 24 31 9 33 51 41 44 2 36 57 11 28 40 55 46 18 49 48 7 53 16 15 59 39 35 3 37 5 32 22 47 21 14 0
0 37 18 40 27 21 52 1 4 10 56 50 58 38 26 59 31 17 51 49 23 5 39 16 32 46 13 20 11 33 45 2 36 12 3 55 57 30 6 41 15 19 48 42 53 54 8 25 44 35 43 22 28 47 7 34 24 14 29 9 0
0 57 18 13 46 26 20 49 6 56 38 23 31 22 2 48 27 28 43 11 52 40 50 10 37 53 17 15 14 25 5 36 12 21 58 59 39 4 8 35 3 9 55 30 45 19 34 29 16 41 44 7 32 47 1 42 51 24 33 54 0
0 12 55 34 43 35 39 38 16 5 42 37 46 53 23 20 13 54 3 49 27 19 9 28 6 52 17 48 15 14 1 26 40 25 41 59 57 10 47 7 24 45 44 22 2 36 56 33 18 11 32 21 30 51 8 50 31 58 29 4 0
0 52 17 24 4 6 35 14 15 5 29 34 39 1 26 50 53 7 45 48 56 38 58 20 19 16 33 23 21 31 43 59 10 42 18 28 12 46 3 11 32 2 22 30 57 47 13 9 36 37 49 40 27 54 8 25 51 44 41 55 0
0 3 44 36 2 35 19 37 29 12 23 45 13 7 32 52 58 46 54 14 42 16 41 39 28 31 8 59 34 48 21 26 40 15 49 53 22 30 18 6 5 56 20 38 51 1 17 10 55 57 27 4 43 11 24 33 50 9 47 25 0
0 14 53 47 1 35 22 36 33 24 29 16 55 42 5 30 51 8 48 46 12 40 43 41 4 57 9 37 18 21 58 23 11 59 44 10 31 20 54 7 27 6 49 25 26 32 3 38 56 17 2 28 39 45 50 34 13 52 19 15 0
0 12 17 9 57 42 52 27 13 7 44 43 41 55 45 20 46 53 21 59 37 47 4 16 10 14 3 6 39 38 5 35 49 15 1 26 18 31 11 32 48 30 19 28 58 50 36 22 24 29 54 56 2 51 8 40 33 25 34 23 0
0 56 39 5 14 4 15 47 54 8 37 2 25 59 9 3 32 11 20 21 49 57 53 34 13 17 41 36 10 58 23 42 26 43 38 19 27 29 22 28 31 40 35 48 44 50 30 18 55 24 7 6 33 1 16 51 52 46 12 45 0
0 1 15 57 40 16 13 9 8 22 14 21 23 11 30 5 54 28 17 12 26 35 36 39 7 29 24 37 32 58 41 18 20 25 10 46 49 33 19 53 38 42 31 55 47 52 51 43 44 34 59 6 4 45 27 50 56 3 48 2 0
0 57 54 52 46 23 18 59 26 11 7 38 39 30 48 40 16 5 47 44 10 4 35 33 34 41 42 49 20 37 25 13 6 3 43 36 21 12 29 15 1 28 55 50 51 19 14 8 32 24 2 17 58 45 27 31 22 9 53 56 0
0 4 32 11 13 16 41 47 9 48 54 7 21 46 30 27 24 25 17 6 14 19 49 12 35 28 44 58 22 26 50 33 38 18 2 55 57 20 37 29 53 34 36 31 10 42 3 8 43 40 56 15 45 1 52 23 59 51 5 39 0
0 51 5 50 24 32 23 16 31 1 43 42 38 57 44 41 21 25 46 11 22 58 35 54 18 45 37 28 56 15 33 48 12 49 30 59 19 55 9 39 13 10 40 20 3 2 53 14 6 52 8 17 27 26 29 4 7 36 34 47 0
0 10 5 12 56 47 58 27 44 23 35 22 43 19 42 15 37 14 55 30 31 7 2 17 24 45 33 41 49 57 38 8 28 29 34 25 4 3 36 53 50 21 13 11 46 40 32 20 18 39 51 16 59 52 54 9 6 1 26 48 0
0 21 17 23 4 45 48 53 11 47 50 26 42 22 52 37 35 33 9 56 43 3 51 59 28 5 18 14 49 24 10 7 44 36 38 40 27 46 41 15 39 12 31 34 30 20 32 6 29 2 54 55 1 57 13 19 16 58 8 25 0
0 13 53 23 20 14 5 40 26 35 48 16 44 22 57 21 54 46 27 47 43 24 12 56 9 6 1 3 58 37 4 11 31 34 18 25 45 52 29 38 7 42 10 55 30 8 41 49 15 19 33 39 51 50 28 17 2 59 36 32 0
0 3 37 28 59 15 30 51 6 44 9 16 31 27 32 25 39 40 38 24 4 10 36 46 5 34 42 53 13 52 1 48 14 54 7 41 57 35 20 22 17 58 26 29 50 47 33 23 18 8 45 2 21 19 11 55 43 12 49 56 0
0 28 14 33 52 10 41 25 54 39 50 11 59 31 19 37 16 3 6 5 47 1 34 35 7 51 9 13 21 2 4 44 15 22 43 53 57 56 23 17 40 30 27 38 29 24 55 26 46 42 8 49 36 45 20 18 48 32 58 12 0
0 19 56 41 52 28 3 39 46 37 51 21 49 44 55 29 53 40 10 14 22 42 17 4 58 23 27 13 25 45 38 1 50 9 54 15 5 59 12 57 48 36 43 32 6 18 11 20 31 26 2 7 34 30 35 24 8 33 47 16 0
0 9 24 20 55 30 29 2 46 12 19 6 57 56 28 47 11 59 48 49 4 39 43 18 36 3 32 54 15 8 42 35 45 50 13 5 21 23 51 37 26 33 34 25 14 52 31 10 41 40 7 53 58 16 27 1 17 22 44 38 0
0 59 11 5 3 4 12 47 17 9 7 28 23 52 51 42 35 54 40 44 43 13 38 26 50 56 55 10 41 45 15 34 25 58 39 30 37 16 21 48 36 19 32 53 24 1 6 2 20 14 18 49 8 57 33 31 22 27 29 46 0
0 58 32 29 36 30 15 39 57 28 20 23 3 21 13 35 11 9 7 4 59 44 16 5 24 47 51 18 53 8 40 2 56 19 27 50 31 43 6 49 45 55 22 41 10 33 52 42 34 26 1 37 46 38 17 14 25 12 54 48 0
0 16 3 26 52 37 17 8 6 31 55 9 35 14 41 46 45 25 57 1 28 36 40 50 49 29 43 12 48 18 22 42 53 20 30 19 59 39 51 7 32 27 38 15 4 5 47 2 34 33 10 21 11 44 54 58 13 24 56 23 0
0 26 52 22 15 10 12 30 17 6 1 36 9 59 42 31 14 32 40 53 33 7 57 28 55 25 5 35 3 11 19 8 27 48 56 4 58 45 24 50 18 51 2 54 39 13 43 21 47 23 46 41 37 38 29 34 16 20 49 44 0
0 43 32 58 40 26 46 30 48 3 1 37 23 50 25 14 16 28 42 56 52 53 38 11 57 35 17 13 49 59 21 36 39 45 18 51 47 34 12 9 6 41 10 33 4 27 7 20 22 15 19 54 24 29 2 55 44 31 5 8 0
0 20 7 40 18 29 22 12 32 26 57 25 54 16 52 28 43 50 42 56 47 41 44 53 59 30 49 35 17 36 9 14 15 19 37 5 21 58 34 27 51 2 45 13 11 33 4 48 55 1 46 6 10 24 39 8 31 23 3 38 0
0 20 25 21 39 13 35 55 46 36 22 11 57 50 29 32 38 18 3 42 6 9 58 26 53 34 37 40 49 27 10 43 17 59 2 15 48 16 41 7 5 52 47 30 33 54 4 12 44 45 19 8 28 51 31 1 14 24 56 23 0
0 32 23 14 26 17 59 49 20 9 18 42 15 45 44 56 52 11 16 41 54 29 36 12 4 48 57 40 27 5 39 53 28 38 33 43 22 51 21 25 6 2 50 24 1 37 55 35 31 3 10 47 34 19 7 13 58 30 8 46 0
0 46 17 48 53 21 25 47 44 18 34 2 29 30 19 4 41 49 32 36 15 43 7 16 31 5 12 52 45 20 13 9 3 42 35 33 11 37 55 14 23 22 39 24 59 26 56 6 40 54 10 57 8 38 27 50 28 1 51 58 0
0 50 26 55 31 17 49 12 56 3 47 40 58 44 57 16 36 13 10 41 28 18 52 15 11 5 6 59 35 9 43 48 7 38 22 14 37 24 20 39 27 8 29 53 4 34 2 1 23 54 46 25 42 21 45 30 51 33 19 32 0
0 46 39 4 54 53 23 29 13 24 16 5 35 1 43 56 27 52 10 30 11 44 42 55 59 50 51 12 26 58 41 3 22 33 21 36 7 6 15 32 31 47 48 20 25 19 17 18 57 14 40 2 28 9 49 8 45 38 37 34 0
0 36 38 22 25 11 1 45 28 43 57 47 35 27 55 24 7 5 58 14 37 9 51 32 17 15 52 19 31 53 59 54 26 41 23 21 34 33 40 6 39 44 29 10 49 42 2 13 12 50 56 18 20 16 30 46 4 3 48 8 0
0 29 35 10 31 1 56 15 14 51 25 17 24 52 57 13 44 19 41 38 2 37 16 3 42 23 34 11 27 33 32 7 48 9 8 12 39 47 30 43 50 20 53 45 28 4 5 6 55 46 26 49 59 36 40 54 22 18 58 21 0
0 47 11 44 39 13 52 34 26 53 9 43 22 1 14 3 37 40 54 58 31 8 21 7 5 2 59 18 27 12 10 33 6 45 15 38 48 50 24 19 41 4 46 17 23 28 32 51 36 25 55 42 35 29 30 20 16 49 57 56 0
0 1 5 47 51 26 55 46 35 28 22 41 43 32 24 58 25 44 18 42 45 9 11 30 16 12 52 3 40 53 57 27 6 38 49 23 17 59 33 31 19 34 20 8 13 14 29 56 2 48 10 15 50 54 37 21 4 39 7 36 0
0 5 42 10 22 47 1 34 46 49 24 28 48 3 44 26 15 7 6 25 32 41 29 27 38 2 8 43 52 4 14 39 18 20 23 11 13 17 35 33 19 12 45 16 59 55 21 36 54 30 53 37 56 40 31 58 50 9 51 57 0
0 45 46 58 36 55 54 20 29 56 16 14 19 1 38 53 24 5 40 25 6 47 31 17 7 30 35 26 9 27 8 13 43 59 41 12 42 50 18 44 4 15 48 33 39 34 49 28 3 21 11 52 32 2 51 57 22 23 10 37 0
0 59 27 23 13 1 18 58 45 15 10 42 24 44 51 7 6 26 40 53 49 57 54 39 41 38 33 12 55 56 35 14 29 9 48 46 19 36 37 20 47 2 3 32 8 34 22 28 21 17 11 43 52 30 31 16 4 50 25 5 0
0 5 42 22 7 51 6 45 32 28 26 36 1 56 16 52 23 43 21 19 29 53 31 58 49 54 55 27 3 10 40 9 57 37 41 8 39 48 17 20 13 35 38 15 59 4 25 2 24 14 18 47 44 50 12 34 33 30 11 46 0
0 23 4 8 12 32 58 7 1 34 27 25 55 47 48 11 9 21 28 37 54 39 38 16 29 2 35 57 52 43 56 19 33 40 3 59 20 36 26 22 17 30 5 15 18 24 50 31 10 44 51 6 14 45 13 49 53 41 46 42 0
0 56 44 34 27 42 31 22 47 12 20 4 43 50 45 18 25 2 26 17 54 14 6 10 48 40 36 29 52 19 7 11 15 41 30 33 16 35 21 37 58 53 59 3 49 38 51 5 39 46 57 24 28 13 32 8 9 55 23 1 0
0 53 31 48 29 56 49 40 54 20 24 34 4 7 32 47 39 13 16 22 6 55 51 30 26 52 19 25 15 14 18 43 23 8 11 41 59 1 44 21 50 12 38 17 45 58 9 10 2 27 35 37 5 28 46 42 3 33 36 57 0
0 23 38 25 15 39 50 51 20 42 27 58 54 34 26 46 22 53 35 48 57 28 59 18 44 24 43 13 32 11 21 41 4 17 16 8 56 12 52 2 9 10 5 19 6 45 40 3 1 37 29 33 36 31 55 14 7 49 47 30 0
0 4 42 40 50 20 26 24 28 13 35 58 59 47 17 27 11 30 45 12 36 16 57 25 54 2 53 19 21 32 38 10 34 3 43 52 29 48 33 22 31 8 5 49 15 55 7 56 9 46 23 37 1 51 39 18 41 14 6 44 0
0 32 37 40 20 11 23 48 9 33 34 36 10 39 1 47 31 8 13 18 42 3 49 7 15 55 57 52 17 43 51 30 25 29 14 50 21 46 54 4 28 12 45 24 35 6 38 26 44 19 59 2 41 58 5 53 16 27 56 22 0
0 1 48 38 50 58 41 59 15 5 10 24 17 22 27 51 46 8 55 53 26 56 9 19 3 37 33 29 7 2 23 44 49 20 13 34 12 35 52 32 57 31 42 45 6 30 21 39 40 18 43 54 36 4 47 14 28 11 25 16 0
0 29 52 27 37 39 9 48 10 28 44 12 26 57 2 8 17 35 31 20 22 55 58 16 5 32 30 1 33 19 13 45 40 56 7 24 34 23 25 54 3 41 14 47 36 18 11 43 6 53 38 42 46 59 15 50 51 21 4 49 0
0 4 39 41 13 45 47 7 31 36 2 43 1 35 33 29 3 58 30 34 16 9 22 18 37 19 49 20 40 48 42 8 55 50 46 5 38 25 53 54 44 21 11 24 51 26 27 52 10 32 12 59 28 14 17 56 23 57 6 15 0
0 45 50 51 53 34 57 28 47 55 49 42 9 58 22 14 54 37 43 59 36 32 2 3 11 16 6 46 15 19 38 5 44 39 20 56 8 33 13 25 31 21 12 52 18 23 24 40 41 35 17 4 27 26 1 7 29 10 30 48 0
0 15 18 33 39 43 22 45 50 2 35 4 5 52 51 53 54 37 31 41 55 21 46 13 56 9 6 58 49 8 7 28 16 14 29 38 1 24 11 47 30 25 3 12 48 36 20 59 32 26 27 42 40 57 23 44 10 34 17 19 0
0 40 33 28 29 49 13 20 12 37 56 43 30 1 46 55 27 52 26 41 8 3 15 36 17 11 35 45 2 4 19 39 21 22 16 50 58 23 51 59 34 18 47 44 38 53 6 10 5 9 57 24 48 32 25 14 54 31 7 42 0
0 7 2 39 56 58 5 52 40 22 15 1 51 54 45 46 18 3 9 24 57 37 32 12 21 14 47 17 25 20 8 34 36 48 44 41 59 26 30 16 49 33 53 29 50 38 10 31 23 19 42 6 28 27 13 4 43 11 55 35 0
0 25 8 17 38 45 19 54 3 24 52 49 57 20 14 35 55 44 51 41 30 59 22 48 23 2 21 47 37 15 11 58 4 34 28 29 26 46 33 50 56 18 6 40 27 42 53 10 9 39 16 1 32 7 13 43 5 36 12 31 0
0 29 45 47 49 14 2 35 19 1 55 57 8 21 24 34 32 5 7 50 38 59 4 6 42 54 12 23 26 51 46 16 13 36 30 27 41 33 58 31 18 9 3 48 10 22 40 56 25 20 17 39 43 11 44 37 52 53 28 15 0
0 55 54 12 15 39 43 23 53 26 21 48 13 28 1 2 36 37 25 9 41 34 16 7 38 40 19 31 14 42 33 3 18 8 5 22 32 45 46 17 4 11 27 35 49 47 30 10 6 50 51 29 58 56 44 57 52 24 59 20 0
0 1 38 57 12 5 21 22 25 52 37 50 10 54 49 41 33 3 19 23 32 15 46 58 53 47 30 14 39 2 4 8 16 31 20 9 42 34 6 55 7 40 29 18 27 43 51 48 45 36 44 59 24 28 13 26 17 35 56 11 0
0 18 49 42 40 13 45 46 59 9 53 38 8 50 27 11 14 7 39 55 56 47 41 20 35 52 44 19 58 6 54 31 16 17 12 21 2 15 29 48 34 36 23 26 1 4 33 22 32 37 25 43 30 10 28 24 5 57 3 51 0
0 22 44 31 54 28 18 5 15 8 21 9 10 49 37 32 1 7 48 2 36 46 56 42 53 4 50 25 30 23 26 59 58 24 39 34 17 12 20 43 47 33 45 38 57 27 52 11 55 35 14 51 41 29 16 40 13 3 6 19 0
0 6 39 52 40 10 2 56 35 51 17 59 38 37 54 55 36 29 31 32 21 19 46 42 53 9 28 43 41 3 4 13 5 24 34 8 50 18 47 22 20 12 30 1 48 57 16 25 23 26 14 7 49 27 15 11 33 44 58 45 0
0 56 18 17 13 57 12 2 5 26 20 23 35 42 4 21 55 48 40 54 10 19 28 6 22 58 9 14 41 37 32 3 33 43 16 29 24 27 52 39 51 31 47 49 50 34 38 30 45 15 7 36 53 44 59 46 11 8 1 25 0
0 36 2 47 9 43 52 17 5 22 57 46 25 13 6 55 49 27 29 53 20 14 24 58 38 31 7 48 16 32 56 3 39 59 15 40 42 1 18 19 23 28 50 10 54 41 33 37 21 51 8 44 12 30 11 4 34 45 35 26 0
0 23 51 24 18 25 7 32 40 30 17 22 44 36 15 11 26 31 57 5 59 28 16 29 55 43 45 56 47 39 4 2 10 50 46 20 27 14 12 58 42 13 41 19 48 54 53 3 49 9 35 8 38 1 52 33 6 37 21 34 0
0 24 30 38 59 4 2 13 15 34 58 52 25 33 31 27 37 28 44 7 53 51 1 16 18 42 43 8 47 20 50 22 32 40 41 56 5 9 19 49 35 11 21 26 29 17 48 6 14 46 45 54 36 57 39 10 55 23 12 3 0
0 30 46 12 47 51 8 5 24 17 11 2 50 45 9 48 40 19 55 57 41 3 58 56 31 44 18 52 7 29 22 14 54 1 20 26 39 42 53 27 38 49 15 33 37 13 10 34 43 16 21 23 35 59 36 25 4 32 28 6 0
