# n n_solutions
60 1000
# n x n distance matrix
0 860 3201 824 5813 4596 4534 6772 4210 2954 2404 5813 3860 6264 4522 3780 1964 3324 3354 7872 2061 921 3733 6760 4609 6427 5597 4326 6746 7111 4522 5385 5554 1562 1941 1118 4687 8070 2200 2012 707 5590 2247 5608 3224 1923 6552 4876 3818 4123 2807 4440 2102 4617 2267 6395 5900 4100 2408 2469
860 0 3360 583 4957 4548 3701 6276 3721 2906 3006 6586 3969 5883 3721 2968 2408 3008 3330 7494 1236 1780 4044 6013 3832 5700 5903 3535 6198 6462 3709 4589 6306 1964 1780 1931 5345 7211 1581 1780 632 5028 3087 4964 2915 1442 5748 5660 4669 3301 3512 4527 2126 4110 1414 5824 5234 3584 1726 2280
3201 3360 0 2780 6530 7789 5080 9570 2860 824 1824 7723 670 9235 4753 4328 5060 1788 707 10845 4254 3361 6847 8845 6670 8611 8676 4534 9442 9550 6395 7283 7602 1700 1708 2846 7184 8926 4887 5099 2765 8276 3301 8098 1746 4801 8329 6806 5246 4652 2435 1252 1252 3189 3832 9046 8316 6895 4964 5590
824 583 2780 0 5161 5080 3820 6854 3401 2360 2501 6621 3397 6465 3764 3041 2716 2570 2780 8077 1700 1664 4438 6500 4304 6203 6306 3560 6767 7003 4143 5035 6369 1414 1252 1640 5510 7479 2154 2334 141 5597 2801 5510 2473 2024 6181 5679 4545 3394 3059 3959 1555 3805 1655 6389 5770 4162 2280 2831
5813 4957 6530 5161 0 7200 1456 6074 4119 5707 7382 11401 6735 6530 1802 2247 6906 4825 5953 7689 3905 6734 7930 3701 2801 3773 9464 2009 5646 4992 2402 2529 11080 6260 5162 6800 9932 2404 4390 5370 5300 4924 7962 4272 4837 4802 2758 10511 9626 1897 8048 7002 5630 4079 3546 5255 4178 4716 4118 5594
4596 4548 7789 5080 7200 0 6702 3584 8041 7440 6800 6103 8438 2596 7025 6363 3041 7517 7860 3901 4301 4743 1910 5466 4492 5044 2441 6946 3894 4860 4827 5107 5692 6152 6324 5300 4301 8549 3448 2778 5060 3252 5860 3841 7429 3269 5968 5590 5930 6527 6946 9013 6621 8381 5028 3801 4186 2529 3590 2282
4534 3701 5080 3820 1456 6702 0 6351 2816 4257 5947 10262 5307 6579 500 806 5860 3401 4517 7940 2823 5448 7105 4465 2830 4404 8782 632 6000 5590 2385 2973 9964 4837 3716 5456 8900 3860 3492 4464 3961 5060 6606 4522 3405 3860 3667 9347 8348 447 6624 5603 4178 2863 2302 5580 4545 4414 3255 4784
6772 6276 9570 6854 6074 3584 6351 0 8697 8968 9176 9679 10121 1063 6823 6453 6000 8640 9381 1615 5333 7316 5440 2807 3522 2501 5800 6860 509 1615 3966 3546 9269 8228 7877 7787 7877 6403 4701 4805 6907 1345 8669 1835 8580 4870 3705 9121 9234 6420 9533 10632 8318 8914 5882 824 1897 2692 4606 4440
4210 3721 2860 3401 4119 8041 2816 8697 0 2121 4360 9836 2823 8683 2353 2332 6103 1140 2163 10198 3757 4903 7764 7200 5280 7082 9617 2184 8429 8209 4882 5643 9630 3534 2404 4617 8881 6407 4609 5316 3505 7353 5546 6952 1220 4775 6462 8888 7523 2507 5060 2961 2594 412 3041 8005 7060 6300 4517 5787
2954 2906 824 2360 5707 7440 4257 8968 2121 0 2282 8023 1170 8700 3929 3512 4903 1000 424 10300 3635 3337 6684 8102 5948 7884 8543 3710 8811 8860 5651 6530 7863 1700 1131 2901 7305 8102 4341 4686 2385 7653 3613 7432 943 4313 7553 7085 5604 3832 2968 1664 854 2483 3138 8407 7632 6323 4382 5185
2404 3006 1824 2501 7382 6800 5947 9176 4360 2282 0 5907 2400 8653 5745 5142 3820 3220 2435 10255 4201 2061 5531 9001 6805 8700 7267 5522 9144 9464 6637 7532 5800 1140 2247 1500 5481 9769 4554 4401 2400 7983 1513 7963 3140 4317 8670 5000 3423 5500 707 2915 1843 4743 4079 8786 8238 6500 4726 4833
5813 6586 7723 6621 11401 6103 10262 9679 9836 8023 5907 0 8305 8697 10307 9552 4527 8780 8273 9865 7500 4976 4254 11121 9426 10707 4401 10121 9953 10822 9548 10217 412 6356 7432 5220 1802 13437 7076 6152 6488 9124 4428 9552 8683 6652 11322 948 2501 9879 5402 8800 7300 10248 7961 9798 9912 7877 7358 6107
3860 3969 670 3397 6735 8438 5307 10121 2823 1170 2400 8305 0 9822 4936 4601 5730 1910 806 11428 4788 4031 7517 9264 7116 9052 9346 4726 9972 10030 6815 7690 8200 2370 2247 3511 7826 9108 5464 5728 3394 8811 3905 8600 1902 5403 8697 7400 5813 4901 2942 583 1843 3088 4308 9570 8802 7462 5522 6222
6264 5883 9235 6465 6530 2596 6579 1063 8683 8700 8653 8697 9822 0 7021 6551 5246 8486 9121 1612 5099 6705 4491 3640 3794 3275 4743 7023 1500 2607 4237 4030 8286 7782 7580 7210 6896 7169 4360 4254 6500 1612 8004 2302 8417 4441 4440 8178 8400 6576 8949 10360 7988 8940 5728 1615 2507 2404 4327 3827
4522 3721 4753 3764 1802 7025 500 6823 2353 3929 5745 10307 4936 7021 0 761 5980 3026 4159 8405 2983 5420 7315 4964 3301 4904 9035 223 6481 6087 2860 3471 10023 4661 3498 5375 9006 4177 3721 4668 3905 5522 6506 5000 3041 4060 4159 9381 8309 500 6435 5200 3935 2376 2376 6060 5032 4808 3505 5024
3780 2968 4328 3041 2247 6363 806 6453 2332 3512 5142 9552 4601 6551 761 0 5220 2716 3800 8000 2236 4686 6576 4875 2973 4750 8315 608 6152 5882 2561 3312 9266 4031 2915 4669 8245 4648 3001 3931 3182 5122 5813 4666 2707 3324 4176 8628 7582 360 5818 4936 3383 2483 1615 5728 4750 4254 2801 4304
1964 2408 5060 2716 6906 3041 5860 6000 6103 4903 3820 4527 5730 5246 5980 5220 0 5277 5292 6768 3041 1769 1788 6802 4940 6407 3640 5818 6120 6768 5032 5742 4186 3361 3905 2334 3041 8910 2549 1640 2630 5080 2823 5345 5178 2126 6879 3687 3298 5515 3911 6312 4049 6500 3605 5854 5692 3640 2831 1708
3324 3008 1788 2570 4825 7517 3401 8640 1140 1000 3220 8780 1910 8486 3026 2716 5277 0 1140 10056 3397 3911 7008 7494 5412 7316 8876 2816 8431 8363 5069 5913 8590 2434 1400 3569 7915 7200 4201 4741 2647 7300 4438 6997 100 4272 6865 7833 6425 3001 3920 2220 1486 1526 2765 8015 7158 6082 4177 5235
3354 3330 707 2780 5953 7860 4517 9381 2163 424 2435 8273 806 9121 4159 3800 5292 1140 0 10720 4049 3687 7077 8464 6324 8256 8931 3945 9217 9247 6016 6888 8130 2022 1555 3224 7623 8336 4763 5108 2801 8062 3847 7829 1118 4737 7891 7343 5824 4104 3087 1252 1252 2483 3534 8811 8023 6742 4801 5608
7872 7494 10845 8077 7689 3901 7940 1615 10198 10300 10255 9865 11428 1612 8405 8000 6768 10056 10720 0 6683 8287 5800 4318 5110 4060 5630 8431 2061 3000 5556 5161 9454 9394 9183 8802 8089 7910 5964 5860 8112 2884 9560 3443 9990 6053 5261 9442 9824 7987 10534 11962 9596 10435 7291 2435 3511 3982 5920 5423
2061 1236 4254 1700 3905 4301 2823 5333 3757 3635 4201 7500 4788 5099 2983 2236 3041 3397 4049 6683 0 2952 4341 4801 2607 4504 6100 2844 5189 5336 2473 3354 7184 3106 2549 3162 6082 6060 854 1702 1802 4024 4308 3860 3324 1100 4512 6606 5780 2500 4738 5299 3008 4085 728 4792 4100 2701 781 2109
921 1780 3361 1664 6734 4743 5448 7316 4903 3337 2061 4976 4031 6705 5420 4686 1769 3911 3687 8287 2952 0 3522 7550 5440 7200 5323 5220 7342 7802 5385 6229 4743 1676 2517 565 4004 8987 2961 2517 1526 6212 1414 6307 3811 2617 7399 4031 2900 5032 2247 4609 2507 5315 3188 7017 6618 4709 3201 2886
3733 4044 6847 4438 7930 1910 7105 5440 7764 6684 5531 4254 7517 4491 7315 6576 1788 7008 7077 5800 4341 3522 0 6965 5521 6543 1868 7184 5700 6576 5745 6262 3848 5147 5661 4080 2459 9651 3613 2647 4368 4887 4341 5360 6911 3255 7286 3687 4079 6824 5522 8099 5830 8149 5015 5546 5720 3748 3860 2340
6760 6013 8845 6500 3701 5466 4465 2807 7200 8102 9001 11121 9264 3640 4964 4875 6802 7494 8464 4318 4801 7550 6965 0 2202 424 7901 5077 2302 1360 2451 1581 10732 7900 7170 7877 9381 3600 4589 5220 6603 2247 8962 1627 7463 4947 984 10394 10065 4701 9525 9684 7665 7306 5035 2039 1280 3244 4356 5099
4609 3832 6670 4304 2801 4492 2830 3522 5280 5948 6805 9426 7116 3794 3301 2973 4940 5412 6324 5110 2607 5440 5521 2202 0 1941 6854 3342 3188 2952 447 806 9060 5700 4981 5727 7779 4134 2507 3301 4409 2236 6841 1702 5371 2906 1969 8621 8094 2906 7343 7561 5474 5456 2844 2765 1780 1964 2247 3324
6427 5700 8611 6203 3773 5044 4404 2501 7082 7884 8700 10707 9052 3275 4904 4750 6407 7316 8256 4060 4504 7200 6543 424 1941 0 7481 5000 2009 1220 2247 1442 10317 7610 6922 7541 8962 3911 4242 4838 6300 1835 8614 1204 7279 4589 1204 9984 9679 4604 9208 9486 7414 7210 4785 1702 860 2830 4019 4701
5597 5903 8676 6306 9464 2441 8782 5800 9617 8543 7267 4401 9346 4743 9035 8315 3640 8876 8931 5630 6100 5323 1868 7901 6854 7481 0 8920 6184 7218 7151 7513 4004 6977 7528 5866 2789 10956 5314 4400 6236 5672 5954 6280 8779 5000 8405 4220 5197 8537 7170 9928 7689 9998 6800 6155 6621 4919 5532 4011
4326 3535 4534 3560 2009 6946 632 6860 2184 3710 5522 10121 4726 7023 223 608 5818 2816 3945 8431 2844 5220 7184 5077 3342 5000 8919 0 6529 6171 2906 3560 9841 4440 3275 5166 8839 4393 3605 4539 3701 5547 6293 5044 2828 3931 4295 9192 8105 447 6212 5000 3712 2236 2213 6107 5093 4775 3400 4908
6746 6198 9442 6767 5646 3894 6000 509 8429 8811 9144 9953 9972 1500 6481 6152 6120 8431 9217 2061 5189 7342 5700 2302 3188 2009 6184 6529 0 1118 3623 3130 9546 8160 7738 7792 8154 5900 4617 4825 6830 1170 8720 1486 8376 4827 3213 9360 9390 6095 9535 10469 8193 8627 5693 424 1476 2647 4494 4501
7111 6462 9550 7003 4992 4860 5590 1615 8209 8860 9464 10822 10030 2607 6087 5882 6768 8363 9247 3000 5336 7802 6576 1360 2952 1220 7218 6171 1118 0 3328 2617 10420 8417 7844 8201 9035 4916 4916 5323 7085 1708 9208 1503 8319 5200 2340 10176 10066 5762 9917 10492 8324 8360 5724 1063 1236 3140 4738 5080
4522 3709 6395 4143 2402 4827 2385 3966 4882 5651 6637 9548 6815 4237 2860 2561 5032 5069 6016 5556 2473 5385 5745 2451 447 2247 7151 2906 3623 3328 0 900 9192 5514 4726 5632 7939 3920 2523 3397 4257 2683 6767 2140 5032 2941 2039 8719 8112 2475 7199 7242 5223 5044 2601 3201 2193 2319 2247 3482
5385 4589 7283 5035 2529 5107 2973 3546 5643 6530 7532 10217 7690 4030 3471 3312 5742 5913 6888 5161 3354 6229 6262 1581 806 1442 7513 3560 3130 2617 900 0 9848 6412 5622 6500 8556 3443 3310 4104 5147 2418 7624 1746 5882 3712 1170 9420 8900 3162 8089 8104 6120 5768 3501 2731 1655 2594 3046 4110
5554 6306 7602 6369 11080 5692 9964 9269 9630 7863 5800 412 8200 8286 10023 9266 4186 8590 8130 9454 7184 4743 3848 10732 9060 10317 4004 9841 9546 10420 9192 9848 0 6181 7227 5021 1392 13090 6735 5800 6239 8723 4301 9158 8492 6312 10948 806 2451 9588 5333 8709 7119 10042 7666 9394 9518 7488 7017 5738
1562 1964 1700 1414 6260 6152 4837 8228 3534 1700 1140 6356 2370 7782 4661 4031 3361 2434 2022 9394 3106 1676 5147 7900 5700 7610 6977 4440 8160 8417 5514 6412 6181 0 1204 1204 5608 8640 3544 3551 1334 6992 2012 6923 2340 3361 7542 5412 3992 4390 1788 2952 948 3939 2942 7788 7184 5536 3687 4022
1941 1780 1708 1252 5162 6324 3716 7877 2404 1131 2247 7432 2247 7580 3498 2915 3905 1400 1555 9183 2549 2517 5661 7170 4981 6922 7528 3275 7738 7844 4726 5622 7227 1204 0 2213 6519 7561 3220 3560 1300 6573 3190 6390 1300 3182 6700 6484 5142 3269 2941 2780 500 2816 2137 7340 6609 5215 3275 4060
1118 1931 2846 1640 6800 5300 5456 7787 4617 2901 1500 5220 3511 7210 5375 4669 2334 3569 3224 8802 3162 565 4080 7877 5727 7541 5866 5166 7792 8201 5632 6500 5021 1204 2213 0 4404 9105 3306 2983 1500 6648 1166 6700 3471 3001 7665 4272 2968 5024 1746 4085 2109 5028 3275 7454 7000 5147 3522 3383
4687 5345 7184 5510 9932 4301 8900 7877 8881 7305 5481 1802 7826 6896 9006 8245 3041 7915 7623 8089 6082 4004 2459 9381 7779 8962 2789 8839 8154 9035 7939 8556 1392 5608 6519 4404 0 11856 5547 4580 5393 7343 3984 7793 7815 5131 9633 1431 2617 8549 5162 8374 6500 9291 6630 8005 8153 6140 5824 4459
8070 7211 8926 7479 2404 8549 3860 6403 6407 8102 9769 13437 9108 7169 4177 4648 8910 7200 8336 7910 6060 8987 9651 3600 4134 3911 10956 4393 5900 4916 3920 3443 13090 8640 7561 9105 11856 0 6363 7291 7615 5629 10271 4924 7218 6787 2729 12587 11840 4301 10427 9343 8031 6300 5830 5613 4669 6037 6081 7402
2200 1581 4887 2154 4390 3448 3492 4701 4609 4341 4554 7076 5464 4360 3721 3001 2549 4201 4763 5964 854 2961 3613 4589 2507 4242 5314 3605 4617 4916 2523 3310 6735 3544 3220 3306 5547 6363 0 984 2213 3448 4373 3413 4123 424 4476 6224 5594 3224 5003 6000 3635 4939 1581 4244 3701 2012 282 1303
2012 1780 5099 2334 5370 2778 4464 4805 5316 4686 4401 6152 5728 4254 4668 3931 1640 4741 5108 5860 1702 2517 2647 5220 3301 4838 4400 4539 4825 5323 3397 4104 5800 3551 3560 2983 4580 7291 984 0 2334 3701 3901 3847 4652 608 5247 5326 4846 4177 4729 6293 3889 5675 2402 4504 4177 2200 1252 500
707 632 2765 141 5300 5060 3961 6907 3505 2385 2400 6488 3394 6500 3905 3182 2630 2647 2801 8112 1802 1526 4368 6603 4409 6300 6236 3701 6830 7085 4257 5147 6239 1334 1300 1500 5393 7615 2213 2334 0 5660 2662 5590 2549 2059 6296 5546 4404 3535 2942 3962 1562 3911 1788 6456 5854 4215 2353 2828
5590 5028 8276 5597 4924 3252 5060 1345 7353 7653 7983 9124 8811 1612 5522 5122 5080 7300 8062 2884 4024 6212 4887 2247 2236 1835 5672 5547 1170 1708 2683 2418 8723 6992 6573 6648 7343 5629 3448 3701 5660 0 7602 707 7242 3667 2912 8469 8374 5103 8386 9314 7026 7574 4548 806 984 1503 3324 3413
2247 3087 3301 2801 7962 5860 6606 8669 5546 3613 1513 4428 3905 8004 6506 5813 2823 4438 3847 9560 4308 1414 4341 8962 6841 8614 5954 6293 8720 9208 6767 7624 4301 2012 3190 1166 3984 10271 4373 3901 2662 7602 0 7716 4346 4031 8793 3505 1992 6171 1220 4428 2954 5950 4441 8405 8030 6100 4609 4229
5608 4964 8098 5510 4272 3841 4522 1835 6952 7432 7963 9552 8600 2302 5000 4666 5345 6997 7829 3443 3860 6307 5360 1627 1702 1204 6280 5044 1486 1503 2140 1746 9158 6923 6390 6700 7793 4924 3413 3847 5590 707 7716 0 6946 3700 2213 8854 8640 4608 8414 9080 6862 7144 4295 1063 360 1708 3238 3640
3224 2915 1746 2473 4837 7429 3405 8580 1220 943 3140 8683 1902 8417 3041 2707 5178 100 1118 9990 3324 3811 6911 7463 5371 7279 8779 2828 8376 8319 5032 5882 8492 2340 1300 3471 7815 7218 4123 4652 2549 7242 4346 6946 0 4188 6844 7736 6331 3000 3841 2236 1392 1612 2701 7961 7111 6014 4103 5147
1923 1442 4801 2024 4802 3269 3860 4870 4775 4313 4317 6652 5403 4441 4060 3324 2126 4272 4737 6053 1100 2617 3255 4947 2906 4589 5000 3931 4827 5200 2941 3712 6312 3361 3182 3001 5131 6787 424 608 2059 3667 4031 3700 4188 0 4875 5800 5188 3569 4726 5954 3560 5124 1811 4472 4004 2184 706 1019
6552 5748 8329 6181 2758 5968 3667 3705 6462 7553 8670 11322 8697 4440 4159 4176 6879 6865 7891 5261 4512 7399 7286 984 1969 1204 8405 4295 3213 2340 2039 1170 10948 7542 6700 7665 9633 2729 4476 5247 6296 2912 8793 2213 6844 4875 0 10543 10062 3956 9238 9080 7200 6530 4609 2900 1941 3546 4215 5220
4876 5660 6806 5679 10511 5590 9347 9121 8888 7085 5000 948 7400 8178 9381 8628 3687 7833 7343 9442 6606 4031 3687 10394 8621 9984 4220 9192 9360 10176 8719 9420 806 5412 6484 4272 1431 12587 6224 5326 5546 8469 3505 8854 7736 5800 10543 0 1649 8958 4527 7905 6356 9300 7045 9176 9213 7158 6506 5325
3818 4669 5246 4545 9626 5930 8348 9234 7523 5604 3423 2501 5813 8400 8309 7582 3298 6425 5824 9824 5780 2900 4079 10065 8094 9679 5197 8105 9390 10066 8112 8900 2451 3992 5142 2968 2617 11840 5594 4846 4404 8374 1992 8640 6331 5188 10062 1649 0 7930 2901 6300 4939 7930 6082 9141 8984 6937 5866 5000
4123 3301 4652 3394 1897 6527 447 6420 2507 3832 5500 9879 4901 6576 500 360 5515 3001 4104 7987 2500 5032 6824 4701 2906 4604 8537 447 6094 5762 2475 3162 9588 4390 3269 5024 8549 4301 3224 4177 3535 5103 6171 4608 3000 3569 3956 8958 7930 0 6177 5215 3733 2607 1923 5671 4666 4332 3006 4527
2807 3512 2435 3059 8048 6946 6624 9533 5060 2968 707 5402 2942 8949 6435 5818 3911 3920 3087 10534 4738 2247 5522 9525 7343 9208 7170 6212 9535 9917 7199 8089 5333 1788 2941 1746 5162 10427 5003 4729 2942 8386 1220 8414 3841 4726 9238 4527 2901 6177 0 3405 2549 5440 4684 9192 8704 6888 5200 5124
4440 4527 1252 3959 7002 9013 5603 10632 2961 1664 2915 8800 583 10360 5200 4936 6312 2220 1252 11962 5299 4609 8099 9684 7561 9486 9928 5000 10469 10492 7242 8104 8709 2952 2780 4085 8374 9343 6000 6293 3962 9314 4428 9080 2236 5954 9080 7905 6300 5215 3405 0 2404 3162 4785 10063 9270 7987 6046 6789
2102 2126 1252 1555 5630 6621 4178 8318 2594 854 1843 7300 1843 7988 3935 3383 4049 1486 1252 9596 3008 2507 5830 7665 5474 7414 7689 3712 8193 8324 5223 6120 7119 948 500 2109 6500 8031 3635 3889 1562 7026 2954 6862 1392 3560 7200 6356 4939 3733 2549 2404 0 2996 2630 7800 7088 5643 3712 4386
4617 4110 3189 3805 4079 8381 2863 8914 412 2483 4743 10248 3088 8940 2376 2483 6500 1526 2483 10435 4085 5315 8149 7306 5456 7210 9998 2236 8627 8360 5044 5768 10042 3939 2816 5028 9291 6300 4939 5675 3911 7574 5950 7144 1612 5124 6530 9300 7930 2607 5440 3162 2996 0 3361 8203 7233 6573 4833 6140
2267 1414 3832 1655 3546 5028 2302 5882 3041 3138 4079 7961 4308 5728 2376 1615 3605 2765 3534 7291 728 3188 5015 5035 2844 4785 6800 2213 5693 5724 2601 3501 7666 2942 2137 3275 6630 5830 1581 2402 1788 4548 4441 4295 2701 1811 4609 7045 6082 1923 4684 4785 2630 3361 0 5283 4494 3324 1476 2828
6395 5824 9046 6389 5255 3801 5580 824 8005 8407 8786 9798 9570 1615 6060 5728 5854 8015 8811 2435 4792 7017 5546 2039 2765 1702 6155 6107 424 1063 3201 2731 9394 7788 7340 7454 8005 5613 4244 4504 6456 806 8405 1063 7961 4472 2900 9176 9141 5671 9192 10063 7800 8203 5283 0 1077 2308 4110 4204
5900 5234 8316 5770 4178 4186 4545 1897 7060 7632 8238 9912 8802 2507 5032 4750 5692 7158 8023 3511 4100 6618 5720 1280 1780 860 6621 5093 1476 1236 2193 1655 9518 7184 6609 7000 8153 4669 3701 4177 5854 984 8030 360 7111 4004 1941 9213 8984 4666 8704 9270 7088 7233 4494 1077 0 2061 3512 3984
4100 3584 6895 4162 4716 2529 4414 2692 6300 6323 6500 7877 7462 2404 4808 4254 3640 6082 6742 3982 2701 4709 3748 3244 1964 2830 4919 4775 2647 3140 2319 2594 7488 5536 5215 5147 6140 6037 2012 2200 4215 1503 6100 1708 6014 2184 3546 7158 6937 4332 6888 7987 5643 6573 3324 2308 2061 0 1941 1941
2408 1726 4964 2280 4118 3590 3255 4606 4517 4382 4726 7358 5522 4327 3505 2801 2831 4177 4801 5920 781 3201 3860 4356 2247 4019 5532 3400 4494 4738 2247 3046 7017 3687 3275 3522 5824 6081 282 1252 2353 3324 4609 3238 4103 706 4215 6506 5866 3006 5200 6046 3712 4833 1476 4110 3512 1941 0 1529
2469 2280 5590 2831 5594 2282 4784 4440 5787 5185 4833 6107 6222 3827 5024 4304 1708 5235 5608 5423 2109 2886 2340 5099 3324 4701 4011 4908 4501 5080 3482 4110 5738 4022 4060 3383 4459 7402 1303 500 2828 3413 4229 3640 5147 1019 5220 5325 5000 4527 5124 6789 4386 6140 2828 4204 3984 1941 1529 0
# set of given starting solutions
0 35 51 4 20 29 12 43 13 10 53 18 7 33 6 2 3 14 27 48 59 52 15 23 49 42 24 5 21 55 28 31 46 56 11 57 8 47 39 32 19 37 54 45 38 26 17 16 44 40 22 36 41 1 50 9 25 34 30 58 0
0 19 9 15 32 42 2 5 39 4 58 10 14 12 29 44 57 28 20 53 47 6 1 34 48 41 11 18 27 17 51 46 37 33 24 25 50 7 49 23 22 52 43 56 3 31 55 26 35 13 40 36 30 59 16 54 21 8 38 45 0
0 28 26 4 1 52 33 38 44 25 40 34 29 9 11 24 36 31 48 13 32 18 45 10 3 15 6 20 46 21 43 50 19 54 30 47 17 37 57 27 56 16 39 49 55 5 23 12 42 22 53 58 7 2 41 14 8 51 59 35 0
0 46 49 25 53 51 56 29 32 33 11 12 41 20 18 31 21 48 45 40 23 42 5 6 26 3 59 38 24 15 14 2 16 37 7 10 9 55 22 43 35 19 34 39 30 50 44 27 47 28 8 57 1 54 52 36 4 17 13 58 0
0 51 44 38 16 50 21 17 33 31 54 39 28 3 46 27 37 1 43 56 34 29 12 26 25 19 55 10 22 11 20 35 24 49 6 41 13 40 7 53 18 9 45 52 57 15 23 8 59 4 58 47 2 36 48 30 32 14 5 42 0
0 3 58 41 45 37 18 50 10 24 35 34 31 21 44 32 25 55 14 53 40 48 43 49 54 12 7 46 28 20 29 30 47 19 42 56 39 4 33 52 57 26 2 22 23 13 6 17 59 1 9 51 15 5 36 11 8 38 16 27 0
0 56 48 16 29 34 45 3 46 22 44 9 47 37 2 5 58 27 7 17 53 38 6 40 25 13 8 49 50 18 36 31 1 43 4 21 52 54 23 35 33 19 57 42 15 20 39 51 41 28 11 24 10 59 30 55 12 14 26 32 0
0 6 44 14 1 55 11 34 19 4 33 32 29 12 46 23 45 5 47 51 22 56 35 50 24 17 16 49 40 43 7 59 25 42 57 54 28 31 3 8 58 52 30 36 18 21 13 41 38 9 26 53 2 48 39 15 27 37 10 20 0
0 51 53 35 21 31 5 13 37 18 19 24 55 52 48 22 7 56 30 12 59 6 58 9 14 45 49 57 47 2 32 15 16 4 33 1 40 34 36 17 41 46 43 39 44 10 42 50 27 23 25 38 54 26 20 29 8 28 3 11 0
0 57 11 23 49 3 18 1 27 30 19 26 8 6 32 5 29 54 22 12 55 44 58 51 46 17 50 38 41 47 36 28 4 59 14 45 35 33 31 48 52 10 13 43 53 2 39 9 24 56 20 21 16 15 34 40 7 42 25 37 0
0 57 25 43 5 37 28 34 9 12 24 13 16 10 17 40 15 21 2 27 47 42 30 54 36 32 4 51 39 11 46 7 45 44 26 55 8 41 20 18 19 50 38 3 48 33 52 1 59 58 56 49 22 14 31 35 53 23 6 29 0
0 7 48 29 52 17 2 59 24 57 20 47 21 55 15 14 13 53 44 37 49 39 34 35 38 10 33 3 50 51 58 22 12 16 31 54 4 56 11 30 42 6 9 36 32 26 23 45 25 27 28 5 8 19 1 43 18 40 46 41 0
0 45 17 47 36 37 42 14 4 9 12 55 33 28 24 52 22 51 59 44 8 38 49 18 48 2 26 21 11 41 34 19 50 20 13 35 39 15 23 7 57 43 16 53 32 31 30 5 3 56 10 25 6 29 40 54 1 58 46 27 0
0 21 8 50 4 10 36 15 12 17 11 28 3 58 56 53 35 37 39 52 27 47 55 6 51 29 24 59 13 32 23 26 18 33 57 25 14 20 31 54 46 40 43 9 16 5 30 34 44 45 49 7 41 1 42 22 38 48 19 2 0
0 20 5 27 33 6 18 46 25 43 48 12 1 40 52 24 42 44 26 51 10 9 56 11 23 45 57 14 36 59 55 29 7 37 54 41 58 28 49 35 50 34 31 19 47 22 21 16 30 4 53 2 3 13 15 32 38 8 17 39 0
0 34 29 58 36 1 50 11 33 39 54 3 27 40 6 43 19 28 16 32 13 41 22 55 18 23 5 46 17 44 15 59 42 25 14 30 26 53 7 57 20 35 10 49 52 12 47 9 4 2 51 45 24 48 56 8 37 38 21 31 0
0 42 40 1 43 30 12 24 20 38 10 28 39 33 17 18 8 53 58 41 45 54 9 2 51 29 6 50 5 47 13 49 48 37 23 3 52 25 11 34 21 26 22 59 32 27 19 7 14 56 55 4 31 35 57 16 15 44 46 36 0
0 3 55 2 20 7 13 50 25 54 21 45 29 47 53 8 18 4 34 17 15 36 38 44 42 51 26 23 37 56 27 33 5 22 41 9 39 24 6 28 59 52 49 10 35 40 31 48 14 43 30 19 46 16 1 58 57 12 32 11 0
0 50 19 43 7 49 13 48 38 27 3 11 8 34 12 24 52 2 5 45 46 33 35 58 40 59 31 4 16 57 44 1 39 55 30 56 26 22 36 21 41 47 23 15 25 17 37 10 18 32 54 28 29 9 6 51 20 42 53 14 0
0 9 48 41 49 2 53 37 18 8 23 51 16 38 40 39 57 36 3 19 14 5 17 45 4 46 22 25 27 6 55 43 58 29 54 30 11 26 34 44 15 28 21 50 47 31 24 59 1 32 33 10 13 20 7 35 12 56 52 42 0
0 4 6 56 26 2 57 54 17 30 1 22 37 19 58 42 46 29 52 5 18 36 23 44 59 10 53 34 14 24 25 49 38 9 51 35 3 31 13 28 40 32 45 41 21 7 11 50 47 8 55 48 16 20 39 27 33 12 43 15 0
0 41 59 53 42 32 20 56 14 34 51 49 48 25 39 18 3 40 55 54 21 9 11 2 37 5 17 44 13 26 30 43 24 1 36 10 38 50 23 58 33 22 6 47 15 8 7 4 28 35 57 29 45 27 31 16 46 19 52 12 0
0 38 26 52 28 58 35 41 32 59 20 24 22 56 8 29 43 13 7 55 4 31 14 48 19 46 51 15 57 47 53 30 10 5 11 6 12 40 21 49 2 42 17 45 18 25 3 16 36 44 54 50 9 37 27 1 23 39 33 34 0
0 47 9 37 31 51 15 24 22 45 44 8 48 50 34 32 20 49 19 29 46 10 14 35 28 56 33 36 59 26 2 43 55 41 58 53 54 52 16 39 17 27 42 5 40 18 1 13 21 23 4 6 57 30 7 11 12 38 25 3 0
0 57 52 22 12 26 10 1 38 59 49 46 5 41 29 54 34 30 51 25 27 15 53 21 13 56 18 19 24 58 3 11 43 9 14 40 36 17 4 31 20 39 2 48 32 44 16 42 33 7 8 47 23 35 45 37 50 28 6 55 0
0 33 6 36 5 2 26 11 50 9 10 40 21 7 24 1 17 28 47 51 23 44 27 3 12 48 14 39 45 58 43 20 29 54 53 41 57 34 59 30 22 16 19 31 8 55 42 56 18 15 4 25 46 35 13 37 52 38 32 49 0
0 10 38 8 43 29 49 54 55 42 5 45 52 25 9 24 34 21 59 13 19 22 1 15 18 28 11 58 31 3 51 39 4 46 37 32 44 33 40 53 30 16 6 41 27 14 57 36 2 7 50 35 23 17 56 47 12 20 26 48 0
0 33 28 18 14 8 44 39 55 5 20 11 49 21 19 9 46 22 43 26 50 17 3 12 7 15 31 40 47 27 30 13 25 54 10 48 32 38 6 41 57 29 51 34 16 23 1 2 24 58 37 36 53 45 35 56 59 42 4 52 0
0 53 39 24 9 11 5 26 58 8 50 3 4 31 21 18 38 34 41 56 23 29 20 44 43 33 52 40 30 55 12 59 22 54 25 1 36 14 17 7 49 37 47 10 46 19 57 27 32 16 42 2 6 35 13 48 28 51 45 15 0
0 11 43 38 6 41 54 53 12 56 48 15 30 33 46 45 17 55 23 39 35 37 29 5 49 40 7 25 59 42 10 52 28 50 2 31 32 34 14 36 22 47 8 20 57 21 16 3 13 51 1 44 18 27 58 24 19 9 4 26 0
0 31 23 25 22 41 21 53 44 13 33 17 4 58 29 24 57 55 38 48 16 7 9 19 11 36 54 59 12 32 3 35 10 28 49 46 47 37 40 6 39 30 14 2 34 42 27 50 43 18 5 52 45 1 15 51 8 20 56 26 0
0 23 35 21 7 28 26 6 54 15 14 56 11 3 37 2 24 55 22 8 44 38 9 45 42 27 33 58 4 48 30 31 41 10 16 53 50 1 39 47 18 12 43 46 29 20 51 34 5 40 13 17 52 25 36 57 59 49 19 32 0
0 32 27 30 45 37 14 12 8 40 47 17 52 19 54 20 9 23 49 34 1 3 46 18 6 58 44 15 41 5 24 33 25 29 55 4 26 22 2 36 56 13 38 39 28 48 43 42 59 10 7 11 57 50 16 35 31 21 53 51 0
0 27 8 40 37 59 11 43 44 41 32 14 15 55 10 51 38 48 4 53 42 24 35 46 20 23 34 52 56 31 3 39 57 30 7 5 54 2 19 1 29 22 21 58 45 26 50 9 6 18 17 16 13 36 49 47 28 33 12 25 0
0 36 4 15 52 55 57 11 3 39 32 25 7 48 43 24 1 26 54 28 31 59 50 37 22 14 6 49 18 56 44 10 8 27 13 38 58 33 2 16 17 23 20 34 53 47 35 19 30 41 12 5 45 42 40 29 9 46 21 51 0
0 5 20 36 2 56 7 19 48 37 15 13 40 35 29 9 22 21 32 52 42 57 14 43 27 44 11 18 6 23 30 8 33 45 47 10 54 17 16 53 26 41 3 31 49 38 25 1 55 28 4 39 59 24 51 50 58 46 34 12 0
0 52 36 40 58 16 10 25 12 9 1 33 34 56 39 54 2 28 51 4 6 48 13 44 19 14 15 7 37 20 32 29 30 57 47 18 8 46 3 23 5 21 31 35 26 41 42 22 24 55 49 38 43 45 11 53 17 59 27 50 0
0 49 55 12 8 17 43 58 25 32 52 5 23 45 29 56 48 51 54 27 22 13 39 3 38 7 34 16 20 6 50 1 28 53 57 37 59 4 18 19 36 26 46 15 14 42 47 30 40 9 44 11 10 33 2 24 35 21 41 31 0
0 28 31 38 9 45 27 32 5 10 52 25 14 37 29 7 39 57 8 43 22 36 49 20 26 41 4 53 47 15 55 54 6 40 33 11 24 46 1 56 42 23 2 16 51 30 59 12 58 34 19 35 17 3 18 44 50 21 13 48 0
0 2 39 40 3 15 36 9 34 53 35 27 19 18 48 1 21 43 30 44 59 47 45 13 41 11 17 14 37 46 49 22 31 26 55 25 29 8 23 50 58 42 7 6 4 12 5 56 54 51 16 52 32 10 28 24 20 33 38 57 0
0 49 44 41 59 10 19 37 5 53 1 23 16 9 33 57 58 12 6 14 52 28 22 27 26 13 31 48 32 7 55 8 56 25 43 36 29 38 50 45 20 39 35 21 17 3 24 40 11 47 15 18 30 42 34 51 2 54 4 46 0
0 21 9 40 15 1 47 58 27 14 6 29 59 32 55 53 33 13 45 54 17 8 24 22 49 35 11 50 25 57 19 41 10 36 44 31 38 37 48 2 39 43 46 56 42 4 34 7 5 18 16 3 23 30 51 52 12 20 26 28 0
0 33 41 2 49 46 24 7 16 27 53 23 57 15 10 39 58 13 25 44 45 32 52 51 40 3 34 8 5 26 18 19 30 12 20 17 59 48 9 1 11 6 56 14 28 35 43 50 37 21 22 31 55 36 54 47 38 29 42 4 0
0 7 45 31 34 35 10 20 8 21 19 11 27 53 37 2 50 22 55 44 4 47 15 12 49 36 32 26 41 23 29 1 18 14 16 25 9 17 54 40 52 38 51 43 13 48 57 6 42 56 46 39 30 33 5 58 59 3 28 24 0
0 52 14 13 49 21 11 40 38 42 2 10 4 50 18 24 54 46 27 35 5 37 48 41 55 23 28 22 25 45 8 44 47 7 51 17 56 26 31 1 6 3 58 30 57 29 36 53 59 34 16 15 32 19 39 33 12 20 43 9 0
0 24 56 36 29 42 2 55 45 7 59 10 33 23 18 37 9 35 44 54 15 40 28 46 41 39 43 17 38 5 8 13 3 1 14 20 11 34 12 57 58 4 26 27 49 50 22 52 25 32 30 51 47 31 21 6 19 53 16 48 0
0 12 42 34 14 13 20 26 40 24 17 59 58 37 35 25 7 4 49 29 48 3 22 43 44 33 51 39 10 2 18 56 45 27 19 55 11 54 15 47 57 52 23 9 46 21 6 36 53 16 1 38 31 8 30 41 50 28 32 5 0
0 43 18 58 40 11 53 27 1 30 15 6 8 12 44 35 5 10 41 16 32 13 4 29 22 14 26 42 31 19 9 54 20 55 24 37 28 56 51 45 48 49 47 7 3 59 50 17 23 57 46 21 38 25 39 36 2 52 34 33 0
0 6 35 23 51 53 46 5 7 33 3 14 50 21 49 28 41 25 38 26 37 20 34 31 8 2 36 45 55 58 13 22 9 11 27 30 10 17 43 56 42 12 16 57 24 54 39 32 1 52 59 19 44 47 29 40 15 48 4 18 0
0 27 11 33 42 37 44 25 56 59 54 12 43 30 26 55 50 38 20 15 1 5 45 31 14 19 6 23 17 24 48 10 58 53 40 2 57 21 51 18 46 16 29 47 22 34 3 49 28 9 35 36 32 7 41 13 39 52 8 4 0
0 18 4 49 25 37 33 16 14 55 5 44 48 57 47 10 21 53 43 24 19 56 12 42 31 11 38 15 54 3 1 8 13 17 29 26 50 46 40 58 23 34 35 27 51 6 36 30 20 9 39 7 41 22 45 32 28 52 2 59 0
0 31 37 11 47 17 43 14 30 2 24 23 20 52 39 21 54 58 4 44 51 40 46 26 55 16 32 28 29 3 19 48 49 7 33 35 42 1 45 25 12 53 18 56 34 22 5 8 50 27 6 10 9 13 38 59 36 15 57 41 0
0 10 19 1 43 13 5 36 14 31 8 24 46 20 23 25 27 48 37 22 16 38 39 47 56 21 52 59 15 11 41 9 53 2 17 42 34 50 26 12 6 29 18 51 3 7 55 28 49 35 58 54 44 33 40 45 32 4 30 57 0
0 41 51 38 58 36 35 26 14 13 4 31 15 18 27 17 33 39 25 12 2 1 37 40 54 49 44 5 48 47 32 53 21 30 46 29 56 43 52 20 57 42 10 55 3 23 24 50 19 9 6 28 59 7 34 16 11 22 45 8 0
0 21 53 27 47 42 9 7 22 54 32 13 6 10 8 11 29 51 34 50 49 3 15 24 31 28 40 14 36 46 1 12 23 45 5 26 43 4 55 58 56 39 19 44 52 57 35 33 37 17 2 48 41 16 38 20 30 18 25 59 0
0 41 21 37 55 8 6 18 24 38 19 33 9 58 52 30 5 16 1 48 39 51 17 11 43 47 34 50 28 45 23 13 57 27 25 54 59 26 22 12 15 31 40 3 42 44 2 53 36 56 32 46 14 10 49 4 35 20 7 29 0
0 38 51 45 23 36 13 32 46 21 57 54 39 35 37 20 33 41 22 16 55 14 50 43 15 59 28 5 2 49 30 34 11 42 12 26 10 53 9 58 6 18 40 56 1 44 24 4 7 47 3 31 27 17 25 52 8 29 19 48 0
0 55 8 9 59 38 16 31 46 53 40 35 57 47 7 51 29 56 3 20 23 44 43 36 4 14 30 11 28 21 42 39 13 1 15 33 26 25 10 19 32 49 17 37 58 54 41 45 34 22 27 12 52 2 48 6 24 50 5 18 0
0 59 47 48 1 28 29 23 46 13 6 8 4 31 37 41 45 40 44 5 30 52 32 11 38 34 3 49 36 58 12 56 55 33 21 2 39 51 9 43 42 16 7 26 15 50 20 14 35 24 25 17 53 18 19 27 22 10 54 57 0
0 51 41 27 57 20 11 38 35 28 58 40 55 56 53 48 29 39 15 18 21 31 5 59 12 13 22 36 4 34 26 9 16 8 54 30 32 33 42 25 23 24 10 1 50 47 19 3 2 6 44 14 7 37 43 49 46 17 52 45 0
0 46 54 47 40 22 53 30 44 17 50 55 5 48 1 41 21 58 8 9 26 16 6 35 37 52 13 38 36 57 28 29 2 14 33 34 24 59 27 32 20 12 49 7 3 23 4 18 10 39 11 56 19 42 31 51 25 43 45 15 0
0 9 28 58 42 49 12 37 26 35 23 41 34 24 30 33 16 25 29 21 14 57 11 52 50 2 32 54 55 3 47 7 48 31 19 51 6 39 44 38 20 4 40 18 59 8 27 13 56 5 10 43 45 17 15 36 22 1 53 46 0
0 50 22 56 37 30 24 18 58 16 55 12 19 51 53 57 45 46 2 43 38 31 11 5 44 54 49 28 36 20 29 47 40 9 10 34 15 4 59 32 6 33 42 17 3 23 27 1 35 52 14 7 21 48 13 41 8 26 25 39 0
0 5 42 7 32 36 29 33 8 54 58 18 31 26 23 15 47 52 4 38 17 34 6 1 57 46 24 44 10 14 49 3 25 43 55 27 35 50 2 51 40 28 53 56 9 21 20 22 59 13 19 16 39 48 37 11 45 30 12 41 0
0 1 23 6 4 45 49 57 38 11 51 40 35 3 52 17 33 39 29 25 8 14 36 48 31 37 55 10 2 53 12 19 7 56 9 43 58 27 22 26 41 34 21 46 59 54 13 18 20 16 28 5 30 50 47 44 15 24 32 42 0
0 47 50 25 4 24 33 21 8 51 29 13 30 15 10 55 17 44 48 59 42 56 43 28 23 40 2 27 54 39 45 18 52 22 6 9 14 36 3 19 37 58 5 57 11 34 1 46 16 35 53 32 49 38 26 12 20 31 7 41 0
0 54 38 21 48 22 55 9 16 59 18 28 7 4 46 19 12 40 51 47 56 42 57 31 36 50 45 6 2 10 26 11 14 15 30 20 58 32 13 43 33 52 8 25 39 1 29 27 23 5 49 35 3 37 34 17 41 24 53 44 0
0 43 14 38 54 11 17 53 49 28 56 45 34 46 22 52 50 36 47 44 25 35 59 4 26 23 12 13 41 10 32 48 18 21 33 42 2 7 30 51 57 20 5 39 9 37 16 8 24 27 15 31 3 29 1 6 55 19 58 40 0
0 42 23 3 6 8 48 54 20 38 30 17 7 33 57 34 12 27 32 26 58 49 5 53 43 51 50 59 46 13 56 19 45 37 18 52 41 39 55 21 24 15 14 22 1 28 25 31 4 40 44 10 9 29 11 36 16 35 47 2 0
0 5 25 39 23 50 9 15 35 57 4 7 53 51 14 40 46 52 1 30 49 42 54 37 12 18 26 47 38 22 3 8 20 6 11 43 17 55 32 24 31 28 58 36 2 56 33 41 48 34 10 45 19 13 21 59 44 16 27 29 0
0 31 26 33 5 59 57 19 49 54 42 56 53 48 58 13 27 29 7 24 39 25 41 15 3 21 17 36 50 34 35 28 43 38 45 20 23 55 4 9 30 16 10 44 12 37 1 18 6 14 2 32 22 47 46 40 52 11 8 51 0
0 54 48 25 49 41 52 51 9 53 37 22 5 23 44 40 13 3 45 38 26 56 35 43 10 50 8 30 33 6 31 12 2 21 46 29 7 1 17 14 42 55 19 28 58 24 32 36 59 4 15 27 20 47 18 11 57 16 34 39 0
0 19 30 40 54 56 55 37 2 49 58 32 31 26 17 41 25 20 18 7 43 39 47 53 4 48 51 57 27 28 21 46 13 35 29 50 9 45 52 24 5 10 44 6 3 34 12 33 16 1 36 8 59 11 22 23 38 42 14 15 0
0 41 20 54 33 2 34 56 21 12 14 15 51 9 38 26 32 4 5 30 36 13 25 59 58 49 48 8 22 47 19 45 37 16 31 50 35 24 10 23 52 27 28 44 17 46 43 1 7 6 53 39 42 40 55 29 11 3 18 57 0
0 40 56 27 47 21 45 6 5 46 37 33 36 50 52 10 48 2 44 14 30 4 59 20 25 24 53 22 18 49 29 51 55 7 32 57 38 39 19 9 8 28 1 41 43 23 58 16 26 15 35 34 3 42 11 12 31 54 17 13 0
0 45 13 17 51 32 49 47 52 28 50 48 27 44 7 36 4 37 16 39 2 12 3 25 29 18 1 38 33 23 34 22 31 35 5 15 46 55 21 11 43 57 40 20 10 54 30 19 14 26 41 53 59 9 42 8 24 58 6 56 0
0 28 31 56 5 51 27 43 20 57 58 24 48 29 7 11 16 15 35 25 1 47 22 2 52 8 12 33 59 53 30 34 4 55 50 10 54 18 17 39 41 3 37 36 44 42 45 38 46 23 32 40 49 14 26 21 19 9 13 6 0
0 21 36 29 7 47 50 58 22 8 55 5 23 4 52 3 46 39 37 59 6 40 25 43 41 2 38 10 11 20 27 34 56 12 32 44 19 16 42 35 17 45 51 13 30 9 54 53 18 31 57 24 14 1 28 49 33 26 48 15 0
0 50 46 53 30 51 12 20 7 32 1 59 41 33 2 26 19 15 48 47 57 52 42 27 6 28 18 5 3 11 25 22 55 35 43 13 8 45 9 24 56 16 21 39 44 38 10 4 29 40 17 36 37 31 49 54 23 34 58 14 0
0 12 30 22 40 17 3 55 15 34 42 18 53 54 11 14 47 59 37 10 13 19 50 35 23 43 6 4 1 8 57 49 32 7 51 25 29 38 48 33 20 5 41 2 31 28 45 46 24 58 36 39 16 27 56 52 21 9 26 44 0
0 26 38 58 27 7 15 8 42 20 23 28 9 56 30 18 48 54 4 40 31 5 3 53 34 11 12 17 2 41 36 10 19 50 16 46 14 35 33 49 32 57 44 51 13 39 47 59 37 43 55 6 22 21 1 24 29 45 25 52 0
0 26 38 50 15 28 49 43 35 24 23 8 40 17 3 54 37 51 11 56 57 32 33 7 4 31 20 18 39 59 41 10 42 58 22 12 25 47 34 1 36 9 19 16 6 5 30 29 55 13 2 53 46 45 52 44 48 21 14 27 0
0 11 15 19 47 4 17 50 36 58 10 8 25 28 29 48 33 49 57 52 37 26 5 7 6 20 3 1 23 14 39 30 44 54 53 40 43 27 32 41 46 13 21 16 12 24 51 9 38 42 34 22 35 55 18 59 45 56 2 31 0
0 38 19 2 54 21 7 58 33 57 28 56 10 37 13 52 30 43 22 27 14 4 5 31 8 42 18 17 24 11 20 25 6 45 9 41 39 23 47 44 50 12 16 49 46 40 51 1 3 34 32 36 59 15 55 48 35 26 29 53 0
0 31 36 15 28 39 33 58 12 20 37 53 8 59 50 43 13 9 32 3 23 51 5 48 7 45 6 49 18 21 38 52 34 42 19 29 4 46 16 47 11 24 14 10 57 54 22 40 26 27 35 25 2 56 44 30 17 1 55 41 0
0 44 18 43 14 41 40 33 37 52 38 3 54 49 56 57 45 5 22 9 28 34 55 15 10 46 25 11 50 35 24 23 6 36 26 8 48 4 7 29 27 21 47 13 59 12 53 31 30 19 42 32 2 51 39 20 17 58 1 16 0
0 46 49 5 15 53 22 52 23 45 43 56 30 4 38 20 57 11 13 12 59 35 8 17 32 54 41 36 47 51 9 28 14 7 2 24 31 16 6 48 33 40 10 1 58 25 34 44 18 39 26 19 50 27 3 55 42 37 29 21 0
0 57 9 38 17 32 56 18 46 27 47 6 29 4 49 24 33 43 25 48 14 41 2 40 8 16 53 10 28 23 26 34 31 51 20 58 44 50 36 13 22 21 55 52 11 37 30 15 19 54 12 39 42 1 35 7 45 3 59 5 0
0 7 26 14 58 3 50 10 17 33 40 53 5 35 27 39 18 57 42 12 41 23 31 9 29 8 49 45 32 59 28 22 16 20 2 43 55 19 25 34 1 13 38 6 48 54 37 15 21 56 52 30 4 46 11 44 24 51 47 36 0
0 1 58 47 39 34 41 25 52 51 15 18 21 13 49 30 59 31 57 6 38 5 12 4 36 19 35 33 26 45 32 54 16 53 46 29 20 7 22 56 48 23 27 40 28 14 50 55 2 8 24 17 43 44 37 11 3 10 42 9 0
0 17 7 57 44 51 26 20 30 2 10 11 12 24 14 46 28 45 49 8 16 23 31 22 32 58 4 25 47 36 53 42 1 54 6 33 18 37 35 52 56 5 50 27 9 55 29 13 41 3 15 59 34 48 43 21 38 39 19 40 0
0 20 21 22 5 29 30 23 2 1 49 46 26 38 32 27 58 14 47 28 19 39 3 41 31 33 50 53 36 43 4 35 54 24 18 13 9 56 11 34 48 57 51 40 52 42 25 44 17 8 12 6 15 55 10 37 45 7 59 16 0
0 58 1 28 24 50 40 49 47 18 15 26 52 41 56 30 36 3 53 37 19 35 39 38 21 45 31 2 32 55 29 5 33 57 8 7 20 59 44 12 42 54 6 10 22 16 48 17 34 25 11 43 23 46 13 14 9 51 4 27 0
0 20 30 27 37 46 42 21 22 25 7 49 19 29 52 40 10 38 16 47 15 39 56 35 14 8 11 9 48 36 18 28 6 59 31 4 2 3 44 34 58 43 23 53 1 50 51 17 45 57 41 55 33 26 5 12 24 13 54 32 0
0 42 51 1 4 45 37 10 58 57 2 41 34 21 25 11 33 53 7 44 22 49 50 17 30 43 6 40 39 9 24 23 19 32 38 8 15 54 55 28 31 35 29 59 13 52 14 27 12 26 48 47 46 56 5 36 3 20 16 18 0
0 56 14 18 35 42 34 10 31 19 13 59 32 52 48 58 8 16 6 7 30 40 24 53 22 55 37 29 57 47 36 39 3 26 5 43 15 27 46 54 1 11 2 9 45 20 12 44 49 33 25 21 23 4 51 28 50 38 41 17 0
0 56 29 18 5 48 34 10 35 2 28 55 16 52 23 40 54 41 20 6 11 36 1 50 9 14 33 39 12 49 46 44 21 57 15 24 31 53 47 38 19 32 17 22 7 8 25 26 59 58 43 51 4 13 30 45 3 37 27 42 0
0 55 25 19 56 11 17 42 39 6 23 28 59 4 21 13 2 48 14 18 35 34 52 43 53 57 26 49 44 20 38 9 32 40 7 24 15 12 1 45 27 3 30 51 10 31 22 54 33 50 29 8 16 37 46 5 41 36 47 58 0
0 1 30 14 50 26 5 8 33 38 55 51 18 12 32 41 36 57 10 20 59 22 42 34 37 49 7 35 31 44 54 39 47 25 23 11 58 15 21 45 2 4 17 40 28 46 13 6 16 43 9 29 19 27 52 24 56 3 53 48 0
0 6 40 19 24 35 17 29 39 48 14 45 21 13 54 57 55 53 28 1 52 51 38 34 47 10 59 58 15 44 2 4 16 3 7 31 25 8 49 5 18 32 43 22 20 11 46 56 27 33 12 42 30 36 9 50 26 23 37 41 0
0 17 42 4 55 27 11 40 45 5 19 47 54 51 2 44 7 28 26 58 6 18 43 13 30 49 8 48 50 57 36 35 39 15 12 24 29 9 59 25 32 41 16 31 10 20 38 3 23 34 53 21 33 37 14 52 1 56 22 46 0
0 32 43 29 54 26 52 49 45 38 2 57 39 1 34 23 31 12 17 25 11 13 58 4 56 22 46 18 14 33 24 30 40 53 16 51 21 15 8 20 36 3 44 27 50 35 55 10 47 59 9 7 5 42 37 41 48 28 6 19 0
0 4 43 18 14 57 27 52 44 58 6 11 13 45 16 25 39 9 29 32 10 54 40 42 8 7 37 33 1 47 3 17 34 50 24 55 59 36 21 56 35 23 20 30 41 53 28 46 38 51 12 5 26 15 48 31 2 49 22 19 0
0 49 6 5 56 47 38 11 8 32 15 53 50 28 17 23 34 35 39 57 10 12 44 54 25 42 16 41 52 36 30 2 29 3 55 22 18 43 33 20 14 48 1 19 45 46 7 59 24 27 26 51 37 21 4 9 40 58 13 31 0
0 38 27 49 3 51 43 5 40 7 52 28 47 59 15 6 20 31 19 9 44 35 2 56 11 39 32 34 30 18 17 16 23 14 48 46 8 42 45 55 21 37 1 54 22 29 41 36 4 53 13 25 57 58 50 26 10 24 12 33 0
0 23 13 18 44 24 42 48 25 6 55 26 27 30 17 46 51 11 49 37 2 52 28 34 20 38 29 19 16 7 36 5 53 14 40 59 58 31 43 1 45 12 41 32 33 21 3 47 8 54 56 22 57 4 35 9 10 39 15 50 0
0 40 15 22 46 43 55 45 28 26 14 33 59 49 23 29 16 32 19 38 9 13 4 37 44 58 36 21 35 50 2 1 10 42 51 34 12 56 5 18 48 7 53 57 27 54 20 24 39 3 17 8 11 6 30 41 25 31 52 47 0
0 17 50 44 53 15 7 47 2 46 22 31 48 38 45 55 58 51 8 18 30 37 34 25 16 26 59 19 5 27 49 35 6 13 4 1 12 56 54 41 14 24 52 3 28 10 20 57 42 36 39 23 33 32 40 43 21 11 9 29 0
0 47 29 5 11 35 57 38 31 6 36 33 4 37 3 46 23 9 19 39 50 40 28 30 7 51 59 18 54 2 13 41 58 27 55 15 52 1 21 34 25 49 16 42 53 56 17 12 20 43 22 32 14 45 24 44 8 26 10 48 0
0 17 59 31 2 25 56 24 7 8 37 49 28 51 30 43 41 54 33 39 46 22 10 16 34 47 57 48 1 23 20 36 9 15 55 12 38 45 11 53 52 19 29 6 18 21 27 58 14 5 4 40 32 44 42 35 50 13 3 26 0
0 41 24 7 45 28 51 49 8 13 30 12 23 22 29 18 34 32 21 37 40 26 6 44 11 17 58 20 5 10 56 42 19 39 27 16 4 1 14 36 3 47 35 2 52 53 50 25 48 54 33 43 31 57 55 15 38 9 46 59 0
0 41 24 59 13 23 29 9 46 18 34 15 22 56 38 58 11 28 55 3 40 52 26 25 57 43 50 32 1 7 48 12 47 54 31 37 27 6 45 14 30 53 42 4 8 19 5 16 39 10 2 33 44 35 20 51 17 49 36 21 0
0 41 59 24 48 37 3 9 30 58 28 43 53 23 18 55 57 15 51 19 46 25 4 14 22 10 6 13 54 56 35 45 52 27 8 50 47 40 49 7 17 16 36 26 44 38 20 42 29 12 33 21 5 11 1 31 2 39 34 32 0
0 17 20 31 41 7 49 46 27 2 10 40 23 39 56 11 1 54 9 13 30 22 6 19 36 28 44 5 53 18 15 52 21 43 48 58 47 4 45 24 26 12 50 38 57 55 59 8 32 3 37 42 29 14 51 34 33 25 35 16 0
0 24 23 3 5 6 58 8 4 13 50 20 28 15 46 9 11 26 51 21 34 56 47 10 16 12 53 49 18 55 30 59 41 14 40 38 25 54 36 44 22 33 35 39 32 1 42 17 2 31 43 37 52 19 27 7 57 48 29 45 0
0 30 49 38 2 16 10 26 45 29 11 33 37 41 31 39 21 58 42 18 35 12 28 3 27 40 34 17 59 53 44 20 19 57 9 56 51 15 23 14 22 5 55 36 47 32 8 1 50 52 4 46 48 54 6 43 25 24 7 13 0
0 45 24 35 37 36 58 31 11 8 20 44 40 10 4 43 27 25 19 41 47 34 3 46 6 51 13 32 14 5 21 2 49 30 52 54 7 59 1 33 56 42 53 50 9 48 16 55 17 26 15 57 38 22 29 23 39 18 12 28 0
0 46 13 50 56 26 32 40 15 19 30 34 59 21 58 25 28 44 54 29 22 49 42 23 10 16 8 24 3 18 43 36 7 41 11 4 17 57 45 6 12 35 33 51 20 39 48 55 14 52 5 2 31 53 9 27 1 37 38 47 0
0 37 27 24 6 15 40 55 38 7 52 36 26 29 50 23 49 8 30 21 10 17 33 57 32 20 56 44 28 41 46 39 13 59 25 12 45 35 42 58 31 47 2 16 4 1 3 11 19 34 9 14 43 53 22 5 54 48 18 51 0
0 17 14 58 45 9 39 26 10 4 54 13 31 11 56 1 36 34 22 21 8 48 37 23 43 29 41 46 44 19 55 6 24 3 49 47 20 59 16 40 28 18 50 53 5 38 57 52 25 33 7 2 35 51 30 32 27 42 12 15 0
0 43 8 21 10 27 29 18 55 53 13 39 28 19 44 50 2 23 40 48 42 12 6 5 57 17 58 38 52 26 49 4 16 34 33 59 3 24 41 25 47 14 46 1 30 45 32 22 11 36 56 37 20 31 7 51 35 54 15 9 0
0 16 34 35 26 7 21 6 39 46 53 59 8 55 50 23 44 48 40 5 19 15 14 36 13 30 28 38 57 32 58 47 24 41 3 22 37 4 49 17 29 25 31 11 12 43 9 27 56 18 33 54 52 51 10 42 20 45 2 1 0
0 50 21 44 48 20 53 11 32 13 9 28 41 29 35 12 42 56 24 43 8 37 40 55 45 46 49 58 22 7 16 1 10 31 57 14 17 5 6 25 19 27 30 51 34 59 23 54 47 4 52 36 15 18 38 33 3 2 26 39 0
0 52 31 22 56 44 49 54 15 50 46 42 55 38 16 29 40 18 5 1 47 39 23 28 35 59 9 33 14 13 7 30 51 45 2 11 36 19 21 17 34 6 48 12 41 10 4 57 3 27 53 58 8 26 43 37 24 25 32 20 0
0 39 20 57 58 9 43 14 50 26 10 42 25 8 51 22 40 35 17 7 29 11 16 23 48 1 2 30 53 32 36 21 55 4 13 49 34 44 5 46 27 28 41 54 37 52 45 31 33 12 47 38 59 6 24 56 3 18 19 15 0
0 23 37 58 27 33 54 32 29 28 17 34 30 48 3 41 59 36 38 51 45 22 31 18 8 21 26 35 20 14 4 42 50 16 49 10 25 55 44 11 1 15 2 24 5 57 43 7 52 12 47 40 9 19 46 6 39 56 53 13 0
0 37 52 48 55 43 7 49 31 6 28 18 51 30 46 19 36 12 41 24 23 21 4 3 44 35 42 54 8 16 10 57 5 9 59 47 1 33 29 17 32 13 58 38 39 53 26 14 2 25 50 34 11 15 45 22 56 20 27 40 0
0 25 45 8 6 43 15 44 5 47 11 41 51 46 10 23 53 1 56 28 34 4 36 58 22 49 57 38 48 42 13 21 27 12 59 20 17 52 33 54 50 14 32 24 37 16 9 26 31 40 39 30 18 7 3 29 35 2 19 55 0
