# n n_solutions
60 1000
# n x n distance matrix
0 5517 5954 3736 5607 2716 2617 5247 8532 3114 7494 3482 5096 3452 5532 6585 3471 1236 2765 8598 3157 8040 4201 7300 6209 3492 3982 4652 2773 1029 4188 2408 2570 7100 4704 3501 3935 7561 6574 8809 2765 3996 9674 3992 6222 3026 8544 8405 2002 6449 6351 9451 1811 3605 4902 3992 3883 8633 8036 7200
5517 0 509 3006 7406 3860 7709 1208 6888 4356 6414 6744 9080 3255 3533 1081 4539 4964 5913 9082 4491 6580 8900 8319 2973 3224 7596 4539 5220 6519 1581 3124 7800 4904 4295 4110 2061 7110 6964 6378 4588 5930 9660 7905 8209 4472 7889 5622 4295 5188 1334 4294 4294 4203 5099 2501 4800 4341 7134 7494
5954 509 0 3512 7502 4368 8080 1200 6661 4865 6260 6989 9329 3478 3448 640 4729 5341 6184 9013 4712 6380 9217 8318 2745 3733 7843 4601 5478 6965 1886 3580 8183 4686 4767 4616 2325 7000 6942 6081 4846 6100 9534 8170 8300 4981 7736 5307 4792 5069 894 3785 4785 4708 5573 3006 5300 3889 6977 7446
3736 3006 3512 0 7920 1140 6334 3613 8987 1392 8232 6413 8509 3841 5408 3980 4924 3905 5510 10360 4695 8580 7851 9296 5385 282 7156 5608 5028 4518 2817 1897 6306 7083 1627 1104 3080 8697 8140 8765 4531 6184 11194 7317 8691 1523 9620 8102 1835 6965 4301 7283 1969 1200 2332 509 1811 7256 8927 8761
5607 7406 7502 7920 0 7462 4707 6303 4606 8127 3551 2284 3178 4295 4368 8022 3036 4527 2842 3101 3231 4167 4242 1746 5470 7825 2402 2915 3000 6053 5953 6037 5021 4560 9441 8352 5458 2973 1746 5521 3400 1749 4272 2801 806 8102 3748 5658 7000 3500 7170 9170 6780 8490 9931 7818 8987 7409 3640 2121
2716 3860 4368 1140 7462 0 5333 4200 9124 721 8268 5724 7679 3744 5608 4904 4601 3132 4846 10117 4327 8683 6902 8964 5805 860 6403 5481 4477 3417 3224 1581 5277 7316 2061 894 3324 8621 7919 9047 4080 5714 11039 6511 8198 761 9580 8448 728 7032 5063 8149 905 1029 2469 1562 1555 7900 8930 8556
2617 7709 8080 6334 4707 5333 0 7150 8768 5700 7653 2501 2860 4891 6624 8720 4159 2745 2529 7788 3944 8272 1649 6428 7571 6100 2376 5255 3130 2184 6200 4792 316 7843 7300 6103 5813 7400 6206 9362 3605 3733 8973 2109 5032 5600 8308 9169 4617 6937 8280 11203 4428 6200 7433 6552 6419 10016 8005 6736
5247 1208 1200 3613 6303 4200 7150 0 5731 4816 5215 5868 8207 2370 2325 1746 3573 4459 5099 7877 3584 5403 8183 7138 1860 3765 6722 3401 4382 6276 1077 3036 7283 3748 5107 4669 1345 5902 5772 5300 3758 4924 8453 7068 7100 4909 6688 4579 4455 3982 1131 4205 4393 4784 5887 3162 5412 3700 5936 6293
8532 6888 6661 8987 4606 9124 8768 5731 0 9841 1118 6315 7782 5423 3580 6860 5063 7298 6307 3417 5375 500 8728 3753 3920 9042 6800 3883 5907 9353 6200 7558 9054 1984 10601 9861 5907 1702 2865 1170 5770 5035 3300 7242 4940 9883 1552 1800 9007 2118 5883 6203 8839 9998 11315 8640 10617 4204 1063 2690
3114 4356 4865 1392 8127 721 5700 4816 9841 0 8988 6315 8178 4465 6315 5360 5303 3716 5456 10820 5024 9402 7310 9654 6476 1140 6957 6200 5131 3649 3883 2302 5608 8023 1603 447 4016 9340 8627 9749 4763 6382 11751 7034 8850 141 10300 9139 1170 7752 5614 8649 1392 509 1838 1897 860 8509 9651 9265
7494 6414 6260 8232 3551 8268 7653 5215 1118 8988 0 5197 6711 4527 2920 6554 4026 6258 5200 3001 4341 632 7621 2952 3546 8261 5692 2879 4825 8287 5516 6688 7939 1711 9859 9044 5166 921 1843 1984 4729 3920 3289 6135 3962 9020 1476 2282 8095 1272 5570 6462 7915 9183 10541 7924 9790 4491 721 1835
3482 6744 6989 6413 2284 5724 2501 5868 6315 6315 5197 0 2340 3511 4666 7596 2332 2600 905 5385 2284 5824 2580 4030 5738 6258 854 3124 1529 3801 5166 4539 2807 5594 7779 6612 4684 4901 3705 6989 2158 1341 6545 1220 2780 6264 5807 6887 5147 4609 6931 9526 4924 6741 8153 6437 7158 8072 5514 4242
5096 9080 9329 8509 3178 7679 2860 8207 7782 8178 6711 2340 0 5851 6860 9936 4651 4604 3178 5803 4623 7335 1476 4539 7962 8321 1486 5280 3860 4964 7500 6702 3124 7516 9732 8532 7021 6146 4924 8660 4492 3440 7000 1204 3041 8102 6868 8720 7021 6466 9260 11763 6806 8648 9992 8600 8973 10198 6815 5249
3452 3255 3478 3841 4295 3744 4891 2370 5423 4465 4527 3511 5851 0 2100 4085 1300 2376 2729 6521 1236 4965 5824 5500 2785 3820 4365 1769 2012 4438 1702 2163 5060 3748 5456 4545 1204 4891 4301 5491 1389 2700 7359 4701 5099 4494 5841 5008 3584 3310 3466 6312 3417 4686 6082 3635 5280 5239 5186 4920
5532 3533 3448 5408 4368 5608 6624 2325 3580 6315 2920 4666 6860 2100 0 3847 2469 4393 4161 5565 2683 3189 7224 4916 1118 5470 5456 1581 3498 6493 2624 4080 6842 1708 7021 6306 2332 3577 3522 3448 3046 3420 6129 5872 5119 6369 4382 2915 5578 1664 2906 4909 5434 6441 7738 5060 7066 3420 3640 4002
6585 1081 640 3980 8022 4904 8720 1746 6860 5360 6554 7596 9936 4085 3847 0 5316 5981 6802 9386 5314 6618 9848 8757 3008 4220 8450 5108 6092 7592 2523 4201 8823 4919 5108 5080 2952 7337 7368 6184 5462 6670 9843 8784 8813 5481 8021 5390 5366 5412 984 3313 5371 5162 5913 3471 5731 3712 7260 7844
3471 4539 4729 4924 3036 4601 4159 3573 5063 5303 4026 2332 4651 1300 2469 5316 0 2236 1702 5517 316 4570 4810 4382 3471 4854 3176 1200 1029 4304 3001 3080 4386 3765 6489 5467 2501 4159 3330 5408 707 1400 6466 3551 3832 5303 5142 5099 4263 3001 4609 7224 4060 5608 7043 4792 6155 5882 4588 3969
1236 4964 5341 3905 4527 3132 2745 4459 7298 3716 6258 2600 4604 2376 4393 5981 2236 0 1749 7440 1923 6806 4052 6171 5161 3721 3275 3423 1581 2109 3471 2137 2842 5907 5192 4016 3114 6332 5371 7600 1529 2842 8490 3413 5200 3666 7316 7224 2548 5223 5589 8602 2325 4143 5554 4011 4561 7615 6800 6003
2765 5913 6184 5510 2842 4846 2529 5099 6307 5456 5200 905 3178 2729 4161 6802 1702 1749 0 5866 1562 5807 3124 4548 5173 5360 1711 2731 721 3269 4332 3634 2789 5314 6894 5738 3862 5063 3956 6844 1341 1334 6977 1992 3471 5411 6020 6640 4293 4414 6191 8914 4070 5869 7291 5532 6306 7580 5622 4554
8598 9082 9013 10360 3101 10117 7788 7877 3417 10820 3001 5385 5803 6521 5565 9386 5517 7440 5866 0 5798 3275 7117 1360 6413 10323 5434 4770 5860 9124 7917 8579 8104 4701 11963 10978 7478 2102 2220 4587 6087 4604 1204 5787 2816 10818 1878 5141 9762 3981 8417 9453 9552 11119 12548 10151 11672 7467 2451 1612
3157 4491 4712 4695 3231 4327 3944 3584 5375 5024 4341 2284 4623 1236 2683 5314 316 1923 1562 5798 0 4883 4686 4640 3640 4614 3138 1503 848 4001 2927 2830 4159 4044 6243 5200 2433 4472 3623 5703 400 1529 6762 3488 4016 5020 5456 5375 3969 3305 4652 7355 3764 5341 6780 4588 5879 6074 4904 4263
8040 6580 6380 8580 4167 8683 8272 5403 500 9402 632 5824 7335 4965 3189 6618 4570 6806 5807 3275 4883 0 8253 3440 3635 8626 6324 3395 5408 8856 5813 7111 8558 1700 10200 9433 5500 1360 2441 1421 5277 4539 3337 6767 4545 9441 1503 1868 8549 1655 5635 6207 8377 9571 10904 8246 10187 4210 824 2343
4201 8900 9217 7851 4242 6902 1649 8183 8728 7310 7621 2580 1476 5824 7224 9848 4810 4052 3124 7117 4686 8253 0 5800 8273 7632 1931 5700 3841 3832 7335 6184 1838 8163 8905 7702 6896 7179 5943 9493 4440 3911 8321 1486 4304 7217 7990 9440 6200 7158 9290 12034 6000 7805 9066 8023 8050 10640 7833 6363
7300 8319 8318 9296 1746 8964 6428 7138 3753 9654 2952 4030 4539 5500 4916 8757 4382 6171 4548 1360 4640 3440 5800 0 5900 9235 4079 3827 4601 7789 7022 7462 6744 4464 10871 9840 6555 2080 1400 4860 4891 3330 2549 4440 1503 9641 2469 5234 8563 3535 7822 9289 8348 9980 11420 9130 10511 7368 2690 1118
6209 2973 2745 5385 5470 5805 7571 1860 3920 6476 3546 5738 7962 2785 1118 3008 3471 5161 5173 6413 3640 3635 8273 5900 0 5502 6543 2692 4482 7212 2596 4404 7769 1941 6931 6389 2507 4341 4501 3440 3966 4522 6835 6952 6209 6551 5015 2729 5912 2433 2024 3801 5803 6514 7696 4965 7146 2459 4254 4916
3492 3224 3733 282 7825 860 6100 3765 9042 1140 8261 6258 8321 3820 5470 4220 4854 3721 5360 10323 4614 8626 7632 9235 5502 0 6987 5589 4904 4254 2915 1788 6062 7158 1640 905 3138 8700 8105 8856 4428 6083 11179 7134 8590 1264 9633 8207 1565 7000 4501 7513 1708 1019 2280 761 1649 7433 8949 8732
3982 7596 7843 7156 2402 6403 2376 6722 6800 6957 5692 854 1486 4365 5456 8450 3176 3275 1711 5434 3138 6324 1931 4079 6543 6987 0 3889 2376 4103 6016 5308 2692 6268 8464 7280 5536 5277 4044 7564 3008 2051 6628 447 2657 6894 6120 7529 5787 5247 7782 10340 5565 7404 8791 7210 7783 8839 5922 4504
4652 4539 4601 5608 2915 5481 5255 3401 3883 6200 2879 3124 5280 1769 1581 5108 1200 3423 2731 4770 1503 3395 5700 3827 2692 5589 3889 0 2158 5503 3195 3905 5502 2596 7224 6303 2731 3140 2555 4210 1902 1843 5590 4313 3705 6220 4104 3929 5247 1802 4257 6489 5060 6444 7849 5382 7029 4951 3488 3162
2773 5220 5478 5028 3000 4477 3130 4382 5907 5131 4825 1529 3860 2012 3498 6092 1029 1581 721 5860 848 5408 3841 4601 4482 4904 2376 2158 0 3471 3640 3132 3361 4753 6488 5371 3161 4808 3801 6350 632 1272 6911 2692 3721 5103 5787 6087 4000 3920 5470 8203 3780 5506 6946 5000 5990 6906 5315 4429
1029 6519 6965 4518 6053 3417 2184 6276 9353 3649 8287 3801 4964 4438 6493 7592 4304 2109 3269 9124 4001 8856 3832 7789 7212 4254 4103 5503 3471 0 5215 3397 2022 8015 5246 4079 4964 8271 7211 9700 3601 4588 10245 4000 6580 3535 9244 9333 2692 7305 7378 10480 2549 4158 5300 4837 4301 9646 8786 7818
4188 1581 1886 2817 5953 3224 6200 1077 6200 3883 5516 5166 7500 1702 2624 2523 3001 3471 4332 7917 2927 5813 7335 7022 2596 2915 6016 3195 3640 5215 0 1964 6312 4272 4410 3794 500 6080 5727 5948 3008 4401 8626 6324 6759 3962 6952 5292 3413 4244 2163 5277 3337 3921 5147 2441 4553 4716 6228 6306
2408 3124 3580 1897 6037 1581 4792 3036 7558 2302 6688 4539 6702 2163 4080 4201 3080 2137 3634 8579 2830 7111 6184 7462 4404 1788 5308 3905 3132 3397 1964 0 4830 5787 3413 2404 1900 7043 6370 7528 2640 4295 9476 5500 6802 2332 8000 6963 1513 5458 4071 7209 1400 2545 3969 1902 3124 6661 7349 7003
2570 7800 8183 6306 5021 5277 316 7283 9054 5608 7939 2807 3124 5060 6842 8823 4386 2842 2789 8104 4159 8558 1838 6744 7769 6062 2692 5502 3361 2022 6312 4830 0 8095 7211 6020 5941 7700 6512 9631 3807 4019 9289 2418 5348 5503 8614 9425 4554 7203 8414 11370 4373 6113 7310 6545 6303 10221 8302 7045
7100 4904 4686 7083 4560 7316 7843 3748 1984 8023 1711 5594 7516 3748 1708 4919 3765 5907 5314 4701 4044 1700 8163 4464 1941 7158 6268 2596 4753 8015 4272 5787 8095 0 8682 8005 4024 2600 3138 1746 4440 4254 4972 6711 5162 8077 3132 1334 7280 1063 3935 4827 7130 8138 9415 6711 8766 2915 2376 3373
4704 4295 4767 1627 9441 2061 7300 5107 10601 1603 9859 7779 9732 5456 7021 5108 6489 5192 6894 11963 6243 10200 8905 10871 6931 1640 8464 7224 6488 5246 4410 3413 7211 8682 0 1204 4701 10323 9745 10344 6041 7694 12814 8570 10196 1711 11247 9660 2716 8591 5629 8400 2927 1100 806 1972 1081 8634 10554 10371
3501 4110 4616 1104 8352 894 6103 4669 9861 447 9044 6612 8532 4545 6306 5080 5467 4016 5738 10978 5200 9433 7702 9840 6389 905 7280 6303 5371 4079 3794 2404 6020 8005 1204 0 3981 9436 8772 9716 4964 6603 11880 7375 9091 583 10385 9082 1513 7793 5400 8386 1726 141 1581 1612 761 8338 9720 9406
3935 2061 2325 3080 5458 3324 5813 1345 5907 4016 5166 4684 7021 1204 2332 2952 2501 3114 3862 7478 2433 5500 6896 6555 2507 3138 5536 2731 3161 4964 500 1900 5941 4024 4701 3981 0 5685 5277 5738 2529 3901 8220 5852 6264 4080 6579 5124 3405 3894 2475 5522 3300 4114 5408 2758 4742 4785 5869 5866
7561 7110 7000 8697 2973 8621 7400 5902 1702 9340 921 4901 6146 4891 3577 7337 4159 6332 5063 2102 4472 1360 7179 2080 4341 8700 5277 3140 4808 8271 6080 7043 7700 2600 10323 9436 5685 0 1236 2780 4833 3733 2555 5707 3244 9360 984 3178 8376 1931 6360 7382 8183 9577 10971 8429 10167 5412 670 989
6574 6964 6942 8140 1746 7919 6206 5772 2865 8627 1843 3705 4924 4301 3522 7368 3330 5371 3956 2220 3623 2441 5943 1400 4501 8105 4044 2555 3801 7211 5727 6370 6512 3138 9745 8772 5277 1236 0 3827 3940 2624 3140 4472 2121 8631 2102 4060 7592 2158 6428 7940 7387 8913 10339 7932 9474 6053 1897 640
8809 6378 6081 8765 5521 9047 9362 5300 1170 9749 1984 6989 8660 5491 3448 6184 5408 7600 6844 4587 5703 1421 9493 4860 3440 8856 7564 4210 6350 9700 5948 7528 9631 1746 10344 9716 5738 2780 3827 0 6103 5661 4418 8011 5946 9808 2720 806 9024 2433 5240 5135 8876 9848 11094 8372 10477 3157 2195 3764
2765 4588 4846 4531 3400 4080 3605 3758 5770 4763 4729 2158 4492 1389 3046 5462 707 1529 1341 6087 400 5277 4440 4891 3966 4428 3008 1902 632 3601 3008 2640 3807 4440 6041 4964 2529 4833 3940 6103 0 1655 7080 3324 4162 4750 5817 5770 3676 3704 4854 7638 3465 5103 6545 4464 5622 6414 5281 4580
3996 5930 6100 6184 1749 5714 3733 4924 5035 6382 3920 1341 3440 2700 3420 6670 1400 2842 1334 4604 1529 4539 3911 3330 4522 6083 2051 1843 1272 4588 4401 4295 4019 4254 7694 6603 3901 3733 2624 5661 1655 0 5682 2483 2507 6360 4687 5546 5263 3269 5913 8323 5044 6741 8183 6103 7242 6788 4304 3231
9674 9660 9534 11194 4272 11039 8973 8453 3300 11751 3289 6545 7000 7359 6129 9843 6466 8490 6977 1204 6762 3337 8321 2549 6835 11179 6628 5590 6911 10245 8626 9476 9289 4972 12814 11880 8220 2555 3140 4418 7080 5682 0 6987 4019 11759 1843 5100 10729 4472 8859 9502 10526 12021 13435 10948 12593 7502 2596 2500
3992 7905 8170 7317 2801 6511 2109 7068 7242 7034 6135 1220 1204 4701 5872 8784 3551 3413 1992 5787 3488 6767 1486 4440 6952 7134 447 4313 2692 4000 6324 5500 2418 6711 8570 7375 5852 5707 4472 8011 3324 2483 6987 0 2983 6964 6537 7975 5869 5693 8140 10744 5651 7494 8860 7400 7844 9264 6356 4916
6222 8209 8300 8691 806 8198 5032 7100 4940 8850 3962 2780 3041 5099 5119 8813 3832 5200 3471 2816 4016 4545 4304 1503 6209 8590 2657 3705 3721 6580 6759 6802 5348 5162 10196 9091 6264 3244 2121 5946 4162 2507 4019 2983 0 8820 3862 6171 7710 4118 7951 9861 7488 9227 10667 8603 9709 8052 3911 2282
3026 4472 4981 1523 8102 761 5600 4909 9883 141 9020 6264 8102 4494 6369 5481 5303 3666 5411 10818 5020 9441 7217 9641 6551 1264 6894 6220 5103 3535 3962 2332 5503 8077 1711 583 4080 9360 8631 9808 4750 6360 11759 6964 8820 0 10322 9204 1118 7789 5721 8766 1341 632 1897 2024 894 8605 9679 9269
8544 7889 7736 9620 3748 9580 8308 6688 1552 10300 1476 5807 6868 5841 4382 8022 5142 7316 6020 1878 5456 1503 7990 2469 5015 9633 6120 4104 5787 9244 6952 8000 8614 3132 11247 10385 6579 984 2102 2720 5817 4687 1843 6537 3862 10322 0 3324 9349 2720 7037 7702 9158 10526 11909 9334 11121 5703 761 1627
8405 5622 5307 8102 5658 8448 9169 4579 1800 9139 2282 6887 8720 5008 2915 5390 5099 7224 6640 5141 5375 1868 9440 5234 2729 8207 7529 3929 6087 9333 5292 6963 9425 1334 9660 9082 5124 3178 4060 806 5770 5546 5100 7975 6171 9204 3324 0 8472 2282 4455 4404 8336 9211 10421 7692 9843 2408 2692 4117
2002 4295 4792 1835 7000 728 4617 4455 9007 1170 8095 5147 7021 3584 5578 5366 4263 2548 4293 9762 3969 8549 6200 8563 5912 1565 5787 5247 4000 2692 3413 1513 4554 7280 2716 1513 3405 8376 7592 9024 3676 5263 10729 5869 7710 1118 9349 8472 0 6894 5412 8538 223 1627 3008 2202 2012 8129 8732 8232
6449 5188 5069 6965 3500 7032 6937 3982 2118 7752 1272 4609 6466 3310 1664 5412 3001 5223 4414 3981 3305 1655 7158 3535 2433 7000 5247 1802 3920 7305 4244 5458 7203 1063 8591 7793 3894 1931 2158 2433 3704 3269 4472 5693 4118 7789 2720 2282 6894 0 4438 5787 6723 7932 9280 6652 8544 3935 1984 2500
6351 1334 894 4301 7170 5063 8280 1131 5883 5614 5570 6931 9260 3466 2906 984 4609 5589 6191 8417 4652 5635 9290 7822 2024 4501 7782 4257 5470 7378 2163 4071 8414 3935 5629 5400 2475 6360 6428 5240 4854 5913 8859 8140 7951 5721 7037 4455 5412 4438 0 3138 5375 5500 6432 3805 6107 3008 6276 6888
9451 4294 3785 7283 9170 8149 11203 4205 6203 8649 6462 9526 11763 6312 4909 3313 7224 8602 8914 9453 7355 6207 12034 9289 3801 7513 10340 6489 8203 10480 5277 7209 11370 4827 8400 8386 5522 7382 7940 5135 7638 8323 9502 10744 9861 8766 7702 4404 8538 5787 3138 0 8509 8471 9200 6774 9044 2000 7017 8200
1811 4294 4785 1969 6780 905 4428 4393 8839 1392 7915 4924 6806 3417 5434 5371 4060 2325 4070 9552 3764 8377 6000 8348 5803 1708 5565 5060 3780 2549 3337 1400 4373 7130 2927 1726 3300 8183 7387 8876 3465 5044 10526 5651 7488 1341 9158 8336 223 6723 5375 8509 0 1843 3230 2302 2235 8050 8547 8027
3605 4203 4708 1200 8490 1029 6200 4784 9998 509 9183 6741 8648 4686 6441 5162 5608 4143 5869 11119 5341 9571 7805 9980 6514 1019 7404 6444 5506 4158 3921 2545 6113 8138 1100 141 4114 9577 8913 9848 5103 6741 12021 7494 9227 632 10526 9211 1627 7932 5500 8471 1843 0 1442 1702 632 8448 9860 9547
4902 5099 5573 2332 9931 2469 7433 5887 11315 1838 10541 8153 9992 6082 7738 5913 7043 5554 7291 12548 6780 10904 9066 11420 7696 2280 8791 7849 6946 5300 5147 3969 7310 9415 806 1581 5408 10971 10339 11094 6545 8183 13435 8860 10667 1897 11909 10421 3008 9280 6432 9200 3230 1442 0 2731 1019 9436 11229 10971
3992 2501 3006 509 7818 1562 6552 3162 8640 1897 7924 6437 8600 3635 5060 3471 4792 4011 5532 10151 4588 8246 8023 9130 4965 761 7210 5382 5000 4837 2441 1902 6545 6711 1972 1612 2758 8429 7932 8372 4464 6103 10948 7400 8603 2024 9334 7692 2202 6652 3805 6774 2302 1702 2731 0 2302 6774 8627 8544
3883 4800 5300 1811 8987 1555 6419 5412 10617 860 9790 7158 8973 5280 7066 5731 6155 4560 6305 11672 5879 10187 8050 10511 7146 1649 7783 7029 5990 4301 4553 3124 6303 8766 1081 761 4742 10167 9474 10477 5622 7242 12593 7844 9709 894 11121 9843 2012 8544 6107 9044 2235 632 1019 2302 0 9066 10462 10111
8633 4341 3889 7256 7409 7900 10016 3700 4204 8509 4491 8072 10198 5239 3420 3712 5882 7615 7580 7467 6074 4210 10640 7368 2459 7433 8839 4951 6906 9646 4716 6661 10221 2915 8634 8338 4785 5412 6053 3157 6414 6788 7502 9264 8052 8605 5703 2408 8129 3935 3008 2000 8050 8448 9436 6774 9066 0 5024 6264
8036 7134 6977 8927 3640 8930 8005 5936 1063 9651 721 5514 6815 5186 3640 7260 4588 6800 5622 2451 4904 824 7833 2690 4254 8949 5922 3488 5315 8786 6228 7349 8302 2376 10554 9720 5869 670 1897 2195 5281 4304 2596 6356 3911 9679 761 2692 8732 1984 6276 7017 8547 9860 11229 8627 10462 5024 0 1640
7200 7494 7446 8761 2121 8556 6736 6293 2690 9265 1835 4242 5249 4920 4002 7844 3969 6003 4554 1612 4263 2343 6363 1118 4916 8732 4504 3162 4429 7818 6306 7003 7045 3373 10371 9406 5866 989 640 3764 4580 3231 2500 4916 2282 9269 1627 4117 8232 2500 6888 8200 8027 9547 10971 8544 10111 6264 1640 0
# set of given starting solutions
0 34 24 12 52 4 6 48 53 41 2 57 44 7 16 18 59 27 36 3 13 30 28 45 14 21 35 40 9 23 39 46 58 55 8 31 17 50 11 43 5 47 22 10 33 19 42 54 49 15 56 20 26 25 51 38 29 32 37 1 0
0 14 13 58 54 40 39 26 24 4 11 55 21 45 25 18 59 28 30 50 31 48 42 5 34 27 20 57 22 32 19 6 8 17 46 49 16 38 23 43 53 12 35 36 2 51 37 10 47 1 44 15 41 56 29 3 33 7 9 52 0
0 4 48 33 16 49 25 27 52 50 29 40 7 23 26 58 19 47 11 3 42 55 37 51 1 46 28 10 30 21 18 8 9 38 2 24 17 14 54 39 12 34 53 56 5 57 32 36 43 6 45 13 59 15 22 31 35 44 41 20 0
0 19 31 32 52 22 4 34 40 2 14 11 5 21 46 44 38 12 33 24 3 10 6 43 57 9 48 56 53 30 25 35 45 29 26 17 50 39 41 23 8 37 42 54 49 59 28 15 7 55 58 18 13 27 1 16 36 47 51 20 0
0 57 40 37 53 25 1 31 59 49 56 13 23 35 17 22 36 44 38 42 21 33 8 55 51 48 30 15 26 20 11 5 50 43 39 9 32 7 10 41 18 28 29 34 14 27 6 45 4 24 58 19 2 16 47 3 54 46 52 12 0
0 52 56 53 42 25 38 1 54 17 7 21 32 49 10 24 48 19 50 35 18 8 57 3 22 9 2 39 45 41 44 31 12 47 23 59 11 37 33 13 15 27 4 30 55 6 46 34 20 26 51 29 58 14 36 43 16 5 28 40 0
0 31 59 40 3 21 32 26 55 17 18 29 7 30 10 11 25 42 4 38 28 37 8 41 12 22 9 34 53 49 51 47 27 1 16 43 6 57 13 44 58 48 23 36 19 46 24 52 2 56 35 20 33 54 39 50 5 14 15 45 0
0 13 15 25 3 8 20 35 58 44 5 1 4 39 12 31 26 24 52 27 18 45 41 17 38 23 10 53 30 56 48 33 50 59 46 47 7 40 36 32 37 29 6 42 55 16 57 2 21 19 11 28 49 43 51 54 14 22 34 9 0
0 49 11 6 16 27 37 19 38 39 10 43 35 9 57 14 42 7 30 15 31 8 44 20 50 32 25 54 23 12 48 40 52 58 53 13 51 41 1 17 21 29 36 59 2 18 45 55 5 24 26 47 22 46 34 3 33 4 28 56 0
0 16 35 38 19 51 43 44 6 14 7 31 24 56 22 46 15 59 9 57 53 54 34 26 1 3 41 40 36 32 58 10 20 11 30 47 21 39 55 27 48 18 25 52 33 28 49 4 8 17 23 12 42 5 13 29 2 37 45 50 0
0 29 36 49 48 23 43 37 41 50 58 39 32 25 52 6 57 34 28 56 10 45 20 24 17 54 55 21 31 13 8 4 16 5 26 33 27 44 9 59 18 47 12 46 51 15 30 22 7 38 11 19 14 35 1 40 3 2 53 42 0
0 45 39 57 59 22 31 17 32 35 21 24 12 3 2 9 54 58 26 34 56 55 40 7 53 20 8 30 14 52 49 47 33 38 50 18 15 10 46 19 6 23 4 16 41 28 29 27 1 43 36 11 44 51 5 42 48 25 37 13 0
0 42 1 20 47 32 13 19 38 11 44 12 58 33 53 8 48 36 17 40 15 43 2 3 14 10 37 7 27 55 6 50 30 46 22 29 49 56 41 23 28 35 24 25 5 39 18 9 4 54 59 52 51 21 34 26 16 57 31 45 0
0 27 41 30 59 5 53 55 51 36 17 15 13 57 35 50 45 2 25 18 12 32 8 44 7 24 29 28 14 4 54 1 42 40 3 22 37 19 21 47 48 31 26 39 46 23 43 49 20 9 56 33 38 52 34 11 58 6 10 16 0
0 19 2 3 52 8 48 11 4 40 27 38 7 22 1 28 6 26 49 55 31 37 13 53 23 42 56 15 44 41 59 29 18 20 46 24 10 35 9 36 33 25 45 17 30 54 51 21 47 16 12 39 50 5 58 32 57 43 14 34 0
0 3 59 24 10 17 47 22 32 6 54 56 41 8 15 29 46 55 44 19 50 31 43 49 7 36 28 48 23 30 21 52 39 5 45 13 2 14 27 4 26 1 57 33 34 42 12 53 11 38 40 20 35 51 16 9 58 25 18 37 0
0 26 23 19 41 15 56 7 51 45 5 43 52 54 36 38 21 22 1 39 44 13 33 17 24 58 48 14 50 32 11 10 31 4 3 46 18 20 2 34 29 35 6 8 27 53 57 59 9 16 55 42 25 37 12 40 28 49 47 30 0
0 26 5 21 31 32 29 25 30 50 16 27 42 34 11 41 56 23 44 7 8 10 45 54 2 6 3 14 48 58 33 18 55 9 43 40 52 22 35 51 53 1 19 46 47 24 59 15 36 38 49 39 17 28 4 20 37 13 12 57 0
0 44 10 35 29 4 12 55 57 54 7 41 36 28 38 39 23 37 6 48 2 1 40 19 45 20 3 17 14 21 32 16 5 30 58 50 22 15 53 49 11 26 56 13 25 43 31 51 8 42 9 24 46 47 27 52 59 33 34 18 0
0 41 58 18 50 31 42 22 38 57 32 43 45 2 36 35 26 5 4 34 25 40 39 23 24 1 20 33 17 49 44 21 59 14 55 10 16 9 37 47 11 7 48 56 52 12 19 15 53 51 46 6 54 29 13 30 28 3 27 8 0
0 35 48 34 22 52 45 24 50 9 23 4 21 32 17 38 8 13 15 41 20 6 42 56 54 5 55 14 44 58 31 40 59 27 3 30 53 57 29 12 43 51 26 7 28 36 33 25 2 49 46 11 18 39 16 19 37 1 47 10 0
0 22 39 4 43 57 31 28 14 11 46 26 34 32 37 15 53 52 8 6 24 58 25 50 41 20 27 18 9 16 45 21 40 17 38 5 29 59 10 47 2 19 3 49 51 12 23 48 36 54 7 1 30 42 44 35 56 33 55 13 0
0 45 20 16 1 54 17 8 30 10 15 2 47 21 58 51 24 39 33 5 19 7 38 26 59 52 35 14 9 42 18 56 3 57 50 36 11 49 43 12 27 40 41 4 31 55 29 44 13 53 25 28 22 37 34 23 48 46 32 6 0
0 8 36 49 52 14 3 13 16 20 44 2 40 42 4 15 53 10 54 17 58 28 18 21 56 33 35 23 34 7 19 12 30 51 45 59 25 9 26 29 55 57 39 1 11 6 27 31 24 50 5 38 48 47 37 22 41 32 43 46 0
0 26 14 39 54 6 21 40 5 41 15 45 24 37 32 43 52 25 22 8 19 31 16 50 55 13 59 18 36 11 51 12 4 30 48 49 58 38 2 44 56 42 33 3 53 27 35 57 7 23 20 1 46 28 17 10 29 47 34 9 0
0 52 49 35 33 36 23 9 26 30 46 55 4 56 2 24 59 44 5 32 3 43 34 11 31 41 7 8 53 22 50 29 15 18 28 16 38 37 45 14 20 58 27 51 1 17 13 39 12 6 25 21 19 42 48 10 57 40 54 47 0
0 25 17 19 24 54 8 10 5 45 26 33 23 1 57 49 43 52 15 14 13 7 34 11 38 12 16 50 42 21 40 22 18 48 30 46 4 2 41 3 39 51 56 32 44 29 37 35 31 6 9 53 20 27 47 59 58 36 55 28 0
0 52 55 41 28 58 16 9 24 40 57 43 17 12 22 35 26 27 51 5 38 25 6 20 46 23 42 21 39 29 18 31 1 4 50 37 3 8 10 33 49 48 32 47 34 53 44 19 54 11 14 13 59 36 7 45 30 56 2 15 0
0 13 44 30 59 31 27 15 22 18 54 45 19 51 2 38 24 1 4 40 41 42 28 23 20 8 21 47 5 35 37 29 17 10 6 53 3 39 36 55 25 57 9 14 52 32 48 12 16 49 46 7 34 50 58 43 33 11 56 26 0
0 16 44 47 40 53 48 31 39 21 11 36 4 3 12 55 59 26 6 50 54 51 14 1 56 20 23 32 25 13 30 35 45 52 5 34 46 41 15 24 38 7 18 2 28 17 8 19 33 9 57 43 42 49 58 10 22 37 29 27 0
0 25 18 43 13 7 12 15 36 16 1 33 58 8 5 32 44 50 28 47 34 45 57 54 20 9 52 17 37 51 4 31 23 21 11 39 10 41 19 55 56 3 40 46 26 14 35 30 27 29 48 59 2 22 53 42 24 38 6 49 0
0 49 2 46 51 16 12 30 7 52 58 37 53 20 57 56 42 5 48 21 55 14 31 17 13 29 23 8 33 1 24 11 19 3 10 40 27 32 18 6 38 22 47 34 44 45 41 26 4 50 54 35 25 9 59 36 39 15 43 28 0
0 56 2 15 52 42 58 59 9 17 32 23 3 4 35 45 21 50 28 47 38 43 44 6 31 24 39 13 5 53 7 12 55 16 1 40 10 20 34 33 41 14 49 22 27 46 19 25 51 29 30 57 8 48 36 11 18 26 54 37 0
0 22 46 23 45 40 4 15 20 19 5 39 12 58 29 49 24 34 3 47 28 18 1 30 42 51 53 35 33 50 56 13 8 44 31 10 37 55 48 2 54 41 32 11 52 57 38 9 36 26 16 17 7 14 59 21 6 43 27 25 0
0 14 56 39 29 10 38 47 44 28 27 51 53 7 57 34 46 15 48 42 24 11 37 26 3 13 54 59 45 6 40 8 17 2 4 35 20 41 36 33 49 22 55 9 1 16 52 23 12 31 19 50 25 58 30 32 5 43 21 18 0
0 24 27 37 50 21 35 23 7 39 29 8 34 18 17 1 52 28 43 40 31 56 38 20 9 12 51 3 54 49 6 44 48 55 14 42 33 10 19 46 47 4 30 58 25 22 2 57 41 59 16 13 36 45 15 26 11 5 32 53 0
0 7 43 14 55 51 25 24 26 37 32 6 40 15 20 13 48 44 35 4 47 45 58 5 1 53 31 12 27 17 39 52 22 41 49 54 59 33 3 9 28 23 46 21 29 11 34 18 57 10 19 36 42 16 30 2 56 38 8 50 0
0 48 46 32 23 25 54 43 5 14 12 6 38 4 24 34 26 44 10 2 52 3 47 51 29 40 37 33 15 1 59 49 39 8 56 57 30 16 9 58 19 11 55 42 20 35 7 21 41 50 13 17 18 36 28 27 22 53 31 45 0
0 14 1 52 45 51 54 7 53 33 8 18 55 4 26 40 24 16 15 6 17 37 48 28 10 5 47 56 27 59 21 30 39 46 44 12 19 57 11 22 20 38 36 3 42 49 31 50 9 23 41 43 32 25 34 35 58 13 29 2 0
0 45 56 12 1 58 30 16 43 9 20 18 31 59 22 42 57 51 49 52 55 26 7 39 38 2 11 19 47 40 54 17 32 28 37 36 29 50 35 8 6 33 4 34 46 24 15 53 5 13 21 41 14 44 27 48 3 25 10 23 0
0 13 23 46 27 52 30 34 44 58 54 17 43 49 25 40 48 53 28 19 29 7 56 57 9 22 2 47 36 37 26 10 12 11 33 51 42 3 4 5 38 1 35 45 15 50 31 24 14 55 32 20 21 39 6 18 59 41 8 16 0
0 14 56 18 12 13 9 27 7 39 28 21 46 5 50 3 45 57 52 38 48 36 41 20 4 51 6 1 33 30 10 15 44 11 42 17 26 49 2 31 37 16 40 24 23 58 54 19 53 47 35 55 43 34 59 8 22 25 29 32 0
0 53 20 14 50 12 30 55 33 32 1 6 41 7 56 38 26 36 54 34 31 3 35 51 28 5 42 59 58 27 22 2 37 45 57 4 48 16 46 47 19 29 25 13 24 21 15 17 39 52 23 11 9 40 43 49 10 8 18 44 0
0 41 25 2 13 26 48 50 40 34 38 55 3 37 6 30 4 53 23 24 46 29 5 59 58 52 12 56 35 42 10 9 44 33 32 18 21 17 51 16 11 36 27 7 8 19 45 57 31 54 15 1 20 14 43 22 49 47 28 39 0
0 18 49 56 6 29 54 1 13 25 30 39 20 5 3 52 8 48 46 42 2 22 43 4 47 33 45 10 37 23 57 59 31 27 16 12 55 40 17 21 19 9 58 53 7 11 50 41 32 51 35 34 36 38 24 28 14 15 26 44 0
0 45 26 34 28 8 21 16 15 25 52 1 4 47 32 5 42 9 2 50 43 35 53 31 40 54 51 22 18 6 3 29 38 13 11 44 46 59 58 24 33 37 23 10 7 17 56 19 55 14 57 30 27 39 12 41 36 20 48 49 0
0 48 6 22 14 26 28 29 1 10 24 47 41 56 8 37 46 49 57 45 21 15 11 19 30 18 9 52 39 33 34 44 3 42 51 5 50 53 13 23 59 40 38 2 7 32 58 4 27 36 31 16 54 25 43 17 55 35 20 12 0
0 23 14 50 18 46 47 48 53 58 1 31 17 39 22 8 7 34 3 27 55 40 38 43 13 2 54 15 25 41 6 37 51 29 45 20 30 16 4 49 5 36 59 9 57 10 28 52 12 33 44 21 19 32 24 42 56 35 11 26 0
0 15 50 21 19 27 26 48 59 35 6 32 10 40 54 24 46 25 8 29 12 43 31 38 5 39 56 34 52 42 28 41 13 47 33 1 20 58 18 49 11 37 51 16 45 36 22 3 7 23 30 17 53 4 57 14 44 2 55 9 0
0 7 19 52 48 6 15 14 49 21 9 39 20 17 53 32 40 57 47 33 36 41 37 59 28 44 51 16 42 10 18 55 25 34 35 31 46 54 13 22 4 5 12 58 45 43 11 8 3 23 24 26 30 2 50 29 56 27 1 38 0
0 40 24 3 10 6 15 46 33 50 5 58 8 35 13 42 44 56 51 36 55 54 45 38 4 1 9 16 59 31 49 43 47 39 22 29 14 27 41 48 34 12 26 37 30 11 57 52 32 21 53 25 19 7 28 23 2 17 18 20 0
0 10 17 4 6 43 16 51 3 18 15 19 23 25 59 1 53 34 29 28 52 58 49 41 22 40 42 7 54 21 48 46 39 5 57 11 13 20 31 9 2 14 30 44 45 8 38 33 24 27 36 50 37 12 55 32 56 47 35 26 0
0 37 4 28 13 33 44 15 47 46 31 38 49 3 12 35 16 11 58 8 50 23 42 5 45 24 22 32 17 52 48 9 18 51 10 14 7 6 55 54 34 29 39 30 1 59 26 25 20 36 27 57 41 43 53 21 56 2 19 40 0
0 20 36 42 28 29 56 16 7 34 51 2 1 57 39 23 31 13 24 48 27 11 53 37 46 8 41 30 59 15 6 47 12 5 26 38 45 52 9 33 22 43 44 10 54 50 49 55 32 19 14 58 35 3 21 4 25 40 17 18 0
0 58 41 19 15 51 28 47 36 10 52 34 32 26 38 21 40 53 20 39 44 25 42 14 5 35 18 46 23 59 6 49 50 30 57 56 48 31 13 4 22 2 8 11 7 12 55 29 3 17 1 37 24 9 54 27 45 43 33 16 0
0 50 28 32 46 55 39 30 45 53 17 48 38 4 33 43 19 57 7 47 20 49 22 21 34 10 35 41 29 5 9 31 16 15 12 26 3 14 23 37 25 24 44 42 2 8 6 13 54 40 18 1 56 51 27 52 36 58 11 59 0
0 32 44 8 24 15 12 10 54 56 3 26 33 53 35 36 29 17 4 43 23 52 41 38 27 55 40 18 25 37 45 2 31 5 42 59 19 16 50 30 49 47 22 46 57 14 51 1 20 48 58 11 9 6 21 39 7 28 13 34 0
0 8 19 9 11 35 23 46 14 41 29 24 48 33 40 38 26 56 52 1 27 57 4 59 43 36 51 25 18 50 32 3 20 16 15 54 13 49 58 22 53 10 45 2 31 28 34 17 21 44 6 5 30 7 37 42 47 39 55 12 0
0 40 16 48 21 30 34 49 38 47 46 28 22 42 1 19 50 25 51 35 41 17 57 32 23 10 7 33 12 9 39 59 45 37 27 14 58 52 36 56 44 31 3 53 54 2 13 8 24 5 6 26 4 11 18 29 20 43 15 55 0
0 15 48 35 52 5 59 36 29 6 47 14 25 23 57 16 51 22 39 54 45 26 17 33 49 53 10 58 42 9 27 37 2 1 38 13 18 41 44 4 43 50 11 20 24 34 30 12 19 56 55 8 3 7 28 32 31 46 40 21 0
0 39 8 27 29 22 5 40 57 49 12 59 51 52 4 15 55 30 10 24 42 36 23 14 34 19 38 13 35 46 50 32 41 45 37 16 56 48 54 25 6 53 3 2 33 9 1 17 26 18 11 21 31 43 20 28 7 58 47 44 0
0 39 4 11 31 15 38 40 28 59 12 24 48 7 27 8 30 14 44 2 22 43 36 13 6 54 20 18 42 37 29 16 32 35 49 19 21 53 3 33 1 56 26 45 9 47 55 17 5 46 50 58 41 51 34 10 52 23 25 57 0
0 22 16 6 32 24 23 14 25 41 36 56 26 13 15 49 59 20 34 29 38 19 40 51 3 33 54 4 48 52 42 57 2 45 1 11 46 31 9 5 53 7 37 50 39 21 35 10 12 28 58 8 17 27 44 18 30 47 43 55 0
0 19 18 33 29 43 12 50 42 51 22 3 2 34 56 59 31 17 53 15 27 14 7 1 46 44 58 8 45 23 32 54 39 21 47 49 48 55 35 41 24 25 4 9 57 11 30 13 16 28 6 10 37 52 5 26 20 36 40 38 0
0 14 15 36 42 29 55 32 58 27 19 17 59 35 39 25 49 33 46 18 30 7 56 57 1 16 9 37 45 11 41 13 22 54 3 31 34 47 21 12 51 2 43 40 6 4 28 26 20 10 38 8 52 53 5 24 44 23 50 48 0
0 38 53 50 35 30 12 6 11 28 16 15 39 25 29 21 49 18 55 23 45 37 54 58 42 22 44 47 59 34 41 32 36 24 9 2 1 19 46 3 31 14 48 40 27 17 7 13 5 20 51 10 26 43 56 33 57 52 4 8 0
0 42 14 21 28 47 27 31 50 24 37 46 17 52 59 40 44 25 57 1 33 9 13 55 4 7 34 54 45 19 11 39 8 12 18 22 16 20 29 2 10 5 26 56 15 30 38 35 32 51 48 6 3 41 49 43 23 53 58 36 0
0 35 56 13 6 59 20 24 28 39 49 58 41 22 16 5 47 31 38 23 34 27 10 7 29 11 48 57 2 36 15 52 33 46 3 26 42 32 19 37 21 43 45 25 12 9 44 51 54 14 40 55 30 50 53 4 1 17 8 18 0
0 41 47 52 56 21 4 51 39 2 30 3 28 40 19 12 45 6 46 22 13 37 1 11 36 14 58 31 23 33 44 35 5 38 27 48 15 32 8 34 43 7 59 29 9 42 24 17 55 57 10 20 54 26 50 18 53 16 49 25 0
0 11 30 26 44 37 15 31 47 36 54 28 23 3 55 6 51 52 1 16 7 2 56 49 20 24 50 27 8 18 39 9 38 48 32 12 45 35 57 13 19 41 34 5 59 58 4 21 40 10 46 43 17 22 42 25 14 29 53 33 0
0 41 4 59 10 38 15 49 57 21 42 35 11 30 14 27 48 46 40 55 18 1 28 31 50 26 29 52 9 36 34 51 56 33 13 24 20 45 39 12 58 44 7 54 5 8 17 37 16 25 23 53 22 47 3 19 43 2 6 32 0
0 58 5 9 57 19 21 8 36 55 26 48 16 44 37 3 31 52 56 39 15 24 54 38 49 50 25 51 11 2 43 22 6 35 42 10 4 1 7 46 27 33 23 20 59 45 32 41 47 53 34 28 40 17 29 18 12 30 13 14 0
0 13 41 4 57 23 18 53 34 51 52 29 43 24 33 6 38 10 25 45 55 27 32 50 35 3 46 9 1 37 42 36 17 2 14 39 19 15 48 12 30 7 40 21 56 11 22 28 8 58 47 54 49 44 16 5 26 20 31 59 0
0 45 10 12 30 14 13 20 27 42 44 6 57 58 9 53 33 59 19 16 24 55 40 34 1 21 39 3 38 36 2 52 23 37 8 50 47 7 41 46 29 35 51 5 18 15 25 22 17 11 48 28 49 26 4 54 43 32 31 56 0
0 56 2 38 48 51 10 28 18 41 59 5 50 9 7 8 26 31 11 13 23 43 47 49 46 32 52 33 45 35 19 3 12 29 53 6 16 4 39 20 22 30 17 58 34 55 54 24 40 1 42 27 15 37 57 36 21 25 14 44 0
0 43 45 17 44 52 40 15 13 12 46 38 49 47 56 19 5 4 14 24 37 22 39 26 55 59 30 25 11 28 8 29 3 41 34 54 58 53 23 21 10 7 20 50 42 27 57 31 9 51 1 33 2 16 6 18 32 35 36 48 0
0 20 48 16 32 27 26 52 15 54 58 53 34 43 35 9 8 30 29 39 50 37 5 40 59 10 19 46 11 21 3 42 56 51 38 55 13 31 25 18 6 14 2 1 17 28 47 49 22 7 36 33 4 23 41 12 45 57 44 24 0
0 59 5 43 57 29 19 39 6 12 13 24 17 21 49 44 53 3 40 56 48 51 31 38 58 45 16 25 9 10 23 1 7 34 26 14 50 37 30 35 28 18 54 27 4 20 41 32 11 55 15 8 36 42 33 52 47 22 46 2 0
0 38 5 42 57 28 53 45 34 3 58 8 13 1 26 2 10 21 15 12 18 33 4 32 24 44 20 54 22 43 37 23 55 49 6 36 48 50 40 25 9 52 30 19 17 47 56 59 29 14 7 31 11 39 51 16 27 46 41 35 0
0 8 29 18 16 36 19 48 44 50 14 52 57 42 6 13 55 32 20 7 17 46 56 11 51 40 53 22 21 33 23 5 10 39 45 25 54 12 49 26 28 4 30 15 24 2 34 35 9 38 37 43 27 41 1 59 31 47 3 58 0
0 59 53 26 39 37 34 1 29 12 5 54 14 45 20 35 47 55 10 57 17 36 11 30 42 3 58 46 28 33 19 27 49 6 13 23 43 41 7 25 18 44 22 56 21 52 32 4 24 8 38 51 48 31 2 16 50 15 9 40 0
0 25 16 10 17 23 7 32 1 55 56 31 42 59 38 6 18 26 13 14 50 34 20 35 39 3 22 43 4 46 15 19 21 37 52 54 24 41 12 11 51 49 2 48 27 8 9 47 53 30 5 40 44 33 36 29 45 28 57 58 0
0 53 42 23 30 41 26 14 54 48 32 50 24 7 44 11 46 56 9 52 16 31 18 40 51 25 1 49 27 28 20 37 12 15 34 55 59 5 33 35 4 3 19 47 8 38 57 45 22 39 10 29 43 17 58 2 21 6 13 36 0
0 18 3 10 32 30 40 19 45 39 37 16 43 9 22 29 27 49 52 21 50 36 7 25 41 53 24 44 35 42 57 59 15 17 47 8 46 23 14 55 13 12 26 38 28 56 11 5 51 54 6 33 20 2 1 34 58 31 4 48 0
0 9 22 39 56 53 20 59 17 16 28 18 47 35 58 1 6 24 7 49 52 14 11 13 38 30 10 2 4 44 42 23 48 32 57 36 54 46 40 55 25 15 41 34 5 21 51 43 45 19 50 26 3 27 12 33 37 31 29 8 0
0 22 56 21 30 15 28 31 25 9 40 47 45 26 27 32 24 52 43 46 16 55 10 23 6 20 5 2 42 41 44 53 39 19 33 58 37 17 4 8 50 36 18 11 35 54 12 14 29 57 48 34 7 59 13 1 38 49 3 51 0
0 21 44 38 28 29 43 50 18 6 26 53 59 13 11 15 41 23 4 10 3 25 48 51 54 31 49 46 40 32 39 58 33 35 57 47 24 22 8 34 14 45 9 5 1 16 42 20 30 17 2 37 7 12 56 19 36 52 27 55 0
0 32 5 42 18 49 28 45 12 40 21 53 51 29 35 55 38 6 50 23 25 1 14 27 37 16 58 19 31 8 59 44 36 10 47 57 15 54 52 9 43 17 46 11 56 39 41 22 3 24 26 4 30 2 34 13 20 33 7 48 0
0 55 31 6 18 58 10 36 16 43 56 11 45 57 50 48 51 38 19 14 24 39 12 4 25 21 1 40 37 2 52 9 26 30 23 8 5 20 32 44 41 3 47 59 53 17 42 54 22 27 35 15 46 29 28 49 7 33 13 34 0
0 55 44 19 28 2 33 11 35 21 6 42 22 32 47 34 9 4 57 25 53 40 20 13 39 43 46 49 18 54 45 24 41 30 27 52 15 38 3 10 5 59 26 7 29 23 56 48 36 12 14 50 16 51 31 58 37 17 8 1 0
0 19 23 24 14 17 6 38 20 45 44 56 2 16 34 28 46 41 32 15 54 48 21 8 12 59 4 36 58 42 13 26 43 1 33 35 51 11 40 7 57 47 10 27 3 22 37 29 31 55 30 18 5 50 9 49 52 25 53 39 0
0 26 3 46 13 44 5 8 38 17 51 40 2 23 9 55 14 53 20 52 35 56 32 41 27 4 22 29 39 43 28 12 31 50 19 42 18 11 47 21 34 24 1 30 33 10 37 36 16 54 6 48 7 58 57 59 15 25 45 49 0
0 39 24 43 28 29 1 19 42 11 51 10 36 49 8 55 40 50 53 25 20 44 52 12 4 31 26 7 9 45 32 16 38 41 56 17 2 6 18 33 57 54 59 35 58 22 5 21 47 48 30 37 14 34 46 23 3 13 27 15 0
0 50 14 36 30 18 9 53 47 22 7 57 31 2 51 16 10 4 49 21 8 41 33 5 27 28 46 48 44 25 39 34 59 23 56 29 24 42 58 52 45 19 40 32 37 26 35 13 3 1 11 6 43 15 20 38 54 55 17 12 0
0 25 16 51 1 27 21 43 59 36 19 55 24 44 38 4 42 35 10 18 26 34 40 15 9 12 13 54 30 37 46 7 50 31 39 41 29 3 14 33 49 52 56 32 47 53 5 57 11 58 45 23 20 48 22 8 2 28 17 6 0
0 4 25 46 9 28 45 48 35 22 39 5 49 58 47 59 50 10 14 29 53 41 15 44 57 12 30 3 21 55 56 2 8 32 40 34 7 11 31 26 37 6 20 16 36 1 23 13 42 43 27 33 18 51 52 38 24 17 54 19 0
0 30 59 48 40 15 21 57 31 43 39 51 5 41 22 52 38 6 36 23 42 49 8 25 37 32 24 33 1 17 13 46 18 34 58 28 55 54 14 3 19 45 56 26 44 27 9 35 29 10 20 16 53 2 11 12 4 47 7 50 0
0 16 44 5 39 49 14 56 30 58 36 6 33 50 51 26 45 47 57 52 21 25 46 37 19 4 31 1 7 43 55 8 48 9 13 10 38 32 54 59 41 40 2 18 24 3 29 20 28 15 42 35 12 53 27 34 17 11 22 23 0
0 28 45 6 33 23 12 8 58 7 35 25 24 48 52 32 14 11 53 38 43 39 59 42 46 10 27 37 4 40 21 15 17 3 47 16 41 56 44 13 19 26 54 34 30 51 57 50 18 9 5 49 2 31 20 36 55 1 29 22 0
0 6 16 26 27 58 23 42 5 59 49 30 47 17 8 1 32 44 55 56 53 14 57 54 13 35 7 43 24 41 18 50 38 36 28 51 45 34 20 40 46 48 52 31 4 29 33 21 22 2 10 39 9 19 12 37 11 3 15 25 0
0 58 33 32 7 40 42 4 3 49 37 20 14 23 17 16 11 2 28 39 13 27 10 52 1 19 45 12 59 18 46 56 9 43 35 22 50 8 29 31 47 25 41 48 36 57 38 44 26 5 24 21 34 30 55 51 53 54 6 15 0
0 2 12 54 58 33 41 23 43 38 37 14 46 52 30 25 16 34 22 19 21 27 17 8 39 3 15 10 6 48 28 1 35 57 13 20 47 7 9 11 36 29 42 53 59 26 51 40 5 32 44 4 49 50 45 56 24 18 31 55 0
0 3 55 59 11 51 32 50 41 22 23 37 36 7 17 10 4 9 12 28 14 47 43 35 24 38 56 8 13 19 30 1 46 6 57 29 16 27 34 33 25 5 54 48 53 20 40 15 18 21 44 42 52 39 58 49 31 2 26 45 0
0 1 2 41 20 15 38 51 49 6 42 50 17 5 45 48 39 56 43 33 11 12 27 57 21 7 19 44 24 9 14 13 40 32 37 23 54 35 36 25 28 53 55 58 46 30 29 52 47 26 4 59 10 8 22 3 16 34 31 18 0
0 20 49 40 1 55 29 26 38 51 33 31 13 8 54 3 2 52 19 48 57 4 21 37 10 30 6 46 14 47 7 22 42 50 56 53 45 58 9 59 41 28 25 44 15 24 16 35 5 18 34 32 17 12 11 27 43 36 39 23 0
0 24 57 23 17 22 49 58 19 41 59 51 14 37 47 55 44 15 26 30 11 18 33 53 25 31 1 10 7 34 36 27 6 9 43 4 20 35 56 5 38 50 52 13 39 2 3 8 16 42 21 29 28 48 32 54 45 12 40 46 0
0 12 49 7 47 41 36 18 26 51 34 4 13 1 8 55 44 19 2 40 29 50 46 16 14 43 5 58 57 15 33 37 38 39 9 48 3 27 23 20 45 56 42 10 59 21 25 11 54 28 30 17 53 31 52 22 32 35 6 24 0
0 36 31 38 4 23 47 25 22 30 3 39 52 59 14 12 41 55 54 58 34 11 53 6 40 15 16 43 48 46 8 49 19 7 33 44 35 9 57 50 28 13 24 17 1 42 29 20 37 32 27 10 51 45 18 21 2 56 26 5 0
0 11 42 38 5 17 56 31 25 55 47 40 9 32 28 35 14 36 46 45 1 16 6 39 22 52 12 51 33 8 53 15 27 24 10 21 41 2 13 44 26 19 43 57 48 7 4 58 30 18 34 29 23 59 37 54 50 3 49 20 0
0 41 27 55 11 37 12 10 3 56 50 53 36 29 49 15 42 33 21 44 6 22 14 7 13 17 24 38 30 23 52 9 45 2 43 25 54 19 40 58 18 35 46 59 28 16 48 34 8 47 39 32 51 5 1 26 20 31 4 57 0
0 40 44 1 56 54 6 37 19 12 29 10 39 46 17 23 5 20 14 26 34 59 16 11 49 32 41 25 3 8 2 18 43 4 21 51 50 57 22 48 30 24 7 45 27 58 53 35 55 52 42 9 33 31 15 13 28 47 38 36 0
0 41 32 34 23 30 14 17 5 49 24 15 18 37 44 9 31 59 10 25 39 57 55 1 47 26 53 38 35 12 43 21 33 27 13 42 8 2 11 28 56 6 3 54 51 50 19 36 20 52 29 48 45 7 40 16 58 22 46 4 0
0 31 45 39 15 57 8 42 6 33 29 58 44 30 3 18 49 17 43 20 24 12 25 9 35 41 21 26 53 11 27 5 48 4 52 19 10 13 7 14 22 2 50 16 23 55 37 28 46 38 32 56 47 54 51 34 36 59 40 1 0
0 29 27 32 37 59 48 41 54 44 47 39 46 21 12 43 52 28 18 36 23 34 2 13 19 1 7 25 51 26 58 6 4 11 50 40 38 3 55 24 22 17 5 14 57 33 56 15 16 30 42 49 8 10 45 31 53 9 20 35 0
0 5 22 6 46 36 7 11 8 33 51 57 20 27 58 17 16 39 13 18 35 44 59 21 37 26 42 4 55 19 49 12 28 30 47 10 14 9 1 23 25 41 45 53 38 2 3 50 32 54 34 24 40 56 15 31 52 29 43 48 0
0 12 32 46 49 55 48 58 24 51 23 26 18 21 41 34 22 29 28 44 3 4 59 43 1 33 8 19 16 56 17 50 39 13 7 37 9 2 57 27 30 35 38 42 11 40 6 53 25 10 15 31 52 5 54 36 14 45 20 47 0
0 52 14 30 50 21 17 46 1 3 18 27 37 43 55 44 48 23 39 8 58 25 40 38 31 13 22 32 2 47 7 28 53 10 29 54 24 36 6 34 5 59 51 45 33 26 20 19 15 11 4 35 12 41 56 49 42 9 16 57 0
0 33 8 50 34 44 26 39 45 24 37 42 10 40 59 29 48 18 35 7 36 19 11 25 41 17 49 31 14 43 2 56 22 3 46 21 54 57 51 47 55 12 32 4 30 13 20 27 53 9 38 58 5 28 23 15 6 52 1 16 0
0 8 38 48 55 18 33 49 35 45 37 57 46 23 10 40 7 31 16 11 34 56 4 2 13 30 53 14 47 58 51 32 26 22 42 24 50 25 59 12 9 28 6 39 1 29 20 43 3 36 21 54 19 52 5 17 27 41 44 15 0
0 26 47 51 46 8 2 44 25 3 4 49 19 9 15 55 32 17 28 24 42 35 6 45 43 23 37 13 1 54 20 58 50 57 22 40 53 59 14 39 52 41 27 56 48 34 21 11 10 33 30 31 16 36 5 7 29 38 18 12 0
0 30 57 24 46 38 56 53 55 32 41 43 11 3 54 31 15 48 34 49 40 42 10 9 50 39 45 28 13 58 37 14 25 22 52 21 7 6 33 8 4 44 5 18 29 19 27 17 47 23 36 16 12 26 35 59 2 1 20 51 0
0 7 11 38 51 53 15 32 28 13 19 30 17 26 6 36 40 49 16 27 18 42 35 54 25 33 21 52 46 37 14 12 1 41 20 58 56 45 5 57 22 31 55 50 24 29 23 4 34 2 47 44 8 43 9 59 3 39 10 48 0
0 18 40 56 50 46 44 27 15 3 12 13 2 4 54 21 6 47 19 34 39 22 45 48 30 31 36 43 55 32 28 25 20 52 37 59 10 7 38 8 35 9 17 11 23 51 24 58 41 57 14 49 5 53 29 1 26 33 42 16 0
0 10 58 26 11 55 45 17 20 7 36 9 38 2 48 22 16 27 32 19 29 8 28 12 37 24 6 40 42 44 56 4 23 52 30 1 35 14 46 59 51 39 13 15 43 31 41 25 33 53 47 49 3 50 34 5 21 18 57 54 0
0 20 7 41 35 11 14 44 15 37 30 36 1 56 28 17 9 48 43 25 12 39 18 49 32 29 13 45 16 2 50 23 34 3 58 22 55 47 57 6 10 33 52 51 59 54 8 46 31 53 40 42 5 24 27 19 21 38 26 4 0
0 29 38 1 6 54 40 12 37 4 2 45 48 57 34 17 30 55 7 42 9 49 14 3 16 27 5 15 52 50 13 33 23 35 19 51 39 26 22 10 53 28 31 25 24 32 47 56 46 20 58 59 44 41 11 21 8 18 43 36 0
0 45 40 9 29 21 46 31 25 23 6 37 50 3 47 4 18 49 5 42 51 53 36 30 14 10 19 12 54 8 38 26 56 1 44 20 24 57 15 48 33 2 39 27 41 7 34 22 43 58 16 59 35 32 13 55 17 28 52 11 0
0 46 6 40 53 4 45 23 5 26 56 15 36 47 8 35 9 41 7 31 17 13 28 48 42 37 32 52 57 18 55 39 3 30 58 50 21 20 16 59 33 49 1 19 22 14 54 2 51 44 11 27 24 38 43 29 12 25 10 34 0
