# n n_solutions
40 1000
# n x n distance matrix
0 8347 5768 6760 9822 640 9265 7416 6122 3820 5922 7236 10123 6463 4976 9402 3008 3264 3624 2555 7798 6087 4701 2408 8450 9392 4632 8697 2280 4686 1802 4609 1500 8838 1341 8646 4512 3324 1923 6072
8347 0 2580 3805 8683 8558 2617 5223 2284 4700 6001 3306 1788 8550 5000 1923 7102 8099 9651 6131 1077 2807 4123 6652 1972 2624 4326 3801 7951 9170 6545 9080 7605 8104 7783 5852 6224 5142 7725 3101
5768 2580 0 2983 8130 5994 4011 4521 600 2236 4512 2920 4356 6918 3220 3847 4742 5777 7289 3640 2195 1476 1964 4161 3106 4104 2121 4248 5491 7034 3966 6937 5092 7335 5234 5590 4219 2624 5263 1720
6760 3805 2983 0 5188 7217 2900 1565 3466 4518 2284 640 4939 4808 6060 3466 4382 5161 6684 5554 4275 4440 4720 4438 2418 3041 2209 1941 5412 5825 5200 5748 6726 4459 5700 2617 2983 4648 7071 1272
9823 8683 8130 5188 0 10438 6606 3623 8645 9192 4140 5478 9218 3800 10987 7516 6814 6791 7610 9780 9363 9604 9654 7559 6806 6702 6648 5024 7653 6100 8935 6103 10480 984 8486 2844 5420 9135 10941 6414
640 8558 5994 7217 10438 0 9630 7951 6296 3920 6500 7665 10344 7102 4837 9714 3624 3904 4205 2545 7940 6161 4738 2961 8793 9752 5048 9144 2920 5315 2088 5240 1208 9454 1972 9192 5096 3440 1513 6453
9265 2617 4011 2900 6606 9630 0 3676 4100 6200 5080 2267 2617 7470 7106 921 7211 8043 9577 7532 3640 4964 5953 7111 905 141 4661 1612 8215 8711 7543 8637 8910 6228 8367 3805 5879 6519 9154 3195
7416 5223 4521 1565 3623 7951 3676 0 5024 5824 1746 1923 6100 3827 7500 4464 4638 5154 6530 6670 5797 5990 6155 5008 3535 3807 3312 2163 5671 5382 6087 5325 7665 2912 6200 1264 3041 5866 8065 2801
6122 2284 600 3466 8645 6296 4100 5024 0 2416 5099 3324 4071 7516 3008 3800 5292 6332 7829 3847 1702 989 1902 4664 3201 4177 2716 4548 6003 7615 4327 7518 5322 7872 5685 6044 4816 2865 5442 2236
3820 4700 2236 4518 9192 3920 6200 5824 2416 0 5122 4712 6487 7038 1931 6082 3905 4901 6198 1431 4022 2267 948 3006 5303 6303 2549 6184 4275 6412 2109 6312 2906 8280 3676 7049 4204 500 3036 3352
5922 6001 4512 2284 4140 6500 5080 1746 5099 5122 0 2906 7223 2549 6989 5730 3001 3420 4785 5640 6300 5948 5693 3544 4694 5220 2641 3753 4004 3687 4830 3623 6397 3189 4638 2816 1414 5020 6842 3000
7236 3306 2920 640 5478 7665 2267 1923 3324 4712 2906 0 4332 5408 6105 2830 4973 5780 7310 5854 3889 4313 4788 4964 1788 2408 2617 1503 5994 6465 5614 6388 7100 4827 6228 2745 3612 4903 7416 1360
10123 1788 4356 4939 9218 10344 2617 6100 4071 6487 7223 4332 0 9740 6661 1702 8720 9682 11244 7918 2630 4512 5882 8348 2570 2531 5946 4201 9617 10632 8321 10547 9393 8805 9513 6400 7685 6930 9507 4580
6463 8550 6918 4808 3800 7102 7470 3827 7516 7038 2549 5408 9740 0 8969 8193 3606 3224 3820 7128 8820 8287 7779 4545 7186 7605 4866 5990 4188 2302 6044 2308 7424 2927 5140 4327 2846 6797 7919 5522
4976 5000 3220 6060 10987 4837 7106 7500 3008 1931 6989 6105 6661 8969 0 6747 5770 6726 7910 2473 4031 2202 1345 4825 6209 7180 4360 7468 6000 8273 3622 8174 3635 10104 5246 8668 6132 2236 3482 4801
9402 1923 3847 3466 7516 9714 921 4464 3800 6082 5730 2830 1702 8193 6747 0 7592 8486 10040 7472 2996 4554 5700 7378 1063 854 4909 2500 8560 9280 7632 9200 8902 7111 8609 4700 6378 6453 9100 3440
3008 7102 4742 4382 6814 3624 7211 4638 5292 3905 3001 4973 8720 3606 5770 7592 0 1044 2555 3624 6931 5748 4801 984 6543 7349 2780 6276 1044 2507 2469 2408 3820 5830 1676 5803 1603 3535 4313 4172
3264 8099 5777 5161 6791 3904 8043 5154 6332 4901 3420 5780 9682 3224 6726 8486 1044 0 1562 4464 7962 6791 5813 1902 7427 8183 3773 6983 989 1581 3257 1486 4382 5824 1984 6216 2195 4503 4882 5108
3624 9651 7289 6684 7610 4205 9577 6530 7829 6198 4785 7310 11244 3820 7910 10040 2555 1562 0 5503 9482 8221 7138 3228 8980 9718 5325 8459 1923 1529 4300 1513 5028 6700 2716 7494 3701 5755 5502 6670
2555 6131 3640 5554 9780 2545 7532 6670 3847 1431 5640 5854 7918 7128 2473 7472 3624 4464 5503 0 5437 3623 2193 2640 6648 7641 3383 7355 3634 6044 1216 5948 1476 8823 2801 7930 4455 1019 1627 4517
7798 1077 2195 4275 9363 7940 3640 5797 1702 4022 6300 3889 2630 8820 4031 2996 6931 7962 9482 5437 0 1897 3310 6351 2900 3661 4237 4661 7685 9170 6014 9075 6911 8709 7387 6579 6281 4500 6977 3301
6087 2807 1476 4440 9604 6161 4964 5990 989 2267 5948 4313 4512 8287 2202 4554 5748 6791 8221 3623 1897 0 1442 4997 4085 5028 3423 5521 6332 8174 4360 8075 5080 8811 5866 7029 5508 2765 5110 3190
4701 4123 1964 4720 9654 4738 5953 6155 1902 948 5693 4788 5882 7779 1345 5700 4801 5813 7138 2193 3310 1442 0 3931 5048 6040 3052 6184 5217 7300 3041 7200 3640 8780 4623 7324 4933 1431 3671 3466
2408 6652 4161 4438 7559 2961 7111 5008 4664 3006 3544 4964 8348 4545 4825 7378 984 1902 3228 2640 6351 4997 3931 0 6362 7244 2469 6378 1341 3452 1500 3354 2941 6576 1264 6239 2154 2601 3420 3944
8450 1972 3106 2418 6806 8793 905 3535 3201 5303 4694 1788 2570 7186 6209 1063 6543 7427 8980 6648 2900 4085 5048 6362 0 1000 3894 1838 7521 8220 6705 8140 8041 6307 7605 3962 5315 5632 8273 2418
9392 2624 4104 3041 6702 9752 141 3807 4177 6303 5220 2408 2531 7605 7180 854 7349 8183 9718 7641 3661 5028 6040 7244 1000 0 4792 1726 8352 8852 7665 8778 9025 6338 8500 3911 6020 6627 9265 3324
4632 4326 2121 2209 6648 5048 4661 3312 2716 2549 2641 2617 5946 4866 4360 4909 2780 3773 5325 3383 4237 3423 3052 2469 3894 4792 0 4104 3679 4933 3001 4838 4517 5748 3712 4561 2102 2555 4866 1476
8697 3801 4248 1941 5024 9144 1612 2163 4548 6184 3753 1503 4201 5990 7468 2500 6276 6983 8459 7355 4661 5521 6184 6378 1838 1726 4104 0 7316 7440 7105 7375 8602 4617 7640 2200 4788 6395 8919 2844
2280 7951 5491 5412 7653 2920 8215 5671 6003 4275 4004 5994 9617 4188 6000 8560 1044 989 1923 3634 7685 6332 5217 1341 7521 8352 3679 7316 0 2505 2418 2418 3413 6676 1000 6818 2630 3832 3911 5122
4686 9170 7034 5825 6100 5315 8711 5382 7615 6412 3687 6465 10632 2302 8273 9280 2507 1581 1529 6044 9170 8174 7300 3452 8220 8852 4933 7440 2505 0 4838 100 5916 5208 3498 6216 2952 6040 6413 6082
1802 6545 3966 5200 8935 2088 7543 6087 4327 2109 4830 5614 8321 6044 3622 7632 2469 3257 4300 1216 6014 4360 3041 1500 6705 7665 3001 7105 2418 4838 0 4743 1581 7961 1627 7349 3522 1612 2012 4373
4609 9080 6937 5748 6103 5240 8637 5325 7518 6312 3623 6388 10547 2308 8174 9200 2408 1486 1513 5948 9075 8075 7200 3354 8140 8778 4838 7375 2418 100 4743 0 5830 5203 3413 6174 2865 5941 6328 5994
1500 7605 5092 6726 10480 1208 8910 7665 5322 2906 6397 7100 9393 7424 3635 8902 3820 4382 5028 1476 6911 5080 3640 2941 8041 9025 4517 8602 3413 5916 1581 5830 0 9501 2418 8928 5060 2469 500 5807
8838 8104 7335 4459 984 9454 6228 2912 7872 8280 3189 4827 8805 2927 10104 7111 5830 5824 6700 8823 8709 8811 8780 6576 6307 6338 5748 4617 6676 5208 7961 5203 9501 0 7502 2433 4441 8203 9963 5636
1341 7783 5234 5700 8486 1972 8367 6200 5685 3676 4638 6228 9513 5140 5246 8609 1676 1984 2716 2801 7387 5866 4623 1264 7605 8500 3712 7640 1000 3498 1627 3413 2418 7502 0 7406 3224 3195 2915 5188
8646 5852 5590 2617 2844 9192 3805 1264 6044 7049 2816 2745 6400 4327 8668 4700 5803 6216 7494 7930 6579 7029 7324 6239 3962 3911 4561 2200 6818 6216 7349 6174 8928 2433 7406 0 4201 7111 9329 3889
4512 6224 4219 2983 5420 5096 5879 3041 4816 4204 1414 3612 7685 2846 6132 6378 1603 2195 3701 4455 6281 5508 4933 2154 5315 6020 2102 4788 2630 2952 3522 2865 5060 4441 3224 4201 0 3996 5522 3130
3324 5142 2624 4648 9135 3440 6519 5866 2865 500 5020 4903 6930 6797 2236 6453 3535 4503 5755 1019 4500 2765 1431 2601 5632 6627 2555 6395 3832 6040 1612 5941 2469 8203 3195 7111 3996 0 2646 3551
1923 7725 5263 7071 10941 1513 9154 8065 5442 3036 6842 7416 9507 7919 3482 9099 4313 4882 5502 1627 6977 5110 3671 3420 8273 9265 4866 8919 3911 6413 2012 6328 500 9963 2915 9329 5522 2646 0 6100
6072 3101 1720 1272 6414 6453 3195 2801 2236 3352 3000 1360 4580 5522 4801 3440 4172 5108 6670 4517 3301 3190 3466 3944 2418 3324 1476 2844 5122 6082 4373 5994 5807 5636 5188 3889 3130 3551 6100 0
# set of given starting solutions
0 9 22 17 6 4 1 5 36 15 30 11 14 20 29 13 31 12 16 8 26 27 24 23 19 38 37 34 39 7 28 21 3 35 33 10 2 18 25 32 0
0 4 20 15 2 13 32 18 21 24 17 3 29 19 31 14 26 25 38 37 23 34 1 33 5 9 10 28 6 12 30 16 35 8 39 7 22 27 11 36 0
0 33 6 8 29 4 19 13 20 26 11 38 32 18 14 15 22 10 31 28 35 24 23 25 21 34 30 12 3 1 9 17 2 39 16 27 36 37 7 5 0
0 31 18 39 3 36 16 1 21 15 38 19 33 2 10 37 26 14 7 30 32 22 23 11 20 8 25 28 13 35 9 27 5 6 17 12 34 24 4 29 0
0 6 26 7 21 8 12 10 19 16 13 5 3 14 2 25 27 18 36 31 37 24 28 33 17 23 1 35 34 20 11 39 30 4 9 29 38 32 15 22 0
0 17 12 1 8 11 16 22 35 20 28 24 2 18 19 15 37 21 29 9 32 6 10 33 25 4 26 36 7 38 3 30 13 34 31 5 27 39 23 14 0
0 4 25 30 10 14 2 24 18 11 9 28 23 26 13 17 16 21 6 33 32 29 5 34 35 19 27 38 1 15 39 36 8 3 7 22 31 12 37 20 0
0 29 31 12 28 39 33 17 22 38 11 7 1 5 6 9 26 35 37 16 2 19 18 15 25 23 24 27 14 34 30 36 8 21 32 3 20 4 10 13 0
0 36 38 15 24 12 29 28 11 37 30 23 31 1 21 25 13 8 20 4 9 27 16 26 6 19 32 7 5 33 22 3 18 2 39 34 17 35 10 14 0
0 18 4 26 6 29 8 1 15 39 31 14 12 27 25 16 13 34 24 3 11 9 23 7 32 33 19 37 10 38 36 17 28 30 35 5 21 20 22 2 0
0 6 34 28 16 15 19 27 7 23 3 9 33 14 30 35 20 4 12 26 37 22 18 5 39 11 21 31 2 36 10 25 38 13 32 17 8 29 1 24 0
0 6 5 1 26 11 30 23 29 36 22 37 24 9 31 4 32 10 20 38 15 3 13 12 39 17 2 27 28 7 8 33 14 34 16 25 19 21 35 18 0
0 39 9 18 24 10 31 20 38 16 37 32 7 25 30 3 29 19 34 15 22 4 27 1 33 23 11 6 8 28 2 36 5 21 12 26 13 17 35 14 0
0 4 36 14 1 31 24 27 21 7 35 16 9 37 20 38 22 28 34 19 10 11 6 18 33 26 8 5 2 30 29 32 17 12 3 15 39 25 13 23 0
0 19 35 37 23 28 17 25 27 30 21 24 10 8 29 2 13 34 39 6 7 1 18 38 36 14 3 15 11 12 5 9 26 32 31 22 4 20 16 33 0
0 21 28 29 33 38 35 24 30 7 16 12 4 27 6 20 9 23 3 37 13 26 1 32 18 34 36 15 11 8 31 39 5 19 22 25 2 14 10 17 0
0 13 5 29 23 32 16 25 24 36 15 1 18 28 19 4 21 37 12 6 17 27 9 35 39 3 30 34 33 22 31 11 8 10 7 14 26 2 20 38 0
0 2 39 31 37 9 32 1 27 36 19 23 13 26 33 18 34 21 11 25 4 29 38 5 7 22 17 15 14 10 30 35 16 3 12 28 20 8 24 6 0
0 2 29 31 10 27 34 17 24 30 23 1 39 25 28 4 9 15 26 5 37 6 20 16 33 19 38 21 22 11 8 36 32 13 14 3 7 18 12 35 0
0 10 39 9 30 24 28 34 2 25 12 18 27 38 11 23 16 14 36 6 22 32 20 7 1 5 3 21 26 35 31 37 15 29 17 8 13 4 19 33 0
0 16 28 11 32 35 10 30 25 1 37 22 5 2 20 27 14 9 21 12 23 17 15 4 6 19 29 24 8 26 38 33 3 34 31 7 39 36 18 13 0
0 10 29 35 31 6 39 23 20 1 25 21 13 36 4 19 14 11 18 5 12 9 16 24 22 2 37 7 28 30 8 38 33 34 32 26 15 27 17 3 0
0 37 32 17 21 9 25 16 20 4 14 27 30 10 39 18 23 11 7 2 36 3 34 35 33 28 6 22 1 5 15 29 13 19 38 31 12 8 26 24 0
0 13 15 32 17 5 6 23 8 34 11 24 3 22 1 10 36 30 25 39 37 38 21 12 29 33 27 14 16 2 19 7 18 26 20 9 35 4 28 31 0
0 23 6 21 22 36 20 25 38 14 1 18 35 26 13 17 39 10 12 5 37 28 15 31 3 2 7 4 30 19 33 11 16 29 34 27 8 32 24 9 0
0 30 18 6 2 34 8 4 26 3 36 19 5 25 16 20 21 35 17 27 39 38 32 10 31 24 23 13 9 14 28 29 33 1 11 22 37 12 7 15 0
0 21 27 6 22 37 18 13 19 12 33 29 30 11 35 38 14 25 4 16 20 10 28 26 5 3 34 2 32 31 17 39 36 7 8 24 23 9 15 1 0
0 21 2 6 5 17 16 25 8 10 37 31 32 26 30 34 13 35 12 22 14 38 19 27 1 33 23 20 29 4 3 39 11 24 18 28 15 36 7 9 0
0 3 22 2 4 35 36 17 7 37 21 19 26 34 39 29 1 32 28 31 12 8 11 20 24 23 13 6 14 5 10 16 15 27 18 30 9 38 25 33 0
0 10 8 31 16 3 12 25 24 21 6 13 19 4 35 37 11 33 28 26 2 29 32 27 7 15 36 34 38 1 5 22 30 14 9 17 18 23 20 39 0
0 27 24 18 7 3 37 29 22 21 8 39 28 6 25 23 2 11 9 31 10 14 26 4 17 30 36 1 35 12 5 33 32 19 20 38 16 15 13 34 0
0 14 2 33 18 16 20 10 21 39 19 6 28 11 31 7 25 12 17 23 29 4 5 30 9 32 13 37 22 24 15 26 1 34 35 27 38 36 3 8 0
0 19 28 38 34 13 15 12 26 36 14 32 33 25 7 31 20 27 17 11 8 3 5 9 18 6 22 37 1 24 21 16 23 35 2 10 39 30 29 4 0
0 32 27 15 38 4 19 18 23 29 12 3 24 34 17 30 7 21 33 37 14 9 2 39 31 8 11 16 25 20 5 22 10 26 13 1 6 36 28 35 0
0 23 17 33 5 22 16 3 28 14 18 39 24 15 32 34 9 11 4 36 12 26 25 2 1 38 35 27 31 30 8 37 7 19 10 13 21 20 29 6 0
0 17 32 4 20 16 26 14 23 12 29 21 33 5 9 10 39 7 6 1 34 3 2 11 15 36 24 30 13 31 27 19 8 25 37 18 35 22 38 28 0
0 16 34 8 1 30 20 38 39 15 26 21 28 32 4 23 22 25 19 9 11 12 5 31 14 3 27 13 7 29 17 6 10 24 36 18 33 37 2 35 0
0 25 2 18 8 6 39 22 17 12 34 38 15 23 35 33 14 29 11 3 7 1 37 32 16 20 27 5 9 30 26 24 21 4 10 19 36 13 28 31 0
0 36 1 34 17 6 10 4 26 23 5 27 15 7 16 37 18 31 20 39 28 24 32 9 21 22 19 14 2 11 30 3 12 25 29 8 13 35 33 38 0
0 30 28 34 35 16 37 10 7 38 24 27 4 11 19 14 20 18 22 15 31 8 32 6 29 13 12 2 39 1 33 9 36 17 3 23 25 5 26 21 0
0 32 38 16 36 33 34 19 29 20 13 25 35 14 17 7 6 5 3 4 30 26 8 21 12 15 18 1 10 22 37 27 9 31 23 2 39 11 28 24 0
0 23 30 26 21 3 25 6 36 4 20 19 1 9 39 2 22 10 34 37 27 7 31 35 12 14 33 15 28 24 11 29 38 32 18 5 8 17 13 16 0
0 10 34 24 3 6 37 12 21 32 15 1 2 14 8 27 16 19 29 20 33 13 26 30 7 5 39 22 18 17 23 11 28 4 25 31 35 36 38 9 0
0 1 13 12 8 27 39 2 9 33 6 31 25 30 5 38 26 14 17 21 32 23 16 4 7 22 20 34 11 19 29 36 3 28 24 35 37 10 18 15 0
0 2 12 21 5 33 18 38 31 16 32 30 14 8 11 19 35 37 34 9 26 25 1 15 6 27 13 17 28 39 10 29 7 22 24 23 3 20 36 4 0
0 4 12 13 29 11 33 2 22 3 9 15 6 8 20 14 38 17 23 28 18 16 31 19 5 27 36 39 26 32 34 35 21 1 25 10 37 24 7 30 0
0 9 16 25 23 14 24 15 34 1 20 3 17 27 5 28 37 36 21 19 29 22 30 8 33 10 12 18 7 39 32 31 6 11 35 26 38 4 13 2 0
0 37 25 10 6 26 18 4 34 20 23 9 17 32 12 1 35 11 13 2 27 33 38 36 39 24 28 30 16 3 5 8 19 29 14 31 15 22 7 21 0
0 12 14 6 20 9 22 34 16 10 29 30 23 7 25 11 21 37 15 19 1 28 33 13 38 2 31 5 26 24 17 18 32 36 4 35 39 3 27 8 0
0 3 2 10 17 38 7 18 26 15 35 11 33 23 29 8 28 20 22 14 27 6 30 4 37 13 16 5 12 1 9 19 32 21 34 31 36 24 25 39 0
0 16 18 17 15 10 23 5 39 14 3 38 33 19 24 21 2 20 9 25 6 7 28 12 34 31 29 1 4 11 13 26 35 36 27 30 22 32 8 37 0
0 10 11 30 22 20 33 23 29 28 12 6 15 24 9 37 3 34 2 35 8 16 27 21 17 18 7 25 14 38 13 36 1 5 31 4 39 32 19 26 0
0 24 27 16 37 32 33 22 7 26 18 34 3 9 14 4 6 10 23 19 36 13 1 11 31 21 12 5 20 8 38 25 39 17 28 30 29 2 15 35 0
0 33 21 12 27 29 30 31 28 6 38 5 13 7 3 10 19 36 17 35 20 9 16 2 22 26 32 34 18 24 11 23 15 4 8 25 14 37 1 39 0
0 29 25 10 3 5 22 21 1 18 38 39 30 16 20 11 32 13 15 36 7 34 2 6 17 24 19 8 31 28 4 27 37 9 23 35 26 12 14 33 0
0 23 37 18 30 8 21 27 26 38 12 34 22 9 3 6 33 17 32 13 36 11 10 15 16 14 25 24 7 1 2 5 39 35 4 19 31 28 20 29 0
0 38 36 12 11 26 3 27 30 1 18 13 17 10 31 25 24 6 14 19 20 22 23 15 21 2 35 29 16 9 5 33 34 4 39 8 32 28 37 7 0
0 21 2 27 35 39 29 7 30 1 5 24 36 10 14 8 13 3 31 23 9 12 34 17 37 20 22 32 25 28 11 18 4 16 15 33 19 6 38 26 0
0 2 23 28 33 36 13 29 10 19 18 24 5 35 8 21 12 30 31 26 34 16 7 17 9 4 6 14 38 39 11 20 3 1 27 32 22 25 15 37 0
0 32 9 30 27 17 15 24 34 18 11 35 26 20 33 36 7 5 3 6 1 4 25 28 38 21 19 39 22 10 2 8 12 13 23 16 14 29 37 31 0
0 24 11 16 15 4 27 28 13 19 9 14 8 35 22 10 36 20 18 37 21 7 32 33 2 17 1 30 23 6 12 3 26 34 5 39 29 31 38 25 0
0 14 20 23 5 11 2 30 13 31 16 1 9 39 6 29 27 34 4 8 7 18 10 12 28 24 19 17 15 3 32 25 22 38 35 36 21 33 26 37 0
0 9 21 19 7 15 12 13 5 16 39 11 38 23 36 28 3 8 25 17 6 27 2 18 34 26 14 37 4 1 10 20 24 32 22 33 30 35 31 29 0
0 29 32 33 27 3 17 38 37 13 20 5 11 4 22 35 23 15 26 2 10 31 36 34 12 6 18 21 7 16 1 14 24 19 25 39 30 9 28 8 0
0 5 33 10 28 36 24 25 1 35 7 16 9 11 27 26 23 31 15 37 20 2 32 19 13 8 22 39 21 3 6 18 29 14 34 38 30 12 17 4 0
0 36 35 7 5 31 4 1 33 29 19 25 26 8 21 30 23 6 39 9 32 2 15 13 27 3 17 22 12 38 11 37 20 24 34 10 14 18 16 28 0
0 8 3 31 39 11 20 25 26 10 34 30 23 5 9 13 14 19 36 38 18 22 4 17 32 29 12 35 37 7 21 24 27 2 1 28 15 33 16 6 0
0 6 23 19 5 38 8 33 1 35 29 9 22 17 28 16 11 30 4 34 12 36 18 37 14 27 20 10 32 31 21 39 3 13 7 24 15 2 25 26 0
0 26 12 20 24 39 16 37 27 34 32 29 31 33 10 6 2 35 13 14 15 28 8 17 21 9 5 19 30 4 18 22 7 25 38 3 1 36 23 11 0
0 16 36 9 26 29 20 13 21 31 18 33 37 10 4 8 11 28 22 7 14 19 12 30 17 27 34 39 15 3 5 38 23 25 32 1 24 6 2 35 0
0 37 14 2 16 10 33 28 15 3 4 21 9 7 11 24 6 19 13 18 38 17 29 36 22 20 5 25 12 26 32 30 8 39 35 1 23 34 27 31 0
0 4 27 37 31 34 8 35 36 23 9 39 10 26 11 12 24 22 14 2 20 21 30 25 38 19 6 15 17 18 7 32 33 1 3 29 16 13 5 28 0
0 11 7 26 37 12 36 18 10 25 13 39 14 2 5 23 38 6 30 19 17 35 1 21 15 24 34 22 32 31 20 4 16 3 8 28 33 9 27 29 0
0 28 14 29 19 34 11 12 32 4 33 21 30 7 26 38 17 10 27 2 23 36 25 24 8 9 39 6 35 31 15 16 18 1 22 3 5 13 20 37 0
0 11 25 9 33 35 23 2 37 1 28 30 34 20 7 21 32 15 5 29 3 14 27 31 39 18 36 12 38 6 16 24 8 17 13 22 10 26 4 19 0
0 24 6 13 15 8 34 11 12 7 30 4 22 31 9 1 25 5 32 36 38 35 21 20 16 27 29 33 10 18 3 23 39 2 26 37 17 14 19 28 0
0 19 24 9 33 27 1 16 30 20 11 10 14 7 21 37 8 5 22 31 6 3 4 39 28 18 36 2 35 38 17 34 32 23 26 13 29 12 15 25 0
0 2 8 39 6 27 5 1 23 34 26 10 21 4 28 3 19 25 13 11 12 24 17 15 20 22 38 7 36 33 29 31 37 32 18 14 9 16 30 35 0
0 5 24 11 20 9 14 22 17 8 38 33 23 1 28 34 19 12 32 13 26 2 39 3 27 35 30 29 21 10 7 15 6 31 16 18 36 4 25 37 0
0 29 22 33 13 14 8 7 17 28 1 16 18 27 34 19 11 32 10 9 2 5 31 36 26 3 20 4 21 30 24 6 35 25 23 12 15 37 38 39 0
0 38 17 28 32 16 10 25 4 2 3 29 36 6 27 13 11 24 12 35 31 5 18 20 15 22 14 37 26 8 21 23 34 39 1 30 7 9 33 19 0
0 12 20 6 37 5 28 16 39 19 29 21 14 15 4 38 8 31 23 13 30 9 24 35 17 32 11 1 26 33 22 27 18 7 2 3 34 25 36 10 0
0 16 31 39 24 23 3 30 28 38 21 14 5 32 13 17 7 6 8 12 36 37 19 26 2 9 20 15 11 33 27 25 10 34 22 29 18 1 35 4 0
0 38 3 35 20 11 2 7 8 34 39 12 30 13 31 29 15 10 16 21 6 22 17 24 36 27 1 28 23 9 25 19 5 32 14 33 4 26 18 37 0
0 4 7 33 38 1 32 26 39 19 2 24 28 3 35 8 34 30 9 36 15 11 10 31 6 23 12 18 29 27 5 37 22 14 16 20 13 25 17 21 0
0 29 14 31 17 21 15 38 32 10 30 26 34 9 33 22 1 4 24 35 18 12 5 19 13 3 2 6 7 37 16 25 36 27 20 39 28 8 23 11 0
0 31 38 35 36 24 14 5 18 17 10 39 32 3 12 26 23 6 4 19 28 21 22 1 27 25 33 16 2 7 34 11 20 9 8 29 13 37 30 15 0
0 3 11 31 37 38 26 18 1 8 39 9 24 7 22 14 12 23 5 30 2 19 21 4 17 36 10 29 16 25 32 33 6 34 28 13 27 35 20 15 0
0 17 12 33 23 38 18 2 29 36 3 21 28 34 10 30 20 11 32 8 6 31 5 19 22 7 26 14 4 13 9 25 15 27 35 16 39 1 24 37 0
0 4 9 32 20 19 16 31 38 28 36 1 26 29 2 13 27 17 24 11 30 23 18 15 37 35 12 39 14 7 21 6 33 10 8 5 3 34 25 22 0
0 4 27 21 14 12 31 6 28 34 1 5 16 29 36 2 20 24 19 25 8 23 30 7 32 26 18 38 11 35 33 3 9 22 15 37 39 17 10 13 0
0 34 7 37 12 31 33 26 4 38 13 9 11 21 29 5 8 35 22 17 10 19 39 25 14 16 27 24 1 3 28 20 6 30 32 2 15 36 18 23 0
0 15 32 17 23 39 35 24 31 16 38 12 22 25 10 13 30 18 20 29 28 19 33 34 3 8 37 5 27 2 21 1 36 6 26 14 9 4 7 11 0
0 21 12 25 7 22 27 2 15 11 13 17 32 9 1 29 30 34 6 20 37 19 4 26 14 18 36 33 28 35 31 8 39 38 16 24 23 10 5 3 0
0 27 23 7 38 2 33 26 18 1 17 21 12 20 24 6 32 36 13 3 9 30 14 19 34 39 8 5 15 35 25 37 11 28 22 29 10 31 4 16 0
0 1 29 32 17 9 10 16 7 28 3 23 22 18 36 34 4 14 6 19 20 2 30 21 35 37 26 13 27 5 11 8 15 33 24 25 39 12 38 31 0
0 32 12 6 2 38 19 5 17 26 37 24 35 18 31 15 25 30 20 1 8 11 23 10 13 3 36 27 34 29 9 4 16 33 22 14 21 39 28 7 0
0 11 1 19 2 5 7 21 6 10 38 14 35 30 18 3 8 32 24 9 28 4 15 20 31 23 29 34 13 27 16 26 22 36 17 39 25 37 33 12 0
0 22 31 11 38 19 30 13 4 24 14 27 1 28 2 32 6 21 25 36 37 9 7 23 17 35 16 34 29 10 18 3 20 15 26 33 39 5 8 12 0
0 30 31 24 22 9 6 19 18 17 4 12 23 8 2 39 27 11 16 14 20 1 37 7 15 32 33 13 10 34 26 29 28 36 3 21 38 35 25 5 0
0 11 34 35 13 27 25 3 21 1 39 15 16 32 18 7 14 36 31 38 24 2 8 30 12 37 23 17 28 20 6 5 19 33 29 4 10 26 22 9 0
0 7 31 30 23 25 16 21 3 8 20 18 22 32 13 28 5 15 1 34 12 26 4 10 38 36 39 9 27 29 6 33 11 17 24 14 2 35 37 19 0
0 6 22 3 23 20 19 36 7 25 13 33 9 10 32 29 39 14 27 11 2 24 30 37 17 8 18 5 4 26 28 15 21 1 12 34 35 38 16 31 0
0 37 8 27 30 5 22 1 12 9 13 29 28 4 33 10 15 16 2 39 35 24 3 34 31 20 19 11 38 32 14 36 25 18 26 17 6 7 21 23 0
0 13 30 38 10 32 12 11 16 15 39 26 28 7 34 2 14 31 5 22 23 18 1 25 21 19 36 20 6 35 33 17 4 3 24 37 9 27 29 8 0
0 30 27 11 14 3 17 33 26 12 19 6 31 39 36 15 5 21 4 1 32 18 2 28 20 7 25 38 8 10 13 29 34 16 9 37 22 35 24 23 0
0 20 24 9 25 22 38 13 33 18 30 28 34 37 26 11 12 29 15 5 19 32 36 2 6 27 23 4 7 16 3 8 14 31 21 17 35 10 1 39 0
0 31 27 28 16 37 18 38 14 33 10 7 12 3 26 19 11 35 5 4 34 17 36 9 6 15 23 39 2 13 32 25 30 24 29 8 1 22 21 20 0
0 21 2 16 33 8 10 28 31 27 15 13 26 18 5 36 32 9 12 29 23 37 38 35 19 7 3 6 39 17 14 1 4 30 24 20 34 11 22 25 0
0 37 9 26 23 12 6 17 4 38 19 20 29 3 31 11 14 25 24 5 8 32 39 33 1 16 34 18 22 27 30 13 36 7 21 2 35 28 15 10 0
0 39 25 18 6 12 16 36 8 14 7 11 37 35 19 34 4 1 31 21 2 10 20 24 26 9 17 15 29 5 23 27 32 28 38 33 3 30 13 22 0
0 4 6 28 23 30 32 18 15 14 10 25 19 29 1 21 5 33 39 3 17 35 37 2 20 27 26 8 38 11 24 34 7 36 12 31 22 16 9 13 0
0 4 33 26 12 11 32 37 21 16 25 9 38 14 34 17 29 39 27 6 35 19 5 24 22 18 31 15 2 3 23 10 20 36 13 1 7 8 28 30 0
0 15 17 31 35 23 7 26 1 36 18 38 28 9 13 6 24 21 14 29 39 3 5 34 33 27 11 8 30 22 2 25 20 10 37 19 12 16 32 4 0
0 23 21 35 9 22 5 2 20 37 6 19 36 1 27 31 15 38 7 8 39 33 26 29 25 13 16 12 18 3 17 10 28 14 32 34 24 4 30 11 0
0 36 18 29 39 20 22 13 17 35 28 15 38 2 25 1 31 30 21 9 11 12 33 24 7 5 27 16 32 10 23 34 14 3 19 26 4 8 37 6 0
0 15 22 14 35 29 17 34 6 12 7 18 8 24 19 23 25 13 11 3 10 2 5 20 9 30 38 4 26 31 36 32 16 1 39 21 37 33 27 28 0
0 4 15 33 24 29 25 35 20 5 11 27 1 31 36 21 18 7 38 32 37 10 39 28 16 9 19 13 6 26 8 17 23 14 2 30 22 12 3 34 0
0 31 28 26 6 10 5 19 13 3 2 29 37 38 16 14 27 8 35 23 12 20 32 22 24 9 34 15 30 7 25 11 36 39 21 33 18 4 1 17 0
0 13 9 26 34 16 23 33 15 36 29 22 19 18 3 27 12 28 35 10 6 25 24 11 14 20 1 17 38 31 37 5 2 30 8 21 39 7 32 4 0
0 35 32 28 13 1 11 14 9 38 24 23 3 17 39 21 5 31 6 12 15 34 22 33 19 8 29 16 2 7 20 10 30 37 4 36 25 26 27 18 0
0 27 10 18 20 34 17 4 35 29 36 11 39 7 14 13 26 30 16 1 5 19 2 15 32 22 8 3 28 9 25 24 21 12 38 37 23 31 33 6 0
0 7 24 25 13 39 9 19 6 29 8 28 4 5 26 12 2 10 37 15 1 35 22 21 30 34 27 3 16 36 14 18 33 23 38 32 31 17 11 20 0
0 28 3 33 32 16 30 11 39 36 12 29 10 18 13 25 1 7 23 20 9 5 34 37 8 2 4 26 22 35 6 19 17 38 31 15 14 24 27 21 0
0 30 32 9 34 20 17 10 1 23 3 13 8 18 16 6 2 5 37 39 14 27 11 29 38 19 22 35 21 33 28 24 26 31 15 25 7 4 12 36 0
0 25 19 18 33 12 22 9 32 30 7 37 34 17 6 23 16 27 11 4 20 28 10 29 2 1 31 14 35 5 8 21 38 24 13 15 26 36 3 39 0
0 8 24 13 38 10 26 18 36 22 15 25 23 9 39 19 16 14 35 5 7 12 1 2 30 37 3 11 17 20 29 4 32 28 34 6 21 27 31 33 0
0 13 5 17 2 36 8 16 38 4 23 22 11 18 27 14 28 21 29 32 34 25 39 6 20 3 15 9 35 31 19 37 26 12 1 10 30 33 24 7 0
0 6 5 31 28 34 14 37 17 3 26 20 13 11 18 24 4 15 12 7 39 8 35 10 16 9 36 1 25 19 38 29 33 22 30 27 2 23 21 32 0
0 25 8 20 16 32 15 21 10 31 18 23 2 12 36 34 9 1 6 33 37 17 3 38 26 30 11 14 35 7 27 19 29 28 39 13 24 4 5 22 0
0 5 2 8 38 20 19 6 25 26 15 13 21 11 14 24 1 22 30 33 9 27 39 16 23 4 12 34 37 36 31 17 32 18 3 10 7 35 29 28 0
0 33 6 16 20 22 5 23 28 36 34 35 7 4 10 2 3 19 14 17 12 25 26 29 8 32 24 21 38 31 27 18 39 30 9 13 37 11 15 1 0
0 27 23 30 29 18 34 38 39 4 11 8 28 1 19 2 10 22 26 20 14 33 37 21 15 17 5 6 9 3 24 25 35 31 36 13 16 32 12 7 0
0 14 1 9 37 6 31 25 30 19 38 29 17 2 16 39 27 13 26 5 7 12 8 15 22 3 18 21 32 34 35 33 20 24 36 23 11 4 28 10 0
0 9 28 37 16 20 8 27 1 13 26 38 31 2 14 18 29 39 25 35 10 19 36 15 33 4 22 30 11 7 17 12 32 21 23 6 24 3 5 34 0
0 35 9 3 37 28 21 18 32 29 27 12 8 26 38 17 23 2 22 13 10 6 1 5 33 31 19 30 25 20 36 24 34 4 39 11 7 15 16 14 0
0 39 34 4 7 3 28 9 21 31 11 27 36 22 8 16 18 32 1 19 14 38 37 30 35 17 26 24 15 12 6 13 23 20 2 25 33 29 5 10 0
0 7 4 21 36 8 39 2 34 13 25 18 30 29 24 11 35 3 26 19 33 23 28 17 16 1 22 38 6 37 5 15 31 12 9 14 20 32 10 27 0
0 11 7 3 2 34 30 1 8 31 10 17 33 25 35 38 16 9 18 24 39 29 20 23 22 6 28 14 4 19 27 26 32 36 5 12 37 21 13 15 0
0 19 35 17 18 39 36 3 4 20 37 8 10 15 32 9 2 6 1 11 21 38 26 16 5 25 23 7 27 31 29 30 28 13 24 12 14 34 22 33 0
0 36 5 14 26 20 23 34 16 6 4 9 13 30 10 15 39 35 37 17 28 3 12 31 7 11 22 25 38 2 8 27 33 32 19 29 18 21 1 24 0
0 23 32 19 1 27 2 21 35 20 13 39 10 28 11 9 18 34 5 30 4 31 33 3 29 38 24 12 7 15 22 26 16 25 36 6 14 8 37 17 0
0 36 37 19 10 34 21 26 28 39 1 29 17 38 31 20 2 33 15 14 5 30 3 35 25 6 7 16 4 8 32 11 27 18 9 13 12 22 23 24 0
0 18 35 14 5 11 32 29 27 19 8 17 24 37 25 12 7 23 22 20 2 33 10 3 39 9 1 31 30 38 16 4 13 34 36 15 6 26 28 21 0
0 24 19 7 14 38 30 37 26 29 25 2 32 10 5 12 28 33 35 22 9 16 21 6 3 1 36 27 31 11 13 20 17 8 15 34 4 39 23 18 0
0 10 5 13 19 26 25 27 23 36 1 16 29 12 21 18 11 38 37 20 24 15 31 3 9 6 4 32 14 8 30 17 7 22 28 2 33 35 34 39 0
0 39 11 34 7 27 31 33 26 6 21 22 8 20 10 18 3 5 9 13 29 36 24 17 28 1 30 35 23 4 32 16 19 2 12 15 25 38 37 14 0
0 1 14 35 39 20 9 29 27 25 13 16 17 30 36 2 7 33 23 12 32 37 6 34 22 18 19 4 3 21 26 28 15 24 11 10 5 31 8 38 0
0 34 29 11 28 25 36 8 23 24 33 3 32 38 17 2 26 18 39 16 20 27 4 9 31 35 5 13 7 1 15 10 21 6 30 19 37 12 22 14 0
0 11 25 39 37 17 33 7 21 38 12 30 29 19 35 1 24 20 13 36 9 34 28 14 32 26 6 22 23 18 31 16 15 3 2 5 27 4 8 10 0
0 2 29 8 35 30 32 23 34 27 12 3 1 38 13 18 10 17 37 24 9 39 36 15 25 20 21 7 31 4 28 26 33 6 11 5 16 19 14 22 0
0 8 32 22 16 27 29 4 21 17 20 13 14 9 33 37 23 35 1 12 11 38 28 3 39 34 26 10 31 18 24 6 7 19 5 2 25 36 15 30 0
0 4 39 7 14 18 2 30 20 29 34 22 1 8 32 37 36 23 38 9 5 16 35 15 11 24 21 6 31 26 12 19 10 17 33 27 13 25 28 3 0
0 20 27 13 30 21 36 31 23 16 37 5 4 18 6 3 8 15 35 2 22 9 26 7 10 11 28 24 33 38 12 17 39 29 14 34 25 1 19 32 0
0 26 15 38 24 28 39 1 29 19 32 25 16 35 33 3 27 36 9 8 31 21 10 2 6 14 20 37 4 12 11 34 5 30 18 17 23 13 7 22 0
0 1 10 38 26 23 36 24 11 8 39 16 28 17 34 32 31 21 15 35 18 29 3 13 22 5 6 4 9 2 19 12 14 37 30 33 20 7 25 27 0
0 31 2 3 29 9 19 6 20 25 17 38 35 5 26 16 14 7 36 11 15 34 37 33 30 32 22 27 21 12 23 4 28 8 10 18 13 39 24 1 0
0 30 29 38 17 11 33 18 8 4 28 20 6 10 14 39 25 16 13 36 34 37 26 12 21 35 31 32 24 15 19 7 22 23 3 1 2 9 27 5 0
0 36 21 20 23 2 12 35 38 33 28 37 6 30 18 31 39 7 3 27 13 32 22 15 5 29 1 14 25 19 16 9 4 17 11 24 26 34 8 10 0
0 39 5 26 31 29 25 2 20 6 33 12 9 32 17 37 27 23 1 22 19 35 14 4 24 16 10 18 11 28 7 34 13 8 36 21 3 15 38 30 0
0 39 22 7 1 15 18 37 5 16 2 3 17 34 28 21 14 31 36 33 13 27 25 6 4 11 20 30 10 8 24 26 12 19 35 9 32 23 38 29 0
0 29 36 27 38 5 39 16 2 30 32 18 13 25 34 7 4 12 8 22 15 17 26 19 3 31 21 28 35 11 33 20 14 23 37 6 24 9 1 10 0
0 10 9 29 30 16 12 22 32 6 38 1 20 15 25 3 28 26 18 23 11 5 8 19 7 4 36 37 17 34 27 31 13 39 21 24 2 14 35 33 0
0 7 19 32 25 1 30 39 22 13 21 17 12 27 8 29 20 37 10 14 9 36 34 18 26 24 4 16 28 33 31 5 6 15 2 35 11 3 38 23 0
0 27 16 25 8 29 7 4 5 18 32 13 30 17 36 14 3 28 35 10 23 19 26 12 1 9 2 33 15 34 37 20 38 6 31 22 21 39 11 24 0
0 30 29 3 10 27 13 28 7 16 23 6 9 35 8 21 4 32 22 38 39 33 5 18 11 2 31 19 25 17 14 12 34 1 36 37 15 24 26 20 0
0 34 30 26 22 17 11 36 23 21 24 20 32 31 25 38 28 1 9 27 10 35 12 18 16 7 3 39 4 13 6 33 5 2 8 15 29 14 37 19 0
0 29 35 5 36 37 32 12 10 16 21 30 20 14 24 15 2 23 34 13 8 9 17 7 6 39 4 11 31 25 19 22 3 1 33 38 18 27 28 26 0
0 12 28 23 7 20 25 30 38 27 18 17 29 13 31 35 19 8 36 10 9 4 15 2 3 6 11 33 22 34 14 24 26 32 1 21 39 16 5 37 0
0 7 29 18 10 30 28 3 4 35 34 38 19 21 13 5 8 31 32 36 15 22 25 9 12 20 2 11 33 14 16 39 17 26 1 6 23 27 24 37 0
0 18 19 11 3 6 12 15 31 8 5 32 10 22 38 34 26 17 7 9 35 23 20 13 29 1 30 24 25 39 27 28 4 16 33 21 36 37 2 14 0
0 10 25 15 24 1 26 2 19 13 23 28 16 31 30 20 33 4 5 27 38 17 37 14 29 22 8 3 12 6 9 36 18 11 32 21 35 7 34 39 0
0 38 24 27 5 13 11 32 12 35 14 22 39 6 29 37 36 31 15 28 19 17 9 4 7 10 33 20 3 16 34 23 26 18 21 25 30 2 8 1 0
0 30 25 17 18 19 36 29 10 23 32 6 13 39 38 14 20 27 7 15 24 28 34 12 9 33 21 3 4 35 8 26 2 22 31 37 16 11 1 5 0
0 38 21 10 29 13 37 39 12 35 17 16 28 23 6 18 27 4 22 24 36 14 31 26 1 30 7 2 3 20 19 11 34 33 32 15 9 25 8 5 0
0 4 32 22 18 15 13 38 10 2 36 23 5 37 20 17 28 19 21 34 35 12 7 8 16 6 27 24 3 25 9 26 29 31 14 1 11 30 39 33 0
0 7 12 11 15 26 4 6 36 34 21 20 5 27 31 19 23 9 14 39 17 37 29 30 22 3 35 32 1 16 2 24 13 8 10 38 33 28 18 25 0
0 25 22 14 13 23 9 24 10 28 38 18 39 30 1 31 12 8 36 4 3 5 20 21 35 17 29 11 7 2 19 32 6 15 16 34 33 26 27 37 0
0 26 5 37 4 24 18 6 29 32 39 2 7 10 36 16 34 22 31 27 38 17 14 8 19 33 35 12 21 1 9 20 11 28 25 3 23 30 13 15 0
0 22 28 2 4 14 17 38 16 24 19 3 34 26 39 27 10 30 37 31 11 8 13 15 1 29 6 9 36 12 21 32 25 33 23 35 20 5 18 7 0
0 34 1 6 4 31 18 25 17 14 26 39 8 28 7 15 38 13 24 21 35 23 32 3 37 30 11 12 36 22 33 5 29 9 10 2 19 16 20 27 0
0 20 18 11 33 36 13 35 28 12 7 16 21 4 17 9 37 30 32 15 8 1 23 19 31 29 6 34 25 5 38 22 14 26 10 2 39 3 27 24 0
0 1 34 5 13 30 3 20 23 24 35 11 12 31 14 38 15 9 21 27 29 36 6 16 7 25 39 37 4 18 28 32 22 26 33 8 2 10 19 17 0
0 23 36 30 34 32 29 11 12 21 13 38 2 16 33 17 6 9 8 31 39 7 20 27 28 14 15 26 3 10 24 18 35 1 4 5 19 37 25 22 0
0 15 20 8 23 21 39 18 7 32 16 12 30 10 36 29 38 24 33 6 25 2 31 35 9 37 26 27 4 13 14 22 28 5 3 34 11 19 17 1 0
0 6 14 34 37 36 29 16 28 4 10 7 35 13 27 3 19 22 23 18 5 30 21 26 20 11 33 25 12 39 15 38 2 24 8 1 32 9 17 31 0
0 8 11 12 28 24 19 2 33 36 1 5 34 21 22 10 38 4 37 16 15 29 35 39 3 23 27 7 30 18 14 13 9 6 20 25 17 32 26 31 0
0 9 30 8 13 37 39 16 10 12 18 17 33 27 26 21 25 14 15 38 35 24 2 36 11 4 29 32 5 22 20 6 31 3 19 1 7 28 23 34 0
0 13 36 38 29 19 37 33 17 5 14 12 1 31 11 39 16 6 21 24 32 28 15 18 26 9 10 3 22 25 23 4 34 2 20 7 27 8 30 35 0
0 2 34 10 30 17 22 14 39 6 31 36 19 3 38 21 23 29 15 11 7 28 35 18 4 37 26 20 12 13 9 24 5 25 33 32 16 1 27 8 0
0 11 9 4 20 7 35 32 29 24 18 34 23 14 8 28 30 12 38 21 36 31 13 22 2 37 5 25 1 17 6 26 10 27 16 3 19 39 33 15 0
0 16 22 26 37 13 24 31 17 32 25 12 35 21 9 8 23 28 1 3 18 7 29 6 30 11 15 38 34 10 27 14 36 20 19 4 39 33 5 2 0
0 5 12 28 38 31 3 22 18 10 19 23 11 20 2 21 14 13 8 16 17 33 25 29 6 24 35 34 39 30 26 1 36 7 9 32 37 4 27 15 0
0 31 38 30 35 12 11 15 29 13 24 19 20 27 4 1 16 33 28 9 17 6 18 23 14 25 21 37 2 8 10 34 5 39 7 3 26 22 36 32 0
0 10 24 27 31 17 39 33 5 9 4 37 20 2 14 28 3 19 16 36 38 21 6 35 11 22 34 29 30 32 15 18 25 8 1 7 23 26 12 13 0
0 36 4 12 22 14 3 37 23 21 8 18 34 27 13 25 10 33 29 38 1 39 20 31 24 35 2 30 11 6 32 9 5 15 17 26 16 19 7 28 0
0 15 39 6 20 38 35 14 33 26 19 32 3 21 24 2 16 23 31 34 29 22 5 37 8 18 7 12 30 13 1 27 36 25 10 17 11 28 9 4 0
0 38 23 7 27 6 12 30 20 8 33 2 3 34 5 22 16 35 14 9 36 15 10 1 37 31 17 26 11 25 21 39 32 13 29 19 4 18 24 28 0
0 28 31 33 16 1 39 29 20 27 4 38 13 12 10 34 11 24 25 18 35 8 36 37 5 9 17 22 19 26 21 14 32 2 6 30 23 3 7 15 0
0 30 21 5 8 4 25 36 20 10 24 2 19 35 38 11 32 14 7 26 9 23 12 15 1 28 6 13 37 16 27 29 31 33 22 17 18 39 34 3 0
0 30 25 7 15 11 20 33 23 22 29 27 6 31 28 38 34 10 8 39 17 9 13 21 3 1 5 2 16 37 32 18 14 35 26 24 4 36 19 12 0
0 29 16 28 11 32 7 24 12 33 39 13 5 17 15 31 6 37 38 4 23 10 3 27 30 36 25 1 20 26 2 35 18 22 8 34 19 14 9 21 0
0 34 13 25 36 21 8 26 4 24 16 31 27 5 32 3 23 18 19 29 1 28 14 17 20 35 9 2 37 39 22 33 15 7 11 10 6 12 38 30 0
0 28 22 2 36 9 31 19 32 3 26 10 13 25 17 35 16 1 20 37 7 30 23 29 4 33 11 21 15 8 14 27 24 12 39 6 34 18 38 5 0
0 9 18 10 16 1 13 37 6 8 12 28 23 27 7 32 4 14 2 36 15 24 3 29 38 30 19 25 39 26 21 20 22 5 33 35 11 17 34 31 0
0 8 19 38 17 12 28 1 16 35 39 11 6 27 32 7 10 26 24 20 25 31 33 22 3 18 13 36 4 5 15 30 23 14 34 37 21 29 2 9 0
0 17 5 24 4 7 23 8 37 31 9 30 33 3 34 18 36 38 26 16 6 35 1 20 19 2 28 39 27 15 21 12 13 11 10 25 14 29 22 32 0
0 6 14 22 25 35 1 32 5 11 12 3 19 30 4 15 16 34 8 21 29 38 9 33 2 13 26 23 24 39 7 31 37 17 18 10 28 20 36 27 0
0 32 3 10 35 27 23 22 20 30 39 21 2 5 6 28 11 24 13 25 14 33 31 7 15 17 38 29 12 26 34 16 19 8 4 9 1 37 36 18 0
0 2 16 26 21 9 7 13 29 25 28 11 36 17 35 14 23 6 24 3 10 34 31 15 39 5 18 4 22 1 32 30 8 27 20 19 38 37 33 12 0
0 20 23 32 28 10 4 18 19 29 14 3 33 16 35 34 36 1 30 12 24 15 21 11 5 22 9 38 6 13 37 8 39 31 27 17 2 25 7 26 0
0 3 31 39 6 22 19 18 38 27 5 24 20 16 7 36 4 2 9 28 23 30 11 35 14 1 26 12 17 13 21 33 25 15 8 34 10 29 32 37 0
0 13 12 22 24 11 31 18 7 19 14 6 9 26 8 35 2 1 25 23 5 27 17 29 39 10 38 33 21 37 3 16 28 15 20 32 34 36 30 4 0
0 38 1 26 19 29 8 28 10 25 30 3 23 5 32 37 33 4 21 14 22 18 27 7 24 35 11 20 15 17 9 36 2 6 13 16 34 31 39 12 0
0 34 35 2 33 38 11 18 8 6 15 31 29 27 12 21 3 26 22 39 9 5 4 7 16 19 17 37 25 13 10 14 32 30 1 20 28 24 23 36 0
0 18 38 37 28 19 13 16 14 34 10 2 26 32 11 27 15 33 39 36 12 8 6 21 31 5 9 4 3 1 29 25 30 23 7 17 24 35 22 20 0
0 39 14 6 4 23 25 34 1 8 27 16 19 35 29 11 24 2 9 17 12 7 10 3 30 22 36 15 32 28 31 5 13 38 33 20 18 37 21 26 0
0 11 14 34 5 1 30 3 13 2 28 16 32 26 24 9 20 35 15 7 22 18 33 27 10 25 38 37 36 29 21 8 31 39 19 17 4 12 6 23 0
0 24 35 5 16 32 37 31 1 39 14 4 33 36 3 9 34 7 28 8 23 2 29 11 22 6 10 27 13 38 15 26 25 20 19 30 18 12 21 17 0
0 5 9 14 16 22 18 25 33 21 10 36 30 4 23 27 12 13 38 19 8 24 29 17 35 31 1 28 11 3 20 34 2 15 39 26 6 37 7 32 0
0 21 19 30 12 3 28 32 36 26 1 24 8 27 7 5 16 31 6 33 13 18 11 25 10 35 2 23 20 29 22 17 15 9 14 34 37 38 39 4 0
0 14 26 34 18 6 3 5 13 21 4 7 31 1 9 15 27 32 22 38 20 17 2 12 36 10 28 37 16 35 39 33 30 29 11 24 25 19 23 8 0
0 23 27 35 39 30 26 7 2 20 36 34 10 28 37 22 17 18 6 32 9 12 14 8 13 19 24 11 25 16 38 5 21 29 4 31 3 1 15 33 0
0 22 16 29 2 15 38 36 18 3 28 25 35 27 17 37 1 33 30 11 10 8 14 6 34 4 31 26 12 32 19 20 7 5 21 23 13 39 24 9 0
0 9 32 2 7 10 33 39 12 30 6 15 35 8 19 11 31 5 37 18 34 29 21 28 16 22 14 13 3 36 38 1 24 25 27 4 20 23 26 17 0
0 25 16 34 36 20 14 35 37 26 22 33 24 17 10 6 7 11 29 30 28 38 18 21 8 31 23 19 5 32 39 3 2 13 27 12 4 1 15 9 0
0 17 38 24 11 36 8 35 33 21 18 1 32 27 23 28 10 29 4 16 34 2 37 22 25 5 3 9 26 12 19 20 39 14 13 6 15 31 30 7 0
0 3 8 28 9 34 20 24 23 10 36 16 21 4 27 37 35 30 33 14 38 25 11 17 12 2 7 6 29 15 39 26 13 19 5 1 18 32 22 31 0
0 15 3 5 34 12 27 31 19 22 33 24 10 38 30 13 23 29 21 25 35 7 4 9 26 17 32 6 39 11 18 14 37 16 28 2 36 8 20 1 0
0 5 12 20 23 1 8 10 39 3 31 36 6 14 9 13 38 18 19 33 35 17 16 34 25 30 11 37 2 26 29 15 22 4 27 7 24 28 32 21 0
0 33 35 32 25 21 23 16 26 17 14 10 24 18 1 5 36 31 4 12 27 38 3 13 22 11 6 20 29 37 2 8 19 30 34 39 7 9 15 28 0
0 10 36 13 38 39 5 12 2 4 17 1 15 7 35 22 14 16 21 18 11 30 31 25 34 24 27 28 26 9 3 23 29 8 6 20 32 19 37 33 0
0 10 34 18 31 30 9 25 37 20 32 22 17 21 1 7 29 16 33 12 15 23 8 38 2 3 14 35 24 39 28 11 6 27 13 26 5 36 19 4 0
0 3 10 29 33 30 34 6 21 36 8 11 12 28 27 7 17 2 14 20 4 38 26 22 24 31 5 15 19 9 18 32 39 35 23 1 16 37 13 25 0
0 28 21 13 18 9 32 30 7 39 19 15 31 36 27 33 23 16 17 38 4 11 10 1 24 35 12 26 20 3 5 25 14 6 2 34 37 29 22 8 0
0 3 31 7 26 35 30 1 38 11 13 23 36 39 22 16 17 32 10 34 9 19 21 29 37 2 6 25 27 8 24 12 14 28 15 20 5 33 4 18 0
0 8 11 10 30 39 23 9 35 16 5 15 12 13 20 29 19 2 36 7 17 21 22 34 37 3 24 38 18 32 25 1 26 31 27 33 28 4 14 6 0
0 15 32 11 16 13 4 38 19 18 1 12 29 7 30 23 5 20 25 24 8 17 9 33 31 3 14 39 34 37 21 28 22 26 35 27 6 36 10 2 0
0 20 13 39 34 17 37 10 28 22 21 33 19 9 2 1 8 23 18 14 4 15 31 3 30 35 6 26 38 27 32 36 7 11 12 24 29 25 16 5 0
0 32 7 39 15 21 17 24 28 25 11 9 34 1 33 5 36 35 8 29 19 13 6 31 37 30 4 27 12 23 14 3 2 22 38 16 20 26 18 10 0
0 30 13 17 22 32 3 10 31 21 15 39 36 24 6 28 14 33 1 23 38 25 11 18 20 16 2 9 19 8 12 27 34 35 5 37 7 29 4 26 0
0 10 24 38 33 39 5 1 21 16 23 4 9 25 32 15 36 22 20 31 11 37 2 6 27 29 28 18 13 3 34 8 7 14 17 35 30 12 19 26 0
0 29 18 26 13 5 7 10 22 28 14 8 32 15 36 11 27 35 9 39 30 33 16 31 24 23 12 21 19 4 2 34 25 37 6 3 20 1 17 38 0
0 28 11 20 8 17 21 34 16 12 18 3 22 6 2 25 36 15 9 13 32 33 35 4 39 7 1 23 38 24 5 10 37 30 14 31 27 19 26 29 0
0 18 6 2 17 10 25 7 35 29 28 37 16 34 5 38 27 4 24 19 22 15 14 26 21 11 3 13 31 39 36 20 8 1 23 12 9 30 33 32 0
0 16 2 27 11 13 10 34 39 5 32 28 35 24 4 33 12 20 25 1 15 17 29 8 30 31 9 37 14 18 36 21 38 3 22 19 7 23 6 26 0
0 5 9 7 27 17 25 11 38 2 24 14 30 31 21 39 37 3 6 19 29 10 1 36 34 16 28 8 15 26 23 12 22 20 13 32 18 35 4 33 0
0 11 39 4 35 17 5 16 23 20 6 7 22 32 13 37 21 27 9 18 25 10 1 33 8 14 19 15 26 31 30 38 29 36 24 2 34 12 28 3 0
0 17 34 36 38 21 31 35 19 11 24 23 26 39 14 8 9 18 30 25 3 29 6 13 22 37 2 1 5 12 20 32 16 10 33 7 4 27 28 15 0
0 35 19 11 36 25 16 32 26 18 4 15 27 8 29 13 9 33 23 6 37 2 39 12 17 28 10 22 5 7 31 30 38 20 34 1 24 21 14 3 0
0 21 14 19 6 35 22 34 17 30 18 38 13 29 25 1 16 7 36 33 23 2 27 28 15 3 4 39 12 10 24 20 26 8 5 31 32 9 11 37 0
0 33 20 3 23 1 27 2 13 29 31 4 6 8 24 32 14 30 37 19 7 34 21 15 36 16 35 12 25 9 5 17 26 28 39 10 18 11 38 22 0
0 5 36 3 26 23 19 16 33 11 18 20 7 17 29 1 2 13 8 31 39 27 38 14 21 12 10 24 30 22 35 15 37 25 28 32 9 4 34 6 0
0 39 30 28 13 1 38 24 10 25 17 34 5 32 14 2 31 26 18 21 33 15 35 6 16 23 36 37 7 19 8 12 20 27 4 29 11 3 9 22 0
0 19 9 32 23 4 3 33 1 6 24 2 16 28 17 36 21 39 20 18 34 38 10 8 13 37 7 29 26 35 27 22 11 5 31 30 14 25 15 12 0
0 34 4 21 2 30 26 3 24 1 22 13 14 5 17 28 25 8 12 23 20 39 18 32 27 15 6 38 36 35 16 10 33 37 19 29 11 7 9 31 0
0 24 9 34 18 25 12 3 35 38 27 4 30 17 5 20 6 14 15 19 26 37 7 39 16 22 1 2 11 21 33 31 10 29 36 8 28 23 13 32 0
0 22 27 32 15 35 20 17 4 38 12 24 11 30 1 36 31 39 3 5 9 33 8 37 7 34 28 2 13 25 19 29 16 23 26 6 10 21 18 14 0
0 27 18 9 16 34 10 12 7 31 24 21 22 2 35 3 13 26 5 33 32 1 23 15 39 37 20 19 4 14 36 29 11 38 30 6 25 17 28 8 0
0 27 14 39 2 30 37 23 24 15 13 6 18 4 34 20 5 3 1 22 8 7 31 28 12 17 10 11 21 19 25 35 32 9 29 36 26 38 33 16 0
0 34 25 4 10 21 20 16 32 31 6 22 11 35 37 17 13 24 33 39 30 9 5 29 18 27 36 12 14 7 3 23 2 19 26 8 15 38 1 28 0
0 11 35 30 37 8 21 36 17 12 28 39 7 26 1 25 19 4 31 3 6 9 10 32 24 14 18 27 5 29 33 2 22 20 15 34 16 23 13 38 0
0 27 28 6 20 10 17 8 31 39 26 12 7 16 30 25 21 1 33 13 4 37 19 34 32 38 5 24 22 18 23 11 35 36 15 3 29 9 14 2 0
0 2 29 6 39 31 19 34 16 21 11 15 3 36 23 14 7 10 18 33 9 26 12 32 25 8 22 37 38 13 4 1 20 24 17 30 28 35 27 5 0
0 33 3 24 26 14 11 21 2 32 29 25 4 12 37 8 38 10 13 18 19 22 7 23 39 15 20 1 5 27 17 9 35 6 16 36 34 28 30 31 0
0 19 2 5 35 7 34 8 17 31 21 25 32 15 24 16 22 1 33 23 36 39 29 38 37 9 10 14 18 26 28 12 30 27 3 20 6 13 11 4 0
0 16 9 7 18 15 35 38 24 14 27 8 39 11 1 10 29 28 32 13 33 20 4 22 2 17 31 34 6 12 3 36 26 19 21 25 37 23 5 30 0
0 19 11 4 25 12 21 1 26 17 30 36 15 32 5 10 39 23 2 37 18 6 33 20 22 27 34 38 13 16 3 8 35 31 29 14 28 24 7 9 0
0 12 30 17 9 8 35 16 23 28 31 4 22 27 36 11 18 38 15 34 37 10 13 21 5 24 20 25 33 26 39 6 3 7 32 14 19 1 2 29 0
0 4 23 12 34 31 24 15 33 10 26 35 16 5 32 9 25 18 22 21 28 36 8 14 17 30 2 37 3 7 20 27 11 29 38 39 6 1 13 19 0
0 22 30 26 9 25 32 34 8 36 18 2 24 21 28 4 14 33 11 38 37 3 12 27 13 7 1 39 17 35 31 15 19 16 29 6 5 23 20 10 0
0 11 32 20 31 39 29 36 17 35 23 19 21 2 12 18 26 8 16 1 28 6 13 9 4 15 37 24 38 33 34 25 30 10 27 22 5 3 14 7 0
0 26 36 24 28 12 7 33 3 25 17 29 14 20 11 5 6 22 1 16 27 18 23 38 10 37 8 21 39 31 35 30 13 2 9 32 19 4 15 34 0
0 37 39 25 20 2 19 11 10 30 15 17 3 1 6 31 24 4 16 34 22 5 7 32 36 13 35 26 18 9 28 8 21 12 14 29 38 27 33 23 0
0 23 35 15 3 26 9 30 24 39 25 28 31 36 6 19 37 18 17 20 16 10 21 38 13 32 11 7 8 27 5 4 22 2 1 29 12 34 14 33 0
0 7 13 33 27 2 4 8 32 10 14 31 1 3 6 12 29 37 28 35 24 38 17 18 22 5 16 26 39 25 19 36 21 15 23 9 11 34 20 30 0
0 13 4 19 29 20 34 6 10 7 31 14 25 2 38 30 21 5 15 12 36 8 24 3 11 22 35 26 23 32 16 17 28 37 33 9 39 18 27 1 0
0 8 35 39 6 38 11 23 18 28 33 32 27 19 36 17 7 30 31 21 37 22 34 12 2 3 29 25 1 13 16 14 20 4 9 5 10 24 15 26 0
0 10 2 16 3 34 28 1 6 17 18 30 23 25 13 36 19 7 33 21 38 35 29 27 31 20 11 4 26 8 12 37 14 32 5 9 22 15 39 24 0
0 23 20 3 6 27 32 29 30 38 10 11 16 12 13 26 19 35 25 4 34 36 5 15 17 18 28 33 2 31 22 21 1 24 8 7 9 37 14 39 0
0 39 25 29 27 23 31 12 3 34 2 10 24 18 8 22 38 9 7 33 30 11 20 17 21 28 15 32 4 1 19 35 37 14 26 6 16 5 13 36 0
0 29 22 3 39 5 2 34 25 28 38 23 19 21 4 31 16 18 27 7 32 13 24 12 35 8 30 11 15 36 20 14 6 17 26 1 37 9 33 10 0
0 8 32 31 10 37 12 26 22 15 18 38 39 28 9 33 19 4 36 14 16 1 7 34 35 2 3 29 27 17 11 24 13 25 30 5 6 23 20 21 0
0 8 31 6 28 15 5 38 32 27 26 7 19 14 36 37 9 20 4 22 34 18 35 3 13 24 10 30 2 16 29 12 17 1 23 21 25 11 33 39 0
0 38 6 15 13 39 12 10 7 11 34 17 37 22 19 18 5 33 20 32 30 23 25 28 1 21 36 16 35 29 8 14 26 3 4 2 27 24 31 9 0
0 10 34 23 14 35 15 39 28 22 20 17 2 3 1 33 11 18 27 32 4 7 16 30 31 9 25 24 38 8 5 21 26 12 36 29 37 19 6 13 0
