# n n_solutions
60 1000
# n x n distance matrix
0 2100 3535 7467 2920 4940 6307 4197 4081 3512 5818 3195 5142 4596 5382 7543 2801 6618 5063 8276 1726 1802 5220 3911 5323 3224 854 4512 1802 4140 3911 2860 2184 4939 1843 8227 7354 360 2475 4401 3114 2195 2860 8000 2280 2184 4295 8207 4263 2121 6603 4143 1702 2121 6184 4681 8542 3573 2580 6296
2100 0 4904 9397 2319 6754 8253 5080 5467 4243 7779 4386 7083 6276 7200 9278 3440 8714 5780 10217 500 3736 5035 3300 7416 5315 2915 6576 3443 5950 3300 4716 2580 4609 1664 10220 9419 1923 4254 6500 5208 1118 4716 10016 4341 3420 3911 10183 5824 3189 8702 3962 1360 1615 7925 5748 10272 5608 4459 8296
3535 4904 0 5003 3590 6425 4019 1280 6612 6746 3667 608 3008 6500 2700 4494 6168 5547 2102 8785 4404 4104 3721 7443 4440 3807 2941 3420 1746 1708 3805 1523 5685 3807 5353 6003 7170 3894 4801 4036 3676 5531 1523 5929 2549 1486 7826 8558 6477 5385 5693 3201 3605 3577 3201 1303 5462 2624 4617 4295
7467 9397 5003 0 8558 6762 1166 5854 8209 9337 1664 5608 2325 7335 2308 1612 9135 2801 6140 6846 8918 6747 8374 11000 3130 5093 6618 3252 5977 3492 8800 4681 9080 8598 9191 1077 4825 7782 7000 3940 5090 9659 4681 1204 5247 6216 11138 6462 7717 8373 3101 8122 8296 8395 1992 5217 2000 3966 6648 1360
2920 2319 3590 8558 0 7789 7510 3244 6989 6168 7100 2983 6400 7500 6251 8065 5375 8590 3748 10960 2002 4666 2716 5608 7324 5682 3280 6334 2912 5103 1044 4143 4560 2300 3748 9518 9769 3052 5381 6578 5547 3401 4143 9402 4346 2408 6200 10840 7183 4875 8658 1649 1300 854 6790 3996 9013 5336 5445 7700
4940 6754 6425 6762 7789 0 5852 7655 1992 3748 5457 6574 5234 761 6013 7833 4101 4280 8523 3551 6536 3140 9626 6113 3640 2624 4525 3920 5325 5445 8697 4904 4669 9481 5412 6879 3492 4939 2505 3026 2751 6168 4904 6489 3935 6046 5885 3605 1360 3785 4045 8683 6640 7043 6846 7683 8633 4044 2360 5442
6307 8253 4019 1166 7510 5852 0 5000 7169 8221 500 4609 1170 6369 1360 2009 7993 2376 5412 6456 7779 5597 7558 9840 2236 3982 5456 2140 4850 2408 7823 3544 7920 7736 8025 2009 4459 6618 5879 2906 3969 8496 3544 1910 4081 5135 9989 6103 6707 7224 2656 7200 7180 7299 1500 4438 2785 2801 5531 538
4197 5080 1280 5854 3244 7655 5000 0 7693 7623 4716 1118 4114 7684 3640 5035 6971 6741 905 10065 4604 5135 2563 7984 5685 5053 3801 4675 2601 2884 3104 2778 6378 2745 5887 6905 8428 4535 5869 5315 4919 5905 2778 6888 3733 2022 8443 9835 7615 6228 6906 2308 3720 3538 3905 761 5922 3904 5727 5348
4081 5467 6612 8209 6989 1992 7169 7693 0 1800 6711 6575 6315 1236 6989 9037 2308 6020 8598 5400 5374 2570 9230 4204 5122 3289 4016 5053 5119 6118 7992 5203 3041 8989 3911 8504 5478 3940 1824 4272 3352 4664 5203 8139 4101 5797 3920 5514 632 2280 5825 8185 5720 6160 7877 7915 9929 4780 2000 6850
3512 4243 6746 9337 6168 3748 8221 7623 1800 0 7733 6548 7220 3014 7769 9929 806 7462 8514 7200 4294 2773 8688 2408 6403 4244 3832 6087 5048 6708 7210 5571 1664 8367 2580 9783 7184 3238 2343 5456 4252 3255 5571 9449 4518 5608 2137 7310 2408 1400 7306 7592 4870 5314 8660 8006 10881 5547 2690 7990
5818 7779 3667 1664 7100 5457 500 4716 6711 7733 0 4242 707 5946 1140 2376 7496 2302 5197 6296 7308 5099 7279 9340 1900 3500 4965 1664 4393 2002 7454 3080 7420 7433 7528 2451 4338 6126 5390 2469 3482 8004 3080 2302 3584 4709 9491 5961 6264 6726 2555 6865 6726 6859 1581 4205 3220 2302 5044 632
3195 4386 608 5608 2983 6574 4609 1118 6575 6548 4242 0 3569 6578 3301 5092 5922 6041 2022 9121 3889 4019 3280 7066 4887 3996 2716 3858 1503 2256 3214 1769 5375 3312 4964 6600 7580 3546 4751 4393 3858 5080 1769 6519 2640 1029 7484 8914 6500 5162 6171 2657 3061 3001 3807 1486 6053 2983 4609 4866
5142 7083 3008 2325 6400 5234 1170 4114 6315 7220 707 3569 0 5651 824 2729 6935 2690 4661 6484 6609 4527 6670 8731 1931 3041 4294 1315 3687 1315 6773 2376 6811 6800 6879 3157 4604 5458 4882 2209 3001 7335 2376 3006 2941 4004 8910 6177 5913 6152 2900 6209 6020 6152 1612 3661 3661 1697 4548 1303
4596 6276 6500 7335 7500 761 6369 7684 1236 3014 5946 6578 5651 0 6395 8316 3423 4957 8572 4210 6103 2842 9501 5400 4205 2801 4300 4341 5232 5700 8450 5000 4052 9319 4846 7521 4253 4545 2121 3478 2906 5607 5000 7140 3956 5948 5147 4301 608 3195 4738 8514 6296 6717 7256 7787 9154 4301 2080 5993
5382 7200 2700 2308 6251 6013 1360 3640 6989 7769 1140 3301 824 6395 0 2193 7420 3405 4070 7291 6711 5021 6198 9121 2751 3700 4560 2100 3757 1252 6503 2523 7213 6378 7184 3306 5385 5720 5458 3000 3640 7570 2523 3255 3330 3929 9350 6977 6621 6621 3640 5854 6040 6113 894 3087 3182 2236 5142 1749
7543 9278 4494 1612 8065 7833 2009 5035 9037 9929 2376 5092 2729 8316 2193 0 9604 4257 5108 8354 8781 7200 7406 11313 4242 5770 6735 3992 5852 3405 8121 4685 9406 7700 9359 2545 6334 7886 7600 4838 5730 9720 4685 2780 5522 5903 11542 7983 8615 8809 4554 7343 8049 8062 1360 4310 1000 4382 7271 2500
2801 3440 6168 9135 5375 4101 7993 6971 2308 806 7496 5922 6935 3423 7420 9604 0 7468 7851 7632 3488 2408 7924 2061 6328 4080 3228 5889 4438 6296 6419 5100 860 7592 1780 9660 7414 2501 2195 5353 4060 2475 5100 9347 4104 4949 2024 7705 2844 806 7340 6824 4080 4522 8300 7397 10575 5239 2555 7809
6618 8714 5547 2801 8590 4280 2376 6741 6020 7462 2302 6041 2690 4957 3405 4257 7468 0 7340 4100 8302 5316 9266 9493 1300 3517 5803 2256 5688 3858 9139 4464 7655 9347 8028 2640 2088 6846 5280 2236 3590 8649 4464 2236 4401 6209 9482 3736 5445 6815 300 8692 7922 8161 3847 6341 4801 3255 4924 1838
5063 5780 2102 6140 3748 8523 5412 905 8597 8514 5197 2022 4661 8572 4070 5108 7851 7340 0 10823 5323 6040 2300 8792 6363 5908 4700 5381 3505 3535 3361 3624 7236 2630 6705 7212 9121 5393 6773 6080 5777 6670 3624 7244 4617 2906 9272 10575 8514 7116 7528 2459 4429 4188 4148 1000 5907 4687 6628 5818
8276 10217 8785 6846 10960 3551 6456 10065 5400 7200 6296 9121 6484 4210 7291 8354 7632 4100 10823 0 9953 6500 12379 9602 4565 5300 7702 5464 8200 7323 11763 7353 8220 12332 8949 6403 2022 8338 5977 4750 5440 9701 7353 6000 6700 8886 9308 412 4804 7334 3807 11574 9929 10295 7877 9860 8836 6161 5758 5920
1726 500 4404 8918 2002 6536 7779 4604 5374 4294 7308 3889 6609 6103 6711 8781 3488 8302 5323 9953 0 3453 4704 3622 7002 4949 2500 6140 2954 5461 3026 4237 2640 4301 1772 9752 9080 1615 4031 6103 4837 1414 4237 9556 3911 2920 4201 9902 5685 3124 8300 3612 894 1216 7430 5263 9775 5162 4204 7833
1802 3736 4104 6747 4666 3140 5597 5135 2570 2773 5099 4019 4527 2842 5021 7200 2408 5316 6040 6500 3453 0 6708 4272 4085 1802 1476 3522 2549 3935 5608 2816 2370 6499 2729 7324 5721 1838 761 3101 1746 3401 2816 7032 1746 3228 4392 6451 2594 1627 5239 5693 3500 3905 5907 5400 8168 2831 781 5440
5220 5035 3721 8374 2716 9626 7558 2563 9230 8688 7279 3280 6670 9501 6198 7406 7924 9266 2300 12379 4704 6708 0 8321 8154 7158 5232 7128 4301 5412 1802 5032 7156 500 6406 9436 10860 5457 7468 7669 7017 6113 5032 9437 5748 3580 8905 12182 9302 7324 9414 1104 3905 3500 6395 3157 8205 6262 7430 7911
3911 3300 7443 11000 5608 6113 9840 7984 4204 2408 9340 7066 8731 5400 9121 11313 2061 9493 8792 9602 3622 4272 8321 0 8318 6041 4622 7793 5713 7924 6600 6660 1920 7905 2102 11596 9472 3551 4215 7335 6003 2209 6660 11301 5805 6037 670 9701 4800 2683 9377 7233 4472 4837 9972 8542 12303 7042 4569 9708
5323 7416 4440 3130 7324 3640 2236 5685 5122 6403 1900 4887 1931 4205 2751 4242 6328 1300 6363 4565 7002 4085 8154 8318 0 2284 4504 1029 4414 2828 7912 3231 6446 8198 6772 3394 2758 5557 4133 984 2340 7375 3231 3047 3101 4964 8352 4272 4604 5635 1334 7513 6627 6873 3436 5375 5000 1992 3773 1802
3224 5315 3807 5093 5682 2624 3982 5053 3289 4244 3500 3996 3041 2801 3700 5770 4080 3517 5908 5300 4949 1802 7158 6041 2284 0 2500 1843 2906 2901 6463 2284 4162 7069 4512 5580 4148 3401 1910 1300 141 5147 2284 5269 1413 3606 6103 5162 2942 3361 3452 6296 4743 5069 4588 5059 6688 1513 1555 3748
854 2915 2941 6618 3280 4525 5456 3801 4016 3832 4965 2716 4294 4300 4560 6735 3228 5803 4700 7702 2500 1476 5232 4622 4504 2500 0 3667 1216 3330 4172 2051 2778 5024 2624 7373 6648 1166 2236 3605 2376 3041 2051 7147 1431 1811 4939 7602 4070 2451 5800 4219 2247 2594 5381 4177 7733 2720 2220 5442
4512 6576 3420 3252 6334 3920 2140 4675 5053 6087 1664 3858 1315 4341 2100 3992 5889 2256 5381 5464 6140 3522 7128 7793 1029 1843 3667 0 3436 1860 6894 2213 5883 7169 6092 3807 3753 4780 3748 900 1838 6640 2213 3534 2236 3956 7902 5200 4623 5140 2340 6484 5700 5920 2927 4404 4876 1004 3397 1920
1802 3443 1746 5977 2912 5325 4850 2601 5119 5048 4393 1503 3687 5232 3757 5852 4438 5688 3505 8200 2954 2549 4301 5713 4414 2906 1216 3436 0 2507 3584 1315 3939 4177 3640 6844 6887 2162 3298 3676 2765 3894 1315 6675 1500 721 6082 8044 5092 3667 5748 3394 2334 2500 4494 2961 6850 2433 3195 4949
4140 5950 1708 3492 5103 5445 2408 2884 6118 6708 2002 2256 1315 5700 1252 3405 6296 3858 3535 7323 5461 3935 5412 7924 2828 2901 3330 1860 2507 0 5458 1280 6030 5515 5954 4417 5586 4481 4459 2640 2807 6324 1280 4300 2195 2729 8183 7060 5830 5491 4022 4904 4808 4903 2051 2549 4404 1403 4176 2617
3911 3300 3805 8800 1044 8697 7823 3104 7992 7210 7454 3214 6773 8450 6503 8121 6419 9139 3361 11763 3026 5608 1802 6600 7912 6463 4172 6894 3584 5458 0 4681 5604 1334 4785 9808 10465 4070 6341 7244 6324 4404 4681 9732 5077 2954 7205 11621 8160 5909 9234 921 2340 1897 6926 3860 9024 5923 6378 8075
2860 4716 1523 4681 4143 4904 3544 2778 5203 5571 3080 1769 2376 5000 2523 4685 5100 4464 3624 7353 4237 2816 5032 6660 3231 2284 2051 2213 1315 1280 4681 0 4780 5021 4675 5531 5852 3201 3436 2640 2154 5047 0 5360 1104 1746 6940 7150 5015 4294 4553 4304 3649 3805 3330 2789 5684 1252 3206 3634
2184 2580 5685 9080 4560 4669 7920 6378 3041 1664 7420 5375 6811 4052 7213 9406 860 7655 7236 8220 2640 2370 7156 1920 6446 4162 2778 5883 3939 6030 5604 4780 0 6806 921 9689 7823 1843 2433 5462 4114 1640 4780 9402 3889 4368 2163 8260 3511 900 7558 6053 3275 3710 8072 6861 10394 5122 2765 7793
4939 4609 3807 8598 2300 9481 7736 2745 8989 8367 7433 3312 6800 9319 6378 7700 7592 9347 2630 12332 4301 6499 500 7905 8198 7070 5024 7169 4177 5515 1334 5021 6806 0 6029 9650 10872 5154 7255 7660 6928 5700 5021 9631 5656 3465 8500 12151 9091 7021 9482 806 3535 3114 6637 3405 8528 6268 7240 8065
1843 1664 5353 9191 3748 5412 8025 5887 3911 2580 7528 4964 6879 4846 7184 9359 1780 8028 6705 8949 1772 2729 6406 2102 6772 4512 2624 6092 3640 5954 4785 4675 921 6029 0 9884 8400 1486 3014 5797 4438 761 4675 9625 3944 3935 2570 8962 4338 1655 7962 5302 2501 2915 8005 6440 10357 5235 3301 7960
8227 10220 6003 1077 9518 6879 2009 6905 8504 9783 2451 6600 3157 7521 3306 2545 9660 2640 7212 6403 9752 7324 9436 11596 3394 5580 7373 3807 6844 4417 9808 5531 9689 9650 9884 0 4428 8523 7481 4327 5603 10399 5531 412 5961 7144 11682 6000 7964 8930 2915 9154 9177 9305 3067 6281 2600 4661 7121 1931
7354 9419 7170 4825 9769 3492 4458 8428 5478 7184 4338 7580 4604 4253 5385 6334 7414 2088 9121 2022 9080 5721 10860 9472 2758 4148 6648 3753 6887 5586 10465 5852 7823 10872 8400 4428 0 7496 5403 3224 4272 9108 5852 4019 5423 7517 9314 1649 4846 6926 1802 10154 8888 9202 5909 8133 6818 4604 5100 3920
360 1923 3894 7782 3052 4939 6618 4535 3940 3238 6126 3546 5458 4545 5720 7886 2501 6846 5393 8338 1615 1838 5457 3551 5557 3401 1166 4780 2162 4481 4070 3201 1843 5154 1486 8523 7496 0 2441 4617 3300 1878 3201 8287 2563 2529 3939 8287 4172 1868 6818 4368 1780 2220 6529 5032 8885 3862 2594 6592
2475 4254 4801 7000 5381 2505 5879 5869 1824 2343 5390 4751 4882 2121 5458 7600 2195 5280 6773 5977 4031 761 7468 4215 4133 1910 2236 3748 3298 4459 6341 3436 2433 7255 3014 7481 5403 2441 0 3161 1910 3748 3436 7160 2334 3984 4219 5966 1835 1552 5162 6449 4177 4596 6352 6103 8543 3224 360 5658
4401 6500 4036 3940 6578 3026 2906 5315 4272 5456 2469 4393 2209 3478 3000 4838 5353 2236 6080 4750 6103 3101 7669 7335 984 1300 3605 900 3676 2640 7244 2640 5462 7660 5797 4327 3224 4617 3161 0 1360 6413 2640 4000 2256 4294 7377 4525 3801 4652 2202 6933 5787 6063 3820 5131 5685 1414 2801 2580
3114 5208 3676 5090 5547 2751 3969 4919 3352 4252 3482 3858 3001 2906 3640 5730 4060 3590 5777 5440 4837 1746 7017 6003 2340 141 2376 1838 2765 2807 6324 2154 4114 6928 4438 5603 4272 3300 1910 1360 0 5063 2154 5300 1272 3465 6080 5300 3026 3328 3535 6155 4617 4939 4531 4933 6657 1431 1562 3753
2195 1118 5531 9659 3401 6168 8496 5905 4664 3255 8004 5080 7335 5607 7570 9720 2475 8649 6670 9701 1414 3401 6113 2209 7375 5147 3041 6640 3894 6324 4404 5047 1640 5700 761 10399 9108 1878 3748 6413 5063 0 5047 10159 4438 4060 2801 9708 5099 2416 8598 5024 2280 2630 8360 6519 10720 5738 4019 8469
2860 4716 1523 4681 4143 4904 3544 2778 5203 5571 3080 1769 2376 5000 2523 4685 5100 4464 3624 7353 4237 2816 5032 6660 3231 2284 2051 2213 1315 1280 4681 0 4780 5021 4675 5531 5852 3201 3436 2640 2154 5047 0 5360 1104 1746 6940 7150 5015 4294 4553 4304 3649 3805 3330 2789 5684 1252 3206 3634
8000 10016 5929 1204 9402 6489 1910 6888 8139 9449 2302 6519 3006 7140 3255 2780 9347 2236 7244 6000 9556 7032 9437 11301 3047 5269 7147 3534 6675 4300 9732 5360 9402 9631 9625 412 4019 8287 7160 4000 5300 10159 5360 0 5724 7010 11371 5600 7592 8628 2507 9108 9009 9154 3130 6293 2941 4427 6800 1726
2280 4341 2549 5247 4346 3935 4081 3733 4101 4518 3584 2640 2941 3956 3330 5522 4104 4401 4617 6700 3911 1746 5748 5805 3101 1413 1431 2236 1500 2195 5077 1104 3889 5656 3944 5961 5423 2563 2334 2256 1272 4438 1104 5724 0 2193 6020 6545 3931 3301 4418 4883 3535 3807 4201 3847 6506 1300 2102 4031
2184 3420 1486 6216 2408 6046 5135 2022 5797 5608 4709 1029 4004 5948 3929 5903 4949 6209 2906 8886 2920 3228 3580 6037 4964 3606 1811 3956 721 2729 2954 1746 4368 3465 3935 7144 7517 2529 3984 4294 3465 4060 1746 7010 2193 0 6462 8720 5793 4210 6293 2690 2147 2184 4569 2507 6888 2973 3900 5300
4295 3911 7826 11138 6200 5885 9989 8443 3920 2137 9491 7484 8910 5147 9350 11542 2024 9482 9272 9308 4201 4392 8905 670 8352 6103 4939 7902 6082 8183 7205 6940 2163 8500 2570 11682 9314 3939 4219 7377 6080 2801 6940 11371 6020 6462 0 9433 4539 2765 9347 7810 5024 5408 10217 8969 12525 7213 4579 9822
8207 10183 8558 6462 10840 3605 6103 9835 5514 7310 5961 8914 6177 4301 6977 7983 7705 3736 10575 412 9902 6451 12182 9701 4272 5162 7602 5200 8044 7060 11621 7150 8260 12151 8962 6000 1649 8287 5966 4525 5300 9708 7150 5600 6545 8720 9433 0 4904 7368 3448 11401 9841 10196 7539 9604 8448 5939 5728 5565
4263 5824 6477 7717 7183 1360 6707 7615 632 2408 6264 6500 5913 608 6621 8615 2844 5445 8514 4804 5685 2594 9302 4800 4604 2942 4070 4623 5092 5830 8160 5015 3511 9090 4338 7964 4846 4172 1835 3801 3026 5099 5015 7592 3931 5793 4539 4904 0 2683 5240 8284 5946 6378 7500 7778 9484 4455 1897 6363
2121 3189 5385 8373 4875 3785 7224 6228 2280 1400 6726 5162 6152 3195 6621 8809 806 6815 7116 7334 3124 1627 7324 2683 5635 3361 2451 5140 3667 5491 5909 4294 900 7021 1655 8930 6926 1868 1552 4652 3328 2416 4294 8628 3301 4210 2765 7368 2683 0 6706 6236 3577 4024 7500 6628 9783 4455 1897 7060
6603 8702 5693 3101 8658 4045 2656 6906 5825 7306 2555 6171 2900 4738 3640 4554 7340 300 7528 3807 8300 5239 9414 9377 1334 3452 5800 2340 5748 4022 9234 4553 7558 9482 7962 2915 1802 6818 5162 2202 3535 8598 4553 2507 4418 6293 9347 3448 5240 6706 0 8814 7951 8203 4114 6529 5100 3324 4810 2118
4143 3962 3201 8122 1649 8683 7200 2308 8185 7592 6865 2657 6209 8514 5854 7343 6824 8692 2459 11574 3612 5693 1104 7233 7513 6296 4219 6484 3394 4904 921 4304 6053 806 5302 9154 10154 4368 6449 6933 6155 5024 4304 9108 4883 2690 7810 11401 8284 6236 8814 0 2801 2402 6200 3041 8219 5556 6435 7495
1702 1360 3605 8296 1300 6640 7180 3720 5720 4870 6726 3061 6020 6296 6040 8049 4080 7922 4429 9929 894 3500 3905 4472 6627 4743 2247 5700 2334 4808 2340 3649 3275 3535 2501 9177 8888 1780 4177 5787 4617 2280 3649 9009 3535 2147 5024 9841 5946 3577 7951 2801 0 447 6711 4393 9035 4700 4280 7283
2121 1615 3577 8395 854 7043 7299 3538 6160 5314 6859 3001 6152 6717 6113 8062 4522 8161 4188 10295 1216 3905 3500 4837 6873 5069 2594 5920 2500 4903 1897 3805 3710 3114 2915 9305 9202 2220 4596 6063 4939 2630 3805 9154 3807 2184 5408 10196 6378 4024 8203 2402 447 0 6741 4244 9037 4916 4686 7433
6184 7925 3201 1992 6790 6846 1500 3905 7877 8660 1581 3807 1612 7256 894 1360 8300 3847 4148 7877 7430 5907 6395 9972 3436 4588 5381 2927 4494 2051 6926 3330 8072 6637 8005 3067 5909 6529 6352 3820 4531 8360 3330 3130 4201 4569 10217 7539 7500 7500 4114 6200 6711 6741 0 3238 2360 3130 6036 2024
4681 5748 1303 5217 3996 7683 4438 761 7915 8006 4205 1486 3661 7787 3087 4310 7397 6341 1000 9860 5263 5400 3157 8542 5375 5059 4177 4404 2961 2549 3860 2789 6861 3405 6440 6281 8133 5032 6103 5131 4933 6519 2789 6293 3847 2507 8969 9604 7778 6628 6529 3041 4393 4244 3238 0 5178 3758 5920 4830
8542 10272 5462 2000 9013 8633 2785 5922 9929 10881 3220 6053 3661 9154 3182 1000 10575 4801 5907 8836 9775 8168 8205 12303 5000 6688 7733 4876 6850 4404 9024 5684 10394 8528 10357 2600 6818 8885 8543 5685 6657 10720 5684 2941 6506 6888 12525 8448 9484 9783 5100 8219 9035 9037 2360 5178 0 5341 8209 3201
3573 5608 2624 3966 5336 4044 2801 3904 4780 5547 2302 2983 1697 4301 2236 4382 5239 3255 4687 6161 5162 2831 6262 7042 1992 1513 2720 1004 2433 1403 5923 1252 5122 6268 5235 4661 4604 3862 3224 1414 1431 5738 1252 4427 1300 2973 7213 5939 4455 4455 3324 5556 4700 4916 3130 3758 5341 0 2906 2731
2580 4459 4617 6648 5445 2360 5531 5727 2000 2690 5044 4609 4548 2080 5142 7271 2555 4924 6628 5758 4204 781 7430 4569 3773 1555 2220 3397 3195 4176 6378 3206 2765 7240 3301 7121 5100 2594 360 2801 1562 4019 3206 6800 2102 3900 4579 5728 1897 1897 4810 6435 4280 4686 6036 5920 8209 2906 0 5303
6296 8296 4295 1360 7700 5442 538 5348 6850 7990 632 4866 1303 5993 1749 2500 7809 1838 5818 5920 7833 5440 7911 9708 1802 3748 5442 1920 4949 2617 8075 3634 7793 8065 7960 1931 3920 6592 5658 2580 3753 8469 3634 1726 4031 5300 9822 5565 6363 7060 2118 7495 7283 7433 2024 4830 3201 2731 5303 0
# set of given starting solutions
0 21 27 2 11 28 1 34 16 38 45 59 37 44 10 39 35 49 13 50 25 53 43 51 8 5 18 23 55 56 12 7 24 4 33 19 52 48 46 26 6 41 29 30 22 42 40 54 47 32 36 58 57 31 20 15 3 9 14 17 0
0 43 45 37 15 47 4 6 56 14 29 50 36 32 9 38 35 16 7 17 46 31 55 27 18 26 11 42 13 28 49 48 24 52 53 19 58 59 44 1 25 22 34 21 40 8 23 12 3 5 20 10 57 51 54 2 41 33 30 39 0
0 10 58 36 21 16 25 7 27 39 56 22 37 54 1 49 34 35 51 52 18 5 24 20 40 45 55 44 28 23 2 41 43 26 11 29 50 47 15 3 59 14 57 12 13 33 38 32 8 31 53 48 30 17 46 6 42 9 4 19 0
0 9 29 35 38 36 52 53 25 2 6 14 59 48 17 56 21 55 3 46 7 42 50 20 26 32 23 18 34 33 44 28 39 49 31 8 57 1 43 5 58 12 15 10 19 30 45 47 22 41 16 51 27 24 54 37 11 4 13 40 0
0 9 30 55 53 59 48 56 37 19 13 8 31 32 11 54 45 4 29 1 42 39 57 26 44 14 10 20 33 43 16 2 12 27 24 34 58 5 6 38 51 25 3 7 28 17 23 22 36 41 21 47 15 50 46 40 18 35 49 52 0
0 5 14 19 33 54 16 57 40 23 26 50 51 55 6 12 3 2 1 9 56 13 53 41 18 7 31 4 36 17 22 39 52 11 28 32 30 34 43 48 20 44 8 58 10 46 45 29 27 15 47 38 24 35 37 42 25 49 21 59 0
0 41 37 48 6 33 22 5 4 35 12 49 59 10 30 19 42 17 57 50 45 52 39 58 34 2 51 28 46 56 36 25 7 11 23 43 21 26 20 16 3 14 32 8 47 1 38 40 31 54 27 15 44 24 53 9 55 18 29 13 0
0 17 46 35 44 54 34 52 53 12 55 56 38 39 48 51 31 24 28 2 42 23 59 18 4 9 11 5 21 45 49 58 40 25 29 19 15 22 36 3 26 33 10 50 27 37 6 47 8 57 14 1 43 13 20 30 32 7 41 16 0
0 11 36 58 5 46 57 39 42 56 20 28 7 13 32 4 54 15 50 34 43 24 40 6 29 14 38 22 9 44 8 10 23 2 18 51 25 53 21 59 55 41 31 52 1 35 49 27 17 19 47 45 30 26 3 37 16 33 12 48 0
0 52 10 41 28 56 13 35 21 36 55 50 15 2 5 1 23 34 42 17 22 3 47 33 9 53 31 25 43 57 40 29 24 48 8 54 18 6 59 39 11 32 58 44 27 46 26 4 16 51 19 7 45 49 14 38 12 30 37 20 0
0 2 34 23 36 21 3 25 50 5 59 15 26 44 38 53 49 57 56 39 17 33 7 19 51 42 30 18 27 45 55 13 29 4 52 54 6 1 58 10 12 46 40 48 43 22 31 37 9 28 47 24 11 8 14 35 41 16 32 20 0
0 2 48 42 34 7 9 52 10 37 15 57 59 26 13 22 43 45 24 19 49 36 58 21 11 54 46 44 38 4 55 29 14 18 16 41 51 20 27 6 8 35 47 50 39 33 3 53 31 17 40 23 5 32 12 1 30 25 28 56 0
0 37 20 59 17 2 3 38 32 14 33 57 34 47 36 8 42 56 23 10 12 51 26 53 41 35 46 54 25 16 19 1 58 27 39 21 15 5 44 55 29 13 7 45 30 49 43 40 28 48 4 50 22 6 24 52 31 18 9 11 0
0 41 26 33 46 54 48 43 38 15 3 27 9 11 5 39 28 35 2 10 16 13 37 56 51 4 8 59 44 42 6 1 24 29 45 14 23 22 7 25 49 50 18 36 52 32 55 21 30 17 53 19 57 20 31 34 40 47 58 12 0
0 8 43 40 28 59 27 44 29 5 17 36 53 14 46 11 58 4 23 6 18 3 38 51 2 30 54 15 12 25 32 1 39 7 35 9 48 42 37 34 57 47 45 49 19 50 33 10 31 55 20 24 52 16 41 22 21 26 56 13 0
0 43 2 38 6 11 4 58 40 35 47 32 37 9 53 29 17 31 28 36 51 10 3 48 22 52 21 30 34 15 50 7 18 14 12 55 42 13 49 20 1 25 5 56 24 23 27 19 41 16 57 8 46 54 33 44 39 45 26 59 0
0 3 53 55 23 19 18 15 50 48 31 11 57 51 38 4 9 28 2 10 39 22 8 17 35 7 32 29 16 6 20 52 45 58 14 43 54 30 36 47 24 56 49 37 34 26 46 42 21 1 25 40 33 13 59 44 41 12 27 5 0
0 47 1 58 19 33 12 44 7 39 57 5 35 31 55 36 15 32 54 40 8 27 22 14 25 3 53 13 17 11 56 37 6 20 46 51 41 4 9 16 48 43 24 38 28 26 50 52 59 45 49 2 23 18 30 29 34 10 42 21 0
0 56 34 45 43 21 57 38 32 49 33 7 18 5 41 48 40 27 1 10 52 47 14 35 42 58 51 4 44 36 13 55 30 24 46 17 3 39 53 15 26 25 9 54 19 50 29 22 8 11 16 59 20 12 28 37 6 31 2 23 0
0 40 36 25 26 1 58 16 29 49 8 54 51 37 55 28 47 17 50 10 39 11 20 2 24 46 48 14 34 5 38 7 33 45 30 31 57 4 21 3 27 44 6 43 13 42 15 35 32 9 22 56 12 53 41 52 18 59 19 23 0
0 29 59 43 7 40 48 49 18 2 9 27 55 8 37 6 31 47 16 22 32 35 56 33 41 1 30 57 12 54 10 19 58 11 21 44 42 26 5 34 17 51 20 4 53 28 15 39 36 25 3 14 46 45 50 13 23 38 52 24 0
0 20 55 42 25 7 24 11 12 15 26 56 21 10 31 16 13 28 27 4 44 59 57 18 19 49 52 30 38 50 51 17 53 43 41 47 1 35 40 29 39 37 2 46 6 32 3 34 22 45 48 23 58 33 9 36 14 5 54 8 0
0 40 24 52 48 55 38 8 26 56 43 46 4 12 13 15 23 20 25 5 37 34 32 45 57 19 54 1 58 10 53 49 41 21 7 30 9 29 2 33 39 28 14 16 36 22 11 35 6 31 27 50 42 44 3 47 51 59 17 18 0
0 19 4 2 20 43 38 15 40 1 23 13 34 36 6 44 17 3 22 47 21 29 27 28 54 45 9 26 16 5 53 50 37 33 8 49 7 56 14 25 55 59 48 31 12 18 32 35 10 41 57 52 58 46 39 51 30 42 24 11 0
0 24 26 15 1 36 2 54 46 5 38 3 55 41 42 31 18 30 16 23 50 29 6 7 13 27 8 21 32 59 47 28 11 44 10 20 39 12 45 34 33 35 22 4 19 49 9 40 37 58 17 14 48 53 52 56 25 57 51 43 0
0 40 5 20 31 47 28 53 46 3 48 13 45 52 51 50 8 9 6 29 14 16 7 36 59 39 1 35 56 44 15 41 23 22 37 32 42 11 38 21 33 24 4 30 27 55 25 19 17 12 58 57 34 54 26 2 49 10 43 18 0
0 41 4 17 47 40 19 51 58 30 45 3 32 59 55 46 23 15 11 39 52 26 28 44 2 29 43 57 12 8 48 35 5 42 33 6 56 25 54 16 7 31 18 13 14 38 53 24 27 36 49 37 21 50 22 34 20 10 9 1 0
0 19 39 9 26 49 51 35 4 34 45 20 41 28 43 18 32 53 47 22 21 17 7 55 30 52 15 10 16 5 27 6 2 33 3 54 13 24 58 12 37 42 1 46 31 44 56 36 38 14 59 57 11 50 48 29 40 8 25 23 0
0 23 55 42 57 19 15 30 13 35 36 22 4 12 3 31 50 24 47 40 32 59 9 16 18 26 38 8 54 1 7 45 41 20 58 29 49 33 5 56 28 10 2 6 46 52 17 48 39 43 37 27 25 14 51 34 11 44 21 53 0
0 47 49 29 51 12 43 32 11 26 17 9 23 8 6 20 27 52 53 7 48 25 30 34 2 36 44 38 28 15 21 58 54 31 14 59 42 50 22 41 1 40 33 46 13 3 19 16 18 45 56 55 4 5 37 10 39 24 57 35 0
0 32 37 20 2 15 6 13 48 58 41 49 27 19 57 14 9 26 10 24 43 16 38 17 23 40 1 21 3 55 25 5 4 36 34 50 39 35 45 33 42 8 56 29 22 30 46 11 54 18 51 44 59 12 52 47 31 28 7 53 0
0 8 32 50 33 41 18 2 31 48 25 13 58 12 34 21 7 28 46 55 27 38 24 51 56 35 22 43 57 36 40 59 17 5 54 19 45 9 44 37 16 47 52 6 39 4 1 14 20 3 23 26 30 11 53 49 42 10 29 15 0
0 21 44 28 38 15 23 47 6 16 40 27 33 25 24 11 5 30 59 20 29 46 53 8 45 56 48 55 22 17 52 42 12 37 19 4 9 14 54 34 18 58 13 49 32 1 7 51 39 50 35 36 57 3 43 31 10 41 26 2 0
0 58 5 27 10 41 57 28 22 56 59 31 21 37 26 12 6 40 44 29 46 8 55 1 38 23 53 52 51 13 36 48 54 24 9 32 33 11 17 34 18 15 42 30 7 47 16 39 49 4 25 45 50 35 43 19 2 14 3 20 0
0 7 54 59 12 44 35 5 19 29 51 8 13 26 47 4 10 20 39 57 3 15 41 36 48 24 31 11 30 55 45 56 1 37 32 14 34 42 25 49 23 27 2 53 18 50 43 28 46 33 52 21 17 58 9 22 6 38 40 16 0
0 29 45 33 32 6 5 47 42 10 18 41 39 19 21 43 31 27 50 8 44 57 30 48 55 1 9 14 53 7 58 34 4 40 37 54 36 2 24 59 15 49 25 20 3 51 52 17 56 16 26 11 35 38 22 12 28 13 23 46 0
0 50 22 51 15 38 8 45 47 12 19 31 13 58 55 4 44 18 26 24 9 32 16 14 6 41 3 53 23 46 40 2 17 10 39 34 5 49 59 42 28 48 52 33 35 20 21 54 43 37 25 56 29 36 7 1 57 30 27 11 0
0 59 40 19 20 54 21 24 33 58 48 52 12 6 49 53 7 8 39 22 10 9 30 29 45 42 18 1 47 55 41 26 23 51 25 56 2 14 38 27 15 4 34 35 13 11 31 28 16 32 57 46 50 5 44 43 37 17 36 3 0
0 33 35 7 55 34 17 48 39 56 13 36 51 10 43 47 1 5 40 18 37 15 21 54 38 19 29 4 41 6 50 59 24 52 26 2 27 57 8 46 23 42 30 28 32 31 53 44 25 45 12 14 16 58 9 20 11 49 3 22 0
0 12 53 28 47 58 6 55 20 39 41 50 42 43 4 17 27 56 48 18 34 19 2 52 45 51 37 40 33 13 3 14 59 31 25 22 1 36 21 9 15 46 35 7 29 26 10 5 32 24 49 30 44 23 8 11 57 38 54 16 0
0 26 40 35 50 53 58 14 49 19 15 12 42 7 13 59 51 37 4 11 54 21 43 45 20 29 55 39 24 23 27 10 3 8 34 31 52 2 47 16 18 6 33 28 48 32 36 38 9 5 44 22 41 57 25 56 46 17 1 30 0
0 6 32 22 31 23 19 7 39 15 10 46 2 9 24 11 40 56 13 59 4 27 3 47 25 8 26 21 5 55 18 1 57 50 28 30 44 48 51 33 43 37 49 38 41 54 35 12 42 34 17 45 14 53 52 16 20 29 36 58 0
0 22 53 44 39 19 32 49 30 4 6 21 43 17 10 59 8 24 46 58 2 31 20 25 1 55 38 14 12 56 26 41 7 40 37 5 34 13 51 52 11 57 42 45 29 54 27 16 47 33 50 18 3 9 36 23 35 15 48 28 0
0 7 29 9 15 28 32 20 55 46 5 38 18 53 42 52 25 31 6 59 24 36 45 13 39 14 17 34 48 47 44 40 54 10 58 49 3 4 8 37 22 41 2 12 50 23 1 11 19 26 30 35 57 27 51 56 43 16 21 33 0
0 34 15 16 44 50 30 43 1 32 9 54 33 13 57 49 41 45 56 22 36 52 48 19 42 28 37 26 31 6 12 8 46 3 55 29 47 35 7 5 24 11 59 38 4 23 58 14 39 51 18 53 25 17 2 10 27 20 40 21 0
0 49 34 23 7 20 45 16 32 52 37 57 22 2 17 28 21 8 31 4 44 35 26 27 14 24 53 51 38 10 19 58 39 36 11 5 18 6 48 25 40 59 54 50 55 33 12 46 42 29 56 13 41 1 9 3 43 47 30 15 0
0 1 4 59 27 22 32 54 42 44 21 14 55 23 28 39 17 50 15 30 6 12 24 43 11 41 48 20 46 2 49 3 53 5 29 33 34 36 45 56 58 35 37 51 18 10 40 31 8 25 9 57 47 16 13 7 38 19 52 26 0
0 58 52 1 35 38 13 9 49 43 46 12 11 23 20 15 36 37 56 59 14 48 41 57 25 10 34 33 5 45 42 40 21 26 30 3 18 2 32 50 31 16 4 47 19 29 27 8 51 22 53 24 7 55 6 17 54 39 44 28 0
0 42 35 5 56 30 48 45 41 52 40 57 44 54 49 17 51 27 21 2 29 50 38 55 24 10 33 13 19 36 22 18 20 32 46 25 15 43 9 34 47 4 1 37 23 28 6 39 14 31 16 11 26 7 12 53 59 8 3 58 0
0 47 25 22 52 32 6 45 57 58 19 36 40 49 50 3 51 44 59 11 14 43 31 21 30 5 8 4 7 1 18 10 29 33 27 46 15 48 13 28 39 9 42 35 41 56 37 16 12 20 23 17 55 34 2 26 38 54 53 24 0
0 29 10 12 11 31 43 3 2 5 27 8 41 53 28 57 55 39 44 50 54 22 6 30 16 23 4 20 48 13 21 46 52 42 51 17 19 40 15 18 35 49 58 59 32 56 25 9 7 24 38 47 37 34 45 26 14 33 36 1 0
0 11 31 33 10 34 8 5 36 4 32 40 16 18 58 39 38 17 55 24 50 25 20 52 48 51 42 14 44 9 45 53 19 7 41 54 47 13 26 15 1 59 23 30 12 56 57 35 28 27 22 37 21 29 43 3 46 6 49 2 0
0 11 6 14 10 37 22 46 42 41 53 33 20 55 56 39 40 48 23 47 30 12 9 38 29 44 31 34 54 18 16 1 50 43 59 3 13 45 27 32 24 36 49 2 35 4 57 51 17 52 58 7 15 19 5 28 25 8 26 21 0
0 52 35 40 25 30 16 31 6 57 12 56 41 39 11 29 26 47 2 53 1 18 42 37 44 28 8 43 5 22 21 7 49 9 13 17 3 50 33 58 45 32 54 46 34 36 20 51 24 19 15 59 4 55 48 14 10 27 23 38 0
0 14 3 35 2 9 45 51 4 19 43 53 26 31 7 29 58 36 16 47 40 23 59 6 27 11 15 52 54 21 50 56 44 37 25 49 10 24 1 34 28 48 46 42 38 5 33 18 41 13 22 20 8 12 57 39 55 32 30 17 0
0 47 37 1 14 31 42 44 12 20 13 2 29 48 45 39 59 52 38 33 11 9 56 6 22 32 28 25 53 51 30 43 26 24 16 40 10 15 58 27 19 49 8 5 18 21 55 46 41 17 50 36 23 35 54 34 4 7 57 3 0
0 23 39 27 11 1 5 34 14 46 3 43 56 30 49 17 50 25 18 2 13 59 28 58 9 8 55 6 31 52 41 45 29 12 36 51 21 15 20 33 40 10 24 26 38 7 16 54 47 42 44 22 37 4 19 35 48 57 53 32 0
0 2 51 49 4 11 48 46 1 13 53 6 18 44 14 40 56 8 42 29 39 7 23 21 58 24 43 31 45 19 25 15 30 52 28 32 12 27 16 22 37 3 17 35 9 38 41 55 33 34 36 47 59 57 26 10 20 50 54 5 0
0 21 44 49 26 46 22 18 42 16 58 37 57 27 47 9 2 56 5 54 13 7 10 40 48 39 8 53 43 31 35 32 23 19 1 24 41 3 52 34 45 4 50 38 29 51 33 30 6 36 12 14 28 59 20 55 11 15 17 25 0
0 51 18 31 53 12 45 7 5 8 6 3 43 14 40 27 9 23 28 47 1 2 34 41 36 22 52 30 15 56 46 26 55 13 19 49 4 37 20 21 59 48 33 39 57 35 17 54 29 42 11 24 16 44 58 50 32 10 25 38 0
0 40 33 43 35 14 58 4 38 44 49 55 22 21 45 26 20 37 16 36 34 24 23 1 53 47 13 42 17 6 41 48 9 59 50 57 52 12 11 3 51 28 29 19 32 15 39 27 5 56 31 25 2 46 18 7 8 10 30 54 0
0 48 16 33 21 9 23 43 6 2 26 24 29 36 47 22 30 3 57 35 39 49 46 8 12 20 25 18 11 10 44 59 27 50 38 37 7 5 17 42 53 32 1 15 54 40 45 14 51 41 52 28 55 4 19 34 58 13 56 31 0
0 18 15 24 1 2 38 37 9 14 58 59 52 20 22 47 44 21 49 7 35 30 54 48 3 12 43 50 26 10 42 31 25 56 16 27 28 57 13 5 45 23 11 32 33 8 34 19 40 39 4 55 6 29 17 41 46 53 51 36 0
0 53 34 47 18 24 40 1 27 43 36 56 57 25 19 59 49 41 14 12 58 9 8 16 54 29 10 28 21 51 33 7 38 17 46 2 39 23 13 11 42 26 4 31 6 5 44 35 3 15 32 52 22 37 48 55 50 20 45 30 0
0 34 50 6 37 40 49 54 18 53 30 28 3 25 31 56 13 26 43 10 39 35 8 2 38 51 46 45 17 22 48 57 59 52 15 21 27 4 5 32 20 24 9 12 33 42 58 47 7 36 23 44 19 1 29 11 55 16 14 41 0
0 50 58 8 54 53 2 9 42 6 32 23 28 7 26 38 40 10 48 51 16 12 33 55 5 24 11 47 29 22 30 17 59 43 35 36 19 45 31 44 41 13 25 34 56 46 18 37 49 57 14 3 15 39 4 21 20 1 52 27 0
0 10 23 42 50 22 29 4 28 57 48 9 53 8 56 55 32 14 58 39 31 11 30 44 7 12 36 13 21 25 27 5 19 24 26 51 15 59 18 54 2 6 45 41 40 37 33 38 34 52 16 47 17 35 43 20 1 46 49 3 0
0 31 13 24 49 6 25 17 12 44 29 26 19 45 4 21 57 59 38 28 2 42 35 47 58 9 51 41 53 56 23 27 5 55 32 18 54 15 34 52 10 36 39 50 11 7 20 33 48 46 22 37 3 43 1 8 16 14 30 40 0
0 23 32 57 40 52 49 9 33 51 14 36 5 15 25 43 47 41 29 53 2 30 17 6 34 22 4 58 31 21 45 12 28 19 18 35 54 11 24 38 13 10 20 1 3 37 16 42 48 7 56 44 39 27 50 8 59 46 55 26 0
0 26 28 30 53 42 19 58 15 38 7 41 29 31 50 33 2 51 16 14 23 24 3 34 21 43 44 20 59 8 37 39 4 45 52 18 6 13 22 25 1 57 9 17 12 5 55 36 47 46 54 49 35 27 48 10 56 11 40 32 0
0 30 22 4 29 9 2 7 34 32 12 54 26 57 21 42 16 37 33 44 14 38 6 39 15 49 18 52 13 55 8 50 53 56 19 31 23 40 5 58 35 17 48 43 47 27 25 28 1 41 10 51 24 46 11 20 59 36 45 3 0
0 52 19 36 15 30 2 53 35 18 4 23 10 39 48 26 47 8 37 50 41 44 49 59 38 46 14 3 13 56 57 16 5 25 42 6 40 29 20 32 43 28 45 11 21 55 22 31 24 9 58 33 1 12 54 7 51 27 17 34 0
0 47 21 43 6 34 55 18 11 40 41 58 25 28 53 3 9 4 59 44 29 56 48 54 12 5 14 7 2 52 20 50 17 37 33 19 8 39 35 32 22 16 38 26 10 36 1 46 31 15 49 30 57 23 27 42 45 51 24 13 0
0 15 7 38 35 37 21 2 22 51 24 6 14 52 56 49 53 30 4 18 41 10 59 58 43 44 31 48 50 40 12 39 32 54 3 19 1 13 36 20 23 47 25 28 5 57 42 29 55 33 46 8 17 26 16 34 9 27 45 11 0
0 1 7 40 51 19 37 58 42 9 30 21 49 43 52 3 45 18 24 15 50 2 59 27 5 12 29 44 8 14 57 33 25 55 35 34 22 16 4 53 48 56 28 17 38 13 31 36 20 11 10 47 26 32 41 6 46 23 39 54 0
0 37 45 36 46 42 15 3 5 47 55 6 52 4 28 25 35 12 51 38 2 31 11 33 30 40 43 29 8 20 1 34 16 24 49 10 22 58 21 54 27 13 18 57 56 48 59 23 9 19 41 14 53 17 26 39 32 44 50 7 0
0 33 9 38 13 44 58 43 45 15 24 42 14 48 35 19 1 22 29 46 28 25 8 2 20 4 18 31 41 27 55 50 37 39 59 21 11 3 23 12 6 32 26 40 56 30 47 34 17 10 53 7 16 51 36 5 54 49 52 57 0
0 15 52 18 33 29 46 45 16 9 27 2 35 34 54 5 57 13 8 55 38 47 36 43 6 24 28 31 19 59 23 58 11 39 3 41 7 21 1 32 53 56 30 48 10 44 22 20 25 49 37 40 14 42 50 12 17 51 26 4 0
0 58 3 33 11 19 27 7 53 15 36 45 1 22 57 42 28 18 20 35 43 6 47 12 46 23 26 50 9 24 29 31 44 55 59 40 13 39 10 41 5 2 49 30 34 56 48 21 32 52 16 54 14 51 38 17 25 8 4 37 0
0 9 1 18 57 51 2 20 32 47 30 59 48 16 26 37 24 33 40 19 56 14 35 13 22 21 10 25 28 27 55 6 41 31 52 43 39 8 36 42 44 15 5 53 12 3 38 4 34 29 46 49 45 23 17 7 50 11 58 54 0
0 3 21 33 57 12 41 23 19 43 46 51 37 58 29 1 4 18 40 44 25 34 8 48 54 17 53 7 52 32 50 56 20 45 24 28 30 2 5 9 15 26 31 35 6 13 22 55 47 39 14 36 59 11 42 27 10 49 38 16 0
0 10 33 13 29 35 28 34 46 9 22 7 18 30 25 51 32 26 5 1 17 27 31 41 36 49 24 48 4 53 50 59 19 57 37 15 40 11 14 20 39 2 43 47 45 55 52 12 6 44 3 21 42 16 54 23 58 38 8 56 0
0 56 23 36 35 6 54 25 32 16 18 45 50 13 39 31 30 29 7 44 17 41 37 12 59 47 11 8 52 38 20 33 27 24 49 58 43 34 53 9 48 46 22 15 2 57 55 51 3 40 5 42 26 21 10 1 19 14 28 4 0
0 22 51 25 9 31 48 42 38 50 21 15 52 36 19 27 5 3 58 34 29 49 4 43 55 35 44 23 20 37 45 40 7 41 32 16 10 47 13 18 14 57 17 6 8 46 56 24 28 1 39 33 59 11 30 12 53 26 54 2 0
0 54 44 49 7 12 5 57 29 2 40 59 32 53 24 43 11 20 58 22 33 15 39 52 34 4 25 3 9 50 18 51 47 10 23 42 46 27 16 14 17 13 19 41 6 31 48 21 37 35 28 38 55 1 30 36 56 26 45 8 0
0 27 28 12 7 22 24 9 10 19 53 30 39 50 11 36 16 59 44 6 41 1 2 17 52 32 46 55 15 3 23 26 45 5 14 48 47 8 58 51 40 29 20 56 34 37 18 49 33 4 57 54 25 42 43 13 35 38 31 21 0
0 24 9 53 34 4 46 26 52 39 28 5 43 27 54 19 36 59 35 29 18 38 15 44 49 37 50 7 41 48 22 16 11 32 6 42 2 33 1 30 57 21 12 58 8 56 10 25 17 51 13 20 23 47 55 40 45 3 31 14 0
0 19 39 5 28 45 57 9 11 22 7 8 18 12 35 49 3 29 51 33 26 59 34 27 38 25 6 30 15 42 47 16 20 58 40 41 17 44 48 43 36 1 31 23 10 56 21 46 50 37 24 2 55 52 4 54 32 14 13 53 0
0 40 23 34 20 6 43 22 31 51 8 35 10 33 42 13 9 57 17 29 15 50 19 27 59 38 7 55 25 24 26 28 32 14 3 54 5 41 21 56 18 11 1 39 4 52 30 49 2 12 36 46 16 45 44 48 47 53 58 37 0
0 45 25 7 57 19 32 49 21 39 38 52 50 10 24 1 40 13 51 8 46 6 4 14 53 26 47 23 33 11 22 18 59 55 43 44 56 34 5 29 16 17 58 30 37 31 42 12 28 48 41 3 54 2 36 9 20 15 27 35 0
0 30 18 12 45 48 58 51 40 46 8 24 22 6 56 37 1 47 26 19 44 11 17 28 25 7 54 13 29 42 34 14 41 20 57 59 36 31 2 33 43 21 35 52 39 38 10 4 27 53 49 3 23 5 50 55 32 9 16 15 0
0 48 43 28 23 39 59 55 1 40 34 42 12 37 35 57 14 52 20 38 9 5 10 18 32 17 33 49 7 29 3 19 56 31 36 26 50 46 13 21 15 11 6 4 47 25 30 54 44 2 53 51 16 24 45 22 27 58 41 8 0
0 9 27 43 41 7 19 8 51 40 23 53 14 1 25 6 45 39 56 59 35 29 32 33 49 2 46 30 13 37 17 38 24 15 42 10 50 57 21 20 36 4 18 11 28 44 34 52 54 26 12 58 31 47 48 55 3 22 5 16 0
0 59 44 57 8 34 9 48 58 40 21 33 53 24 14 31 32 38 10 47 4 28 45 49 52 23 19 2 3 29 22 42 13 5 56 35 50 43 6 30 41 46 17 25 20 1 15 18 37 26 39 27 51 12 16 54 36 7 11 55 0
0 35 45 18 31 14 16 50 47 1 57 15 56 43 59 37 17 53 5 52 36 21 27 34 55 49 42 6 19 44 2 48 24 30 39 58 7 12 8 46 41 23 20 3 11 29 32 26 33 22 4 9 13 25 10 40 51 38 28 54 0
0 42 58 11 2 3 1 47 29 38 46 37 43 20 4 49 55 25 51 27 8 6 9 50 22 34 26 33 54 32 18 21 17 15 24 10 59 16 48 30 45 14 44 7 57 5 12 23 31 52 13 28 53 19 41 56 40 35 36 39 0
0 15 56 41 50 58 17 33 48 5 54 25 4 28 22 36 9 46 16 1 21 38 42 52 55 47 29 39 10 59 34 31 44 12 49 26 45 20 13 43 30 7 23 32 11 24 51 57 53 27 19 18 8 6 3 37 35 40 14 2 0
0 16 35 19 37 15 48 9 1 11 20 49 55 10 45 21 22 36 53 14 34 47 33 39 46 31 50 38 59 42 32 3 40 44 43 18 4 7 27 52 2 57 41 23 17 26 54 25 30 12 56 8 5 6 58 29 24 51 28 13 0
0 15 39 6 38 57 18 22 27 55 31 13 37 25 33 35 17 24 5 19 14 44 20 45 29 51 47 23 4 43 8 49 1 41 53 52 11 7 26 34 10 36 50 42 12 58 2 21 59 48 28 40 3 9 54 46 16 32 56 30 0
0 35 44 8 27 17 51 20 52 56 21 45 42 31 39 28 36 10 4 46 34 58 23 54 9 40 19 32 38 29 14 43 16 47 18 37 22 15 13 50 59 6 7 1 33 5 25 2 48 53 55 57 41 3 49 30 12 24 26 11 0
0 25 7 48 44 39 5 31 24 30 21 42 2 49 50 45 19 59 16 4 56 15 26 17 52 38 14 6 3 22 51 11 33 1 27 34 55 40 43 8 47 41 35 54 23 37 13 29 9 53 46 36 28 20 32 57 18 12 10 58 0
0 20 32 33 47 30 44 34 25 13 38 11 53 23 5 2 7 42 19 29 56 36 21 14 48 41 37 57 15 27 8 39 50 49 10 55 35 24 12 54 3 40 26 17 59 4 9 52 22 58 46 43 6 1 45 16 28 18 51 31 0
0 15 21 35 17 18 5 58 51 47 8 57 37 13 11 23 25 6 19 14 39 32 30 36 55 38 59 31 40 52 12 4 22 56 10 49 43 50 42 28 48 7 1 53 46 27 41 33 2 9 24 20 3 34 44 29 16 54 45 26 0
0 36 34 2 22 49 32 51 38 18 8 52 6 21 5 47 31 50 28 42 59 7 48 23 30 55 27 19 33 1 56 57 24 14 35 25 26 46 39 12 15 17 58 13 43 20 9 37 53 11 4 3 10 29 16 40 54 41 44 45 0
0 18 33 26 31 58 44 53 36 40 43 50 7 49 35 16 6 39 56 37 20 47 19 3 24 55 42 5 38 8 1 28 12 45 13 51 2 4 41 9 54 48 15 29 14 30 34 11 32 52 23 22 59 17 10 25 21 27 57 46 0
0 25 7 11 24 48 42 54 8 6 9 2 27 59 29 41 46 22 31 28 35 30 1 58 14 15 37 45 34 16 53 5 4 3 13 56 40 49 51 57 20 39 38 19 50 55 52 12 17 18 21 26 44 23 10 47 36 33 32 43 0
0 3 43 25 24 15 9 33 45 13 44 51 5 7 28 37 47 30 32 59 17 26 41 4 8 23 20 50 38 34 29 35 18 57 2 49 1 52 16 55 10 39 53 40 58 6 36 19 56 12 42 54 21 11 27 14 31 48 22 46 0
0 52 49 6 56 16 3 43 12 15 47 54 35 13 46 2 18 37 29 39 42 8 51 1 41 45 31 14 5 22 53 38 50 17 7 32 48 36 28 9 58 44 59 4 25 55 26 19 33 20 40 30 11 10 23 34 27 24 21 57 0
0 14 37 35 16 31 9 53 44 8 13 40 28 47 32 15 43 17 41 29 24 52 25 36 7 3 45 27 1 26 34 6 54 39 4 2 51 46 20 18 22 42 21 12 56 58 10 30 50 48 11 23 38 57 33 59 55 49 19 5 0
0 27 13 5 54 58 26 23 36 38 56 6 7 25 34 52 17 16 47 22 44 28 40 3 42 32 12 1 8 29 49 59 46 37 55 53 18 45 19 15 10 31 50 57 39 41 24 20 2 21 33 11 43 14 51 4 35 48 30 9 0
0 50 35 36 47 1 21 25 32 46 45 10 16 9 22 7 6 59 49 19 3 24 44 43 56 33 15 29 27 58 12 20 18 2 39 37 38 51 28 55 48 41 14 30 5 23 42 8 54 13 11 4 31 34 52 53 57 40 26 17 0
0 35 36 28 8 48 4 30 6 12 42 41 24 23 16 44 45 47 32 31 34 46 56 17 55 19 1 5 26 38 3 50 15 9 21 2 22 51 11 54 33 52 49 43 29 57 53 7 58 20 59 37 27 14 25 13 10 18 39 40 0
0 57 9 14 11 39 35 34 2 46 21 43 52 28 31 3 38 53 42 5 56 37 40 19 12 16 6 58 48 44 10 18 13 32 1 55 25 27 4 20 29 47 26 59 41 23 17 33 7 22 50 8 49 45 36 24 15 54 30 51 0
0 57 13 53 42 46 34 55 20 10 24 52 9 1 36 16 32 43 15 6 3 35 30 2 39 22 59 12 17 49 29 14 11 8 18 21 48 31 54 4 25 47 37 28 51 45 19 38 40 27 7 56 58 33 44 23 50 26 41 5 0
0 12 41 28 11 15 54 24 52 33 59 23 34 57 37 58 50 29 39 56 51 55 44 2 25 21 14 30 26 53 6 7 36 47 45 32 17 9 27 8 49 16 5 31 40 10 38 20 19 13 46 1 4 43 35 48 18 22 42 3 0
0 26 28 13 4 24 20 8 18 41 16 25 48 44 40 7 46 54 5 37 47 55 15 43 52 19 45 59 39 12 56 23 38 1 58 10 36 57 35 14 33 34 31 32 27 17 49 42 2 3 6 29 51 30 50 11 22 9 21 53 0
0 28 3 39 36 18 29 12 24 11 16 5 21 35 10 45 38 14 55 42 25 51 59 32 44 58 4 52 19 48 56 46 31 15 40 13 50 30 57 17 49 26 54 20 53 41 8 43 1 37 27 23 7 34 9 22 6 2 33 47 0
0 5 58 10 53 2 11 18 19 21 44 24 59 16 23 46 43 52 40 42 37 55 9 49 1 48 22 36 17 50 54 26 30 38 14 27 25 35 12 28 8 4 29 6 15 41 33 20 45 32 13 51 31 47 57 56 34 7 39 3 0
0 12 24 55 51 14 11 53 40 39 15 9 59 10 16 20 34 17 5 35 31 6 49 22 46 52 48 19 43 38 1 2 29 47 13 54 8 30 45 25 57 44 26 41 7 56 37 27 21 18 3 33 36 50 28 23 58 4 32 42 0
0 10 21 11 26 50 27 6 8 45 7 22 47 1 29 9 58 40 39 17 44 32 14 15 54 12 48 5 57 2 13 37 43 23 35 16 36 28 41 46 24 34 59 18 49 33 20 30 19 56 55 31 53 25 4 3 42 51 52 38 0
0 55 15 4 21 3 8 46 48 17 33 14 54 52 27 19 28 39 37 40 12 23 50 30 58 25 20 13 5 1 32 24 16 53 41 2 6 29 22 47 45 36 31 34 59 57 49 26 10 56 9 42 38 43 18 11 44 35 7 51 0
0 54 22 35 42 46 15 57 29 48 2 18 45 26 43 37 40 30 4 7 41 52 8 38 59 11 3 10 53 6 20 31 44 55 56 50 14 5 13 19 1 36 39 33 12 47 32 51 49 58 23 21 27 24 25 9 28 17 34 16 0
0 15 10 46 52 39 33 44 19 41 26 42 14 18 50 5 22 6 54 16 9 53 17 1 59 48 34 12 31 37 57 13 20 23 7 4 32 25 58 40 21 30 3 49 56 38 2 45 27 28 55 11 8 35 36 24 47 51 29 43 0
0 34 5 21 10 54 59 39 11 23 47 13 41 40 35 48 46 2 52 58 29 27 56 17 22 4 30 32 44 53 50 15 31 42 57 43 55 3 51 37 24 49 38 26 19 16 20 6 14 12 36 28 8 33 45 1 7 25 9 18 0
0 7 29 26 15 22 52 14 50 48 51 35 18 30 24 37 32 1 44 49 17 47 57 59 28 58 20 10 5 53 42 9 16 33 40 38 31 56 8 3 54 27 6 34 23 11 12 45 43 21 25 36 13 2 4 55 46 19 41 39 0
0 40 56 54 21 5 7 11 52 39 33 43 19 53 51 26 58 57 22 20 27 1 2 28 46 41 25 42 6 30 32 48 45 49 3 50 35 37 34 23 55 4 47 15 16 17 44 38 13 59 9 18 36 31 10 14 12 24 29 8 0
0 44 27 6 22 15 51 5 17 58 54 36 12 21 7 45 46 1 29 16 49 3 50 59 9 10 18 39 41 33 42 28 52 57 19 30 53 13 25 14 56 48 23 20 8 35 24 38 55 31 32 2 43 11 34 40 47 4 26 37 0
0 16 30 55 39 44 7 11 28 20 24 21 43 26 48 46 8 22 4 27 17 14 49 2 23 54 25 40 1 6 42 51 59 50 13 35 34 18 41 57 45 31 10 5 3 47 37 36 38 9 52 56 19 58 32 29 53 33 15 12 0
