# n n_solutions
40 1000
# n x n distance matrix
0 5608 7299 4788 6592 4517 2280 4004 2009 6747 5882 2420 6530 5000 8300 8347 3046 3138 6420 4518 2109 3962 3894 8340 5860 3811 1700 2308 4825 5161 7310 3996 7484 7305 5382 2332 5800 4509 3330 4301
5608 0 10666 9773 8781 9152 6198 7648 5375 9106 10677 5000 8595 5679 12777 8039 5805 3889 6402 1612 3517 6931 9392 7710 10706 9404 6171 6296 5818 4301 5800 2325 11599 8579 4341 4188 8886 1280 3195 1697
7299 10666 0 9962 2404 3324 9419 3352 9305 2061 3255 5948 2624 5280 3101 5907 5011 6824 5515 10530 8102 3807 5738 6328 3396 7373 5629 5096 5044 6841 7244 10375 1726 3612 6940 6799 1780 9420 10101 8980
4788 9773 9962 0 10272 6640 3601 7462 4410 10295 7144 7080 10292 9567 9400 12800 7427 7925 10970 8309 6640 7902 4275 12872 7034 2630 5800 6365 9343 9932 12043 7602 9291 11322 10154 7119 9078 8926 6700 8832
6592 8781 2404 10272 0 4060 8864 2817 8547 360 4810 4617 223 3140 5433 3622 3701 5154 3129 8919 6774 2630 6435 4001 4939 7902 4924 4295 2968 4675 4846 8902 4019 1360 4738 5375 1389 7602 8811 7155
4517 9152 3324 6640 4060 0 6378 1900 6425 3962 1526 4167 4161 5100 3801 7392 3511 5366 6100 8558 5939 2801 2469 7655 1565 4071 3114 2860 4800 6378 7731 8213 3008 5353 6562 4964 2690 7877 7720 7494
2280 6198 9419 3601 8864 6378 0 6212 824 9008 7539 4606 8806 7169 10008 10530 5314 5032 8575 4709 3360 6236 4964 10484 7484 4060 3945 4570 7023 7076 9276 4001 9386 9581 7286 4280 8014 5442 3100 5412
4004 7648 3352 7462 2817 1900 6212 0 6013 2879 3298 2701 2830 3200 5140 5693 1843 3763 4244 7300 4788 905 3827 5903 3373 5162 2308 1746 2900 4512 5842 7083 3962 3894 4687 3560 1802 6370 6762 5953
2009 5375 9305 4410 8547 6425 824 6013 0 8720 7694 4110 8471 6621 10151 9972 4903 4382 8006 3901 2617 5921 5307 9897 7653 4614 3705 4300 6500 6403 8605 3201 9424 9167 6606 3671 7805 4623 2308 4606
6747 9106 2061 10295 360 3962 9008 2879 8720 0 4609 4850 583 3482 5115 3905 3920 5442 3488 9211 7021 2801 6378 4301 4742 7881 5063 4440 3301 5024 5200 9176 3705 1612 5091 5629 1272 7917 9060 7470
5882 10677 3255 7144 4810 1526 7539 3298 7694 4609 0 5693 4964 6449 2469 8367 5015 6888 7306 10056 7432 4197 2900 8688 141 4517 4601 4382 6152 7810 9000 9687 2158 6168 7982 6489 3448 9403 9154 9020
2420 5000 5948 7080 4617 4167 4606 2701 4110 4850 5693 0 4504 2580 7789 5936 948 1236 4000 4604 2184 2154 4900 5920 5730 5536 1513 1360 2418 2915 4964 4428 6660 5080 3138 860 4215 3720 4220 3328
6530 8595 2624 10292 223 4161 8806 2830 8471 583 4964 4504 0 2941 5643 3436 3601 5000 2906 8759 6648 2570 6506 3805 5092 7951 4876 4244 2778 4468 4623 8755 4229 1208 4527 5246 1523 7424 8682 6977
5000 5679 5280 9567 3140 5100 7169 3200 6621 3482 6449 2580 2941 0 7930 3361 2163 2418 1421 6001 4295 2302 6735 3341 6537 7741 3780 3275 300 1562 2692 6113 6574 2961 1664 2973 3584 4554 6220 4110
8300 12777 3101 9400 5433 3801 10008 5140 10151 5115 2469 7789 5643 7930 0 9002 6981 8901 8440 12310 9708 5936 5277 9413 2529 6818 6902 6579 7655 9437 10186 11997 1414 6702 9575 8631 4396 11497 11520 11088
8347 8039 5907 12800 3622 7392 10530 5693 9972 3905 8367 5936 3436 3361 9002 0 5390 5664 1969 8819 7561 5000 9518 500 8489 10761 7009 6435 3522 3931 2376 9093 7600 2300 3811 6307 4924 7202 9362 6811
3046 5805 5011 7427 3701 3511 5314 1843 4903 3920 5015 948 3601 2163 6981 5390 0 1920 3546 5522 3132 1208 4687 5445 5069 5590 1627 1118 1920 3006 4792 5371 5798 4272 3214 1788 3269 4527 5166 4110
3138 3889 6824 7925 5154 5366 5032 3763 4382 5442 6888 1236 5000 2418 8901 5664 1920 0 3700 3769 1897 3047 6106 5546 6931 6628 2701 2596 2400 2051 4244 3765 7710 5308 2267 806 5047 2617 3805 2193
6420 6402 5515 10970 3129 6100 8575 4244 8006 3488 7306 4000 2906 1421 8440 1969 3546 3700 0 7002 5597 3417 7970 1920 7410 9073 5173 4640 1627 2121 1746 7217 7034 2343 2061 4338 4060 5433 7433 5015
4518 1612 10530 8309 8919 8558 4709 7300 3901 9211 10056 4604 8759 6001 12310 8819 5522 3769 7002 0 2624 6723 8407 8558 10064 8200 5455 5731 6063 4901 6768 728 11244 8962 5008 3744 8770 1649 1627 2009
2109 3517 8102 6640 6774 5939 3360 4788 2617 7021 7432 2184 6648 4295 9708 7561 3132 1897 5597 2624 0 4332 5887 7432 7440 5920 2831 3140 4242 3827 6021 2302 8683 7106 4022 1403 6390 2402 2039 2220
3962 6931 3807 7902 2630 2801 6236 905 5921 2801 4197 2154 2570 2302 5936 5000 1208 3047 3417 6723 4332 0 4561 5162 4275 5762 2308 1676 2002 3613 4964 6579 4686 3448 3785 2996 2061 5663 6360 5234
3894 9392 5738 4275 6435 2469 4964 3827 5307 6378 2900 4900 6506 6735 5277 9518 4687 6106 7970 8407 5887 4561 0 9712 2801 1649 3405 3622 6451 7679 9425 7889 5024 7657 7891 5445 5108 8200 7184 7907
8340 7710 6328 12872 4001 7655 10484 5903 9897 4301 8688 5920 3805 3341 9413 500 5445 5546 1920 8558 7432 5162 9712 0 8807 10904 7072 6519 3538 3710 1964 8864 8005 2716 3569 6226 5261 6926 9176 6549
5860 10706 3396 7034 4939 1565 7484 3373 7653 4742 141 5730 5092 6537 2529 8489 5069 6931 7410 10065 7440 4275 2801 8807 0 4410 4609 4410 6239 7885 9100 9687 2280 6296 8060 6519 3573 9433 9143 9055
3811 9404 7373 2630 7902 4071 4060 5162 4614 7881 4517 5536 7951 7741 6818 10761 5590 6628 9073 8200 5920 5762 1649 10904 4410 0 4049 4472 7479 8443 10378 7589 6661 9055 8664 5869 6628 8320 6777 8102
1700 6171 5629 5800 4924 3114 3945 2308 3705 5063 4601 1513 4876 3780 6902 7009 1627 2701 5173 5455 2831 2308 3405 7072 4609 4049 0 632 3546 4396 6352 5099 5953 5727 4617 2061 4101 4924 4632 4588
2308 6296 5096 6365 4295 2860 4570 1746 4300 4440 4382 1360 4244 3275 6579 6435 1118 2596 4640 5731 3140 1676 3622 6519 4410 4472 632 0 3023 4060 5909 5440 5547 5099 4275 2109 3512 5024 5053 4652
4825 5818 5044 9343 2968 4800 7023 2900 6500 3301 6152 2418 2778 300 7655 3522 1920 2400 1627 6063 4242 2002 6451 3538 6239 7479 3546 3023 0 1802 2983 6140 6306 2915 1923 2886 3328 4661 6203 4215
5161 4301 6841 9932 4675 6378 7076 4512 6403 5024 7810 2915 4468 1562 9437 3931 3006 2051 2121 4901 3827 3613 7679 3710 7885 8443 4396 4060 1802 0 2202 5162 8100 4295 223 2842 5130 3313 5470 2901
7310 5800 7244 12043 4846 7731 9276 5842 8605 5200 9000 4964 4623 2692 10186 2376 4792 4244 1746 6768 6021 4964 9425 1964 9100 10378 6352 5909 2983 2202 0 7147 8780 3883 2000 5020 5805 5119 7564 4780
3996 2325 10375 7602 8902 8213 4001 7083 3201 9176 9687 4428 8755 6113 11997 9093 5371 3765 7217 728 2302 6579 7889 8864 9687 7589 5099 5440 6140 5162 7147 0 10985 9055 5295 3584 8640 2109 905 2376
7484 11599 1726 9291 4019 3008 9386 3962 9424 3705 2158 6660 4229 6574 1414 7600 5798 7710 7034 11244 8683 4686 5024 8005 2280 6661 5953 5547 6306 8100 8780 10985 0 5300 8229 7516 3008 10324 10581 9903
7305 8579 3612 11322 1360 5353 9581 3894 9167 1612 6168 5080 1208 2961 6702 2300 4272 5308 2343 8962 7106 3448 7657 2716 6296 9055 5727 5099 2915 4295 3883 9055 5300 0 4294 5714 2731 7500 9100 7060
5382 4341 6940 10154 4738 6562 7286 4687 6606 5091 7982 3138 4527 1664 9575 3811 3214 2267 2061 5008 4022 3785 7891 3569 8060 8664 4617 4275 1923 223 2000 5295 8229 4294 0 3061 5247 3401 5630 3001
2332 4188 6799 7119 5375 4964 4280 3560 3671 5629 6489 860 5246 2973 8631 6307 1788 806 4338 3744 1403 2996 5445 6226 6519 5869 2061 2109 2886 2842 5020 3584 7516 5714 3061 0 5056 2915 3436 2549
5800 8886 1780 9078 1389 2690 8014 1802 7805 1272 3448 4215 1523 3584 4396 4924 3269 5047 4060 8770 6390 2061 5108 5261 3573 6628 4101 3512 3328 5130 5805 8640 3008 2731 5247 5056 0 7640 8411 7200
4509 1280 9420 8926 7602 7877 5442 6370 4623 7917 9403 3720 7424 4554 11497 7202 4527 2617 5433 1649 2402 5663 8200 6926 9433 8320 4924 5024 4661 3313 5119 2109 10324 7500 3401 2915 7640 0 2758 447
3330 3195 10101 6700 8811 7720 3100 6762 2308 9060 9154 4220 8682 6220 11520 9362 5166 3805 7433 1627 2039 6360 7184 9176 9143 6777 4632 5053 6203 5470 7564 905 10581 9100 5630 3436 8411 2758 0 2920
4301 1697 8980 8832 7155 7494 5412 5953 4606 7470 9020 3328 6977 4110 11088 6811 4110 2193 5015 2009 2220 5234 7907 6549 9055 8102 4588 4652 4215 2901 4780 2376 9903 7060 3001 2549 7200 447 2920 0
# set of given starting solutions
0 18 23 31 27 17 39 28 21 1 30 34 9 29 15 19 32 10 8 24 22 6 14 38 25 37 36 3 4 16 33 26 5 11 20 2 12 7 35 13 0
0 1 38 5 18 19 28 21 24 39 34 16 33 29 25 17 15 8 32 9 35 2 7 26 36 3 10 30 4 31 13 11 20 12 23 6 22 14 37 27 0
0 6 14 23 9 5 17 2 37 11 34 39 12 29 18 35 24 15 28 31 13 27 30 32 4 8 21 1 16 22 7 20 3 19 26 10 36 38 33 25 0
0 4 31 7 26 13 10 16 8 6 35 15 9 37 25 18 23 27 30 22 36 17 1 29 21 19 28 32 12 14 39 20 3 11 33 24 38 34 5 2 0
0 15 28 23 36 29 10 19 7 39 14 33 31 1 2 35 16 24 27 6 17 26 32 12 9 18 22 34 13 30 25 3 11 20 21 5 37 8 38 4 0
0 2 15 9 8 10 4 24 33 12 35 32 30 19 39 27 25 37 31 11 20 21 18 16 36 26 7 38 3 1 22 5 28 13 29 34 6 17 14 23 0
0 15 26 24 18 28 11 34 38 31 9 19 6 23 8 33 39 35 29 4 22 10 2 21 14 27 37 7 17 5 30 25 16 32 3 1 13 12 36 20 0
0 8 33 4 20 9 3 14 12 11 37 24 36 34 21 10 25 27 35 31 17 13 15 32 6 19 38 23 2 29 22 28 26 30 5 1 18 16 39 7 0
0 1 8 30 39 14 12 26 28 24 13 23 4 32 16 33 19 5 2 9 37 17 7 6 35 15 10 11 20 34 38 29 31 36 25 27 3 21 18 22 0
0 1 9 7 11 16 30 22 24 13 26 2 10 6 19 38 20 28 34 23 4 18 37 17 36 14 25 12 35 27 5 15 32 39 21 33 29 3 8 31 0
0 31 32 35 38 16 18 25 33 37 13 19 23 8 5 7 3 21 34 26 12 6 30 28 15 36 4 17 20 22 27 10 24 14 29 2 9 11 1 39 0
0 15 5 33 22 36 8 20 31 16 4 21 34 14 39 3 24 1 10 28 25 11 27 7 35 30 38 6 17 2 9 23 13 26 29 18 12 32 37 19 0
0 12 30 2 38 35 8 1 39 25 10 21 16 22 13 31 33 7 9 3 23 15 36 34 18 19 28 32 17 5 11 27 24 14 37 26 29 20 4 6 0
0 39 6 3 34 2 22 8 25 21 19 28 13 36 29 4 35 16 5 26 11 1 12 32 14 23 10 30 7 18 15 9 27 33 31 37 38 20 17 24 0
0 26 22 3 37 1 30 9 7 8 35 17 33 19 21 23 27 20 5 11 29 31 36 39 2 13 24 4 38 14 16 6 18 12 25 34 10 15 28 32 0
0 20 13 38 6 39 27 28 24 33 26 16 7 22 21 9 1 35 5 37 17 32 36 15 12 3 10 11 34 2 29 8 18 4 14 25 23 30 19 31 0
0 10 24 35 20 29 25 15 32 11 16 12 6 36 7 8 5 1 26 9 21 28 13 23 22 14 38 17 39 19 30 37 33 27 4 34 3 18 31 2 0
0 11 24 14 31 3 5 15 39 1 30 32 6 36 18 8 9 27 7 10 28 25 29 33 13 23 35 21 17 26 34 16 22 2 37 12 38 4 19 20 0
0 11 7 15 13 26 35 28 33 8 10 25 19 12 36 31 24 1 21 4 5 29 18 22 6 38 17 30 32 37 16 27 3 14 34 23 39 20 9 2 0
0 32 22 17 29 39 36 9 26 28 27 38 35 3 20 10 33 7 23 5 34 30 6 12 11 8 25 37 18 13 24 15 31 14 2 21 19 4 16 1 0
0 29 19 21 17 23 34 14 11 6 39 2 20 37 38 22 4 25 10 24 27 36 7 15 5 12 33 9 1 30 35 13 16 26 18 32 8 31 28 3 0
0 12 1 13 38 34 22 11 17 10 29 25 16 23 32 6 39 36 3 31 27 26 5 9 19 20 7 30 35 15 37 4 21 33 28 24 2 8 18 14 0
0 20 7 5 33 35 1 11 26 13 28 25 14 16 21 22 9 38 24 30 39 15 10 36 23 37 31 4 34 29 32 18 2 6 19 27 8 17 12 3 0
0 10 25 36 11 24 32 19 17 7 6 31 30 18 9 3 23 26 1 28 5 29 33 27 35 21 15 8 4 37 22 13 14 16 12 39 20 38 34 2 0
0 15 34 32 5 27 19 8 14 1 12 36 26 13 22 33 18 17 3 21 2 9 38 28 30 20 16 37 29 6 10 23 24 31 25 35 11 39 4 7 0
0 1 7 25 28 14 39 19 18 37 3 4 21 12 32 11 26 33 16 31 5 35 34 9 6 15 36 17 23 38 30 13 24 27 10 2 29 8 22 20 0
0 35 37 14 17 18 5 27 21 15 38 16 7 33 12 19 39 2 3 29 22 34 24 1 10 36 28 31 4 20 23 6 8 13 26 30 9 25 32 11 0
0 1 17 18 12 33 9 36 23 38 28 26 6 39 14 29 19 8 7 3 2 30 27 35 11 4 32 13 25 16 31 24 34 10 5 21 37 22 15 20 0
0 3 24 22 20 26 4 14 5 27 21 29 25 11 30 39 33 23 1 2 37 32 34 18 35 16 7 38 13 17 19 8 36 10 6 9 31 12 28 15 0
0 2 12 6 28 15 3 39 29 16 5 33 7 19 37 4 1 21 35 30 26 18 11 10 38 31 34 27 22 20 32 17 9 24 13 14 8 25 36 23 0
0 18 30 22 26 28 19 34 17 33 25 7 38 23 8 6 10 16 14 37 13 36 5 3 1 32 21 15 2 4 9 24 20 39 11 31 12 35 27 29 0
0 30 22 1 20 39 32 37 26 19 29 10 36 31 21 8 38 18 4 35 24 25 13 6 33 23 27 16 12 14 34 9 5 7 3 2 17 28 15 11 0
0 5 34 29 6 19 16 28 38 39 4 12 7 31 18 26 3 13 17 8 14 22 25 36 32 37 9 30 23 24 10 11 20 1 33 27 35 15 2 21 0
0 19 30 17 38 39 23 33 18 35 4 27 9 3 22 32 10 12 13 26 15 16 24 21 37 1 31 25 7 2 29 5 6 14 28 11 34 8 36 20 0
0 27 22 2 1 18 28 14 5 24 30 6 4 19 25 33 10 9 39 16 20 38 34 15 21 12 8 17 37 3 23 32 11 31 7 13 36 26 35 29 0
0 26 29 23 4 35 31 36 1 16 24 10 18 33 34 17 27 39 7 11 30 8 9 22 37 15 14 21 25 12 2 19 5 20 13 38 3 32 28 6 0
0 11 22 9 6 13 25 16 3 17 37 18 8 14 36 10 30 28 12 27 35 1 5 39 20 38 7 31 21 34 15 32 2 23 33 19 29 4 26 24 0
0 18 34 16 25 23 2 27 3 38 26 30 29 4 8 36 21 9 24 12 39 17 11 14 20 31 35 33 37 28 5 22 32 19 15 7 13 1 6 10 0
0 32 11 37 31 3 13 19 36 9 14 33 24 27 20 21 38 2 4 8 23 6 10 16 18 15 28 35 30 5 12 22 7 34 26 1 25 17 39 29 0
0 3 39 11 17 7 27 28 16 21 4 22 33 13 34 19 31 38 1 12 8 6 5 14 2 25 37 24 20 32 35 10 9 26 30 36 18 15 29 23 0
0 1 32 6 30 10 39 3 25 22 8 7 34 23 31 16 29 18 33 19 14 5 20 13 36 38 12 17 4 24 26 35 11 28 9 21 37 27 15 2 0
0 11 35 26 19 6 18 34 33 21 39 37 23 16 10 38 14 13 2 12 22 36 5 25 9 4 31 29 20 7 27 17 24 30 32 15 28 1 3 8 0
0 25 19 13 33 22 14 8 30 21 34 28 36 10 32 2 5 23 24 20 7 4 37 12 11 38 27 18 9 29 35 16 1 6 3 26 31 15 39 17 0
0 17 28 25 32 3 34 24 12 7 30 38 20 11 19 18 35 13 4 6 21 33 1 10 8 31 39 16 22 27 37 23 15 14 36 9 29 2 26 5 0
0 2 27 36 8 14 5 12 20 19 16 11 10 18 34 35 26 23 37 4 24 7 28 21 32 1 31 38 9 25 22 3 13 33 30 17 6 29 39 15 0
0 25 9 10 18 29 32 2 21 16 1 34 19 6 11 37 33 39 22 17 35 3 4 12 14 31 27 30 23 38 26 5 24 15 28 36 13 8 20 7 0
0 26 14 4 12 7 21 20 31 33 19 34 1 27 38 30 23 13 5 37 32 24 2 10 25 36 39 35 22 8 17 3 9 18 28 15 6 11 29 16 0
0 12 21 27 36 16 35 33 38 2 26 23 10 29 14 19 34 31 15 4 20 30 28 9 32 18 25 24 22 11 5 13 7 17 37 39 8 3 6 1 0
0 17 9 19 29 30 13 3 31 22 20 23 5 34 18 28 21 26 36 12 6 1 11 10 14 32 39 16 2 4 37 33 15 7 35 25 24 38 8 27 0
0 25 6 12 27 37 15 9 32 22 8 26 2 35 5 18 34 13 16 36 3 14 21 4 24 28 23 33 38 7 20 17 30 39 29 31 19 11 10 1 0
0 8 34 24 21 19 39 9 27 38 20 14 28 11 10 17 7 12 22 13 18 3 6 25 1 26 35 30 32 2 37 16 5 33 23 31 36 29 4 15 0
0 26 14 12 27 7 30 23 17 16 6 4 29 21 25 11 34 18 38 20 15 28 19 24 39 37 5 33 32 36 10 2 35 31 13 1 3 9 22 8 0
0 5 19 9 32 16 29 28 39 18 3 22 7 38 2 36 34 12 11 37 35 30 31 26 10 6 25 13 8 33 20 4 14 15 23 21 17 1 27 24 0
0 15 29 7 36 13 21 19 9 10 26 20 38 24 2 14 18 8 34 32 39 22 12 35 6 1 11 31 5 33 23 30 28 3 27 4 17 37 16 25 0
0 2 7 38 37 21 23 28 27 19 31 16 6 9 3 5 8 1 32 13 10 12 17 33 11 24 4 35 36 25 29 39 20 26 14 18 30 34 22 15 0
0 8 14 9 38 12 17 19 39 5 16 30 7 15 37 28 31 22 23 29 6 34 24 11 33 26 36 1 18 27 13 25 20 2 3 32 21 10 4 35 0
0 1 30 8 25 5 18 26 20 28 10 2 39 11 37 32 3 33 7 21 17 29 31 9 13 27 23 34 16 12 35 22 38 36 6 24 4 15 19 14 0
0 6 26 16 12 35 11 17 20 24 5 31 21 22 23 39 30 1 29 25 36 18 38 8 15 28 33 10 32 34 9 19 3 2 13 27 7 37 14 4 0
0 9 24 27 18 6 20 28 7 17 3 31 32 13 36 29 21 38 15 35 14 1 19 12 30 11 5 4 8 33 23 25 22 39 37 16 10 26 34 2 0
0 18 20 11 21 33 16 31 7 4 24 5 19 39 3 22 6 38 28 30 9 14 26 36 10 12 1 15 34 32 23 27 2 35 17 25 8 37 29 13 0
0 10 22 29 4 37 38 13 27 26 36 1 23 28 25 32 34 35 17 12 24 7 19 11 16 39 31 8 20 33 3 14 6 5 9 21 15 18 30 2 0
0 36 12 17 38 31 2 30 11 28 24 19 13 1 27 35 20 7 23 22 18 16 9 5 25 37 34 6 14 15 4 3 21 33 29 32 26 8 39 10 0
0 21 27 13 18 16 20 25 28 23 37 19 33 15 36 11 38 5 1 30 34 39 32 26 10 8 12 35 14 29 6 3 2 4 9 24 7 22 17 31 0
0 22 8 5 34 30 25 29 13 36 28 21 32 10 26 14 12 39 37 35 38 15 31 3 27 17 16 7 11 6 33 19 20 9 23 1 2 4 24 18 0
0 23 39 36 2 27 15 1 3 12 37 33 26 24 9 30 6 8 38 29 5 25 28 32 4 20 31 19 14 35 34 18 22 13 10 7 11 16 21 17 0
0 29 6 5 7 21 2 19 12 39 15 14 11 36 23 28 10 8 34 24 17 22 26 4 30 27 1 35 25 16 31 9 33 32 37 3 18 38 13 20 0
0 7 17 35 12 22 27 29 3 5 31 18 9 37 2 13 28 19 24 39 33 26 16 4 10 20 25 38 1 21 34 11 36 23 6 14 8 32 30 15 0
0 27 14 33 13 34 12 4 7 5 8 23 6 24 11 22 15 17 37 36 20 28 38 19 16 10 1 32 3 35 30 29 21 9 2 26 25 18 31 39 0
0 14 26 19 21 27 3 5 29 24 31 30 35 17 20 7 36 1 38 4 13 8 37 25 11 28 34 2 22 32 18 9 39 16 6 10 15 33 23 12 0
0 32 13 19 1 35 5 25 2 28 18 36 39 10 17 3 14 38 20 22 31 11 37 24 8 29 34 15 6 9 33 12 7 26 16 21 27 30 4 23 0
0 10 13 12 33 1 22 27 30 37 4 36 32 34 31 26 18 39 29 21 14 38 15 8 35 28 17 19 9 7 2 11 16 20 24 6 25 3 23 5 0
0 21 20 33 1 7 35 29 38 22 18 9 5 13 31 25 3 30 37 28 34 26 19 24 4 39 8 2 27 12 6 36 11 23 14 17 10 16 32 15 0
0 31 35 28 38 33 2 39 20 7 13 16 25 14 3 17 8 5 29 34 37 23 1 12 18 27 9 21 36 15 22 32 24 26 30 10 11 4 19 6 0
0 7 22 35 24 12 13 37 11 14 9 18 2 10 30 15 38 26 31 27 33 28 5 39 32 20 4 8 3 19 16 1 21 25 17 34 23 6 29 36 0
0 2 28 19 14 13 36 20 3 34 17 12 22 30 11 10 16 7 37 24 39 18 23 32 35 5 27 25 33 1 6 21 15 9 26 31 38 8 4 29 0
0 35 37 18 33 27 20 22 3 10 36 5 4 2 34 19 12 8 38 26 16 15 13 1 6 7 14 39 25 29 23 32 28 21 11 30 9 24 17 31 0
0 30 10 39 9 35 28 4 32 16 21 6 11 33 25 12 13 37 8 22 24 14 23 7 3 26 38 1 17 20 2 18 29 19 34 31 36 5 15 27 0
0 17 33 10 21 16 34 13 20 15 18 24 28 30 6 26 23 2 8 25 14 29 5 39 19 22 12 7 1 11 36 38 4 31 3 35 27 9 32 37 0
0 6 23 26 39 38 25 5 27 24 22 9 31 28 21 35 7 14 19 18 12 36 8 16 4 29 2 34 13 30 11 20 32 33 37 15 3 10 17 1 0
0 10 17 11 35 4 28 22 26 39 7 21 19 37 34 5 15 25 38 18 30 13 20 32 6 23 24 3 36 31 9 29 16 33 14 27 8 1 12 2 0
0 17 18 33 32 25 38 6 10 37 16 2 35 34 26 15 22 19 28 36 23 4 1 3 12 14 29 30 20 21 11 39 7 9 5 13 31 8 24 27 0
0 13 19 27 12 28 21 36 29 16 32 23 17 4 6 25 10 31 7 8 35 26 22 38 39 20 18 9 3 30 37 2 15 14 34 11 24 1 5 33 0
0 18 9 19 38 26 22 30 10 16 2 15 32 12 6 3 7 13 14 35 31 21 29 36 11 25 34 23 17 5 20 1 4 28 37 33 39 24 27 8 0
0 31 33 37 17 18 5 16 25 1 36 2 22 30 7 11 13 10 14 4 27 23 24 15 8 19 28 26 9 32 21 38 35 20 29 39 3 6 12 34 0
0 35 32 23 26 9 17 20 34 4 33 19 31 27 16 13 18 21 1 7 10 30 25 14 22 12 2 29 11 39 3 15 37 28 36 24 5 6 8 38 0
0 18 33 20 12 34 21 23 32 16 13 27 24 4 19 31 3 22 9 39 2 38 35 28 14 36 37 25 29 5 30 26 15 6 8 1 7 10 11 17 0
0 13 23 19 27 18 9 29 38 14 24 26 32 34 37 20 7 36 12 31 10 22 11 6 25 3 2 39 15 17 8 21 28 35 1 33 16 4 30 5 0
0 19 27 31 13 33 37 6 39 28 1 24 23 10 35 8 12 38 3 2 17 16 34 11 29 36 18 25 15 14 26 5 20 30 4 22 7 9 21 32 0
0 7 37 17 4 29 13 34 24 18 5 11 23 10 20 35 8 38 14 19 3 25 30 33 36 28 32 1 21 39 16 31 2 9 12 6 27 26 22 15 0
0 20 15 13 18 39 35 19 26 27 3 31 6 37 21 2 25 1 11 4 24 5 29 23 22 9 17 8 16 10 36 12 38 28 33 34 30 7 32 14 0
0 18 15 11 28 1 36 16 12 5 26 7 10 27 20 34 22 39 35 30 38 13 6 25 14 29 8 21 2 24 23 31 33 4 3 19 37 9 17 32 0
0 26 31 22 30 13 38 12 7 32 14 17 15 11 9 10 8 5 4 34 20 37 19 6 25 21 2 24 35 23 1 18 3 27 39 16 33 28 36 29 0
0 29 30 38 2 37 6 36 25 8 3 5 9 16 21 15 11 31 7 14 26 12 35 10 39 23 28 33 34 1 4 13 19 20 22 32 27 17 24 18 0
0 13 31 11 36 33 12 34 29 19 38 35 10 24 21 17 18 3 8 7 30 26 32 15 16 28 20 2 27 9 22 14 37 4 1 23 25 6 39 5 0
0 34 29 12 32 37 15 7 25 27 22 36 11 5 13 21 9 14 2 31 10 26 33 23 38 19 1 20 24 6 39 16 35 4 3 17 18 8 30 28 0
0 7 38 18 35 39 1 36 37 33 13 24 29 14 3 12 28 4 8 16 31 17 21 23 27 2 26 9 5 25 22 15 6 32 10 30 20 11 19 34 0
0 34 2 27 22 39 13 24 36 16 11 9 17 32 15 37 33 31 5 23 30 28 12 6 1 10 14 26 7 8 19 35 20 21 3 38 29 4 25 18 0
0 13 21 33 37 4 23 30 28 11 19 14 18 24 25 10 38 17 5 31 20 15 27 34 12 16 1 6 39 2 22 36 32 9 26 8 3 29 7 35 0
0 1 11 6 23 24 9 14 4 15 31 3 13 32 19 20 35 37 8 29 36 12 18 10 28 22 2 34 33 25 5 7 26 39 30 21 38 17 16 27 0
0 22 39 11 34 13 6 23 35 18 7 15 21 29 16 26 17 38 19 9 36 12 2 20 30 25 5 10 31 33 14 27 37 4 32 1 8 24 3 28 0
0 8 23 16 6 10 31 33 12 36 38 11 17 28 2 29 34 24 19 1 39 26 4 22 7 21 9 14 5 32 37 35 20 18 13 25 30 15 27 3 0
0 13 9 20 23 12 6 35 17 25 38 32 31 11 18 19 5 3 10 33 29 1 24 2 39 4 26 30 15 8 16 21 27 22 36 34 7 28 37 14 0
0 18 36 24 38 7 21 26 5 16 20 28 13 33 3 17 31 11 37 10 35 39 23 30 1 2 27 12 32 14 9 25 29 15 19 6 8 22 34 4 0
0 7 38 26 9 5 35 34 18 27 28 13 39 16 37 20 1 15 29 21 10 14 36 2 22 4 8 12 23 19 30 33 3 25 6 17 11 32 24 31 0
0 23 8 12 27 7 30 6 32 29 21 35 36 3 39 13 22 28 10 15 33 26 31 1 34 25 2 5 14 4 18 24 38 19 17 37 20 11 9 16 0
0 11 39 18 38 19 29 15 34 17 16 27 33 13 5 3 25 1 22 31 36 37 32 6 23 21 10 28 26 20 24 4 30 14 9 8 12 35 2 7 0
0 26 1 28 19 31 32 15 36 39 9 38 14 34 18 8 16 4 5 17 21 25 10 22 27 11 6 37 35 30 12 33 7 29 23 3 13 20 2 24 0
0 35 31 14 19 39 22 34 3 10 38 20 17 5 9 21 12 36 1 29 37 24 18 8 23 16 33 27 15 26 2 11 25 6 30 7 13 4 28 32 0
0 36 24 19 22 25 20 9 32 31 2 10 15 33 34 16 29 6 12 28 21 27 17 11 39 37 23 1 38 4 14 18 7 3 5 8 35 26 30 13 0
0 3 15 4 10 33 24 22 31 5 12 39 25 13 16 8 35 21 30 38 7 6 27 2 1 9 36 19 26 11 23 14 32 34 28 20 18 17 29 37 0
0 4 35 23 38 37 11 8 36 34 26 27 9 32 39 15 13 10 31 19 33 25 16 29 1 24 22 14 2 28 18 3 17 20 5 12 6 7 30 21 0
0 36 12 33 4 1 22 20 7 3 34 15 6 14 10 8 32 29 2 23 21 25 30 5 17 19 38 13 24 35 16 9 39 11 26 28 27 18 31 37 0
0 9 37 21 8 14 5 38 27 35 22 4 10 16 30 25 13 15 31 33 19 20 29 2 34 23 6 18 17 7 32 3 24 1 26 39 28 36 11 12 0
0 19 12 9 24 11 31 17 2 8 39 5 32 7 22 27 29 38 1 28 18 30 37 34 25 6 23 21 26 35 20 4 33 13 15 16 14 10 36 3 0
0 34 26 22 31 18 11 36 8 35 3 16 23 1 38 13 10 17 21 27 25 12 15 7 6 20 2 9 39 24 29 5 19 14 4 28 30 33 37 32 0
0 5 34 35 21 18 19 16 36 38 7 9 14 37 15 8 26 10 12 11 32 4 22 39 28 20 1 24 6 27 31 13 23 29 30 3 2 17 25 33 0
0 9 12 17 29 31 13 2 16 1 35 15 20 6 26 10 28 27 24 5 18 37 34 38 8 19 39 7 14 11 4 21 22 36 3 23 25 33 32 30 0
0 17 6 30 32 37 31 9 29 35 28 26 8 38 4 15 18 12 3 23 20 11 2 5 1 7 16 25 21 13 33 19 36 27 24 22 14 39 10 34 0
0 5 7 25 20 19 11 8 39 29 30 32 14 17 16 31 36 3 13 6 18 1 22 12 38 2 21 15 35 28 24 37 9 4 10 34 23 26 33 27 0
0 16 33 37 15 8 7 28 30 19 5 17 13 12 22 23 10 6 26 14 36 29 32 20 1 25 31 38 34 9 3 39 35 27 24 2 21 4 18 11 0
0 21 38 12 36 24 7 20 2 4 23 16 30 6 29 39 28 8 33 15 26 1 19 31 35 22 3 11 9 13 14 32 25 17 37 5 34 18 10 27 0
0 39 19 30 5 14 2 24 37 32 8 23 7 29 28 12 26 1 21 18 17 34 27 13 31 11 16 36 4 33 25 20 6 35 9 10 3 22 38 15 0
0 34 10 19 35 14 21 23 27 30 3 33 26 11 13 20 39 36 32 16 6 17 31 9 2 15 25 22 12 7 37 1 29 24 4 38 18 28 8 5 0
0 16 18 26 1 25 4 22 6 2 17 34 12 3 37 19 28 27 29 15 8 23 39 11 13 20 33 14 30 31 36 32 9 7 5 21 24 10 35 38 0
0 1 17 30 16 25 19 28 22 36 39 23 20 2 32 31 26 14 10 37 18 3 7 6 35 5 33 15 29 9 34 11 8 21 13 24 4 27 12 38 0
0 33 35 29 18 39 22 5 2 14 11 25 10 17 9 3 37 38 24 4 21 23 16 8 1 27 34 32 19 20 13 28 7 31 12 36 30 26 6 15 0
0 38 3 16 34 5 9 30 7 29 17 20 39 31 32 10 35 19 15 37 6 22 2 21 24 26 23 8 28 13 36 1 33 14 27 11 12 18 4 25 0
0 1 17 2 19 15 7 14 11 28 10 27 13 24 9 30 34 39 26 16 4 29 35 38 18 31 21 12 5 20 23 33 37 3 32 25 8 22 36 6 0
0 27 11 3 5 36 26 25 23 37 19 21 10 31 33 35 4 1 13 39 14 8 18 12 20 17 9 32 24 38 15 29 2 30 22 34 16 7 28 6 0
0 3 13 32 1 12 35 27 5 18 26 20 9 2 25 8 37 39 31 23 28 6 17 4 7 15 10 14 11 29 36 33 30 38 34 19 16 24 21 22 0
0 29 34 7 24 39 5 14 37 3 16 33 10 18 1 38 26 12 11 9 25 27 32 21 8 36 4 17 31 20 23 30 35 2 28 6 19 13 15 22 0
0 36 35 37 4 2 11 7 28 34 5 24 31 25 27 14 18 8 38 20 19 32 29 15 21 9 12 39 33 3 30 23 6 22 10 1 16 17 26 13 0
0 31 1 5 30 13 27 10 23 9 4 8 26 17 14 38 20 6 39 24 16 37 11 25 28 19 7 15 33 18 22 34 2 32 12 35 36 29 21 3 0
0 16 3 20 14 36 10 32 11 18 19 13 7 30 22 2 21 33 23 26 39 6 27 28 1 31 12 29 38 24 17 35 5 4 15 34 8 37 9 25 0
0 3 2 5 22 28 6 35 1 27 37 13 21 12 36 30 11 33 10 8 7 38 32 9 29 24 25 16 15 4 17 14 34 20 26 39 31 18 23 19 0
0 23 5 30 1 9 14 32 15 28 19 24 21 31 17 37 26 33 12 7 18 29 13 3 35 2 27 34 38 22 20 11 39 6 36 10 16 25 8 4 0
0 24 3 15 36 12 38 20 23 4 29 21 33 1 18 28 9 2 11 32 17 16 30 10 8 27 22 37 35 31 6 7 19 13 14 5 26 34 25 39 0
0 30 37 31 14 36 7 15 25 10 17 6 18 21 24 4 5 13 32 23 8 29 9 12 2 22 39 35 28 33 20 11 19 27 16 26 3 1 34 38 0
0 31 32 10 30 34 33 16 5 28 38 35 23 8 39 4 18 13 1 20 22 3 15 24 7 36 25 27 19 26 29 6 14 9 2 12 37 21 17 11 0
0 25 35 21 9 2 5 14 13 17 1 28 38 31 6 18 19 16 30 39 3 34 32 26 23 22 12 4 24 36 11 33 7 37 8 29 20 27 10 15 0
0 34 25 2 35 13 18 31 27 4 21 32 5 36 26 28 6 30 17 16 15 9 24 3 22 29 7 14 33 38 20 10 23 11 8 19 37 39 1 12 0
0 22 34 29 27 4 9 19 10 5 30 6 21 36 7 33 15 24 28 16 35 17 23 26 37 25 8 38 39 1 31 13 2 14 3 11 20 12 32 18 0
0 10 22 29 39 28 16 5 35 38 24 9 33 31 12 18 32 8 15 36 3 30 21 27 13 34 1 6 2 23 26 17 7 4 19 14 25 11 37 20 0
0 17 6 27 18 20 25 15 32 5 22 23 39 13 16 24 34 7 10 38 12 8 21 14 31 28 2 29 36 33 26 1 19 35 3 30 11 9 4 37 0
0 29 13 27 39 16 36 25 11 21 32 37 9 2 10 35 3 14 12 22 31 5 4 19 26 8 17 20 38 28 33 18 30 1 7 6 24 34 23 15 0
0 33 6 37 24 17 8 3 18 1 31 23 25 15 19 30 13 16 27 32 36 39 14 4 22 34 26 9 21 35 7 28 12 10 29 11 38 5 2 20 0
0 8 18 19 4 21 17 27 23 20 35 29 15 33 30 34 1 14 36 6 26 16 11 7 10 28 25 37 12 2 31 39 5 13 22 32 3 9 24 38 0
0 19 6 16 11 7 27 37 9 32 18 30 31 21 39 15 3 2 13 8 28 22 34 14 20 26 23 5 24 12 33 36 10 1 17 38 29 35 4 25 0
0 20 18 31 30 2 14 21 10 22 25 17 24 23 19 16 7 32 26 27 29 13 35 1 9 15 11 37 4 6 33 3 28 8 34 36 38 5 39 12 0
0 38 37 33 10 31 2 36 30 16 27 26 19 23 18 29 25 15 11 7 12 20 39 17 32 5 13 9 34 22 28 3 8 14 21 4 24 6 1 35 0
0 21 32 14 36 19 10 33 15 25 3 31 7 27 24 30 1 23 9 16 38 20 29 12 2 5 17 6 35 8 28 13 4 22 39 37 26 11 18 34 0
0 6 4 31 37 8 20 24 2 34 26 28 36 1 13 10 33 16 14 39 12 17 29 23 21 27 25 7 5 30 15 22 38 11 32 19 9 35 18 3 0
0 14 4 39 20 38 6 24 33 26 29 11 12 25 3 21 31 23 2 16 28 7 8 37 13 18 22 32 17 10 19 34 9 36 27 1 5 30 35 15 0
0 7 30 10 24 23 27 16 20 17 8 18 25 12 1 37 2 4 33 13 31 3 9 6 22 11 34 28 39 38 19 36 26 29 32 14 35 5 15 21 0
0 35 29 24 6 16 21 19 2 30 39 20 1 27 7 38 11 10 15 22 32 28 34 37 9 3 8 31 18 25 23 5 12 13 36 17 4 33 14 26 0
0 22 20 8 34 19 6 26 21 24 16 10 9 18 36 31 27 39 7 3 11 28 25 33 12 32 38 15 2 5 13 35 4 1 14 37 30 23 29 17 0
0 21 16 29 15 2 12 30 23 34 17 6 39 38 5 33 3 8 35 1 36 31 11 7 24 14 13 26 32 22 25 20 19 18 28 10 27 9 37 4 0
0 28 7 23 33 14 31 35 5 36 6 10 27 3 34 9 25 16 22 18 37 12 8 11 17 21 19 2 38 26 20 1 29 30 39 24 13 15 4 32 0
0 14 24 13 12 3 7 35 9 4 21 37 25 28 16 33 1 39 20 23 26 18 2 32 17 36 10 29 34 31 38 22 5 8 15 19 27 6 11 30 0
0 38 5 12 33 19 23 17 8 2 11 30 28 7 31 15 21 27 24 6 16 35 18 13 26 9 25 14 37 29 1 34 3 36 32 10 39 4 22 20 0
0 38 11 29 19 3 16 30 2 12 21 27 17 4 8 35 22 18 28 26 32 14 24 37 20 6 39 33 9 7 5 25 13 1 15 34 36 10 23 31 0
0 3 9 14 5 34 11 37 33 18 26 4 32 35 6 39 27 28 29 19 22 12 7 20 38 23 8 13 36 21 2 16 31 17 30 15 25 24 1 10 0
0 25 34 1 22 27 15 30 17 7 35 24 21 2 19 32 3 36 28 14 26 38 29 9 10 33 12 20 39 6 37 16 13 4 31 5 23 8 18 11 0
0 15 20 28 3 2 22 19 14 37 32 39 31 6 33 12 25 1 23 35 7 4 36 29 30 27 10 26 11 21 34 38 24 13 9 18 5 17 8 16 0
0 10 35 22 9 33 31 18 27 30 24 13 7 39 23 26 8 6 34 5 36 29 21 17 3 15 14 20 19 4 38 2 28 37 1 12 25 11 16 32 0
0 16 9 35 33 26 27 28 21 13 25 3 37 18 2 36 31 1 11 15 19 20 6 29 23 7 17 34 14 12 30 8 38 10 4 24 32 5 39 22 0
0 11 20 37 14 19 39 12 32 33 1 29 15 28 9 17 13 24 3 23 5 4 38 16 27 34 22 21 25 6 10 35 30 8 26 2 36 31 18 7 0
0 1 21 5 33 11 16 37 25 17 36 35 7 39 34 38 13 20 9 18 23 28 27 10 24 4 26 29 31 30 6 8 32 12 3 14 2 15 19 22 0
0 35 30 7 38 4 3 16 24 14 29 5 20 12 28 9 26 36 25 1 23 10 34 11 19 2 22 6 17 39 13 21 31 32 15 33 37 18 27 8 0
0 27 30 18 15 38 11 9 19 10 39 3 1 17 2 36 6 26 12 32 21 35 28 4 31 20 34 33 14 37 7 25 23 16 24 22 5 29 13 8 0
0 28 12 21 1 9 39 30 17 16 37 10 34 31 27 24 2 33 38 18 19 36 22 25 35 11 20 14 26 32 3 7 5 29 8 23 15 4 13 6 0
0 2 20 29 39 32 38 37 25 10 5 26 19 22 33 18 13 14 34 3 35 21 11 17 6 8 7 1 24 23 16 31 28 30 27 4 36 15 9 12 0
0 30 2 25 5 9 33 24 11 18 21 7 31 39 8 28 29 34 38 36 27 6 15 14 19 26 22 17 20 32 37 1 16 23 35 4 3 13 10 12 0
0 20 35 37 30 4 8 11 10 25 17 26 21 27 23 39 16 33 24 5 9 29 6 7 2 3 38 13 19 34 22 32 36 1 15 31 14 18 12 28 0
0 12 16 39 14 15 38 25 36 26 31 2 21 10 13 18 35 20 30 32 27 29 33 3 1 19 4 11 6 28 22 17 24 34 9 7 23 5 8 37 0
0 10 2 22 9 24 20 7 36 15 35 30 39 18 27 16 37 1 29 4 17 38 21 19 5 26 28 6 11 23 14 31 8 25 33 32 13 3 12 34 0
0 12 34 29 4 31 20 24 37 15 1 5 39 22 27 23 30 13 7 10 17 19 14 16 21 26 38 33 9 6 2 35 25 3 8 36 28 32 11 18 0
0 12 14 32 9 33 8 38 1 25 17 20 30 31 7 5 24 21 37 34 27 16 10 29 4 36 26 15 28 19 3 6 18 13 35 39 22 11 23 2 0
0 13 3 18 30 36 29 38 7 23 27 14 8 5 26 1 24 22 25 15 10 6 21 2 12 9 37 19 28 20 32 4 34 11 16 35 39 33 17 31 0
0 6 32 31 8 21 16 29 35 34 7 19 33 20 11 18 37 5 22 12 14 10 27 17 30 4 39 38 13 9 15 25 24 23 26 3 36 28 2 1 0
0 3 26 28 22 4 23 5 33 38 24 2 14 10 18 8 35 20 6 29 12 27 31 34 36 19 32 11 39 7 25 17 21 30 9 15 16 13 1 37 0
0 30 17 36 31 21 9 15 8 29 4 33 27 22 25 35 5 28 11 38 20 23 18 12 1 10 32 6 16 34 7 19 26 3 24 13 39 2 37 14 0
0 32 14 22 28 17 27 6 9 11 5 10 19 15 4 34 31 8 18 7 25 29 30 1 35 16 13 36 21 3 20 38 2 24 39 23 12 26 37 33 0
0 6 35 10 11 28 27 36 16 32 2 22 25 34 37 12 39 8 29 18 33 17 13 23 3 24 26 7 20 15 9 30 19 38 14 4 21 1 31 5 0
0 23 18 1 10 17 6 34 37 12 3 20 33 30 8 29 21 7 39 15 31 5 4 2 24 22 36 16 14 28 13 26 19 32 27 25 11 9 35 38 0
0 12 15 38 8 18 39 37 17 24 16 7 3 36 10 4 22 35 25 1 33 6 30 11 13 23 21 29 5 32 28 31 2 9 19 26 20 27 34 14 0
0 17 22 6 34 3 10 1 13 33 29 7 27 31 9 19 37 25 20 32 8 11 35 18 12 26 38 2 23 5 21 14 30 36 24 15 39 4 16 28 0
0 23 35 2 16 32 5 8 22 21 9 11 18 26 28 10 1 37 3 12 20 4 24 36 14 7 19 15 6 13 33 38 29 17 39 30 27 31 34 25 0
0 15 5 36 29 33 2 1 13 24 26 16 20 35 28 14 21 12 4 37 32 38 6 39 8 31 17 19 27 25 9 3 7 10 22 34 18 23 30 11 0
0 1 22 33 9 18 2 5 15 16 23 36 8 27 12 19 37 25 3 38 32 4 11 31 17 14 21 34 30 20 7 6 39 29 26 24 13 28 10 35 0
0 36 38 5 29 30 2 19 13 39 1 24 32 3 17 20 27 8 18 37 31 26 12 9 35 34 4 7 25 33 14 10 28 16 11 6 21 22 23 15 0
0 8 17 32 15 35 16 29 18 13 26 31 4 24 11 21 36 28 39 3 23 6 30 5 12 22 27 20 14 33 38 7 1 25 9 34 2 19 37 10 0
0 32 10 5 30 27 8 19 7 3 26 20 36 29 18 21 15 28 16 4 33 39 6 25 38 14 2 22 34 23 37 35 13 24 12 17 9 11 1 31 0
0 27 10 20 2 31 26 13 29 5 16 33 7 39 24 35 8 32 1 34 19 17 11 14 3 30 6 25 21 9 23 28 12 18 37 22 4 38 15 36 0
0 18 36 25 30 24 17 22 27 14 3 19 11 38 7 13 4 28 2 15 33 9 34 16 39 20 12 21 8 29 5 37 31 1 26 10 35 32 6 23 0
0 18 25 1 31 12 9 11 30 35 37 19 2 3 16 4 6 7 10 5 14 32 20 13 24 27 29 8 21 38 36 39 22 34 17 23 15 28 26 33 0
0 26 5 19 29 27 16 25 12 24 10 35 31 37 21 14 8 17 38 18 1 3 20 11 36 28 13 9 32 22 30 6 34 23 39 4 15 7 33 2 0
0 8 38 4 11 12 18 35 23 9 34 13 21 24 10 30 33 39 29 14 3 16 31 32 20 37 36 28 27 7 15 26 17 1 5 19 6 25 22 2 0
0 29 37 27 12 9 15 35 19 34 11 32 4 25 39 26 8 22 5 14 38 24 17 33 7 23 18 31 1 10 28 2 3 13 36 6 30 16 21 20 0
0 24 36 9 17 25 4 14 11 34 1 8 6 3 38 23 19 15 13 37 21 32 30 16 39 28 26 7 31 35 33 10 18 5 22 20 2 27 29 12 0
0 28 8 2 20 1 31 15 34 32 21 7 26 10 19 22 36 23 30 38 29 35 27 11 5 18 14 6 3 39 4 17 25 9 16 24 13 12 37 33 0
0 21 5 17 14 33 9 8 3 19 2 10 11 34 24 35 22 7 38 28 1 15 29 36 18 6 4 30 32 16 20 31 13 39 37 27 26 12 25 23 0
0 24 6 30 16 12 33 21 19 36 2 35 11 23 7 32 39 8 27 5 10 22 37 20 29 13 31 18 4 38 17 28 15 3 25 9 1 14 26 34 0
0 27 33 24 36 12 10 34 38 6 35 5 1 25 13 19 37 31 2 20 21 4 18 11 30 7 22 26 29 16 39 23 32 15 9 17 14 28 3 8 0
0 21 34 33 19 9 38 12 15 39 16 14 8 5 25 36 6 37 23 29 11 27 35 10 2 3 20 32 26 18 30 17 13 22 24 31 7 4 28 1 0
0 1 12 21 4 10 29 20 6 24 28 37 8 9 33 35 34 2 7 30 31 17 38 14 16 13 5 26 25 19 39 15 23 36 18 32 22 3 11 27 0
0 20 29 7 27 24 34 9 38 23 19 12 6 36 16 37 13 18 21 39 25 35 4 3 2 17 15 26 8 28 10 30 33 32 14 5 1 22 11 31 0
0 32 29 11 22 14 2 38 33 15 20 13 17 23 5 8 1 39 6 36 37 28 18 4 10 3 34 9 16 21 24 35 27 25 30 31 7 12 26 19 0
0 12 14 25 11 7 19 4 16 31 36 30 15 5 39 9 27 3 17 6 23 24 26 22 34 18 35 8 37 28 1 20 29 38 21 13 33 32 10 2 0
0 32 4 24 36 8 33 10 2 6 31 14 20 19 17 27 9 5 23 38 21 22 18 39 3 37 7 35 26 25 28 15 13 16 30 34 1 12 11 29 0
0 27 36 9 4 31 1 17 15 7 14 13 37 35 23 12 21 11 24 18 34 5 28 26 19 16 38 6 3 10 29 39 22 30 25 20 32 8 33 2 0
0 14 11 34 20 33 38 27 3 5 10 36 2 15 7 35 37 13 26 8 4 23 17 39 18 1 25 6 31 28 24 30 16 12 19 32 29 9 21 22 0
0 22 35 17 6 4 5 31 2 29 19 13 10 18 20 16 12 37 26 34 23 9 32 3 38 14 8 1 11 25 28 27 33 39 36 7 21 24 30 15 0
0 5 12 37 28 16 14 27 8 3 31 26 38 23 7 25 29 15 9 2 17 6 33 32 21 30 20 1 18 11 19 13 4 22 24 39 35 10 34 36 0
0 31 7 18 25 9 6 22 27 26 33 36 17 11 8 1 12 37 23 39 16 15 4 24 29 19 34 13 3 28 14 2 20 21 35 30 38 10 32 5 0
0 24 37 39 25 18 20 1 27 21 36 3 15 28 4 23 32 9 8 22 29 12 33 14 19 17 7 35 38 31 11 2 26 30 6 16 13 10 5 34 0
0 32 23 20 21 39 4 10 11 33 38 27 13 29 34 1 30 6 15 37 9 8 12 3 22 5 18 19 36 26 31 2 28 17 16 25 7 14 35 24 0
0 32 36 31 16 34 7 22 27 28 26 39 4 8 5 2 25 11 20 9 19 33 18 12 13 10 29 24 6 23 30 1 3 21 35 15 37 38 14 17 0
0 34 4 39 13 38 12 31 8 19 15 30 9 1 6 7 35 22 11 36 3 17 2 10 25 16 21 37 18 27 5 29 24 26 14 20 23 33 32 28 0
0 29 35 16 13 17 7 23 31 1 8 38 27 21 15 18 19 10 33 39 11 2 32 12 26 14 24 9 36 22 3 28 34 6 25 5 30 37 20 4 0
0 5 4 20 11 19 17 23 22 15 1 18 2 21 13 25 24 16 7 37 39 38 26 6 10 31 33 35 9 28 34 27 30 8 32 3 36 29 14 12 0
0 22 17 31 34 11 37 8 15 14 2 3 39 4 9 21 5 16 18 35 38 28 6 32 27 30 12 29 36 33 1 10 23 20 13 24 25 7 19 26 0
0 15 20 5 11 29 6 2 36 13 38 30 8 28 21 32 18 33 4 31 14 22 3 17 19 27 1 10 34 35 7 24 26 39 9 23 25 16 12 37 0
0 12 32 5 7 25 13 19 11 30 31 27 33 20 10 24 34 14 3 6 39 23 29 17 18 35 2 22 28 21 16 36 37 26 1 4 15 38 8 9 0
0 6 34 8 28 17 12 32 21 36 29 16 14 1 5 23 30 2 33 9 4 19 31 7 11 25 39 38 10 26 22 35 24 18 37 3 27 15 13 20 0
0 32 30 24 17 31 16 7 11 33 9 21 38 34 29 28 6 22 37 35 23 8 26 13 5 36 20 27 10 19 3 39 2 1 18 12 14 25 4 15 0
0 37 4 14 27 34 2 11 33 19 28 30 29 13 21 6 22 10 1 16 26 24 36 12 3 20 9 5 23 31 15 32 17 18 8 38 39 7 35 25 0
0 23 3 17 24 22 13 38 37 6 27 26 1 7 4 20 2 19 28 31 9 33 32 29 5 35 15 12 18 14 39 16 36 34 11 10 21 25 8 30 0
0 1 4 9 22 14 28 15 2 13 37 32 16 35 10 17 3 11 39 36 6 8 21 5 24 20 7 33 29 25 23 18 12 27 34 19 30 38 26 31 0
0 30 12 25 37 6 8 21 36 3 13 9 20 2 31 35 26 22 5 19 17 1 29 14 10 33 34 16 7 24 28 27 23 18 4 38 39 15 11 32 0
0 6 34 26 27 30 14 35 19 38 28 31 24 22 32 20 39 7 18 33 17 5 29 10 9 36 16 15 23 8 13 25 4 11 2 21 1 3 12 37 0
0 1 18 4 17 31 25 12 19 10 3 21 35 37 14 39 20 32 22 28 8 38 24 27 30 11 15 26 2 5 7 33 36 6 16 34 23 13 29 9 0
0 3 24 36 32 25 34 17 6 18 26 22 37 38 27 30 31 29 39 7 1 28 33 9 23 14 13 11 2 16 10 21 20 8 12 19 4 15 5 35 0
0 2 35 32 4 10 34 14 20 38 31 36 1 27 18 21 26 6 9 7 11 3 15 25 28 19 39 29 30 13 24 37 17 22 23 5 16 33 8 12 0
0 27 19 28 30 2 3 26 24 35 31 15 33 25 37 36 12 14 21 23 29 5 9 16 22 17 10 18 7 1 13 39 20 38 34 11 4 8 32 6 0
0 32 10 14 17 28 39 16 26 19 24 30 36 37 4 9 13 8 22 2 11 1 6 25 12 7 38 31 5 20 34 15 29 33 35 21 18 3 27 23 0
0 2 30 7 6 9 8 24 4 20 11 15 12 22 27 18 14 31 25 23 21 19 17 3 35 29 28 33 36 1 26 32 38 16 34 5 13 10 37 39 0
0 34 11 6 20 28 2 32 29 7 16 37 21 10 26 39 12 27 14 25 22 17 4 8 35 13 23 31 33 3 24 38 15 19 1 9 30 36 5 18 0
0 33 18 8 5 12 38 36 28 1 26 31 39 32 30 10 34 11 24 22 27 29 20 9 23 15 14 2 25 6 19 13 4 37 17 35 7 16 3 21 0
0 10 25 5 16 18 7 29 27 37 6 34 1 33 19 22 4 28 36 30 31 38 20 14 3 15 24 32 9 12 2 35 23 8 13 21 26 11 39 17 0
0 29 7 33 9 38 8 39 22 19 1 34 36 12 20 13 10 23 27 14 31 16 37 30 26 32 11 24 4 2 25 15 5 3 17 18 6 35 28 21 0
0 30 13 31 28 21 4 20 5 16 38 8 6 1 19 11 25 26 7 32 10 39 34 35 18 9 27 36 15 23 22 37 17 2 33 29 24 14 12 3 0
0 25 38 15 30 18 4 11 29 32 20 33 37 2 28 7 17 22 21 35 1 14 13 23 9 10 5 6 39 8 24 3 12 31 36 19 16 26 34 27 0
0 36 33 23 38 7 5 27 37 31 3 24 30 22 10 35 14 32 21 18 9 2 26 25 16 29 15 28 4 17 12 20 39 6 34 8 1 11 19 13 0
0 18 34 5 11 38 32 22 28 16 20 35 13 17 15 21 23 31 6 12 3 30 10 36 14 39 8 4 37 27 19 1 26 7 29 2 24 9 25 33 0
0 10 24 15 33 36 38 9 17 29 6 23 27 14 20 31 3 16 11 2 30 13 19 35 12 32 8 5 34 39 26 25 22 4 28 1 7 21 18 37 0
0 23 6 20 22 15 36 39 13 12 1 37 18 3 9 24 10 28 14 38 2 8 30 31 19 11 7 17 34 35 5 33 29 16 4 27 25 26 32 21 0
0 33 32 20 4 5 25 10 37 34 15 23 9 35 6 26 19 38 39 18 30 11 24 2 8 36 7 12 1 28 27 3 21 31 14 16 17 22 13 29 0
0 10 1 13 24 20 15 22 16 29 33 21 28 5 27 26 12 9 37 39 38 32 2 30 31 11 34 19 17 14 18 3 23 36 6 8 35 25 4 7 0
0 33 17 28 12 27 19 4 31 21 14 35 39 24 6 37 22 3 10 38 34 5 11 9 1 32 36 16 23 8 15 2 18 7 29 25 20 13 30 26 0
0 18 14 25 9 29 32 16 24 26 21 12 37 4 13 28 36 15 5 30 23 10 33 27 22 3 1 17 19 11 7 35 2 31 20 6 8 34 39 38 0
0 39 9 6 15 26 22 27 8 30 34 38 10 36 29 28 5 13 31 11 14 21 2 35 4 3 23 1 24 17 32 37 33 20 18 19 25 12 16 7 0
0 6 9 13 27 5 22 7 15 8 23 26 21 31 11 19 29 39 32 34 36 30 1 28 20 14 33 2 4 35 25 3 16 10 24 17 37 18 12 38 0
0 23 3 29 34 2 37 18 24 32 15 4 21 33 20 38 19 14 22 28 1 13 12 7 26 16 17 9 10 11 31 8 35 36 39 6 27 5 25 30 0
0 34 32 2 36 13 33 38 10 21 15 4 26 24 16 27 19 37 3 23 8 7 22 18 11 1 5 35 31 14 9 6 17 12 39 28 30 25 29 20 0
0 27 17 10 13 15 12 14 39 36 11 30 3 31 37 22 29 4 20 5 2 23 19 16 33 1 8 24 28 9 34 38 6 26 35 18 21 7 32 25 0
0 19 27 15 5 2 35 26 11 1 29 24 9 12 7 25 8 38 28 22 3 13 32 31 23 34 39 6 37 21 10 4 30 36 20 14 33 17 18 16 0
0 7 5 28 22 21 32 2 18 10 14 36 8 12 17 26 6 13 9 33 23 25 27 34 11 39 20 29 35 24 37 15 4 1 3 38 31 19 30 16 0
0 22 5 24 15 39 29 37 34 16 11 33 38 19 4 30 18 23 35 21 6 27 36 7 26 3 2 32 8 10 13 20 25 17 31 14 28 9 12 1 0
0 37 39 34 35 18 20 6 14 25 13 2 24 31 16 28 27 32 19 1 21 11 7 33 12 9 36 17 23 38 26 8 15 4 22 29 10 5 3 30 0
0 16 36 19 15 3 18 33 37 10 12 6 32 30 22 25 2 11 29 39 23 1 9 8 20 31 24 4 27 26 13 7 28 38 5 35 34 21 17 14 0
0 5 16 6 31 39 36 10 25 23 18 15 17 12 9 33 35 3 21 34 8 1 32 20 26 29 2 38 7 22 37 24 28 11 27 30 14 19 13 4 0
0 32 4 15 23 2 1 18 3 17 7 5 30 16 35 8 6 39 26 13 21 14 25 19 24 33 38 22 36 31 37 34 20 11 12 29 28 27 10 9 0
0 5 18 28 19 36 17 30 39 7 15 2 26 25 32 1 16 24 34 22 35 12 9 4 14 20 38 13 8 21 27 23 3 33 6 29 10 31 37 11 0
0 32 3 20 11 25 31 15 28 4 6 17 39 26 24 9 22 33 7 5 14 30 2 12 36 8 38 10 37 21 18 34 1 13 27 16 35 23 19 29 0
0 12 31 4 16 1 32 29 14 8 35 2 33 13 7 36 28 19 34 37 38 21 23 24 11 3 17 18 5 10 6 20 9 25 15 26 30 39 22 27 0
0 28 19 37 12 23 22 24 17 6 13 16 32 29 3 10 33 9 4 34 27 15 18 38 30 5 20 36 1 2 31 39 11 14 21 8 25 26 7 35 0
0 39 11 16 28 27 31 18 37 9 6 8 1 21 35 38 30 19 4 2 3 25 34 22 23 13 12 10 36 26 7 15 24 5 29 17 33 14 20 32 0
0 15 33 10 30 8 2 1 25 14 9 21 17 35 4 24 3 36 12 11 16 37 26 5 34 23 6 22 7 39 31 19 29 38 20 28 32 13 18 27 0
0 33 27 16 39 13 31 1 22 8 29 24 23 37 9 19 3 12 20 21 15 36 6 28 30 5 4 7 11 26 10 35 18 2 17 32 14 34 25 38 0
0 36 22 26 33 38 37 11 29 15 25 6 18 10 32 5 23 16 1 14 17 27 24 31 4 34 8 19 9 39 28 12 7 21 3 13 20 35 2 30 0
0 30 15 20 25 4 36 16 32 23 8 37 27 11 17 33 2 21 3 19 6 7 31 26 13 38 34 10 5 24 12 28 39 35 18 22 9 29 1 14 0
0 22 6 5 32 1 17 15 23 10 29 20 30 26 16 14 24 11 27 4 34 3 2 39 12 19 7 33 31 35 36 18 13 25 9 37 38 21 28 8 0
0 37 13 4 35 36 38 19 8 1 26 14 30 21 31 16 3 17 20 2 32 10 7 25 18 12 22 9 23 39 24 15 6 11 29 33 28 5 34 27 0
0 18 39 25 33 6 13 37 7 21 30 31 28 29 32 12 1 17 9 14 27 5 8 23 4 19 20 11 24 35 38 26 2 22 3 15 10 16 34 36 0
0 28 34 36 3 6 8 7 10 11 18 13 30 22 24 16 1 35 21 20 2 19 15 27 39 31 23 5 38 33 9 17 14 37 32 25 29 4 26 12 0
0 11 7 26 8 25 23 19 27 1 28 39 32 15 29 35 10 22 16 13 3 21 33 5 18 31 36 9 37 30 12 14 6 2 24 17 4 20 34 38 0
0 38 1 16 19 30 34 2 21 11 9 4 13 31 32 5 37 6 3 26 15 28 18 36 12 7 10 33 23 22 20 14 35 39 17 8 27 29 25 24 0
0 25 6 5 11 19 24 22 2 34 9 39 29 1 18 37 7 15 23 28 33 27 16 36 21 3 17 20 32 4 12 30 26 13 38 8 10 14 35 31 0
0 28 5 39 20 32 18 29 13 26 37 17 11 38 15 7 33 21 3 1 8 4 23 16 2 34 6 19 30 12 22 27 24 9 25 35 36 14 10 31 0
0 27 18 36 39 10 9 3 31 25 6 4 14 12 13 32 15 1 22 38 8 30 7 16 17 28 24 37 29 2 23 26 19 5 20 33 11 21 34 35 0
0 26 38 21 19 27 5 25 31 37 18 29 13 35 2 3 9 14 22 8 16 17 30 7 23 36 11 34 28 12 4 15 33 20 39 10 24 32 1 6 0
0 9 33 28 17 2 26 34 15 18 25 13 38 31 6 4 11 12 1 39 37 27 32 20 36 19 3 35 29 30 16 21 24 7 8 5 14 22 23 10 0
0 27 39 21 13 17 25 12 3 29 6 7 9 5 11 23 15 26 24 30 36 34 18 33 8 10 4 32 22 14 37 1 2 31 16 38 20 19 35 28 0
0 15 14 30 2 26 36 28 34 21 3 27 12 6 38 9 23 37 22 16 1 5 18 35 24 20 4 25 39 7 11 8 32 17 10 31 29 13 19 33 0
