# n n_solutions
40 1000
# n x n distance matrix
0 4623 6762 5758 3106 4254 3847 1923 2765 5728 8637 4617 4527 1838 5913 4455 7128 4060 5514 3883 5800 5141 3605 5852 728 6109 4356 5147 5798 3764 1720 6723 5059 6530 1400 5600 4022 3827 2879 4561
4623 0 3601 1140 6900 721 1208 4808 1941 3511 4933 6307 7570 2785 1315 7550 4210 8381 5445 2549 1746 4527 8125 4686 3900 1486 4044 1280 4837 6806 4527 8237 6664 4459 4310 2061 6791 7510 5393 360
6762 3601 0 3511 7694 3238 4716 7738 4933 7021 1941 5671 7569 5235 3676 7596 632 10822 3805 6113 1964 3014 9544 2517 6185 3443 7616 4687 8429 7022 7424 6858 5821 1523 5731 5384 6800 8062 5813 3301
5758 1140 3511 0 8005 1702 2126 5825 3041 3601 4418 7211 8598 3921 223 8584 4143 9457 6103 3224 1565 5161 9264 5162 5032 360 4623 1334 5124 7851 5560 9035 7539 4687 5433 1910 7808 8600 6438 1300
3106 6900 7694 8005 0 6312 6493 4879 5412 8746 9625 2954 1676 4414 8202 1581 7822 4901 4841 6870 7495 5032 2147 5805 3624 8314 7462 7764 8904 1216 4750 4500 3257 6841 2617 8354 1627 721 1886 6706
4254 721 3238 1702 6312 0 1503 4720 1802 4114 4785 5594 6905 2441 1910 6888 3811 8156 4738 2901 1640 3828 7653 4031 3551 2002 4400 1979 5336 6152 4420 7516 5948 3905 3765 2758 6118 6900 4738 412
3847 1208 4716 2126 6493 1503 0 3701 1100 2780 6135 6440 7409 2102 2220 7373 5303 7357 5964 1400 2941 5110 7443 5423 3125 2483 2901 1303 3860 6612 3440 8504 6841 5393 3883 1868 6670 7158 5239 1431
1923 4808 7738 5825 4879 4720 3701 0 2920 4601 9466 6519 6403 2529 5920 6325 8207 3716 7217 3036 6360 6706 4743 7343 1910 6184 2863 4837 4237 5661 316 8640 6964 7833 3228 5032 5936 5590 4792 4891
2765 1941 4933 3041 5412 1802 1100 2920 0 3560 6576 5590 6397 1004 3178 6355 5457 6440 5412 1780 3440 4648 6350 5099 2039 3400 3067 2402 4304 5594 2624 7710 6010 5300 2816 2942 5682 6087 4254 1979
5728 3511 7021 3601 8746 4114 2780 4601 3560 0 8005 9143 9897 4441 3501 9848 7648 8158 8741 1878 5063 7877 9207 8141 5126 3804 1931 2334 1615 9091 4504 11244 9558 7970 6264 1702 9211 9454 7793 3862
8637 4933 1941 4418 9625 4785 6135 9466 6576 8005 0 7472 9424 7021 4504 9457 1868 12690 5474 7472 3195 4808 11485 4177 8028 4201 8949 5742 9542 8915 9158 8402 7570 3041 7657 6303 8672 9974 7741 4716
4617 6307 5671 7211 2954 5594 6440 6519 5590 9143 7472 0 2024 4827 7433 2080 5604 7679 2109 7353 6181 2668 5099 3324 4695 7433 8420 7479 9794 1802 6276 2163 447 4459 3310 8215 1421 2920 1746 6000
4527 7570 7569 8598 1676 6905 7409 6403 6397 9897 9424 2024 0 5458 8811 100 7561 6527 4133 8025 7800 4623 3535 5322 4904 8868 8809 8602 10244 806 6236 2942 2121 6447 3635 9269 800 1204 2184 7316
1838 2785 5235 3921 4414 2441 2102 2529 1004 4441 7021 4827 5458 0 4080 5412 5685 5731 4972 2580 4036 4328 5375 4900 1118 4271 3605 3400 4967 4652 2213 6981 5263 5315 1838 3945 4770 5096 3360 2729
5913 1315 3676 223 8202 1910 2220 5920 3178 3501 4504 7433 8811 4080 0 8796 4308 9571 6324 3244 1749 5382 9436 5375 5186 316 4609 1300 5048 8062 5660 9258 7762 4882 5622 1800 8023 8802 6648 1503
4455 7550 7596 8584 1581 6888 7373 6325 6355 9848 9457 2080 100 5412 8796 0 7596 6428 4188 7974 7802 4661 3436 5366 4841 8856 8745 8572 10182 761 6161 3041 2193 6488 3584 9235 806 1104 2158 7299
7128 4210 632 4143 7822 3811 5303 8207 5457 7648 1868 5604 7561 5685 4308 7596 0 11183 3622 6702 2596 2941 9745 2319 6586 4071 8204 5315 9044 7068 7892 6606 5707 1200 6020 6016 6815 8141 5936 3901
4060 8381 10822 9457 4901 8156 7357 3716 6440 8158 12690 7679 6527 5731 9571 6428 11183 0 9170 6741 9767 8996 3195 9750 4669 9817 6264 8541 7400 6100 3935 9400 8050 10530 5235 8746 6503 5346 6087 8402
5514 5445 3805 6103 4841 4738 5964 7217 5412 8741 5474 2109 4133 4972 6324 4188 3622 9170 0 7158 4785 943 6963 1303 5308 6243 8469 6717 9706 3820 6926 3080 2118 2433 4119 7496 3482 4951 3130 5093
3883 2549 6113 3224 6870 2901 1400 3036 1780 1878 7472 7353 8025 2580 3244 7974 6702 6741 7158 0 4295 6356 7424 6735 3257 3551 1503 1984 2549 7220 2863 9484 7779 6774 4390 2012 7349 7576 5940 2816
5800 1746 1964 1565 7495 1640 2941 6360 3440 5063 3195 6181 7800 4036 1749 7802 2596 9767 4785 4295 0 3848 9046 3720 5122 1562 5787 2729 6503 7117 6060 7818 6453 3140 5107 3420 7000 8006 5742 1523
5141 4527 3014 5161 5032 3828 5110 6706 4648 7877 4808 2668 4623 4328 5382 4661 2941 8996 943 6356 3848 0 7076 781 4825 5300 7715 5805 8905 4167 6403 3984 2807 1835 3794 6585 3891 5269 3182 4172
3605 8125 9544 9264 2147 7653 7443 4743 6350 9207 11485 5099 3535 5375 9436 3436 9745 3195 6963 7424 9046 7076 0 7856 4318 9604 7596 8746 8980 3324 4753 6477 5385 8841 3939 9204 3733 2334 3894 8008
5852 4686 2517 5162 5805 4031 5423 7343 5099 8141 4177 3324 5322 4900 5375 5366 2319 9750 1303 6735 3720 781 7856 0 5491 5249 8149 5964 9269 4909 7034 4341 3395 1140 4531 6742 4614 6021 3962 4326
728 3900 6185 5032 3624 3551 3125 1910 2039 5126 8028 4695 4904 1118 5186 4841 6586 4669 5308 3257 5122 4825 4318 5491 0 5385 3905 4428 5341 4110 1627 6847 5142 6074 1389 4901 4313 4338 3023 3847
6109 1486 3443 360 8314 2002 2483 6184 3400 3804 4201 7433 8868 4271 316 8856 4071 9817 6243 3551 1562 5300 9604 5249 5385 0 4924 1615 5360 8130 5920 9213 7749 4701 5755 2102 8075 8900 6718 1612
4356 4044 7616 4623 7462 4400 2901 2863 3067 1931 8949 8420 8809 3605 4609 8745 8204 6264 8469 1503 5787 7715 7596 8149 3905 4924 0 3310 1442 8015 2846 10580 8860 8249 5232 3061 8207 8183 6862 4318
5147 1280 4687 1334 7764 1979 1303 4837 2402 2334 5742 7479 8602 3400 1300 8572 5315 8541 6717 1984 2729 5805 8746 5964 4428 1615 3310 0 3805 7816 4606 9462 7854 5685 5147 781 7843 8417 6419 1640
5798 4837 8429 5124 8904 5336 3860 4237 4304 1615 9542 9794 10244 4967 5048 10182 9044 7400 9706 2549 6503 8905 8980 9269 5341 5360 1442 3805 0 9449 4254 11947 10230 9241 6652 3275 9633 9625 8273 5162
3764 6806 7022 7851 1216 6152 6612 5661 5594 9091 8915 1802 806 4652 8062 761 7068 6100 3820 7220 7117 4167 3324 4909 4110 8130 8015 7816 9449 0 5481 3306 2061 6002 2830 8475 412 1131 1414 6561
1720 4527 7424 5560 4750 4420 3440 316 2624 4504 9158 6276 6236 2213 5660 6161 7892 3935 6926 2863 6060 6403 4753 7034 1627 5920 2846 4606 4254 5481 0 8409 6723 7518 2973 4838 5742 5467 4561 4601
6723 8237 6858 9035 4500 7516 8504 8640 7710 11244 8402 2163 2942 6981 9258 3041 6606 9400 3080 9484 7818 3984 6477 4341 6847 9213 10580 9462 11947 3306 8409 0 1720 5408 5458 10220 2915 4143 3848 7907
5059 6664 5821 7539 3257 5948 6841 6964 6010 9558 7570 447 2121 5263 7762 2193 5707 8050 2118 7779 6453 2807 5385 3395 5142 7749 8860 7854 10230 2061 6723 1720 0 4535 3757 8598 1655 3138 2184 6350
6530 4459 1523 4687 6841 3905 5393 7833 5300 7970 3041 4459 6447 5315 4882 6488 1200 10530 2433 6774 3140 1835 8841 1140 6074 4701 8249 5685 9241 6002 7518 5408 4535 0 5300 6440 5724 7102 4967 4110
1400 4310 5731 5433 2617 3765 3883 3228 2816 6264 7657 3310 3635 1838 5622 3584 6020 5235 4119 4390 5107 3794 3939 4531 1389 5755 5232 5147 6652 2830 2973 5458 3757 5300 0 5748 2983 3275 1640 4143
5600 2061 5384 1910 8354 2758 1868 5032 2942 1702 6303 8215 9269 3945 1800 9235 6016 8746 7496 2012 3420 6585 9204 6742 4901 2102 3061 781 3275 8475 4838 10220 8598 6440 5748 0 8523 9023 7093 2420
4022 6791 6800 7808 1627 6118 6670 5936 5682 9211 8672 1421 800 4770 8023 806 6815 6503 3482 7349 7000 3891 3733 4614 4313 8075 8207 7843 9633 412 5742 2915 1655 5724 2983 8523 0 1500 1431 6530
3827 7510 8062 8600 721 6900 7158 5590 6087 9454 9974 2920 1204 5096 8802 1104 8141 5346 4951 7576 8006 5269 2334 6021 4338 8900 8183 8417 9625 1131 5467 4143 3138 7102 3275 9023 1500 0 2280 7300
2879 5393 5813 6438 1886 4738 5239 4792 4254 7793 7741 1746 2184 3360 6648 2158 5936 6087 3130 5940 5742 3182 3894 3962 3023 6718 6862 6419 8273 1414 4561 3848 2184 4967 1640 7093 1431 2280 0 5147
4561 360 3301 1300 6706 412 1431 4891 1979 3862 4716 6000 7316 2729 1503 7299 3901 8402 5093 2816 1523 4172 8008 4326 3847 1612 4318 1640 5162 6561 4601 7907 6350 4110 4143 2420 6530 7300 5147 0
# set of given starting solutions
0 10 24 5 30 32 33 29 16 17 11 31 36 18 20 3 19 28 39 22 23 12 27 6 21 35 8 13 1 37 25 38 9 2 34 4 15 7 26 14 0
0 4 20 9 35 6 29 12 1 26 21 10 11 23 36 34 39 14 31 33 24 15 8 32 18 17 5 38 30 2 28 13 7 19 27 25 3 22 16 37 0
0 6 30 7 14 9 16 36 3 22 19 33 13 28 4 15 18 29 21 24 34 10 2 39 37 8 26 35 1 23 20 5 32 38 11 27 17 31 12 25 0
0 12 14 13 31 21 17 10 30 32 18 7 37 11 34 20 28 38 23 27 1 33 8 4 39 26 25 24 2 29 15 36 6 9 35 5 3 22 19 16 0
0 20 13 5 36 39 25 17 28 1 16 27 38 30 2 15 29 22 35 19 18 10 6 26 32 31 4 12 21 23 24 8 7 11 33 34 3 37 14 9 0
0 37 5 33 4 9 18 15 32 24 34 11 12 14 13 26 23 2 7 19 6 17 25 29 8 3 20 39 28 16 35 22 38 21 31 10 30 36 1 27 0
0 23 1 31 32 19 25 11 2 29 22 27 30 38 20 21 26 14 4 12 3 17 28 6 13 33 10 7 9 5 39 34 8 16 36 35 37 18 15 24 0
0 38 31 37 30 23 32 10 1 14 24 16 29 2 21 19 28 8 22 3 9 5 25 11 17 36 20 12 13 39 15 34 35 6 26 4 33 7 18 27 0
0 33 31 21 15 22 25 5 19 9 1 35 26 36 16 39 18 14 17 37 34 32 24 23 3 29 38 28 12 6 8 20 10 2 27 7 30 4 13 11 0
0 18 2 34 6 23 5 19 27 3 30 9 4 15 25 26 28 20 31 1 38 39 35 21 24 16 13 14 10 7 8 29 22 17 32 11 36 12 37 33 0
0 29 4 34 17 8 37 19 30 28 39 14 24 27 26 35 16 22 1 15 32 23 6 9 7 12 11 20 3 31 13 33 2 10 18 25 21 36 38 5 0
0 8 36 37 9 16 7 23 29 35 14 39 30 13 28 26 31 15 38 19 34 1 22 4 25 2 27 11 10 24 20 21 3 6 17 12 18 32 33 5 0
0 8 5 21 25 10 1 39 35 19 17 13 3 38 28 32 34 11 29 24 7 2 26 15 33 30 22 36 23 12 20 37 31 27 6 14 9 16 4 18 0
0 8 2 30 20 14 38 28 29 9 22 1 13 6 18 24 4 19 34 36 39 31 16 35 33 27 26 10 15 17 3 23 12 32 37 11 21 25 7 5 0
0 15 23 17 38 39 20 33 7 16 9 22 32 36 29 26 14 6 19 28 35 11 18 13 1 24 21 30 10 12 31 37 2 34 27 25 3 5 4 8 0
0 34 15 22 26 16 30 32 9 20 36 2 12 39 35 18 38 14 23 5 27 8 28 33 29 7 6 13 25 21 19 31 17 3 37 10 4 1 24 11 0
0 27 12 1 14 37 21 31 20 29 25 7 33 34 23 18 32 5 15 10 19 38 24 30 22 13 2 26 17 16 4 11 28 3 9 35 39 6 8 36 0
0 18 3 15 39 1 13 10 4 6 14 20 27 22 34 8 24 28 11 19 9 12 26 31 23 2 37 33 36 30 5 16 38 7 29 25 21 35 32 17 0
0 3 29 22 15 4 11 21 2 35 12 19 14 6 31 5 38 23 13 36 16 8 26 7 18 39 1 17 10 30 34 25 37 28 33 24 27 32 20 9 0
0 4 34 27 32 22 26 13 19 31 24 17 33 16 36 30 6 9 39 15 18 8 5 2 21 12 20 3 7 37 38 25 28 1 29 10 23 11 14 35 0
0 39 18 15 29 11 25 38 14 30 10 17 6 7 33 9 36 13 4 5 3 31 16 37 21 20 8 22 1 32 24 2 35 12 27 23 26 19 28 34 0
0 20 24 4 15 36 7 31 29 25 17 37 13 10 23 11 14 35 22 19 3 9 16 30 2 33 5 1 6 18 34 28 12 21 38 8 39 26 27 32 0
0 33 2 5 1 18 10 30 4 35 14 6 19 34 36 26 23 15 13 17 29 11 20 27 7 8 28 32 38 9 16 37 25 31 39 21 22 12 24 3 0
0 35 19 18 24 21 29 6 30 14 27 3 12 28 20 11 17 5 25 34 16 26 31 8 15 2 1 33 37 10 32 7 13 4 23 39 22 36 9 38 0
0 39 5 23 32 9 11 10 26 25 2 19 13 17 30 33 37 18 3 34 8 20 36 28 38 14 7 27 31 24 1 21 29 16 15 35 4 22 6 12 0
0 7 2 14 25 30 9 38 26 20 12 28 17 29 34 8 4 15 16 3 33 24 19 35 1 39 37 31 23 13 22 32 18 36 27 5 6 21 10 11 0
0 38 2 32 36 26 34 5 30 20 21 14 22 1 7 37 16 10 24 12 6 29 35 17 27 13 33 25 9 31 15 19 3 4 18 11 28 39 23 8 0
0 33 13 24 25 37 5 9 11 6 20 19 39 15 1 17 31 27 4 3 29 10 34 14 21 36 38 16 32 30 26 7 28 23 2 18 12 22 8 35 0
0 25 16 5 30 27 6 39 34 7 37 22 8 3 17 20 32 13 35 29 1 38 24 36 9 2 14 18 33 26 28 21 23 11 12 19 15 4 10 31 0
0 27 18 15 24 1 39 7 8 3 36 23 14 10 33 37 22 38 4 35 13 16 26 32 30 12 20 28 9 29 17 34 25 2 11 31 21 5 6 19 0
0 24 15 34 36 11 29 9 2 35 25 18 4 16 33 30 31 1 23 22 38 17 13 6 19 14 8 37 20 26 32 12 10 27 39 3 7 28 5 21 0
0 34 25 26 14 27 18 4 3 8 19 2 16 13 33 6 31 39 5 28 35 20 1 36 12 30 7 22 38 29 21 24 15 37 9 11 17 23 10 32 0
0 37 14 7 35 26 34 18 36 28 24 3 38 20 30 29 39 32 15 31 2 13 21 11 9 22 10 19 23 17 5 8 27 12 33 6 16 25 1 4 0
0 24 23 9 1 38 4 32 11 30 20 6 27 5 15 39 34 29 25 28 26 21 17 37 14 36 31 2 19 18 16 3 22 10 8 7 35 13 12 33 0
0 23 20 37 13 4 11 31 7 24 36 2 17 8 28 12 5 33 6 16 10 18 32 35 26 27 9 1 39 19 30 38 22 3 21 14 29 25 15 34 0
0 27 13 34 21 19 1 14 8 10 33 31 9 17 35 7 28 6 5 23 38 15 30 2 32 36 22 29 16 20 37 24 4 25 26 39 11 12 18 3 0
0 7 9 30 13 18 20 31 19 14 10 29 26 35 22 38 36 32 25 6 23 2 4 28 12 3 21 34 15 17 1 27 5 8 33 37 11 16 39 24 0
0 15 32 2 21 20 13 14 37 17 23 4 30 28 35 16 12 25 10 18 38 33 27 3 6 24 29 31 7 34 36 19 9 1 11 8 5 26 39 22 0
0 6 10 11 35 12 20 25 36 32 26 7 9 31 23 29 21 34 33 13 2 19 38 39 1 8 24 22 5 30 15 18 27 14 4 37 3 28 17 16 0
0 38 39 34 6 8 23 24 3 30 26 29 18 36 15 7 37 13 5 4 32 21 22 1 33 9 10 35 27 25 2 19 16 12 17 31 11 14 28 20 0
0 3 4 23 30 36 6 39 32 31 34 27 13 33 28 17 1 29 20 9 14 8 37 12 18 7 35 24 38 25 19 21 26 15 5 22 2 10 16 11 0
0 13 16 29 20 22 27 34 37 8 2 14 5 1 35 36 3 18 30 12 7 19 23 26 32 33 28 17 15 4 11 31 10 9 6 24 21 39 38 25 0
0 36 39 14 17 9 6 20 29 15 33 24 13 34 2 19 28 18 31 11 3 23 21 5 10 27 30 38 4 16 32 37 25 12 22 1 26 35 8 7 0
0 5 19 16 6 21 18 34 27 37 29 24 36 13 2 14 32 28 26 4 25 22 31 23 15 11 38 9 20 10 30 35 12 39 33 17 7 8 1 3 0
0 31 28 2 32 23 29 35 19 16 39 5 37 4 38 34 3 9 7 8 21 14 18 20 36 6 13 11 33 1 24 26 12 27 22 30 17 10 15 25 0
0 37 12 36 13 2 1 3 26 7 16 34 17 4 15 23 25 8 32 10 33 30 38 29 27 19 21 31 5 18 14 39 22 11 28 20 9 35 24 6 0
0 37 31 38 27 2 30 13 11 32 1 33 17 21 34 15 5 4 19 29 22 25 28 36 3 23 9 6 7 16 14 18 35 26 39 20 12 8 24 10 0
0 34 5 16 17 38 27 15 19 20 13 22 14 33 39 26 29 1 21 18 3 4 24 28 2 9 35 32 7 12 36 8 25 11 30 37 23 10 6 31 0
0 9 39 18 16 26 10 3 38 12 34 11 4 6 1 23 13 32 28 2 14 21 24 33 7 36 22 27 5 17 25 8 35 20 29 37 19 30 15 31 0
0 39 14 23 15 30 3 17 10 7 11 38 26 8 20 27 37 24 2 19 28 36 12 22 13 4 25 18 9 21 1 5 31 16 34 33 6 32 35 29 0
0 6 7 22 14 39 1 37 29 32 24 3 12 15 16 11 4 18 5 9 21 17 10 35 19 13 30 36 23 33 27 2 20 25 8 38 34 31 28 26 0
0 28 29 3 13 19 38 9 14 26 27 37 2 7 34 20 18 22 4 12 23 1 30 39 15 17 16 5 35 21 32 11 6 36 33 8 24 25 10 31 0
0 24 8 37 6 19 22 25 17 18 21 20 13 35 11 28 36 7 12 27 15 9 1 5 30 3 14 39 32 16 29 23 31 33 4 38 34 26 2 10 0
0 32 4 7 25 8 2 23 19 28 11 31 13 6 17 34 12 16 39 1 33 35 24 3 10 18 36 20 9 15 21 30 26 37 29 22 14 27 38 5 0
0 39 14 38 20 37 24 5 2 28 15 36 19 23 26 7 35 9 21 33 30 16 34 29 12 17 27 18 4 31 10 11 1 25 3 13 6 22 32 8 0
0 30 1 4 35 26 7 21 31 33 24 38 11 5 13 28 37 34 29 6 18 25 8 39 27 19 23 9 15 16 12 20 14 32 22 17 36 10 3 2 0
0 37 19 6 26 18 8 23 12 10 3 15 38 14 5 24 36 32 39 30 1 17 34 20 22 31 4 13 33 2 7 11 35 29 28 9 25 16 27 21 0
0 5 35 2 19 6 25 9 4 31 16 34 10 30 39 24 29 13 32 33 28 8 36 17 27 18 3 20 11 14 22 7 26 1 15 37 38 23 12 21 0
0 11 7 33 29 3 39 15 26 32 28 5 24 9 19 31 36 12 4 38 13 20 25 6 16 1 18 30 14 35 2 23 27 37 22 21 34 10 17 8 0
0 15 10 32 23 22 5 38 36 17 30 13 35 9 24 25 37 18 21 1 6 28 11 12 3 8 7 4 31 29 39 27 14 20 33 16 34 2 26 19 0
0 29 28 10 23 34 39 33 27 5 20 37 19 22 1 16 7 30 4 2 14 17 32 9 38 24 6 18 26 36 3 31 25 15 35 11 21 13 12 8 0
0 8 24 9 7 12 35 4 30 36 19 11 31 34 27 37 10 32 38 18 13 3 29 20 23 26 15 5 14 21 33 6 2 25 22 39 28 16 1 17 0
0 1 25 9 18 23 13 5 27 26 3 7 6 12 24 28 4 16 19 11 31 30 17 33 29 10 15 14 8 39 36 34 37 22 38 21 20 2 35 32 0
0 17 16 34 35 19 33 31 5 10 21 8 23 6 25 18 24 1 4 2 29 9 3 38 20 7 37 32 36 27 28 12 13 15 39 14 22 11 30 26 0
0 6 22 31 21 12 7 5 15 2 27 9 35 16 32 8 10 23 39 4 37 20 18 30 25 3 36 28 24 17 1 11 38 13 33 26 14 19 34 29 0
0 27 1 25 20 29 5 31 37 13 32 28 38 11 24 15 12 19 23 4 39 22 17 18 8 16 26 34 33 9 6 2 14 3 10 21 35 7 30 36 0
0 36 35 18 17 32 21 39 2 38 25 26 12 22 19 13 28 34 7 3 14 37 4 23 20 15 33 1 24 8 31 10 16 30 29 27 5 6 9 11 0
0 27 38 9 6 30 31 3 23 15 5 1 33 28 10 26 25 32 24 17 34 35 8 21 36 20 7 29 37 11 13 12 22 19 18 16 2 14 4 39 0
0 36 5 33 4 27 18 25 3 23 34 1 8 17 20 28 35 12 10 6 14 38 22 7 11 9 26 15 39 2 32 13 31 37 16 21 30 29 24 19 0
0 5 22 15 13 39 37 23 1 34 11 8 24 16 36 25 18 12 10 3 26 31 35 38 28 33 19 32 21 2 7 14 17 29 6 27 30 4 20 9 0
0 8 21 38 37 17 3 10 7 6 18 35 19 1 33 22 26 39 27 23 9 24 28 16 14 2 25 31 20 32 34 5 15 12 30 11 4 13 29 36 0
0 13 24 2 19 21 31 4 33 22 5 30 39 18 36 38 16 17 15 32 14 28 29 1 25 6 27 37 20 11 3 12 10 7 35 9 23 26 8 34 0
0 18 39 7 29 32 13 15 26 16 5 37 10 35 2 19 8 6 17 14 1 36 27 12 3 34 38 21 31 28 22 24 4 33 23 30 9 20 11 25 0
0 5 1 39 8 37 14 25 32 19 9 3 28 29 17 16 22 12 34 36 11 13 2 31 30 4 27 18 24 15 26 6 10 20 38 23 35 33 7 21 0
0 8 37 31 7 17 19 29 27 23 28 14 10 18 30 39 26 38 21 33 3 6 36 2 12 35 9 34 24 1 13 5 25 20 22 16 32 15 11 4 0
0 12 30 27 38 4 6 21 20 5 22 16 37 26 9 29 11 18 35 36 3 31 1 39 13 23 32 28 25 14 33 15 19 17 8 34 24 7 10 2 0
0 14 12 25 15 4 22 31 34 26 2 29 8 6 18 3 21 13 24 17 30 19 1 16 33 35 5 9 7 23 20 10 32 37 38 36 27 39 28 11 0
0 3 10 15 26 18 17 6 37 39 8 22 30 35 23 7 12 33 4 31 13 32 27 2 34 25 14 9 38 19 24 5 1 11 29 36 28 16 21 20 0
0 12 27 14 31 33 25 32 16 19 26 5 11 1 17 34 38 10 3 9 30 8 21 35 4 18 2 37 20 7 39 13 36 22 24 6 29 23 28 15 0
0 37 30 2 33 17 1 4 32 21 18 11 10 19 7 9 35 12 3 8 26 23 22 34 24 16 29 27 6 28 5 20 25 14 38 13 36 15 39 31 0
0 6 4 33 38 9 37 39 12 11 19 36 2 24 21 15 5 16 29 7 30 13 31 8 10 34 3 35 32 14 1 26 22 20 17 27 25 23 28 18 0
0 24 37 10 39 22 17 14 13 7 28 32 29 34 20 5 3 8 35 38 1 19 21 2 30 26 25 27 33 31 9 4 15 12 23 6 11 18 36 16 0
0 9 33 36 31 24 14 8 20 5 3 35 16 27 39 17 12 25 37 21 6 22 2 38 15 7 11 4 34 28 13 1 10 30 23 32 19 29 18 26 0
0 21 4 32 17 11 26 37 31 23 20 9 7 18 1 13 29 34 12 30 15 19 2 5 8 38 16 28 10 14 33 36 25 6 27 22 35 24 39 3 0
0 23 20 5 12 6 15 24 11 35 7 1 8 13 16 18 26 22 19 27 21 30 28 32 36 3 34 37 9 33 2 4 31 25 39 14 38 29 10 17 0
0 30 19 8 18 23 13 12 29 25 26 14 39 16 3 37 27 4 22 17 9 28 35 34 20 24 15 38 6 32 21 36 33 11 10 5 7 1 2 31 0
0 15 3 38 7 39 9 1 29 31 32 10 6 19 17 22 5 27 28 37 33 12 21 8 30 24 34 13 25 35 4 20 23 14 36 18 26 16 11 2 0
0 18 20 31 24 1 27 28 10 17 39 38 21 16 11 36 2 32 29 8 6 33 30 23 9 3 4 35 14 5 25 22 19 12 13 7 15 26 34 37 0
0 34 25 11 26 23 20 32 36 38 7 24 21 17 8 35 22 13 33 3 37 10 19 16 27 31 29 28 9 5 18 4 2 39 6 30 15 14 12 1 0
0 1 3 38 9 17 12 20 18 36 34 32 7 27 6 33 19 2 21 37 29 23 24 8 11 30 10 26 14 28 5 16 15 31 4 22 39 13 25 35 0
0 8 27 29 37 23 5 34 39 21 10 38 19 24 16 22 33 18 13 28 36 25 9 3 12 6 1 26 35 20 17 4 31 32 2 14 15 7 30 11 0
0 25 38 9 6 19 14 20 7 27 21 32 28 30 1 39 35 17 2 10 33 15 23 24 4 13 29 18 34 12 36 8 26 37 11 31 16 3 22 5 0
0 10 38 5 21 36 34 6 16 7 4 22 13 9 2 28 14 29 32 1 11 26 27 15 33 23 20 3 39 35 37 31 24 8 18 17 12 25 19 30 0
0 12 23 36 19 6 39 8 16 5 29 38 13 21 17 26 33 7 34 27 18 11 32 20 35 10 2 28 14 31 22 24 15 4 9 30 37 1 3 25 0
0 2 17 12 36 14 7 5 27 31 23 11 13 20 26 16 1 39 35 10 28 25 21 30 34 3 18 22 15 4 29 32 33 37 6 8 38 24 19 9 0
0 21 30 36 11 33 25 35 26 17 28 20 23 10 4 39 12 22 14 31 38 8 29 16 18 34 9 37 2 3 13 6 24 1 32 5 19 7 27 15 0
0 4 39 33 3 5 10 32 14 2 7 8 23 16 29 15 19 25 21 35 11 26 34 31 12 27 13 6 22 20 1 38 9 37 36 30 28 24 17 18 0
0 23 3 17 27 16 9 1 4 2 10 14 39 15 35 30 29 36 28 19 13 8 12 33 38 24 31 6 25 18 20 26 32 11 7 5 34 21 37 22 0
0 25 24 12 27 36 19 32 34 22 8 31 10 33 1 3 14 7 35 37 18 11 6 39 26 30 21 23 20 2 9 5 28 4 15 17 16 38 29 13 0
0 31 20 14 15 34 29 5 35 9 6 22 28 36 4 17 37 39 7 27 26 19 18 32 33 16 10 1 13 24 30 2 12 21 11 3 23 25 8 38 0
0 6 22 12 10 27 14 33 17 3 37 13 18 20 25 36 31 4 15 39 30 23 28 19 29 16 38 8 7 32 1 2 21 5 24 26 34 35 9 11 0
0 10 5 7 30 12 23 39 18 28 37 38 8 26 32 4 9 11 36 35 31 14 19 27 33 16 13 3 22 34 25 17 15 1 29 21 6 2 20 24 0
0 23 8 34 29 38 30 25 17 16 26 11 3 14 13 27 36 31 32 9 35 22 21 15 4 33 12 20 37 1 2 5 10 28 7 39 19 6 24 18 0
0 2 9 1 13 27 33 16 28 4 29 7 20 23 24 6 8 5 30 19 25 31 17 18 21 35 32 38 37 26 10 34 12 11 22 39 3 36 14 15 0
0 9 25 7 34 2 21 23 22 38 6 27 4 5 36 30 12 11 29 8 13 26 24 20 10 37 1 33 35 16 14 39 32 17 18 28 19 15 31 3 0
0 1 20 6 16 35 13 23 29 24 14 21 37 33 5 27 11 3 30 38 18 36 9 19 22 28 17 4 34 26 39 32 25 31 2 8 12 7 15 10 0
0 16 35 2 14 3 1 20 21 30 23 10 38 17 7 31 18 11 4 36 12 33 22 26 19 28 6 15 27 25 39 24 13 9 5 34 8 29 32 37 0
0 15 3 6 14 21 39 25 27 5 17 28 30 7 31 32 12 34 10 11 20 24 26 16 35 29 13 38 2 18 1 9 37 22 33 36 23 19 4 8 0
0 7 2 11 39 29 16 28 17 25 37 14 18 31 15 13 24 6 5 36 38 27 10 8 22 33 26 19 21 3 12 23 20 32 30 4 9 1 34 35 0
0 14 30 33 37 22 38 39 23 10 15 4 18 7 36 27 2 25 24 3 12 20 21 28 11 29 35 17 31 34 32 5 16 19 6 9 1 8 26 13 0
0 14 9 36 5 10 8 37 13 20 7 35 21 27 6 1 33 25 26 17 31 24 3 2 30 32 4 18 29 12 34 23 16 28 22 15 11 19 38 39 0
0 32 24 18 15 39 12 5 9 35 28 16 17 4 26 22 31 20 1 34 11 13 14 36 38 29 8 33 10 2 21 23 37 19 7 3 25 27 6 30 0
0 39 17 15 36 6 14 18 29 25 20 22 27 28 31 5 33 35 3 32 30 21 12 16 24 34 9 4 19 10 13 23 38 2 8 26 37 1 11 7 0
0 17 39 20 5 7 30 33 18 4 35 22 1 13 9 24 11 2 21 16 19 25 3 38 36 37 28 34 12 23 32 15 6 29 26 8 10 14 27 31 0
0 21 8 33 23 12 3 24 36 1 20 25 10 13 14 17 39 38 30 26 4 27 16 11 22 9 7 18 19 31 6 34 32 28 29 5 2 35 15 37 0
0 5 3 34 33 39 30 20 35 4 8 38 22 12 2 15 23 11 28 13 27 24 25 32 17 7 6 31 9 26 14 19 21 36 16 10 1 18 37 29 0
0 34 7 10 27 39 17 13 11 20 8 19 24 25 15 29 36 18 1 3 4 32 2 38 6 31 35 21 30 22 16 12 26 37 5 9 14 28 33 23 0
0 23 30 13 7 15 11 38 32 2 12 21 26 28 39 29 37 27 1 6 3 4 9 35 17 33 10 14 20 34 25 8 19 5 18 31 36 22 16 24 0
0 25 16 27 28 13 10 20 11 3 15 38 18 19 4 22 9 7 21 23 32 26 2 6 37 8 31 17 1 5 39 34 36 33 35 30 12 24 29 14 0
0 31 17 23 10 5 1 28 2 9 21 4 12 29 11 26 22 37 13 15 19 8 20 18 33 38 34 25 6 16 36 30 24 14 27 3 35 39 7 32 0
0 7 36 37 12 3 31 24 39 30 8 11 29 5 19 35 38 1 26 28 15 32 34 18 14 2 27 33 20 10 16 4 17 25 22 13 21 6 9 23 0
0 33 34 36 23 30 29 28 4 7 12 39 18 11 22 6 35 14 19 3 31 26 1 5 21 38 27 8 17 16 25 32 15 9 20 2 10 13 24 37 0
0 36 7 26 16 5 9 22 14 1 8 34 3 33 19 12 20 37 13 18 21 10 6 31 4 2 11 15 35 39 25 30 29 27 17 28 32 38 24 23 0
0 35 22 4 24 32 8 9 3 12 5 17 19 2 20 23 37 16 28 29 10 6 39 18 14 36 11 34 38 25 13 7 27 1 30 33 31 21 15 26 0
0 3 4 31 24 19 36 25 39 33 6 14 8 34 13 21 17 32 37 12 23 22 16 9 1 2 11 15 10 28 18 26 30 5 27 29 20 38 7 35 0
0 28 16 38 9 3 12 32 34 27 11 18 35 37 15 1 19 10 30 14 33 26 5 20 8 29 21 2 7 13 17 4 23 36 22 39 24 25 6 31 0
0 10 25 17 33 1 9 2 27 37 8 28 20 19 32 26 35 21 24 5 13 23 30 29 3 6 15 14 16 18 11 7 34 12 38 22 31 4 39 36 0
0 15 3 30 14 9 37 29 1 12 36 6 7 18 2 10 28 22 33 35 25 17 4 23 20 13 24 26 21 5 16 39 27 31 19 34 32 8 11 38 0
0 12 4 37 32 27 33 31 18 1 19 3 36 2 20 21 26 15 5 23 16 7 22 13 25 24 38 8 17 39 14 28 9 35 29 10 34 30 11 6 0
0 31 18 3 28 12 27 39 33 19 11 6 37 17 16 1 32 4 35 7 22 15 14 21 36 38 25 34 23 26 20 29 24 9 10 13 30 5 8 2 0
0 39 2 14 6 23 37 34 31 1 29 20 30 10 21 17 27 19 26 15 16 36 7 11 12 13 4 3 5 33 9 28 32 24 8 25 38 18 22 35 0
0 33 11 35 28 21 12 22 1 25 24 17 8 36 26 32 18 5 10 19 13 6 15 14 2 30 20 3 7 27 37 39 34 29 9 4 23 31 16 38 0
0 14 11 35 34 7 22 19 32 21 26 17 27 20 37 5 16 12 38 15 31 29 25 18 2 13 3 1 9 24 36 10 6 8 4 28 39 23 30 33 0
0 10 7 11 1 9 33 14 35 37 8 29 5 24 13 38 16 22 36 31 19 30 12 20 21 18 27 15 6 32 3 25 39 28 17 34 26 2 4 23 0
0 29 15 34 11 35 21 38 18 6 14 23 30 13 9 28 25 20 19 3 37 4 39 2 5 16 32 10 27 1 8 31 26 22 33 17 7 12 24 36 0
0 26 39 34 15 9 33 13 28 5 8 29 18 12 35 17 25 37 3 14 32 1 38 24 36 2 21 19 27 20 16 31 23 7 22 11 10 30 4 6 0
0 16 15 3 23 29 37 33 38 20 13 12 8 27 4 34 7 19 10 32 39 6 26 35 2 28 18 11 5 25 36 1 9 17 31 22 14 24 21 30 0
0 38 16 31 1 4 12 15 5 32 17 8 33 27 34 21 26 7 22 36 28 19 37 35 39 18 23 11 3 6 24 29 30 13 2 9 25 10 14 20 0
0 7 38 6 2 35 14 39 21 11 26 15 4 30 13 37 23 34 27 17 33 32 22 18 5 16 3 1 20 12 24 9 29 36 31 8 25 10 19 28 0
0 23 16 31 9 30 6 17 5 36 29 18 3 13 25 14 27 20 33 8 2 15 21 22 39 37 24 10 12 35 19 38 4 32 1 28 7 34 11 26 0
0 14 27 11 13 22 28 23 3 2 16 15 19 35 30 26 17 5 31 10 32 1 25 4 39 24 8 6 36 12 9 29 18 33 21 34 38 7 37 20 0
0 33 15 2 19 34 9 31 32 14 39 27 37 1 36 21 10 22 35 28 24 8 13 18 16 5 26 29 6 17 38 11 23 7 25 3 20 4 12 30 0
0 14 25 37 4 17 6 5 21 3 18 38 26 11 36 29 12 16 24 32 7 9 20 28 31 30 1 35 8 2 39 13 10 22 33 15 27 34 19 23 0
0 26 32 36 7 13 31 38 1 30 24 27 11 14 23 34 33 28 39 12 18 19 4 17 25 16 6 9 8 5 29 35 22 20 15 21 37 3 10 2 0
0 10 27 6 18 35 39 26 17 32 20 12 16 15 36 34 29 25 24 22 5 38 21 31 13 14 4 19 7 23 2 11 3 9 28 33 30 37 1 8 0
0 29 1 22 14 24 27 25 34 10 33 35 36 15 38 16 28 19 8 23 6 17 30 32 20 37 3 39 12 31 4 5 2 18 21 9 11 13 26 7 0
0 34 29 11 17 4 27 20 12 9 37 16 6 19 3 2 28 1 18 7 21 23 32 8 5 13 35 25 26 31 30 14 39 22 38 24 36 33 10 15 0
0 23 25 20 16 17 22 7 6 30 31 1 24 37 14 8 32 38 34 15 3 5 13 21 19 39 11 18 2 10 29 33 12 28 26 9 27 4 35 36 0
0 27 23 39 14 17 25 26 34 19 10 21 12 3 16 33 2 38 35 6 4 20 29 32 31 36 1 7 22 9 11 37 15 8 13 5 18 28 24 30 0
0 34 12 5 25 6 10 13 39 14 2 3 26 17 20 29 33 24 38 22 36 23 35 1 32 18 28 15 31 19 27 9 4 11 21 7 37 16 30 8 0
0 22 20 4 7 8 5 16 38 18 32 2 9 29 1 23 26 21 14 6 24 37 36 10 25 12 11 30 13 3 35 31 27 15 28 19 34 17 39 33 0
0 1 17 38 27 25 2 14 37 36 35 34 22 8 9 5 30 32 39 3 12 23 4 26 21 20 29 28 24 7 6 11 31 15 13 16 19 33 10 18 0
0 27 34 21 2 18 13 12 37 24 20 23 4 5 8 16 32 22 33 3 11 38 19 17 36 30 31 35 9 29 1 6 26 25 7 15 14 10 39 28 0
0 6 10 17 34 19 39 2 37 29 38 25 15 14 32 1 21 18 3 31 11 4 35 22 9 20 8 30 7 26 23 28 12 5 33 36 13 27 24 16 0
0 9 36 10 12 8 27 37 7 28 21 34 19 26 20 22 17 6 16 3 33 2 18 23 5 32 38 24 14 15 39 1 4 13 30 11 25 31 35 29 0
0 2 13 8 33 11 28 17 6 27 16 22 12 32 18 4 20 37 9 1 3 5 10 30 26 34 19 15 21 31 38 39 14 35 24 7 25 23 36 29 0
0 19 3 20 28 10 14 37 38 16 6 18 2 30 13 21 17 25 1 31 32 4 8 22 34 27 23 36 12 15 26 24 9 33 11 5 7 39 35 29 0
0 6 3 33 27 37 13 8 34 24 16 1 28 26 14 5 9 32 11 17 39 19 4 2 15 38 29 22 35 18 36 7 10 30 20 12 21 31 25 23 0
0 30 31 16 1 10 15 36 33 23 8 37 6 3 29 27 28 12 20 2 25 22 13 4 32 19 35 38 21 34 24 5 18 39 9 14 11 7 26 17 0
0 28 15 16 34 17 31 7 22 24 8 4 33 39 10 29 30 14 32 11 38 19 6 2 9 18 35 23 5 1 27 13 3 26 37 20 36 21 12 25 0
0 4 14 6 9 21 3 1 2 37 38 11 13 28 31 17 15 39 16 8 32 35 27 18 24 22 10 5 23 34 33 20 25 26 29 12 30 19 36 7 0
0 38 20 36 35 1 32 11 8 13 33 25 23 30 10 27 15 12 26 39 18 5 37 3 31 21 9 19 2 17 4 22 29 34 24 7 28 6 16 14 0
0 32 23 24 27 29 38 11 5 39 6 12 2 15 30 8 4 36 18 20 14 26 33 35 21 28 1 22 19 3 9 13 16 37 25 17 31 7 10 34 0
0 6 36 9 1 31 8 32 21 26 33 14 23 27 38 35 30 28 20 37 10 16 2 3 25 22 11 5 7 4 17 15 29 13 39 18 24 19 34 12 0
0 19 13 32 15 24 29 38 20 28 11 7 25 10 30 18 16 4 2 8 22 1 37 26 27 36 39 34 6 3 31 23 21 5 33 35 17 9 14 12 0
0 2 39 12 15 31 37 7 5 25 4 3 17 27 10 14 33 29 8 36 1 16 21 34 38 6 22 24 26 11 9 28 20 19 13 23 32 35 18 30 0
0 37 26 31 34 4 28 2 29 38 7 27 5 19 3 18 17 22 1 15 20 21 12 36 32 11 25 6 13 23 14 24 33 9 30 39 10 8 35 16 0
0 19 25 17 28 1 4 20 27 13 2 24 32 5 23 8 36 6 11 30 38 33 10 26 16 18 34 9 15 31 7 12 29 37 35 3 39 14 22 21 0
0 15 29 22 1 17 21 30 27 24 4 20 8 32 28 3 6 39 12 26 37 25 18 2 14 38 9 36 5 13 34 33 11 35 19 16 7 31 23 10 0
0 18 32 12 14 8 28 4 3 24 9 7 27 19 6 5 36 30 39 2 16 11 31 29 26 13 33 21 37 17 23 34 25 35 1 10 15 22 20 38 0
0 5 17 14 29 36 1 16 8 9 20 24 18 37 34 32 33 4 7 15 11 6 25 2 27 31 28 10 12 19 30 21 23 39 26 3 35 38 22 13 0
0 11 19 2 33 14 17 10 3 21 31 26 4 18 29 34 39 16 38 36 27 8 13 22 37 7 25 1 30 23 12 20 15 32 28 5 9 35 24 6 0
0 22 38 6 27 5 12 24 23 25 4 11 30 16 8 32 39 17 31 34 37 28 35 2 19 3 21 36 33 18 10 7 29 14 26 20 15 9 1 13 0
0 18 16 9 28 4 25 15 23 35 31 32 37 8 6 7 14 22 19 17 24 21 30 34 26 11 1 3 33 10 36 29 2 39 13 27 12 5 20 38 0
0 20 11 19 27 23 9 30 14 31 18 13 6 36 29 1 16 39 35 37 22 33 38 3 24 28 4 5 8 26 2 17 10 32 7 12 15 21 34 25 0
0 7 22 34 1 35 33 29 2 20 9 30 4 6 11 36 19 32 28 3 15 26 25 18 23 8 38 37 14 13 17 21 24 10 16 5 31 27 39 12 0
0 23 8 16 7 18 9 20 34 36 15 6 1 32 3 22 2 26 28 4 12 21 35 5 29 38 10 24 27 30 19 25 17 33 37 11 14 13 31 39 0
0 32 38 10 26 15 8 25 16 24 20 3 1 29 6 22 19 14 7 35 33 28 37 23 4 31 34 17 36 13 18 39 5 12 27 21 11 2 30 9 0
0 16 10 25 23 13 19 32 36 26 5 24 18 28 17 1 12 21 34 22 37 4 30 2 29 39 6 7 33 3 35 8 31 9 15 38 14 11 27 20 0
0 29 14 34 17 15 3 38 31 12 25 2 1 32 6 27 18 39 24 4 7 22 21 9 19 26 35 11 30 5 36 8 37 16 28 13 10 20 23 33 0
0 39 22 14 13 21 36 6 28 12 30 2 24 38 8 18 35 27 23 4 9 3 33 34 32 25 29 7 11 16 19 26 10 20 15 37 1 31 5 17 0
0 6 39 27 30 37 16 3 9 28 32 1 5 34 24 10 17 2 25 36 26 7 23 12 35 38 11 31 13 18 15 8 21 14 19 4 22 29 33 20 0
0 5 11 37 38 2 33 16 27 12 7 36 20 17 39 19 26 1 32 14 29 15 18 4 21 13 25 30 9 8 35 31 34 10 24 3 22 28 23 6 0
0 20 10 31 17 2 18 24 6 11 35 8 16 25 22 36 32 19 23 26 4 9 28 34 21 39 14 33 3 29 5 38 1 30 7 27 15 37 13 12 0
0 29 7 6 4 32 14 13 30 39 9 20 23 38 31 10 3 36 16 21 28 37 24 33 11 2 35 12 17 34 1 25 15 8 27 18 26 19 5 22 0
0 38 14 27 22 35 30 19 17 9 33 18 31 29 28 5 26 37 4 34 11 13 1 16 10 3 8 12 6 21 36 7 2 39 32 23 24 25 15 20 0
0 13 15 12 19 24 30 7 9 28 2 33 23 34 25 8 3 5 6 37 32 20 11 39 35 31 4 14 38 29 21 17 16 10 22 27 36 18 1 26 0
0 9 26 39 28 18 12 15 8 32 38 23 5 6 33 17 31 21 13 25 11 35 3 29 14 22 30 1 37 10 34 36 4 24 16 27 7 2 19 20 0
0 1 38 24 18 12 6 17 28 32 27 26 4 25 39 31 29 30 22 15 8 11 33 23 2 16 14 19 7 20 37 10 5 34 3 21 35 9 36 13 0
0 28 4 20 1 32 6 38 13 8 36 14 11 30 5 16 12 37 29 15 39 23 22 9 27 33 31 26 7 25 18 2 3 35 34 17 19 21 24 10 0
0 21 25 12 31 24 9 4 28 17 38 7 2 29 1 36 39 37 18 11 6 27 26 20 33 10 8 23 32 3 5 13 30 16 34 19 35 22 14 15 0
0 31 38 13 11 37 9 19 3 2 39 29 16 35 32 21 26 12 5 27 18 17 23 33 24 6 8 28 15 22 7 25 4 30 20 14 34 1 10 36 0
0 4 14 29 1 10 31 5 7 19 16 22 37 32 13 27 24 17 12 21 23 33 38 25 26 9 3 11 15 2 34 35 6 28 8 36 30 20 18 39 0
0 34 19 1 35 26 39 13 23 4 22 14 20 28 25 18 10 27 29 36 12 31 8 32 11 17 6 38 3 16 33 7 9 37 30 21 2 5 15 24 0
0 23 28 22 3 11 24 12 35 21 32 17 20 18 6 39 14 5 33 30 2 16 34 8 9 13 1 25 36 15 26 10 37 29 31 27 19 4 7 38 0
0 27 7 12 30 3 39 2 1 4 36 10 18 19 38 14 8 24 25 13 29 17 15 35 28 9 34 6 22 32 37 20 31 33 23 16 26 11 5 21 0
0 27 15 18 1 9 6 32 33 22 35 34 38 14 28 37 24 16 4 3 26 19 13 5 31 12 29 17 25 20 7 8 2 36 11 10 39 21 23 30 0
0 39 24 17 32 7 15 29 27 31 5 12 11 20 18 21 28 3 33 37 36 14 34 4 10 1 22 2 19 38 26 16 9 8 25 23 35 13 30 6 0
0 16 8 14 39 11 15 21 32 33 26 19 6 35 30 4 31 18 1 28 5 2 10 20 37 36 25 34 12 27 13 9 38 22 29 3 17 24 7 23 0
0 23 21 26 16 20 4 18 28 38 25 9 22 35 27 13 29 15 17 7 14 30 33 5 8 6 2 24 3 36 32 10 34 31 11 37 39 19 1 12 0
0 12 11 34 31 36 2 27 21 22 35 14 39 13 16 6 30 5 24 1 18 9 38 23 29 15 32 8 7 26 25 33 10 37 19 28 3 20 4 17 0
0 14 16 4 23 15 35 6 33 13 32 28 2 24 37 18 30 29 3 22 11 21 34 8 19 5 17 25 38 20 31 39 12 1 10 36 26 7 9 27 0
0 25 39 36 20 12 15 34 28 37 18 30 19 32 16 21 35 5 22 13 29 23 10 38 2 8 9 14 33 24 26 7 11 6 3 17 4 27 31 1 0
0 23 10 8 3 34 19 14 38 5 24 20 6 17 1 31 22 7 16 13 25 35 27 30 29 11 26 32 37 9 28 21 12 36 33 18 2 39 15 4 0
0 7 28 4 30 19 35 20 3 36 16 10 25 29 34 5 38 8 27 23 24 17 15 1 31 11 22 9 39 37 32 18 13 12 14 33 26 21 2 6 0
0 3 36 17 9 30 6 12 16 35 29 19 38 27 22 33 31 15 4 11 20 14 18 23 2 25 39 37 7 26 21 13 24 10 8 5 34 1 32 28 0
0 16 18 11 25 26 5 6 17 9 20 21 19 13 7 22 35 8 38 30 31 1 29 4 3 15 37 33 32 10 36 24 28 39 12 2 23 34 14 27 0
0 22 14 36 30 15 10 1 12 17 18 38 6 2 25 21 23 16 20 31 4 7 32 9 8 28 34 27 13 39 29 24 35 11 26 19 37 3 5 33 0
0 7 20 29 4 5 13 2 39 11 32 28 24 9 22 36 34 30 15 18 37 12 16 27 14 17 26 1 31 38 6 25 3 33 10 21 23 19 8 35 0
0 34 29 13 5 9 37 6 20 15 23 28 36 1 18 21 8 14 32 19 31 38 16 24 11 25 35 22 12 3 26 4 33 27 10 2 17 7 39 30 0
0 9 22 38 15 17 7 8 13 36 6 14 25 5 18 24 29 4 10 21 39 16 20 32 12 26 35 30 1 3 23 34 37 11 33 27 19 31 2 28 0
0 30 5 16 20 1 8 10 28 7 26 4 3 2 29 12 25 31 39 27 6 19 23 14 24 37 38 17 33 22 32 21 18 35 9 34 11 36 15 13 0
0 10 24 9 29 30 27 12 38 5 19 28 23 20 37 18 16 32 36 15 25 2 33 17 35 26 11 22 34 4 21 31 8 3 6 7 1 14 13 39 0
0 26 31 29 6 17 7 28 1 14 10 33 34 9 11 4 38 25 22 19 5 21 32 20 2 23 39 35 37 15 18 8 12 13 16 36 24 3 30 27 0
0 13 26 24 5 15 35 25 22 20 34 8 19 3 30 33 9 23 37 14 10 39 31 11 16 17 21 27 7 36 2 6 4 12 29 28 1 18 38 32 0
0 33 1 5 17 38 36 6 3 15 37 21 23 18 8 27 39 12 9 30 24 11 2 29 20 19 7 35 26 34 28 32 22 10 31 25 16 4 14 13 0
0 2 26 22 12 37 28 14 8 5 30 6 18 9 21 31 1 10 35 3 38 32 13 27 7 20 23 36 4 24 15 19 17 11 16 33 25 34 29 39 0
0 31 16 25 19 10 11 17 27 26 18 23 5 1 3 4 30 6 28 8 9 34 2 36 13 38 29 20 24 37 12 32 35 21 39 15 14 22 33 7 0
0 12 17 24 26 31 16 14 29 8 9 1 32 37 27 38 20 36 34 7 18 10 11 30 3 22 23 39 13 35 19 33 6 25 28 4 5 2 15 21 0
0 12 1 30 28 20 27 14 35 15 34 29 36 37 5 18 21 24 26 9 10 13 8 33 23 7 32 19 22 4 31 38 11 2 17 6 39 3 25 16 0
0 38 6 33 22 27 14 31 32 28 3 8 16 4 20 29 13 18 36 7 11 1 24 17 25 9 35 30 39 15 21 26 34 37 19 2 5 12 10 23 0
0 33 21 13 16 4 30 9 20 22 12 24 36 18 14 19 35 8 37 6 39 5 2 11 3 31 32 10 17 25 26 34 7 23 1 27 38 29 15 28 0
0 38 29 27 16 24 8 4 18 10 23 7 12 37 14 35 39 19 9 26 6 17 5 11 31 30 32 3 20 1 33 2 15 28 25 22 21 34 36 13 0
0 38 11 24 23 14 39 3 1 35 20 28 36 19 12 27 8 30 5 17 21 34 22 26 7 31 25 37 9 4 6 13 10 29 2 18 33 16 15 32 0
0 11 39 28 24 20 27 4 7 32 25 17 37 21 36 26 1 2 3 13 9 22 8 5 31 15 34 14 10 35 18 19 30 33 12 23 6 29 38 16 0
0 32 29 12 9 3 8 22 7 2 6 13 18 20 15 30 5 35 27 16 14 17 24 34 10 37 1 31 19 25 28 36 33 26 11 21 39 4 38 23 0
0 9 36 21 12 24 37 15 25 8 16 30 5 3 34 14 13 19 10 26 23 11 18 35 20 33 1 39 29 4 27 31 32 38 7 22 28 17 2 6 0
0 18 7 11 38 28 17 36 30 14 5 39 27 29 33 13 12 19 20 35 31 23 8 22 1 4 21 24 3 15 25 16 9 34 2 26 32 37 10 6 0
0 5 1 21 36 17 35 12 10 6 9 8 38 24 18 34 37 14 16 26 4 7 32 39 27 11 2 33 25 28 23 3 30 20 31 29 19 13 22 15 0
0 38 33 7 37 21 23 22 28 34 26 18 12 11 36 30 20 16 3 29 2 27 10 4 25 24 13 6 15 14 9 1 5 35 19 17 31 8 39 32 0
0 35 29 2 10 36 39 17 8 37 38 7 14 12 6 27 21 19 1 16 32 30 26 4 25 3 5 28 23 22 13 11 9 15 31 20 18 33 34 24 0
0 38 28 15 34 33 12 21 35 17 3 39 30 25 29 24 32 36 5 4 7 22 9 37 13 14 27 18 8 20 16 11 6 1 19 23 26 2 10 31 0
0 28 14 2 9 17 1 31 13 32 4 35 7 16 23 30 18 5 8 25 36 27 38 29 39 24 20 37 6 21 19 15 33 3 34 11 22 26 12 10 0
0 12 6 19 14 20 27 38 21 26 2 35 37 4 7 1 33 32 25 13 9 15 39 17 34 3 23 10 24 36 5 29 30 31 11 8 28 16 22 18 0
0 3 31 27 12 30 19 8 38 32 10 5 21 14 17 22 36 35 7 24 28 25 16 39 26 20 13 34 15 29 23 11 18 9 2 37 6 1 33 4 0
0 14 16 29 21 18 4 26 22 20 36 38 30 23 5 12 6 13 19 33 2 28 1 10 32 8 3 7 39 31 24 35 25 9 15 37 27 11 34 17 0
0 22 14 35 26 4 31 21 19 27 39 28 6 38 16 29 37 23 7 11 2 15 18 12 30 17 20 36 13 8 25 3 33 10 1 32 24 9 5 34 0
0 6 7 16 26 22 1 2 10 8 37 31 18 32 35 33 9 12 34 13 39 20 25 24 4 27 29 36 23 21 28 14 5 15 3 38 11 17 19 30 0
0 1 39 8 6 13 4 35 21 18 2 11 19 29 22 33 15 7 17 36 9 38 16 28 31 3 34 25 26 27 37 24 20 30 10 5 32 12 14 23 0
0 11 22 17 26 37 20 5 28 6 25 23 35 14 9 12 30 34 4 10 1 16 15 33 31 3 2 24 29 38 21 13 19 32 36 18 39 7 27 8 0
0 37 32 31 1 26 3 21 35 18 25 27 28 9 13 10 12 20 36 16 17 38 11 30 14 24 15 8 2 39 29 19 23 4 7 33 6 34 5 22 0
0 25 8 19 32 24 16 27 18 10 29 30 23 14 5 33 36 20 21 6 31 13 39 9 2 38 37 11 4 26 12 35 34 7 17 22 3 15 1 28 0
0 13 16 25 18 21 27 22 39 26 32 8 2 34 20 28 36 3 31 4 12 7 1 24 11 6 23 37 9 10 35 30 15 38 33 5 17 19 29 14 0
0 38 18 21 34 27 30 28 36 16 35 3 37 19 2 12 33 4 13 23 29 9 39 14 32 7 22 26 6 20 17 15 24 5 11 31 1 8 25 10 0
0 28 32 29 1 21 6 34 10 5 30 23 16 38 3 11 35 26 4 12 36 25 19 15 17 18 22 24 20 13 37 27 39 8 14 7 2 9 31 33 0
0 39 13 14 11 23 20 4 32 35 29 12 1 33 36 7 22 26 34 21 8 3 6 28 31 30 19 9 2 37 24 27 15 16 38 10 17 5 25 18 0
0 38 26 22 12 34 17 25 18 3 5 9 32 16 11 8 13 37 7 30 21 33 20 23 15 35 29 36 2 6 39 1 24 31 4 19 14 10 27 28 0
0 36 21 30 25 11 9 10 31 8 7 17 23 5 14 32 26 1 3 4 29 27 34 19 2 22 35 38 28 15 6 20 24 33 12 18 16 39 37 13 0
0 15 6 34 22 5 38 17 7 30 37 36 4 21 31 28 33 35 20 16 32 14 24 27 12 10 11 26 1 19 23 13 2 39 8 25 9 3 18 29 0
0 4 35 5 12 18 31 28 39 19 30 15 6 20 9 24 32 14 7 25 27 11 22 2 26 13 23 37 17 1 29 16 8 3 36 34 21 10 33 38 0
0 10 3 26 1 28 18 29 23 9 24 13 39 35 6 12 4 20 15 22 16 32 19 21 2 14 30 36 17 37 27 25 11 8 7 5 38 33 31 34 0
0 6 15 20 7 23 24 35 29 12 25 38 11 26 13 19 14 39 31 16 30 37 36 5 1 8 28 34 18 27 9 17 21 3 32 4 2 33 10 22 0
0 12 32 35 39 30 21 37 19 24 27 34 22 13 16 7 9 33 31 29 17 11 5 18 25 28 38 10 15 8 4 14 23 36 20 1 2 26 3 6 0
0 32 26 14 28 10 20 3 25 27 38 29 9 21 2 35 6 30 11 33 34 23 1 5 24 7 4 39 36 31 17 16 22 12 15 18 37 8 19 13 0
0 7 23 19 35 34 3 22 18 31 2 17 37 33 10 24 12 29 36 27 9 1 25 8 32 38 15 28 11 20 14 21 39 5 13 6 30 4 26 16 0
0 9 7 14 37 24 1 36 11 30 35 32 38 25 34 4 26 5 12 3 10 23 18 31 27 15 6 22 39 19 20 2 28 21 16 13 33 8 29 17 0
0 21 19 14 7 22 37 34 1 9 36 12 29 32 39 30 23 18 38 2 28 13 3 31 11 33 27 6 16 35 15 20 26 24 4 17 5 8 25 10 0
0 16 14 15 36 27 11 7 37 35 3 24 5 1 33 18 39 20 22 12 8 9 2 13 34 10 17 4 29 30 19 32 38 23 28 21 26 25 6 31 0
0 1 9 38 6 30 23 21 19 37 15 29 34 25 35 26 18 32 31 14 10 27 2 28 20 24 3 11 33 22 36 4 7 5 12 13 17 16 39 8 0
0 15 34 8 14 33 1 2 27 39 16 23 20 3 7 38 30 24 4 9 21 31 13 10 25 29 36 11 19 37 35 17 18 5 12 6 22 32 28 26 0
0 1 35 2 6 39 8 21 13 16 33 32 19 31 4 3 27 25 22 36 10 34 9 38 28 17 11 12 20 29 7 14 15 18 30 5 26 37 23 24 0
0 23 12 22 11 3 25 10 16 37 21 18 32 38 26 27 34 31 29 36 5 24 17 33 13 8 15 1 14 30 20 19 35 9 6 2 4 28 39 7 0
0 30 6 33 34 17 29 21 2 26 3 22 20 7 25 12 19 1 37 9 38 31 14 5 28 11 27 35 4 13 18 8 23 16 24 36 32 39 10 15 0
0 26 13 38 7 12 10 8 22 33 17 21 28 18 29 3 16 36 34 39 11 19 2 4 30 27 24 9 23 35 5 25 6 31 15 20 37 32 14 1 0
0 7 27 18 28 37 36 38 31 24 10 1 34 23 8 9 20 15 21 22 19 2 17 16 12 39 30 35 14 11 6 5 25 26 3 4 33 29 13 32 0
0 31 15 5 34 10 20 18 23 21 33 2 16 11 7 14 22 3 37 36 25 9 28 26 29 35 17 30 27 32 19 39 24 1 8 13 6 4 38 12 0
0 27 22 14 24 32 6 16 30 5 10 15 9 11 2 28 8 20 23 25 39 33 18 3 1 21 4 34 36 31 17 12 37 13 29 35 38 26 19 7 0
0 22 9 31 26 33 10 12 28 37 4 36 2 5 11 30 35 23 16 27 34 29 14 8 25 39 6 20 21 17 32 38 19 15 24 13 18 3 7 1 0
0 12 26 38 37 4 24 31 25 17 16 33 10 20 5 30 18 15 1 6 39 9 34 36 2 13 7 27 29 35 11 21 22 32 8 23 3 14 28 19 0
0 33 36 26 24 13 14 32 19 20 4 8 22 23 2 37 30 1 6 9 18 39 28 5 17 38 34 3 21 16 29 7 35 31 27 10 11 12 25 15 0
0 16 37 24 3 29 36 30 34 31 21 17 33 1 4 6 26 9 14 19 5 28 7 18 11 10 35 15 13 20 32 25 39 38 27 2 8 22 12 23 0
0 4 36 7 19 25 13 32 20 11 30 8 3 24 39 2 31 18 12 26 10 34 17 37 23 33 28 15 29 27 5 16 6 22 1 38 14 9 35 21 0
0 22 33 27 32 4 19 18 14 15 7 20 23 11 34 1 25 24 12 5 2 39 13 38 21 6 29 31 35 10 26 16 36 17 9 37 28 30 3 8 0
0 7 22 35 1 4 37 16 8 23 5 11 29 31 34 21 10 18 12 20 14 15 33 19 13 2 3 27 6 32 25 30 9 24 36 17 39 38 28 26 0
0 5 25 8 29 35 15 12 21 18 1 33 34 16 13 31 37 14 32 28 7 30 3 4 17 10 38 11 6 20 39 22 19 23 9 36 26 27 24 2 0
0 13 17 23 22 21 12 28 33 15 11 35 29 39 3 27 37 14 30 36 10 4 16 19 7 38 18 2 5 25 34 8 24 9 20 26 31 1 32 6 0
0 25 2 14 27 19 36 4 13 39 10 8 3 34 38 23 30 9 29 33 32 17 16 18 12 31 22 5 1 24 11 26 35 7 20 15 21 37 28 6 0
0 17 29 10 34 5 3 1 8 27 32 35 38 18 25 13 7 22 2 20 4 23 16 9 31 6 11 39 21 19 37 33 26 30 28 36 14 12 15 24 0
0 31 13 11 36 24 35 4 23 18 14 2 19 16 37 6 1 12 8 9 20 5 32 15 28 7 26 21 30 38 29 27 25 22 3 39 17 10 34 33 0
0 17 22 23 18 20 29 24 35 32 7 30 2 11 34 13 33 10 36 8 6 5 4 16 31 39 12 26 3 1 9 21 25 14 27 28 38 37 19 15 0
0 6 34 4 18 16 37 28 32 20 13 35 31 38 22 1 30 14 25 2 19 11 9 26 15 39 3 10 23 21 8 7 24 27 17 36 5 29 12 33 0
0 5 17 12 8 20 2 39 9 13 35 26 21 25 23 36 27 33 19 18 29 16 28 30 10 31 15 7 3 37 11 32 34 38 4 24 1 14 6 22 0
0 35 32 9 27 31 21 13 5 11 14 38 36 34 39 2 18 6 29 4 23 17 7 28 12 15 3 19 33 37 16 10 25 8 30 20 22 1 24 26 0
0 7 15 20 12 19 28 34 10 36 9 16 18 21 35 32 3 22 5 26 8 17 29 14 31 30 24 13 6 37 4 27 23 38 39 25 2 1 33 11 0
0 20 7 30 10 32 36 19 31 9 39 35 1 8 29 25 28 5 34 23 2 17 3 22 11 26 15 24 6 13 14 37 33 4 16 27 18 12 38 21 0
0 1 37 5 17 31 22 29 39 19 23 33 15 25 28 12 27 24 4 13 21 9 8 36 30 34 20 11 7 14 6 16 3 10 18 38 35 26 2 32 0
