# n n_solutions
40 1000
# n x n distance matrix
0 894 6723 3701 8900 2280 7211 6325 4301 6987 3590 11194 4700 9128 9192 7299 8910 7200 1200 7874 7874 7589 11384 7602 6931 5693 12093 7981 7017 7186 8452 1708 6220 7829 5950 7665 4401 7900 9178 12028
894 0 6072 2915 8207 1523 6449 5521 3535 6140 2729 10332 4373 8234 8631 6449 8421 6846 1131 6992 7060 6705 10541 6826 6037 4802 11253 7106 6264 6441 7940 1280 5341 7151 5056 6791 3612 7117 8285 11173
6723 6072 0 6198 2220 4560 1414 1910 2701 6670 5474 5922 3001 6184 2716 6794 2863 2785 5635 6200 2507 5966 5724 1800 4750 4022 6315 3921 1236 1204 2325 6873 3465 1140 4640 6377 6360 8232 5661 6514
3701 2915 6198 0 7902 2860 5907 4809 3605 3352 728 8682 5903 5903 8910 3668 8998 8006 3860 4441 6063 4188 9081 6140 3905 3046 9799 5458 5800 6000 8464 2213 3827 7011 2941 4159 700 4204 6152 9571
8900 8207 2220 7902 0 6685 2002 3101 4712 7523 7210 4539 5108 6082 1835 7558 2624 3981 7839 6657 2332 6499 4101 1868 5412 5197 4554 3920 2102 1902 2319 8902 4438 1081 5700 6946 7915 9033 5390 4904
2280 1523 4560 2860 6685 0 4939 4045 2024 5544 2325 8964 3220 7184 7156 5830 7000 5578 1523 6129 5597 5830 9124 5325 4972 3668 9829 5798 4750 4924 6503 2408 4070 5630 4060 6003 3448 6772 7130 9783
7211 6449 1414 5907 2002 4939 0 1100 2915 5693 5223 4617 4205 4830 3361 5768 3820 4176 6248 5020 1100 4816 4517 447 3640 3228 5162 2549 223 223 3324 7022 2507 1303 3769 5249 5913 7240 4272 5280
6325 5521 1910 4809 3101 4045 1100 0 2051 4780 4130 5060 4004 4438 4346 4891 4687 4614 5448 4301 1555 4060 5122 1360 2842 2193 5813 2300 1019 1216 4161 6000 1562 2308 2778 4468 4816 6341 4019 5824
4301 3535 2701 3605 4712 2024 2915 2051 0 5011 2879 7072 2773 5807 5403 5232 5412 4465 3397 5119 3606 4826 7170 3301 3721 2473 7864 4049 2729 2906 4883 4197 2507 3687 3067 5124 3894 6489 5590 7860
6987 6140 6670 3352 7523 5544 5693 4780 5011 0 3413 6475 7782 3041 9054 316 9462 9209 6900 1431 5219 1334 7085 5679 2118 2690 7746 3847 5714 5883 8940 5565 3220 6996 2051 1029 2692 1562 3573 7349
3590 2729 5474 728 7210 2325 5223 4130 2879 3413 0 8220 5240 5660 8188 3721 8271 7294 3522 4308 5440 4031 8575 5474 3546 2523 9296 4964 5108 5308 7736 2360 3264 6303 2549 4080 1140 4491 5825 9102
11194 10332 5922 8682 4539 8964 4617 5060 7072 6475 8220 0 8822 3601 6281 6315 7138 8402 10440 5080 3584 5141 806 4176 4830 5700 1300 3264 4838 4780 6858 10498 5024 5108 5745 5491 8324 7516 2927 894
4700 4373 3001 5903 5108 3220 4205 4004 2773 7782 5240 8822 0 8348 4788 8005 4332 2500 3500 7844 5263 7558 8692 4648 6403 5220 9303 6303 3984 4049 3939 5536 5099 4080 5830 7877 6365 9243 8002 9470
9128 8234 6184 5903 6082 7184 4830 4438 5807 3041 5660 3601 8348 0 7874 2823 8521 8969 8697 1612 3883 1780 4310 4579 2213 3517 4901 2282 4965 5053 8070 8015 3301 5990 3178 2012 5375 3920 761 4428
9192 8631 2716 8910 1835 7156 3361 4346 5403 9054 8188 6281 4788 7874 0 9126 905 2860 8036 8324 4031 8140 5755 3420 6989 6539 6103 5656 3354 3176 921 9525 5859 2059 7111 8580 9047 10600 7200 6537
7299 6449 6794 3668 7558 5830 5768 4891 5232 316 3721 6315 8005 2823 9126 0 9560 9372 7200 1236 5239 1200 6946 5730 2147 2860 7595 3807 5800 5964 9042 5881 3330 7071 2220 824 3008 1476 3394 7179
8910 8421 2863 8998 2624 7000 3820 4687 5412 9462 8271 7138 4332 8521 905 9560 0 2126 7727 8840 4640 8636 6637 3969 7451 6860 7000 6262 3764 3612 538 9402 6242 2549 7462 9068 9202 11020 7877 7424
7200 6846 2785 8006 3981 5578 4176 4614 4465 9209 7294 8402 2500 8969 2860 9372 2126 0 6000 8904 5239 8653 8050 4512 7433 6519 8532 6706 4016 3956 1941 7962 6103 3301 7158 9044 8352 10756 8443 8856
1200 1131 5635 3860 7839 1523 6248 5448 3397 6900 3522 10440 3500 8697 8036 7200 7727 6000 0 7595 7003 7299 10564 6660 6484 5186 11260 7306 6044 6200 7278 2408 5590 6760 5554 7443 4535 8006 8653 11244
7874 6992 6200 4441 6657 6129 5020 4301 5119 1431 4308 5080 7844 1612 8324 1236 8840 8904 7595 0 4326 300 5721 4904 1476 2647 6363 2773 5093 5232 8343 6618 2817 6303 2102 412 3860 2531 2158 5943
7874 7060 2507 6063 2332 5597 1100 1555 3606 5219 5440 3584 5263 3883 4031 5239 4640 5239 7003 4326 0 4167 3580 728 3101 3106 4263 1627 1303 1303 4188 7470 2302 2109 3512 4614 5941 6711 3264 4304
7589 6705 5966 4188 6499 5830 4816 4060 4826 1334 4031 5141 7558 1780 8140 1200 8636 8653 7299 300 4167 0 5755 4720 1220 2353 6413 2657 4879 5024 8134 6352 2555 6107 1802 447 3623 2596 2247 6016
11384 10541 5724 9081 4101 9124 4517 5122 7170 7085 8575 806 8692 4310 5755 6946 6637 8050 10564 5721 3580 5755 0 4070 5314 6053 721 3623 4740 4651 6403 10800 5325 4805 6174 6129 8772 8200 3600 806
7602 6826 1800 6140 1868 5325 447 1360 3301 5679 5474 4176 4648 4579 3420 5730 3969 4512 6660 4904 728 4720 4070 0 3584 3337 4716 2302 670 608 3500 7353 2570 1421 3832 5161 6100 7206 3981 4833
6931 6037 4750 3905 5412 4972 3640 2842 3721 2118 3546 4830 6403 2213 6989 2147 7451 7433 6484 1476 3101 1220 5314 3584 0 1315 6016 1802 3687 3841 6942 5903 1341 4940 1000 1627 3498 3623 2280 5724
5693 4802 4022 3046 5197 3668 3228 2193 2473 2690 2523 5700 5220 3517 6539 2860 6860 6519 5186 2647 3106 2353 6053 3337 1315 0 6774 2441 3195 3383 6328 4810 806 4494 640 2657 2844 4242 3488 6580
12093 11253 6315 9799 4554 9829 5162 5813 7864 7746 9296 1300 9303 4901 6103 7595 7000 8532 11260 6363 4263 6413 721 4716 6016 6774 0 4341 5385 5283 6811 11520 6046 5345 6887 6774 9484 8814 4219 640
7981 7106 3921 5458 3920 5798 2549 2300 4049 3847 4964 3264 6303 2282 5656 3807 6262 6706 7306 2773 1627 2657 3623 2302 1802 2441 4341 0 2692 2772 5800 7234 1769 3720 2563 3101 5162 5249 1746 4140
7017 6264 1236 5800 2102 4750 223 1019 2729 5714 5108 4838 3984 4965 3354 5800 3764 4016 6044 5093 1303 4879 4740 670 3687 3195 5385 2692 0 200 3255 6862 2505 1300 3757 5307 5830 7267 4427 5503
7186 6441 1204 6000 1902 4924 223 1216 2906 5883 5308 4780 4049 5053 3176 5964 3612 3956 6200 5232 1303 5024 4651 608 3841 3383 5283 2772 200 0 3111 7051 2683 1118 3939 5456 6029 7433 4494 5423
8452 7940 2325 8464 2319 6503 3324 4161 4883 8940 7736 6858 3939 8070 921 9042 538 1941 7278 8343 4188 8134 6403 3500 6942 6328 6811 5800 3255 3111 0 8900 5720 2080 6933 8562 8664 10500 7443 7200
1708 1280 6873 2213 8902 2408 7022 6000 4197 5565 2360 10498 5536 8015 9525 5881 9402 7962 2408 6618 7470 6352 10800 7353 5903 4810 11520 7234 6862 7051 8900 0 5481 7884 4904 6356 2886 6319 8183 11370
6220 5341 3465 3827 4438 4070 2507 1562 2507 3220 3264 5024 5099 3301 5859 3330 6242 6103 5590 2817 2302 2555 5325 2570 1341 806 6046 1769 2505 2683 5720 5481 0 3801 1264 2941 3649 4780 3104 5889
7829 7151 1140 7011 1081 5630 1303 2308 3687 6996 6303 5108 4080 5990 2059 7071 2549 3301 6760 6303 2109 6107 4805 1421 4940 4494 5345 3720 1300 1118 2080 7884 3801 0 5056 6543 7085 8543 5371 5608
5950 5056 4640 2941 5700 4060 3769 2778 3067 2051 2549 5745 5830 3178 7111 2220 7462 7158 5554 2102 3512 1802 6174 3832 1000 640 6887 2563 3757 3939 6933 4904 1264 5056 0 2061 2600 3606 3280 6637
7665 6791 6377 4159 6946 6003 5249 4468 5124 1029 4080 5491 7877 2012 8580 824 9068 9044 7443 412 4614 447 6129 5161 1627 2657 6774 3101 5307 5456 8562 6356 2941 6543 2061 0 3551 2158 2570 6355
4401 3612 6360 700 7915 3448 5913 4816 3894 2692 1140 8324 6365 5375 9047 3008 9202 8352 4535 3860 5941 3623 8772 6100 3498 2844 9484 5162 5830 6029 8664 2886 3649 7085 2600 3551 0 3505 5685 9217
7900 7117 8232 4204 9033 6772 7240 6341 6489 1562 4491 7516 9243 3920 10600 1476 11020 10756 8006 2531 6711 2596 8200 7206 3623 4242 8814 5249 7267 7433 10500 6319 4780 8543 3606 2158 3505 0 4601 8348
9178 8285 5661 6152 5390 7130 4272 4019 5590 3573 5825 2927 8002 761 7200 3394 7877 8443 8653 2158 3264 2247 3600 3981 2280 3488 4219 1746 4427 4494 7443 8183 3104 5371 3280 2570 5685 4601 0 3785
12028 11173 6514 9571 4904 9783 5280 5824 7860 7349 9102 894 9470 4428 6537 7179 7424 8856 11244 5943 4304 6016 806 4833 5724 6580 640 4140 5503 5423 7200 11370 5889 5608 6637 6355 9217 8348 3785 0
# set of given starting solutions
0 14 18 24 11 34 20 32 17 26 16 28 2 29 8 25 5 37 27 4 36 9 21 22 6 7 1 39 12 3 33 31 30 13 10 19 38 23 35 15 0
0 31 3 25 17 19 24 9 2 20 21 13 15 26 23 16 1 38 36 18 4 12 35 33 11 28 30 6 14 27 8 22 7 34 39 29 32 10 37 5 0
0 39 27 30 33 9 8 22 35 18 32 10 15 20 2 29 38 16 28 31 17 7 5 12 3 36 11 19 4 23 1 34 37 25 6 24 26 21 13 14 0
0 32 4 14 37 12 11 33 31 26 22 9 35 38 23 18 24 25 21 27 3 13 39 34 15 10 20 7 28 30 8 16 2 29 5 6 36 17 1 19 0
0 3 12 26 14 36 18 5 20 10 33 35 32 31 28 38 11 4 1 13 21 34 29 25 19 27 37 22 23 6 7 16 24 39 30 9 17 8 2 15 0
0 17 38 21 7 28 13 20 18 12 39 25 4 33 3 11 22 8 34 9 36 37 30 23 6 1 26 24 5 29 15 19 27 10 35 31 2 14 16 32 0
0 6 9 1 18 26 20 32 33 22 37 5 8 2 17 35 38 28 25 24 7 34 36 14 21 13 31 23 27 10 19 30 16 39 12 29 3 4 11 15 0
0 6 18 36 9 19 22 38 4 12 14 24 33 34 15 2 7 26 23 8 11 39 5 1 28 37 25 21 13 16 10 29 20 27 30 31 35 32 17 3 0
0 7 21 31 17 12 10 4 23 30 16 22 37 14 27 6 11 9 5 32 3 34 35 36 39 28 13 33 8 24 38 25 18 15 19 2 26 29 20 1 0
0 21 8 16 31 26 9 24 3 17 32 34 37 19 13 18 2 30 29 12 10 33 35 14 36 7 5 23 15 27 28 38 1 20 25 4 22 6 39 11 0
0 11 38 15 3 24 20 39 31 7 5 14 19 13 10 33 36 17 18 34 16 28 37 12 22 27 32 30 2 9 8 26 35 6 23 4 29 25 1 21 0
0 34 7 3 35 21 23 13 25 8 4 10 12 20 1 2 37 6 36 22 38 16 15 29 14 32 24 26 9 28 19 5 27 17 31 18 11 30 39 33 0
0 13 2 22 16 12 17 37 8 28 20 5 24 38 1 15 23 19 4 39 6 14 3 31 9 34 11 25 26 18 36 29 30 35 32 33 21 10 27 7 0
0 17 9 39 30 5 36 26 23 25 33 29 35 4 2 1 37 27 32 31 22 6 14 12 11 8 15 18 28 10 24 16 3 38 19 21 13 34 7 20 0
0 32 13 29 19 22 5 4 35 14 9 30 20 37 28 10 36 25 23 15 18 33 12 6 16 39 8 2 24 21 17 1 11 34 31 3 38 26 27 7 0
0 29 25 17 10 20 35 8 23 4 26 15 7 1 12 6 27 22 16 30 33 39 32 31 3 18 37 13 14 24 11 9 34 21 19 38 36 2 5 28 0
0 20 33 18 4 12 29 31 28 15 13 21 36 3 2 27 26 8 5 39 24 1 19 16 37 14 38 30 23 10 17 34 32 35 6 11 7 9 25 22 0
0 10 6 17 13 7 8 9 18 34 3 35 28 23 4 30 37 27 14 39 31 11 33 24 22 2 32 12 1 15 38 36 29 25 21 16 26 20 19 5 0
0 16 31 26 24 13 36 38 22 19 33 25 3 4 17 2 11 1 39 35 20 9 37 14 27 10 6 5 32 7 15 30 28 29 18 21 12 34 23 8 0
0 21 29 25 37 39 1 10 30 27 31 4 12 32 2 16 15 24 3 23 22 19 8 7 6 14 13 35 17 11 5 34 20 36 26 9 33 28 18 38 0
0 22 33 21 37 35 8 3 11 19 12 29 23 13 27 36 5 38 7 9 10 20 31 15 25 18 6 16 34 17 28 26 39 14 4 1 30 32 24 2 0
0 36 14 17 35 19 26 1 31 21 6 23 24 16 29 34 5 33 9 18 15 10 3 20 11 7 39 22 8 25 38 37 4 13 12 27 2 30 28 32 0
0 2 18 12 15 6 17 31 21 13 26 8 39 10 4 37 14 22 36 27 20 3 33 9 30 38 1 23 16 29 7 19 5 28 34 24 25 32 11 35 0
0 10 36 26 28 33 6 24 29 19 31 2 9 23 1 39 32 21 30 18 14 12 38 11 25 22 7 17 5 13 27 35 34 15 37 4 16 20 8 3 0
0 14 3 15 11 4 7 24 2 12 19 26 34 33 25 17 37 31 28 39 6 23 36 5 16 1 18 22 10 8 35 13 21 32 29 20 9 38 27 30 0
0 35 27 33 29 25 12 39 15 38 8 37 4 28 14 16 31 23 19 5 30 32 10 9 2 11 20 18 7 21 34 6 36 3 22 17 26 1 24 13 0
0 8 11 36 28 5 9 37 1 26 18 38 20 19 16 27 3 24 14 25 23 17 12 2 15 10 7 32 13 6 29 35 30 33 39 22 4 34 21 31 0
0 12 23 4 8 28 38 13 24 29 34 18 30 22 9 25 21 16 10 14 2 11 3 32 7 36 37 33 15 26 20 6 31 5 1 35 17 39 27 19 0
0 9 15 21 36 1 19 39 5 16 24 31 30 28 35 20 11 6 4 38 14 12 29 23 13 17 8 34 26 32 3 27 10 18 25 37 22 33 7 2 0
0 22 30 17 36 33 5 32 15 27 11 9 25 1 16 13 34 29 21 26 2 24 14 20 37 3 10 8 38 18 35 23 31 39 12 28 6 4 19 7 0
0 36 8 4 31 3 7 10 28 19 5 32 34 21 1 9 24 14 17 13 29 12 2 23 39 18 38 35 11 33 16 6 37 15 27 22 20 30 25 26 0
0 10 22 34 26 5 9 29 19 15 24 36 16 14 32 3 27 21 31 12 2 23 11 17 25 7 33 39 4 28 35 30 18 20 1 8 13 6 38 37 0
0 27 33 31 4 13 21 1 20 6 26 32 17 19 39 28 30 3 37 8 9 7 5 15 29 23 35 36 11 38 10 14 18 25 22 12 34 2 24 16 0
0 16 18 36 5 27 20 22 30 2 12 31 3 34 37 10 8 25 23 33 1 24 13 14 7 15 29 19 6 21 32 35 39 17 9 26 28 11 38 4 0
0 3 32 35 24 9 31 28 38 4 17 37 16 7 8 10 1 36 29 34 13 6 20 25 21 39 27 14 33 2 19 22 26 23 11 30 5 15 12 18 0
0 31 17 3 22 30 9 28 12 8 16 10 20 1 25 19 24 33 38 4 32 11 15 21 37 18 23 36 29 7 34 39 27 5 35 13 14 6 2 26 0
0 32 34 37 23 30 2 25 39 5 14 21 27 19 33 15 6 26 28 24 8 20 7 17 22 12 11 13 29 16 35 31 9 1 10 36 38 18 4 3 0
0 38 32 30 7 20 12 9 3 11 22 39 31 16 18 25 28 29 10 37 35 36 13 21 15 5 2 34 26 6 17 24 27 14 19 1 4 8 23 33 0
0 37 7 33 9 4 11 20 14 16 31 12 23 2 1 39 13 10 24 36 32 19 29 22 18 3 5 17 27 35 15 6 25 21 38 26 30 28 8 34 0
0 1 29 24 7 13 35 23 28 22 37 15 32 10 26 38 9 14 30 11 4 3 5 31 6 2 36 16 17 20 34 18 27 25 21 8 19 33 39 12 0
0 23 30 32 19 14 2 17 9 18 37 12 20 1 5 29 6 33 36 16 38 7 26 25 28 27 10 15 34 35 13 4 3 11 24 8 39 21 22 31 0
0 2 16 9 14 32 13 37 12 24 20 33 10 35 11 17 25 22 26 6 30 15 36 3 38 5 23 34 29 31 4 28 19 21 1 39 7 8 27 18 0
0 11 14 33 30 7 6 39 13 18 31 12 34 19 4 36 29 22 16 32 15 10 1 8 2 26 9 20 35 23 5 25 3 37 17 21 28 24 38 27 0
0 36 2 38 28 5 12 19 23 34 25 6 11 22 20 37 29 17 16 18 15 4 35 31 26 21 7 33 13 9 24 27 8 39 10 30 3 32 1 14 0
0 10 25 1 39 14 35 26 30 2 9 4 16 3 29 5 13 36 27 23 19 8 7 11 21 31 32 17 37 22 38 20 15 28 18 33 12 34 24 6 0
0 9 21 22 38 36 2 30 3 15 33 23 17 35 6 25 16 28 27 14 5 19 20 31 37 29 26 7 34 13 10 11 8 39 1 32 24 4 18 12 0
0 36 5 28 6 10 32 18 14 15 23 39 33 22 37 2 9 29 25 21 13 11 34 17 19 1 8 26 30 38 4 35 27 3 20 7 24 16 31 12 0
0 24 25 36 6 21 35 31 4 14 8 32 9 34 18 19 7 23 3 20 37 33 26 11 22 38 16 17 13 15 29 28 27 1 5 39 10 30 2 12 0
0 25 12 1 5 21 16 10 27 35 37 28 34 14 26 6 23 11 38 29 4 22 2 24 19 31 18 33 9 30 7 20 13 15 3 32 17 36 39 8 0
0 7 9 29 20 35 21 31 18 8 25 28 38 19 36 5 14 37 1 26 2 32 33 27 13 11 39 17 3 10 16 12 15 6 34 4 30 23 24 22 0
0 26 21 25 5 23 10 28 7 15 38 11 24 19 9 4 35 17 37 14 31 18 29 22 30 13 6 39 33 12 27 8 32 2 20 34 3 1 16 36 0
0 32 7 20 33 24 12 11 5 18 3 28 36 34 13 10 14 29 8 9 27 16 2 19 21 4 35 6 25 38 30 15 39 23 1 26 31 17 37 22 0
0 30 39 11 25 4 16 33 2 19 22 14 26 36 27 29 18 13 31 17 12 8 24 3 21 38 35 15 9 23 32 10 5 37 34 6 20 1 28 7 0
0 19 26 20 21 36 31 22 3 13 8 25 38 18 11 6 1 30 15 12 23 2 39 33 4 16 29 35 24 32 37 28 17 10 34 7 9 14 5 27 0
0 24 34 25 35 31 29 12 36 23 8 27 2 3 26 28 14 21 38 18 39 32 16 4 30 1 7 5 37 15 9 19 22 11 13 10 17 20 33 6 0
0 19 24 18 21 23 33 12 27 22 20 16 7 29 39 10 25 4 13 15 17 5 2 6 3 34 28 26 8 32 36 30 37 14 11 9 1 35 38 31 0
0 17 19 11 16 22 29 7 31 36 24 23 33 30 2 1 28 25 10 18 27 3 32 38 13 20 34 35 4 5 21 15 39 6 12 9 8 14 37 26 0
0 7 23 6 8 38 14 4 3 16 10 9 33 32 34 17 36 22 19 21 1 18 15 35 25 26 2 24 13 12 29 39 30 28 11 37 31 27 5 20 0
0 19 6 28 36 32 31 39 17 30 33 24 5 4 3 18 12 11 38 7 23 35 29 13 21 37 14 15 9 8 22 26 25 10 27 2 34 16 20 1 0
0 27 22 21 4 36 19 17 9 35 1 13 24 3 20 2 32 23 33 8 39 10 34 26 16 11 30 5 14 25 7 37 38 12 18 15 29 28 31 6 0
0 31 3 7 37 14 6 1 24 33 11 13 9 8 39 29 38 21 4 16 22 34 19 25 27 32 2 18 35 28 20 23 30 5 12 10 15 26 17 36 0
0 22 16 25 33 26 14 3 32 12 27 18 6 2 8 34 9 20 17 23 29 36 19 38 37 39 35 30 21 10 28 11 31 15 4 7 13 1 24 5 0
0 3 20 1 36 35 37 23 30 24 15 34 11 14 28 12 25 2 38 19 6 32 21 26 39 9 29 4 5 18 31 16 33 22 8 13 17 10 27 7 0
0 15 2 37 1 9 18 11 16 22 14 4 26 36 13 5 28 32 38 24 29 8 10 31 33 19 23 25 27 17 39 35 20 3 34 7 12 30 6 21 0
0 23 32 38 12 14 15 6 3 20 31 33 16 29 39 1 36 17 4 7 24 26 30 5 19 37 2 11 22 13 8 10 25 28 27 34 9 35 18 21 0
0 35 4 6 21 14 36 1 27 38 16 3 28 23 32 25 7 34 33 9 30 26 15 20 24 17 31 29 13 2 39 5 18 12 11 8 19 37 22 10 0
0 7 14 19 9 36 15 38 3 16 18 1 11 8 4 22 12 37 30 24 39 34 26 31 21 17 2 32 25 23 35 10 20 13 28 33 6 29 5 27 0
0 2 19 26 31 24 37 6 10 27 15 33 20 9 23 1 4 39 12 8 38 35 32 5 36 22 16 34 17 29 7 25 11 3 18 21 30 14 28 13 0
0 20 35 36 33 26 7 39 1 32 29 31 8 28 14 37 25 17 10 19 38 9 13 5 18 30 6 11 21 24 22 15 4 34 23 27 3 2 12 16 0
0 32 33 25 38 14 26 3 20 27 18 2 36 22 37 28 12 11 13 39 9 19 29 5 21 31 30 4 6 34 23 8 35 10 24 16 7 17 1 15 0
0 4 1 9 18 15 31 7 3 38 26 23 33 29 25 36 34 32 35 22 21 16 30 5 11 13 24 20 6 39 10 17 27 19 12 8 2 14 28 37 0
0 10 34 3 21 6 19 14 1 20 12 24 17 32 16 11 18 5 25 27 28 8 36 39 4 2 33 22 38 29 37 35 26 31 23 9 7 30 13 15 0
0 4 6 3 23 32 10 14 5 13 26 18 35 16 29 33 7 19 25 38 39 15 24 21 17 11 8 36 37 22 27 28 12 2 30 9 31 34 20 1 0
0 39 34 27 20 4 7 6 23 32 38 2 5 33 35 37 31 17 15 28 25 22 11 18 3 10 19 9 36 21 8 16 24 1 30 12 14 29 26 13 0
0 27 17 28 21 16 18 20 38 33 24 14 34 19 36 26 25 15 39 22 13 1 35 32 2 3 31 9 11 7 10 23 6 4 12 5 8 30 29 37 0
0 24 15 30 13 18 28 39 14 34 27 37 36 8 32 25 2 5 17 26 16 6 10 35 38 11 7 1 9 4 31 22 3 21 20 29 12 23 33 19 0
0 30 15 6 33 26 28 14 23 7 25 24 22 21 20 3 37 10 32 9 34 12 29 18 27 2 16 11 36 17 19 4 39 31 13 1 8 5 38 35 0
0 13 26 25 12 37 28 31 6 36 1 8 21 32 18 3 35 24 7 30 15 23 22 38 4 27 2 5 20 33 39 14 17 29 16 34 19 11 10 9 0
0 38 18 37 13 9 3 31 33 5 2 1 27 35 25 8 26 11 30 17 24 19 22 15 10 36 4 12 32 23 16 34 29 28 6 21 20 39 7 14 0
0 20 11 35 15 18 7 2 36 22 24 25 21 6 29 34 3 12 16 33 30 32 4 31 17 27 13 9 1 10 26 8 28 14 39 19 5 38 23 37 0
0 36 8 9 39 16 13 5 30 22 28 1 2 24 11 4 33 35 14 37 7 6 34 18 26 12 10 27 31 29 32 19 15 3 23 21 25 38 17 20 0
0 9 29 35 37 33 28 15 13 18 3 10 2 6 12 32 14 22 17 39 1 8 38 21 31 19 20 24 27 25 11 36 7 4 23 16 5 34 30 26 0
0 36 4 28 38 13 1 21 20 7 9 35 25 32 11 17 27 26 6 10 8 34 18 22 12 24 37 14 33 15 2 16 30 5 23 3 19 29 31 39 0
0 11 3 8 16 6 21 4 13 34 26 30 10 35 32 27 12 36 18 29 19 24 22 5 33 15 28 17 39 7 37 14 23 38 31 20 25 2 9 1 0
0 32 29 3 9 20 24 5 17 8 39 38 37 31 18 36 1 2 11 15 33 10 27 14 12 34 7 22 23 26 13 25 35 16 6 19 30 21 4 28 0
0 2 34 10 23 35 4 33 20 16 13 9 1 7 38 18 15 12 6 22 5 19 17 28 21 36 31 29 26 37 25 27 30 39 14 3 24 8 11 32 0
0 24 10 11 33 19 32 39 29 15 34 30 7 5 35 36 9 20 6 2 37 16 1 12 17 23 26 22 28 8 14 3 13 4 25 38 27 18 21 31 0
0 21 39 12 17 3 19 16 28 25 2 22 27 8 6 26 1 14 11 10 31 5 7 36 23 35 4 20 37 33 30 29 13 38 34 9 18 15 24 32 0
0 36 3 11 13 9 8 21 2 22 32 29 20 7 19 6 23 28 34 27 25 10 35 39 5 24 4 15 1 17 33 30 16 38 37 14 26 18 12 31 0
0 35 32 9 14 25 30 39 3 12 38 36 7 34 13 37 11 15 1 19 23 21 31 24 10 29 33 8 6 5 17 4 22 27 2 28 20 18 26 16 0
0 6 18 21 33 5 35 34 12 22 30 23 28 39 31 29 4 2 9 38 8 10 20 32 7 26 25 24 16 37 3 17 19 36 11 14 13 15 27 1 0
0 25 34 6 29 23 11 16 39 5 35 28 19 8 13 12 21 33 2 10 31 32 27 3 26 38 36 18 22 14 30 20 17 15 9 1 4 7 24 37 0
0 5 37 20 19 2 32 17 29 30 4 25 13 33 16 3 1 23 8 10 34 31 21 26 28 22 11 7 24 38 9 35 27 18 12 6 36 15 39 14 0
0 25 9 21 35 30 31 36 11 23 38 14 10 27 15 12 7 26 8 17 4 39 37 34 29 19 24 2 28 5 3 1 6 16 32 18 20 22 13 33 0
0 37 1 7 28 11 8 6 39 29 22 15 9 24 25 17 32 33 38 36 5 10 3 13 2 26 16 18 19 30 35 12 4 27 34 23 20 31 21 14 0
0 6 19 12 38 2 7 4 26 20 27 13 22 11 32 23 5 31 3 36 37 24 16 9 33 35 29 25 15 30 10 28 18 1 14 8 39 17 34 21 0
0 18 20 39 9 17 23 35 5 19 36 37 26 8 21 3 29 38 27 33 31 14 7 11 1 4 10 6 15 22 30 13 34 16 28 2 12 32 25 24 0
0 15 11 1 9 6 3 7 34 21 36 31 4 28 24 35 26 27 39 13 23 29 16 25 32 20 8 19 18 38 12 33 30 10 37 14 22 5 17 2 0
0 35 2 1 5 8 9 25 37 33 11 38 16 3 22 13 30 39 18 15 7 20 12 36 14 19 21 10 26 4 29 31 17 32 27 34 24 6 28 23 0
0 10 20 31 11 26 5 13 33 34 1 27 23 30 39 12 28 38 25 15 24 18 4 35 16 8 21 29 7 2 37 17 6 3 32 36 19 22 9 14 0
0 19 11 38 33 27 37 22 10 23 25 9 6 18 39 1 28 31 16 7 20 14 32 36 15 34 17 5 21 29 8 26 24 30 35 13 12 2 3 4 0
0 32 22 19 6 28 13 38 5 35 31 14 27 12 16 33 7 3 34 1 9 21 8 36 29 17 26 39 25 37 18 11 20 30 15 2 24 23 4 10 0
0 6 21 29 25 4 10 20 38 39 36 33 3 11 34 26 16 8 28 23 9 1 19 14 15 22 24 13 35 27 18 7 37 31 5 30 32 17 2 12 0
0 34 35 2 9 24 33 31 32 12 16 14 23 13 7 21 17 20 5 11 29 15 19 38 27 39 37 36 22 28 10 26 18 6 30 8 25 3 1 4 0
0 10 5 3 15 22 21 26 12 11 9 25 4 35 19 6 2 23 18 28 36 32 33 14 38 29 13 34 27 17 31 8 20 39 37 16 24 30 1 7 0
0 4 33 27 7 23 8 1 25 10 24 22 13 6 3 30 9 18 17 26 21 11 38 19 36 28 2 37 20 29 32 39 12 34 15 5 16 35 31 14 0
0 7 31 16 33 17 25 37 28 3 32 20 5 30 11 27 19 21 22 35 4 15 38 39 29 6 18 26 13 9 10 36 8 1 34 23 24 14 12 2 0
0 21 39 13 18 16 23 24 7 10 19 27 17 6 11 22 15 31 20 33 4 30 25 5 29 35 36 32 38 14 3 12 26 34 1 28 8 9 37 2 0
0 20 16 19 21 26 35 18 1 31 12 39 17 4 37 6 24 22 33 11 27 29 14 13 15 38 9 30 25 10 36 7 5 28 34 8 23 32 3 2 0
0 28 31 29 35 30 10 17 9 34 20 16 32 22 12 37 8 7 18 23 6 5 24 3 19 26 11 38 36 39 27 25 15 1 14 2 4 21 13 33 0
0 26 37 28 7 16 2 34 25 38 4 21 31 9 22 1 35 14 15 13 23 8 20 18 30 11 12 10 33 6 5 32 17 3 39 29 19 24 36 27 0
0 14 7 11 23 1 34 3 10 31 6 25 27 15 20 26 2 39 32 22 16 19 13 9 36 5 12 29 8 4 30 24 21 37 28 38 33 17 18 35 0
0 12 20 13 1 22 5 15 29 24 6 11 16 18 9 4 31 37 32 7 23 3 25 21 30 35 28 26 36 27 39 10 17 2 33 19 14 38 34 8 0
0 26 16 11 36 31 32 35 2 23 20 38 18 8 34 22 3 27 39 33 28 14 30 12 21 17 6 29 24 9 25 1 5 7 13 4 10 19 15 37 0
0 17 25 6 37 20 15 10 8 4 1 38 22 28 18 36 3 14 16 34 7 24 30 2 35 32 5 26 39 11 21 31 29 12 23 19 13 33 27 9 0
0 11 7 6 12 27 1 19 32 14 25 15 34 17 22 36 37 5 16 20 31 18 3 21 4 23 30 9 2 24 39 33 29 8 10 13 38 26 28 35 0
0 29 23 10 15 5 3 39 20 22 13 11 37 1 12 28 8 4 14 27 19 21 6 31 36 25 18 16 32 24 34 9 17 30 26 33 7 2 38 35 0
0 12 27 30 29 15 26 22 9 35 11 21 16 18 36 4 28 34 33 7 10 13 6 32 39 19 1 24 2 8 17 5 38 3 23 14 20 31 37 25 0
0 39 27 21 25 30 14 15 34 13 23 9 10 16 4 35 8 17 29 22 28 38 37 24 31 36 1 33 12 26 7 5 20 11 6 32 18 3 2 19 0
0 8 28 37 3 2 39 5 11 21 34 17 36 27 9 6 35 20 38 32 33 13 31 24 25 10 1 22 14 7 30 26 29 19 16 23 12 15 18 4 0
0 30 8 20 5 33 9 29 23 6 22 18 12 36 3 2 37 39 13 26 25 11 38 32 15 4 19 14 7 34 1 17 21 28 10 27 16 31 24 35 0
0 29 11 32 15 1 17 27 19 10 7 33 36 35 18 37 5 14 25 26 2 20 24 38 39 28 16 9 22 4 34 21 12 23 3 30 13 8 31 6 0
0 2 34 22 20 6 11 21 9 15 7 12 3 10 31 26 4 17 23 32 8 19 27 35 36 39 1 38 25 13 5 16 18 24 30 29 33 37 14 28 0
0 36 9 11 10 6 30 18 20 22 3 35 7 39 19 29 28 37 2 16 31 23 25 24 13 12 4 17 26 15 38 32 8 27 14 34 5 1 33 21 0
0 1 11 5 35 7 36 14 22 23 24 34 8 6 12 13 21 30 29 33 20 10 25 27 17 31 18 9 38 26 16 19 37 32 3 15 39 28 2 4 0
0 21 29 9 24 10 25 20 33 26 12 23 2 31 6 19 34 5 39 30 36 15 13 11 1 18 4 27 35 14 38 37 3 16 22 8 28 17 32 7 0
0 1 24 11 7 18 38 27 30 28 9 35 10 31 37 17 16 29 4 13 25 39 34 8 33 15 2 6 26 22 5 21 19 3 14 32 36 20 23 12 0
0 13 19 9 16 34 20 10 6 27 5 35 26 36 28 24 12 4 18 21 37 38 33 7 29 23 32 1 2 8 22 17 11 15 39 30 25 31 14 3 0
0 18 12 29 13 22 8 19 15 32 37 11 30 33 35 5 31 1 2 36 39 26 38 10 3 20 7 6 4 27 17 16 21 23 28 14 24 34 25 9 0
0 21 1 32 3 34 19 18 15 37 17 31 13 26 22 6 27 20 35 4 10 9 30 33 24 36 39 28 16 5 23 14 29 7 25 11 12 8 2 38 0
0 33 24 27 22 30 12 11 28 1 29 38 32 20 37 25 14 3 9 16 13 21 5 23 15 6 35 7 26 34 2 39 31 8 4 36 19 17 18 10 0
0 36 33 31 10 7 5 12 19 11 21 28 32 2 26 22 18 27 24 15 16 14 35 20 8 39 3 38 17 1 34 37 25 4 13 6 23 30 9 29 0
0 39 22 26 15 32 28 34 4 19 8 12 27 24 25 13 21 5 29 23 38 36 3 14 6 10 20 16 7 37 31 9 30 2 35 1 18 17 11 33 0
0 11 12 24 3 26 5 7 39 38 19 16 10 4 2 32 30 8 25 27 31 35 23 21 37 1 22 33 17 9 15 20 34 14 36 28 18 29 13 6 0
0 17 3 2 33 36 18 28 19 35 7 1 22 4 6 25 34 37 5 16 23 27 15 20 14 38 13 9 12 21 24 32 29 30 26 11 31 39 10 8 0
0 29 18 23 32 39 30 31 17 12 14 34 6 15 2 9 37 7 10 19 27 33 26 35 4 13 5 28 21 24 8 1 25 22 38 3 16 11 20 36 0
0 28 23 11 17 29 26 31 18 35 14 7 5 16 34 22 1 13 10 3 32 8 19 21 15 24 25 36 39 27 33 37 20 12 4 30 9 38 6 2 0
0 28 4 10 9 21 23 20 27 33 26 36 34 29 25 39 32 11 1 14 30 8 6 31 12 7 18 5 35 22 16 2 19 17 13 3 24 38 37 15 0
0 30 26 16 13 21 24 35 20 33 5 25 23 27 2 4 32 17 28 39 34 38 36 29 3 18 8 11 37 15 14 12 1 31 19 22 6 7 9 10 0
0 36 8 13 20 21 9 16 37 29 33 18 11 38 28 5 35 25 12 22 32 26 30 2 39 27 19 3 17 31 14 1 24 4 34 7 6 23 10 15 0
0 11 22 20 8 34 32 5 16 36 18 31 2 3 35 17 12 29 13 38 7 1 33 21 37 28 14 27 19 9 30 23 24 4 6 26 25 15 39 10 0
0 26 2 22 21 12 14 33 27 28 35 15 38 34 11 30 25 7 36 37 23 32 5 24 4 20 19 17 13 16 8 10 9 1 18 31 29 39 3 6 0
0 9 32 13 39 31 36 27 34 23 35 2 15 16 3 25 4 18 14 11 33 7 17 22 30 8 20 19 12 1 10 26 37 6 29 38 24 28 21 5 0
0 33 13 18 7 17 3 25 8 39 19 38 26 6 4 11 1 34 32 15 36 5 30 22 9 31 29 20 10 21 27 16 28 23 35 24 12 37 2 14 0
0 16 28 15 22 6 13 5 26 18 36 31 12 2 4 32 25 3 37 19 23 9 38 34 21 14 8 7 10 17 20 11 39 29 1 30 24 35 33 27 0
0 17 20 38 12 8 25 30 23 31 32 19 27 3 15 1 2 10 18 24 35 13 26 14 4 36 9 5 11 7 6 22 33 28 21 39 37 29 16 34 0
0 38 24 31 11 17 36 30 20 29 37 10 16 7 27 15 32 19 39 26 35 33 18 28 12 21 4 14 5 13 3 2 9 23 8 25 6 22 34 1 0
0 29 17 4 26 12 6 21 15 34 23 30 25 14 1 16 9 10 24 31 27 19 33 5 36 11 8 38 28 2 39 13 35 3 20 18 32 22 37 7 0
0 6 5 37 12 13 26 24 8 7 10 19 39 28 36 18 33 15 31 3 2 11 4 25 17 34 16 35 32 21 20 30 27 14 29 1 9 23 22 38 0
0 23 5 16 22 37 17 1 30 6 3 26 18 25 20 11 35 34 14 38 36 13 10 7 29 12 27 39 32 31 24 4 15 9 19 28 33 21 2 8 0
0 28 30 35 26 15 37 17 22 27 11 8 12 5 20 10 34 7 9 14 4 13 24 18 25 33 32 2 23 29 38 6 1 16 21 39 31 36 19 3 0
0 15 12 35 27 29 20 31 4 26 8 11 16 13 6 32 7 19 24 18 37 14 36 2 39 10 30 34 17 33 23 38 25 21 3 22 5 9 1 28 0
0 29 38 4 21 15 8 34 35 19 23 3 22 14 6 31 39 11 16 24 10 36 30 20 5 13 2 26 7 37 32 25 1 12 27 9 18 33 17 28 0
0 33 39 3 1 27 29 20 8 24 9 31 22 11 16 2 36 34 7 10 23 5 14 6 12 37 4 26 35 38 30 25 19 21 18 15 13 28 17 32 0
0 18 30 33 10 4 38 25 14 35 37 1 15 9 26 7 36 32 11 13 17 39 31 3 8 6 24 28 27 12 23 21 20 19 5 16 34 29 2 22 0
0 6 15 26 34 37 35 30 39 10 11 27 19 4 20 21 22 2 8 3 7 1 5 38 32 9 24 36 31 17 12 23 29 14 33 25 16 13 28 18 0
0 11 5 24 25 30 35 7 15 36 32 3 1 9 10 19 23 18 22 12 28 16 38 39 34 17 29 8 33 27 13 26 21 20 2 37 6 4 31 14 0
0 13 2 22 14 21 12 18 10 15 4 17 9 8 26 25 37 33 27 36 28 5 11 7 32 3 29 20 16 30 38 31 35 24 1 34 39 23 6 19 0
0 20 1 30 18 10 29 28 33 38 22 12 6 19 5 15 13 37 14 7 23 31 2 9 25 17 36 24 39 34 4 27 11 35 21 16 26 32 8 3 0
0 26 14 6 21 32 22 16 8 19 1 25 9 39 33 2 11 35 23 3 20 4 13 31 5 36 38 24 12 27 15 28 34 30 7 18 17 29 37 10 0
0 4 16 39 3 14 26 36 24 31 34 32 28 37 10 33 27 12 25 2 38 7 22 21 11 19 5 29 15 6 20 23 17 8 9 30 13 1 18 35 0
0 22 32 30 16 11 29 35 9 37 24 25 7 2 3 20 15 26 28 36 27 39 33 1 8 10 4 34 31 19 18 17 5 13 14 12 38 23 6 21 0
0 15 11 38 6 28 23 17 3 31 16 19 27 32 34 13 39 25 12 26 36 20 9 10 5 1 2 24 37 35 14 29 18 33 8 30 7 4 22 21 0
0 33 4 8 32 36 21 24 15 11 5 14 13 18 9 34 23 26 2 10 37 3 39 38 6 25 19 28 31 20 1 22 35 29 12 17 30 27 16 7 0
0 24 30 39 22 29 28 8 23 10 18 35 3 26 2 27 38 34 31 16 17 33 12 21 37 15 9 13 4 32 11 14 6 7 20 25 19 5 1 36 0
0 11 6 35 3 15 25 10 1 23 7 19 8 4 12 26 28 30 29 34 38 36 33 24 37 31 9 21 32 2 14 18 13 16 20 39 17 27 22 5 0
0 21 16 4 22 32 20 7 6 34 39 18 2 5 38 15 8 31 3 37 30 23 28 10 33 13 19 14 1 35 9 36 29 27 24 12 17 26 11 25 0
0 35 29 21 33 24 22 14 34 26 36 39 3 15 17 13 2 37 5 20 11 8 38 16 25 10 6 27 31 19 7 28 4 1 18 32 23 12 9 30 0
0 31 12 14 18 39 9 2 5 34 13 29 27 20 28 6 26 30 22 8 16 19 23 21 36 4 24 17 37 25 1 33 35 32 38 15 11 10 7 3 0
0 19 4 6 30 39 2 15 36 29 5 34 3 16 14 38 1 37 26 17 25 20 9 8 7 23 28 27 10 32 31 24 21 12 33 18 35 11 22 13 0
0 17 7 15 38 39 35 6 16 5 13 9 31 12 11 30 33 26 20 27 32 10 19 37 29 2 14 23 3 36 28 22 21 1 4 25 34 24 8 18 0
0 7 23 15 14 3 17 13 12 19 10 18 32 8 34 37 26 16 28 22 36 33 27 6 20 1 9 31 2 25 30 4 29 24 35 38 21 39 11 5 0
0 25 2 35 34 21 37 31 30 1 20 26 10 24 11 3 36 13 32 19 14 5 9 15 18 17 4 6 22 16 39 33 8 29 27 12 38 23 28 7 0
0 31 12 19 30 10 20 15 33 14 18 9 2 13 1 32 5 36 27 39 37 4 24 16 26 29 8 25 28 35 23 6 11 17 38 7 22 34 21 3 0
0 38 7 12 32 31 17 4 16 5 3 8 29 27 24 20 36 25 18 14 13 39 26 11 28 33 10 6 2 35 22 37 30 1 19 9 21 23 34 15 0
0 2 12 3 39 29 9 13 10 36 7 6 27 14 28 5 21 23 1 32 19 17 25 20 38 34 16 4 24 15 8 35 31 33 37 22 30 26 18 11 0
0 25 23 24 30 21 29 32 35 38 6 15 12 9 36 8 13 37 20 2 5 27 4 33 22 17 26 11 34 3 14 19 31 39 10 7 28 1 16 18 0
0 25 27 23 18 33 20 3 31 9 38 8 16 28 14 2 26 17 10 11 5 36 24 22 12 15 7 19 6 32 4 37 34 39 30 29 13 35 21 1 0
0 7 9 11 19 1 36 39 34 29 28 2 3 20 12 15 37 35 21 33 27 30 17 13 4 25 16 24 26 18 23 31 38 22 8 32 14 5 10 6 0
0 38 14 27 19 16 23 37 7 26 12 13 5 34 6 15 2 32 4 11 36 8 22 20 25 17 18 29 31 24 9 10 33 21 1 28 30 39 3 35 0
0 15 6 26 35 21 13 10 33 30 7 19 31 5 39 8 32 25 1 12 16 4 9 20 17 18 23 11 22 27 34 24 38 29 28 2 37 36 3 14 0
0 38 24 34 29 15 17 18 19 37 2 7 16 6 30 4 1 9 35 13 12 39 31 26 36 8 27 23 28 21 25 22 32 11 33 3 10 5 20 14 0
0 16 35 26 24 13 38 20 18 39 30 2 29 17 31 1 22 9 27 25 37 32 5 34 15 10 28 7 6 33 4 19 3 14 11 21 36 8 23 12 0
0 36 20 34 37 27 25 4 24 18 6 11 26 29 17 7 33 39 14 13 22 31 30 28 35 1 5 3 15 32 8 23 21 9 2 19 10 38 16 12 0
0 4 38 9 7 1 35 29 8 6 20 14 3 31 2 34 25 13 16 21 18 39 30 10 28 36 26 19 5 24 12 17 37 23 27 32 33 15 11 22 0
0 18 12 13 8 19 39 23 7 15 27 34 10 16 31 28 11 5 24 35 26 20 25 1 9 33 32 4 30 6 2 22 38 29 17 14 36 37 3 21 0
0 1 16 23 7 31 3 27 28 11 18 33 12 4 5 20 32 21 2 19 22 37 10 24 9 35 36 26 39 13 38 17 34 6 30 25 15 8 14 29 0
0 37 14 13 36 11 23 8 28 1 22 25 26 30 21 19 31 10 7 9 38 2 35 16 15 4 33 39 6 18 24 3 17 32 27 5 29 12 20 34 0
0 28 11 3 38 9 13 14 24 39 21 35 19 20 37 15 17 22 5 25 26 6 23 34 16 4 7 8 30 33 1 10 27 12 31 2 29 18 32 36 0
0 34 7 24 35 5 37 30 17 14 10 3 21 31 32 16 29 12 13 25 2 36 18 11 8 1 38 6 20 33 27 26 23 39 19 22 15 4 9 28 0
0 33 29 5 37 4 21 14 34 6 22 30 23 18 36 35 8 11 31 24 2 7 10 32 19 9 27 15 12 39 13 17 25 16 26 1 28 3 20 38 0
0 27 21 36 11 22 23 26 5 6 15 14 18 29 25 31 34 20 37 28 35 12 8 24 33 10 17 30 32 1 7 19 39 13 38 3 4 9 2 16 0
0 38 31 10 24 14 26 36 22 25 37 7 12 20 11 27 2 21 19 15 3 28 29 16 23 34 5 35 30 9 1 39 13 8 18 33 32 17 4 6 0
0 36 32 19 24 5 30 38 31 16 35 12 13 28 33 25 6 2 18 9 34 14 22 39 37 23 15 1 21 27 8 3 26 10 20 29 17 7 4 11 0
0 3 9 5 16 28 2 39 1 30 35 26 25 21 34 10 7 27 36 31 15 8 17 4 12 14 20 29 23 13 6 22 11 33 19 38 32 18 24 37 0
0 11 2 34 9 6 22 10 25 16 29 20 14 19 26 15 32 4 28 37 12 27 30 5 1 38 36 18 39 17 13 7 33 23 8 35 24 3 21 31 0
0 33 25 28 32 18 21 5 15 16 29 36 30 2 31 9 1 20 11 24 12 19 26 3 10 38 8 22 23 27 37 35 13 17 14 6 4 39 34 7 0
0 26 16 37 32 9 31 29 4 30 23 14 34 10 33 17 28 21 27 5 38 13 8 35 19 25 12 3 18 2 24 20 39 7 36 15 1 6 11 22 0
0 30 33 2 26 16 10 1 23 7 5 12 20 3 8 19 17 24 25 39 27 22 34 38 35 31 37 32 29 15 21 11 14 6 18 36 4 13 9 28 0
0 5 1 17 26 29 21 11 4 15 9 22 39 30 25 18 14 23 6 19 13 35 24 28 20 36 8 16 37 27 3 7 33 31 12 10 34 32 38 2 0
0 37 6 28 22 17 7 32 15 1 36 39 21 3 2 8 31 5 14 13 12 30 18 9 23 35 11 26 20 16 29 24 10 25 19 34 38 33 27 4 0
0 27 5 35 34 11 33 15 21 36 12 24 29 6 3 23 4 13 9 8 16 39 31 37 17 2 1 25 10 28 18 26 7 14 38 22 30 20 32 19 0
0 39 29 5 13 8 3 33 7 26 36 4 38 16 6 37 23 17 12 20 1 14 19 25 28 34 11 31 21 30 27 9 15 2 32 22 10 35 24 18 0
0 23 1 16 24 38 33 8 14 32 27 15 35 31 30 21 19 20 2 25 36 5 4 12 34 22 13 17 18 37 29 6 39 9 11 26 3 28 7 10 0
0 38 17 20 35 16 34 5 30 31 27 29 28 14 39 33 1 8 7 2 25 22 21 18 12 11 24 23 15 36 37 32 3 4 9 6 19 26 10 13 0
0 37 20 7 33 32 29 10 11 15 13 3 19 24 23 5 14 4 21 6 25 16 1 8 17 27 30 38 35 12 31 36 9 22 2 26 39 34 28 18 0
0 3 15 30 32 10 5 19 16 21 13 18 39 1 7 6 12 31 37 17 28 22 38 25 33 9 20 24 8 4 29 26 11 34 35 2 14 36 23 27 0
0 31 3 22 5 23 30 15 10 2 26 1 28 8 18 38 33 20 32 4 39 19 27 7 9 16 12 29 36 25 37 14 34 35 17 6 24 11 13 21 0
0 4 17 12 10 13 39 37 2 26 20 3 30 16 33 31 6 11 8 19 9 21 36 27 25 1 38 18 28 15 24 35 5 7 23 29 34 32 14 22 0
0 37 34 36 32 16 2 35 27 7 14 30 38 3 8 4 11 1 39 5 33 13 21 15 28 12 26 22 23 20 25 24 17 19 10 9 18 31 29 6 0
0 15 31 36 12 7 35 13 1 37 18 14 9 20 26 39 25 11 19 3 34 8 5 38 32 6 24 2 22 27 30 16 10 17 29 28 21 23 33 4 0
0 39 36 7 38 9 28 27 17 15 24 25 2 22 8 5 16 13 31 23 19 21 30 26 10 35 12 18 11 32 6 29 34 3 37 4 14 33 20 1 0
0 25 34 15 37 39 24 23 2 38 35 4 16 20 17 6 8 36 32 5 10 29 14 13 26 22 28 19 3 12 1 18 11 33 9 21 31 27 7 30 0
0 27 21 24 1 32 28 31 3 38 34 6 17 26 18 13 35 9 4 2 33 29 36 15 25 16 10 22 5 12 8 37 20 23 11 19 30 7 14 39 0
0 8 4 11 38 28 39 15 22 27 7 10 17 35 32 16 12 33 14 37 23 1 31 20 13 26 30 9 3 5 2 19 21 24 18 25 6 34 36 29 0
0 3 30 19 6 11 9 12 33 35 31 26 7 32 13 37 22 10 27 21 17 25 1 4 20 38 29 14 39 15 23 16 28 2 18 36 8 24 5 34 0
0 14 5 18 19 34 6 25 22 10 30 9 35 3 8 2 1 31 11 36 38 39 24 26 37 17 21 4 16 12 28 32 13 15 27 29 7 23 20 33 0
0 16 35 28 30 39 19 22 27 14 5 25 13 33 2 8 36 31 15 20 24 9 29 38 34 3 4 7 32 26 18 37 6 21 23 11 12 1 10 17 0
0 23 31 28 2 29 36 38 25 19 26 8 27 3 20 37 9 6 16 22 39 11 34 10 35 12 4 15 14 13 21 7 30 33 1 24 18 17 32 5 0
0 10 24 2 3 5 31 9 11 15 1 20 35 27 16 39 18 30 37 13 12 19 14 6 8 38 29 17 25 36 23 32 26 34 21 33 22 28 7 4 0
0 31 23 27 7 33 11 35 16 6 38 2 10 37 14 26 17 3 8 5 19 30 32 1 25 18 13 36 20 28 12 29 34 39 22 4 24 9 21 15 0
0 29 13 21 22 36 32 37 6 5 35 11 12 28 7 16 2 34 1 8 38 19 18 27 39 33 15 26 3 10 9 25 4 30 31 23 17 14 24 20 0
0 39 24 33 17 37 23 38 8 27 16 25 20 31 1 19 35 10 13 36 11 18 15 14 22 6 2 26 30 21 28 7 4 3 5 9 34 32 29 12 0
0 21 16 1 30 23 26 39 11 22 19 14 17 12 13 32 6 38 24 25 33 3 8 4 27 35 9 15 20 28 10 36 34 37 5 29 2 31 18 7 0
0 34 6 11 23 8 12 35 22 32 28 19 29 31 38 13 1 15 24 18 7 9 21 26 37 25 14 16 5 20 3 39 36 2 33 4 17 27 30 10 0
0 27 39 6 12 38 24 35 18 36 26 14 33 5 34 4 3 25 2 15 28 29 7 19 23 30 17 20 37 22 32 11 31 10 9 8 1 21 16 13 0
0 32 21 28 6 24 34 11 4 22 12 8 17 31 26 30 13 15 14 36 20 29 25 10 23 9 37 19 16 33 2 38 39 7 35 5 27 3 18 1 0
0 1 27 8 24 26 39 15 9 22 30 14 13 31 12 35 17 21 11 23 4 18 5 16 25 38 3 19 7 37 33 34 32 36 10 2 28 29 20 6 0
0 6 14 18 16 32 19 4 36 25 9 1 15 29 28 12 33 11 20 13 5 7 39 30 10 17 8 22 23 26 2 37 24 34 31 35 27 38 21 3 0
0 13 12 26 32 8 28 4 35 16 22 19 6 2 38 5 15 18 24 34 25 27 31 10 30 23 14 33 7 37 29 11 21 17 20 1 9 36 3 39 0
0 13 7 19 25 33 3 17 31 39 21 32 16 4 38 36 20 1 23 18 12 29 2 15 34 11 26 28 14 30 22 5 9 27 6 8 10 24 35 37 0
0 13 9 24 28 14 25 34 33 39 6 22 2 8 15 19 7 30 4 17 11 21 23 3 36 5 1 27 18 16 10 20 35 37 26 32 12 38 31 29 0
0 30 21 23 13 1 11 26 8 33 17 14 18 25 2 29 27 12 9 4 28 34 6 7 20 31 39 15 37 36 24 5 16 38 35 3 22 32 10 19 0
0 33 19 12 13 38 15 32 1 25 29 14 4 24 21 3 10 8 11 30 36 27 31 16 22 34 37 18 35 2 9 28 6 23 7 5 17 20 26 39 0
0 36 34 33 2 20 39 37 32 38 15 31 19 26 8 30 23 25 16 22 11 35 18 21 28 14 24 6 4 29 12 17 1 13 5 10 7 9 27 3 0
0 21 13 26 30 6 8 23 2 4 35 29 19 39 38 16 24 9 5 36 37 7 11 14 28 25 15 27 20 32 31 18 1 3 12 22 10 34 33 17 0
0 3 20 6 13 33 10 28 4 8 25 21 29 11 17 26 39 30 15 34 37 7 35 1 24 36 12 14 32 27 2 19 16 31 22 5 23 9 38 18 0
0 38 35 12 8 17 18 5 26 7 34 13 6 30 9 21 32 39 24 23 14 37 4 3 22 15 19 36 20 33 16 27 10 28 11 29 1 31 2 25 0
0 24 15 10 33 38 21 16 14 2 19 36 18 25 20 26 3 11 28 6 37 35 31 23 13 1 17 22 4 27 8 5 32 9 34 39 12 7 29 30 0
0 9 29 11 2 34 24 26 13 6 8 31 28 10 27 36 16 4 21 38 17 7 18 14 30 32 3 19 35 12 37 22 33 5 39 15 23 1 20 25 0
0 29 30 9 20 15 4 1 24 22 5 31 8 11 34 13 16 25 36 23 6 33 2 32 10 14 12 18 17 39 26 3 21 27 28 38 7 35 37 19 0
0 4 29 5 19 14 16 33 2 35 34 39 17 6 1 21 11 18 7 15 27 23 10 13 22 37 3 8 28 25 31 36 9 24 38 26 30 32 12 20 0
0 31 13 35 25 23 9 33 19 22 20 21 2 16 29 12 6 14 7 38 39 3 28 36 10 30 15 37 5 8 17 11 27 24 32 26 18 4 34 1 0
0 36 19 17 21 1 23 33 18 28 14 35 29 34 37 31 4 27 26 3 30 15 5 11 25 8 22 39 38 9 12 24 13 32 16 2 20 7 6 10 0
0 39 20 2 36 27 28 1 33 15 19 4 21 14 5 12 16 13 17 3 22 11 29 35 26 31 18 10 24 25 8 30 9 7 37 6 23 32 34 38 0
0 10 6 8 9 11 4 28 32 20 26 1 37 13 31 2 21 15 3 14 39 36 16 24 30 38 19 18 35 34 23 27 12 29 7 17 33 25 22 5 0
0 4 12 29 26 21 16 33 24 15 5 35 9 39 13 8 36 1 10 14 3 34 30 7 23 28 32 38 25 17 6 37 2 27 20 22 19 31 18 11 0
0 19 14 17 38 36 2 21 33 7 26 27 37 10 30 18 31 34 11 16 5 24 1 4 3 25 12 28 8 23 6 22 20 9 39 15 35 29 32 13 0
0 37 14 20 36 2 8 25 31 23 22 17 27 28 32 1 18 7 29 10 35 26 38 4 19 3 9 24 6 15 34 21 39 30 12 33 16 13 5 11 0
0 7 23 4 32 31 17 37 5 10 35 14 33 24 8 11 20 26 13 3 27 30 6 28 34 36 18 15 29 2 19 25 39 21 22 16 38 1 9 12 0
0 7 25 32 29 3 12 36 17 16 9 4 28 34 24 38 13 27 30 10 1 20 18 21 11 23 37 8 22 15 33 31 6 35 2 5 14 39 26 19 0
0 21 33 13 36 18 7 26 14 19 20 17 1 34 39 2 23 8 10 5 3 30 6 28 27 32 12 24 16 22 38 15 37 11 35 25 9 29 4 31 0
0 30 3 27 23 7 19 29 9 36 28 20 14 4 31 18 22 12 21 16 24 26 6 15 35 8 37 2 33 32 10 11 39 34 38 25 13 17 1 5 0
0 22 1 30 10 15 19 14 12 33 38 11 37 16 3 31 23 13 39 21 35 5 18 27 4 8 6 34 2 25 24 29 7 9 17 28 20 36 32 26 0
0 18 4 3 17 10 1 26 2 33 8 31 30 13 16 23 25 39 6 19 37 32 27 24 14 20 9 36 21 15 5 12 22 35 11 28 29 38 7 34 0
0 6 20 14 39 18 22 19 13 9 36 7 32 33 38 5 17 1 15 27 3 21 30 26 10 34 35 16 31 12 29 4 25 24 37 28 11 8 2 23 0
0 7 33 20 18 2 22 8 9 34 27 25 16 11 15 23 35 3 6 19 13 28 17 31 36 12 30 14 29 1 10 32 5 21 4 26 39 37 38 24 0
0 26 17 15 8 32 5 31 39 4 35 27 14 25 33 2 10 7 24 3 18 37 29 23 34 16 19 9 13 36 38 12 1 22 21 6 30 28 11 20 0
0 38 28 16 3 21 29 24 13 15 5 19 7 9 31 37 8 35 12 2 10 22 6 39 34 30 25 17 26 18 4 1 20 23 27 11 32 36 14 33 0
0 33 32 12 14 15 19 27 7 8 36 37 29 4 24 10 13 16 11 17 6 34 3 28 5 1 39 2 31 20 9 25 26 22 18 35 21 30 23 38 0
0 31 35 17 9 18 11 21 32 7 15 28 26 24 6 12 27 16 1 4 22 8 36 19 20 10 2 13 30 37 23 38 25 29 33 39 3 34 5 14 0
0 12 39 24 27 23 33 9 4 3 28 30 2 15 18 13 11 38 19 10 25 14 21 26 29 37 1 36 17 5 20 34 35 32 8 7 22 6 16 31 0
0 1 6 28 12 20 32 18 35 29 7 17 31 8 19 30 11 27 13 36 3 21 26 9 14 34 15 39 4 23 22 25 38 37 2 24 16 33 5 10 0
0 2 13 14 10 28 5 25 3 27 26 35 30 19 31 1 11 32 6 16 4 39 38 8 29 37 23 9 21 12 34 20 18 22 15 24 33 36 17 7 0
0 14 22 35 9 21 25 4 17 39 33 3 32 37 38 34 31 15 24 11 26 27 19 20 6 23 12 7 36 18 5 16 8 2 10 1 28 30 13 29 0
0 7 35 30 17 39 26 16 6 1 11 25 31 10 12 15 2 24 21 22 9 37 23 3 8 36 18 34 19 28 4 27 13 20 32 5 29 14 38 33 0
0 37 20 17 2 9 5 29 21 32 24 23 13 35 3 31 12 4 19 10 7 27 30 18 1 28 16 36 25 38 14 34 26 11 6 8 22 15 39 33 0
0 32 30 23 35 28 26 39 38 12 34 13 37 9 8 15 16 33 21 5 10 11 22 25 7 2 31 17 3 18 14 6 27 36 4 24 19 20 1 29 0
0 28 19 21 33 3 34 23 36 14 9 10 18 24 17 38 27 29 22 25 2 13 6 39 26 5 35 30 32 7 1 12 15 31 37 8 4 20 11 16 0
0 8 27 35 9 10 13 20 22 39 30 14 25 34 38 15 19 32 11 37 2 5 26 12 7 31 18 24 17 4 23 21 1 3 6 33 28 36 16 29 0
0 12 38 10 1 3 2 28 26 11 24 8 34 20 18 22 9 31 16 33 35 36 15 7 39 14 19 23 37 5 30 13 29 32 4 25 27 17 6 21 0
0 16 33 30 26 12 32 10 19 21 15 6 27 8 5 1 9 25 11 14 38 36 18 28 23 13 20 31 2 35 7 34 29 17 37 24 4 3 39 22 0
0 10 23 11 38 14 8 39 9 28 29 34 5 35 22 3 20 31 33 7 16 25 32 6 27 12 36 17 37 30 15 1 4 2 24 19 26 21 13 18 0
0 33 26 13 20 11 34 24 3 10 1 2 21 36 19 27 8 23 32 7 6 35 17 29 39 18 14 16 4 37 30 22 5 9 31 28 15 38 25 12 0
0 35 6 33 21 19 16 34 24 15 11 18 25 4 2 5 12 27 30 28 37 38 22 14 10 39 20 8 13 36 9 29 1 23 17 3 26 32 7 31 0
0 2 12 38 29 21 10 34 17 6 8 37 4 35 31 25 16 15 5 13 39 22 23 32 33 3 19 7 26 11 30 9 27 20 24 14 36 1 28 18 0
0 2 17 10 8 37 32 1 4 35 34 6 13 12 19 18 11 27 28 38 30 16 21 5 39 7 33 14 36 9 23 3 22 31 25 29 26 20 24 15 0
0 16 34 13 1 9 33 30 10 28 36 20 29 11 23 5 18 15 6 25 37 19 27 8 4 24 7 26 38 2 35 3 39 31 21 32 12 17 14 22 0
0 19 23 36 38 5 11 26 2 16 9 30 6 24 15 20 34 18 35 12 33 8 14 28 17 32 3 39 4 1 7 37 29 10 13 27 22 25 21 31 0
0 19 34 14 24 32 1 4 39 21 23 15 13 20 27 16 12 18 36 6 11 37 10 25 33 30 17 26 8 22 7 35 9 5 38 28 31 2 29 3 0
0 37 2 34 24 5 6 27 1 12 38 18 39 4 3 29 9 17 36 26 15 35 28 25 8 14 16 7 19 13 11 10 30 31 33 20 21 23 32 22 0
0 36 15 24 26 18 11 14 17 16 27 23 1 34 21 4 5 12 19 2 31 29 13 25 39 6 7 38 28 33 30 8 9 20 10 35 22 32 3 37 0
0 15 2 8 23 7 9 19 20 1 25 11 32 21 18 17 35 31 12 27 37 34 33 26 39 28 16 30 22 10 24 38 14 29 5 4 3 6 13 36 0
0 17 3 28 9 31 39 7 35 6 29 26 21 15 5 37 18 36 11 10 2 4 22 33 25 27 34 32 24 12 1 38 8 30 13 20 19 16 23 14 0
0 30 25 27 3 21 1 23 18 14 16 8 24 17 19 37 11 34 2 29 12 28 26 39 6 22 32 20 9 7 15 35 36 10 33 4 13 31 38 5 0
0 20 33 1 26 5 35 6 10 3 12 15 34 7 22 29 36 8 32 2 31 27 4 16 13 28 19 11 24 37 38 9 14 18 25 23 21 30 39 17 0
