# n n_solutions
40 1000
# n x n distance matrix
0 1280 4215 7569 2332 6963 3405 5742 4016 6212 2195 6400 3701 6811 824 2729 4219 3911 3420 2308 9280 2683 4318 6621 6754 5522 5280 316 3569 2844 5400 7335 8490 5456 6780 7382 3551 6242 5100 6016
1280 0 4964 8637 2236 8200 2126 5961 4825 6462 948 7269 2789 7623 632 3769 3106 3101 3668 1431 10526 3423 5434 7034 7925 5464 5462 1581 4743 3900 6296 8523 9708 6720 6931 7788 4504 7481 6152 7249
4215 4964 0 9100 6530 7300 6527 9567 316 9976 5821 8900 7746 9436 4904 5544 8022 8028 7381 4638 9158 1552 2039 10131 7764 9596 9167 3981 2334 5560 7964 8115 8820 5707 10630 10857 1077 6706 2000 4162
7569 8637 9100 0 7294 2561 10555 5903 8786 5793 9261 2193 9340 2451 8005 4870 10300 9154 6161 9876 3601 8509 7273 4972 1500 7082 6053 7397 6768 4743 2687 1612 2501 3577 6389 5135 8041 2720 7930 6242
2332 2236 6530 7294 0 7500 3452 3733 6315 4237 2302 5571 2140 5824 1843 2830 3041 2102 1503 3640 9808 5011 6350 4866 6929 3264 3231 2549 5522 2968 4695 7566 8845 6306 4695 5608 5787 6824 7200 7665
6963 8200 7300 2561 7500 0 10294 7368 7002 7416 9002 4060 9640 4535 7605 4686 10511 9569 6797 9192 2334 7083 5308 6806 1170 8343 7354 6711 5024 4545 3911 1000 1581 1649 8105 7170 6319 721 5805 3848
3405 2126 6527 10555 3452 10294 0 6935 6462 7443 1303 8984 2370 9264 2690 5744 1920 2817 4925 1900 12624 5099 7373 8202 9956 6087 6428 3701 6754 5882 8065 10568 11780 8839 7746 8914 6306 9577 8008 9305
5742 5961 9567 5903 3733 7368 6935 0 9295 509 5966 3712 4816 3580 5500 4205 5755 4440 2332 7373 9300 8203 8732 1392 6356 1280 509 5841 7889 4248 3471 6937 8190 6926 1063 2009 8621 6911 9625 9244
4016 4825 316 8786 6315 7002 6462 9295 0 9700 5703 8586 7595 9124 4729 5249 7905 7864 7128 4589 8884 1403 1772 9841 7454 9349 8902 3769 2022 5263 7653 7810 8528 5403 10358 10564 761 6403 1838 3935
6212 6462 9976 5793 4237 7416 7443 509 9700 0 6475 3605 5308 3400 5993 4548 6239 4925 2817 7877 9264 8637 9073 1000 6363 1655 1018 6300 8237 4579 3505 6923 8149 7085 728 1529 9013 7000 9964 9486
2195 948 5821 9261 2302 9002 1303 5966 5703 6475 0 7736 2059 8041 1421 4441 2202 2441 3805 1627 11334 4301 6378 7156 8653 5280 5457 2505 5691 4579 6800 9265 10480 7569 6862 7891 5423 8287 7085 8193
6400 7269 8900 2193 5571 4060 8984 3712 8586 3605 7736 0 7478 565 6648 3720 8459 7240 4254 8628 5688 7969 7381 2828 2915 4909 3883 6307 6688 3634 1004 3401 4570 4272 4220 3114 7826 3827 8183 7000
3701 2789 7746 9340 2140 9640 2370 4816 7595 5308 2059 7478 0 7648 2901 4964 984 447 3224 3661 11947 6198 8015 6166 9055 3820 4328 4004 7244 5103 6685 9693 10978 8421 5514 6825 7217 8962 8800 9580
6811 7623 9436 2451 5824 4535 9264 3580 9124 3400 8041 565 7648 0 7011 4177 8632 7382 4438 9004 6029 8475 7940 2529 3373 4827 3820 6736 7240 4100 1486 3811 4916 4825 3956 2701 8364 4346 8745 7560
824 632 4904 8005 1843 7605 2690 5500 4729 5993 1421 6648 2901 7011 0 3138 3395 3140 3178 2002 9935 3352 5135 6514 7306 5107 5011 1140 4393 3269 5671 7907 9102 6152 6500 7273 4318 6888 5903 6835
2729 3769 5544 4870 2830 4686 5744 4205 5249 4548 4441 3720 4964 4177 3138 0 5825 4924 2500 5021 7009 4382 4527 4596 4220 4609 3900 2601 3689 141 2716 4841 6087 3492 5247 5315 4527 4000 5420 5223
4219 3106 8022 10300 3041 10511 1920 5755 7905 6239 2202 8459 984 8632 3395 5825 0 1315 4205 3605 12831 6503 8515 7119 9970 4700 5277 4535 7787 5966 7655 10606 11882 9235 6400 7764 7610 9823 9254 10214
3911 3101 8028 9154 2102 9569 2817 4440 7864 4925 2441 7240 447 7382 3140 4924 1315 0 3000 4060 11860 6476 8200 5805 8937 3405 3962 4204 7410 5060 6481 9577 10870 8407 5103 6449 7454 8904 9004 9688
3420 3668 7381 6161 1503 6797 4925 2332 7128 2817 3805 4254 3224 4438 3178 2500 4205 3000 0 5096 9021 5954 6800 3373 6046 2236 1860 3538 5946 2601 3482 6685 7987 5869 3360 4123 6500 6184 7689 7716
2308 1431 4638 9876 3640 9192 1900 7373 4589 7877 1627 8628 3661 9004 2002 5021 3605 4060 5096 0 11482 3257 5635 8464 9046 6809 6870 2507 5103 5141 7641 9617 10742 7627 8325 9217 4494 8472 6202 7683
9280 10526 9158 3601 9808 2334 12624 9300 8884 9264 11334 5688 11947 6029 9935 7009 12831 11860 9021 11482 0 9176 7119 8515 2996 10381 9363 9021 7021 6868 5852 2376 1118 3858 9904 8728 8271 3047 7416 5200
2683 3423 1552 8509 5011 7083 5099 8203 1403 8637 4301 7969 6198 8475 3352 4382 6503 6476 5954 3257 9176 0 2483 8881 7317 8140 7779 2469 2195 4428 6989 7764 8658 5434 9263 9626 1252 6413 2954 4669
4318 5434 2039 7273 6350 5308 7373 8732 1772 9073 6378 7381 8015 7940 5135 4527 8515 8200 6800 5635 7119 2483 0 9042 5869 9024 8407 4011 854 4494 6529 6165 6802 3765 9774 9718 1280 4751 894 2220
6621 7034 10131 4972 4866 6806 8202 1392 9841 1000 7156 2828 6166 2529 6514 4596 7119 5805 3373 8464 8515 8881 9042 0 5700 2641 1843 6664 8232 4596 2961 6220 7397 6676 1431 761 9123 6462 9920 9219
6754 7925 7764 1500 6929 1170 9956 6356 7454 6363 8653 2915 9055 3373 7306 4220 9970 8937 6046 9046 2996 7317 5869 5700 0 7400 6389 6539 5433 4080 2886 640 1941 2118 7034 6029 6726 1220 6483 4742
5522 5464 9596 7082 3264 8343 6087 1280 9349 1655 5280 4909 3820 4827 5107 4609 4700 3405 2236 6809 10381 8140 9024 2641 7400 0 1029 5685 8170 4687 4531 8005 9284 7710 1700 3162 8732 7826 9916 9815
5280 5462 9167 6053 3231 7354 6428 509 8902 1018 5457 3883 4328 3820 5011 3900 5277 3962 1860 6870 9363 7779 8407 1843 6389 1029 0 5390 7559 3956 3511 6989 8263 6800 1500 2501 8241 6859 9301 9024
316 1581 3981 7397 2549 6711 3701 5841 3769 6300 2505 6307 4004 6736 1140 2601 4535 4204 3538 2507 9021 2469 4011 6664 6539 5685 5390 0 3255 2707 5303 7111 8249 5185 6888 7424 3275 5990 4801 5700
3569 4743 2334 6768 5522 5024 6754 7889 2022 8237 5691 6688 7244 7240 4393 3689 7787 7410 5946 5103 7021 2195 854 8232 5433 8170 7559 3255 0 3661 5800 5800 6576 3401 8935 8919 1300 4401 1746 2580
2844 3900 5560 4743 2968 4545 5882 4248 5263 4579 4579 3634 5103 4100 3269 141 5966 5060 2601 5141 6868 4428 4494 4596 4080 4687 3956 2707 3661 0 2630 4701 5946 3361 5283 5307 4534 3860 5385 5135
5400 6296 7964 2687 4695 3911 8065 3471 7653 3505 6800 1004 6685 1486 5671 2716 7655 6481 3482 7641 5852 6989 6529 2961 2886 4531 3511 5303 5800 2630 0 3478 4753 3733 4200 3453 6896 3512 7359 6363
7335 8523 8115 1612 7566 1000 10568 6937 7810 6923 9265 3401 9693 3811 7907 4841 10606 9577 6685 9617 2376 7764 6165 6220 640 8005 6989 7111 5800 4701 3478 0 1303 2408 7580 6503 7100 1414 6718 4830
8490 9708 8820 2501 8845 1581 11780 8190 8528 8149 10480 4570 10978 4916 9102 6087 11882 10870 7987 10742 1118 8658 6802 7397 1941 9284 8263 8249 6576 5946 4753 1303 0 3228 8786 7616 7863 2284 7224 5119
5456 6720 5707 3577 6306 1649 8839 6926 5403 7085 7569 4272 8421 4825 6152 3492 9235 8407 5869 7627 3858 5434 3765 6676 2118 7710 6800 5185 3401 3361 3733 2408 3228 0 7808 7186 4701 1000 4365 2758
6780 6931 10630 6389 4695 8105 7746 1063 10358 728 6862 4220 5514 3956 6500 5247 6400 5103 3360 8325 9904 9263 9774 1431 7034 1700 1500 6888 8935 5283 4200 7580 8786 7808 0 1640 9682 7705 10667 10214
7382 7788 10857 5135 5608 7170 8914 2009 10564 1529 7891 3114 6825 2701 7273 5315 7764 6449 4123 9217 8728 9626 9718 761 6029 3162 2501 7424 8919 5307 3453 6503 7616 7186 1640 0 9841 6888 10589 9794
3551 4504 1077 8041 5787 6319 6306 8621 761 9013 5423 7826 7217 8364 4318 4527 7610 7454 6500 4494 8271 1252 1280 9123 6726 8732 8241 3275 1300 4534 6896 7100 7863 4701 9682 9841 0 5700 1708 3500
6242 7481 6706 2720 6824 721 9577 6911 6403 7000 8287 3827 8962 4346 6888 4000 9823 8904 6184 8472 3047 6413 4751 6462 1220 7826 6859 5990 4401 3860 3512 1414 2284 1000 7705 6888 5700 0 5316 3522
5100 6152 2000 7930 7200 5805 8008 9625 1838 9964 7085 8183 8800 8745 5903 5420 9254 9004 7689 6202 7416 2954 894 9920 6483 9916 9301 4801 1746 5385 7359 6718 7224 4365 10667 10589 1708 5316 0 2256
6016 7249 4162 6242 7665 3848 9305 9244 3935 9486 8193 7000 9580 7560 6835 5223 10214 9688 7716 7683 5200 4669 2220 9219 4742 9815 9024 5700 2580 5135 6363 4830 5119 2758 10214 9794 3500 3522 2256 0
# set of given starting solutions
0 30 13 35 33 18 19 7 26 5 23 25 36 11 6 34 14 31 38 8 37 21 16 2 9 28 3 17 27 4 12 39 29 20 1 24 22 32 10 15 0
0 38 14 2 23 35 3 1 21 26 39 31 7 10 4 9 11 36 18 22 32 17 29 19 12 28 5 16 37 20 13 8 27 15 24 6 34 30 25 33 0
0 12 19 37 26 27 35 21 36 15 6 14 29 11 30 25 22 38 16 31 5 23 9 28 20 24 17 3 33 18 10 2 8 7 13 4 1 32 39 34 0
0 23 27 6 13 16 11 17 8 37 18 32 9 4 14 25 19 3 39 15 28 24 5 1 20 33 10 34 26 29 30 21 2 35 7 31 36 22 38 12 0
0 13 32 27 11 23 34 31 20 3 39 37 2 28 19 12 1 22 18 14 17 26 15 25 30 38 24 16 33 29 8 36 5 21 6 9 4 10 35 7 0
0 8 15 5 30 14 18 20 38 29 12 16 28 13 9 36 17 37 39 24 1 27 35 11 4 21 10 22 25 23 33 3 2 31 6 26 34 32 19 7 0
0 5 25 38 13 9 3 29 37 7 34 10 17 12 18 27 4 16 20 39 6 35 31 1 30 2 22 8 11 36 23 21 19 24 15 28 32 14 33 26 0
0 2 10 11 26 5 3 38 36 6 33 31 12 8 22 25 23 28 20 27 16 17 32 14 35 19 13 34 39 21 37 15 24 1 4 9 30 7 18 29 0
0 15 13 2 38 4 11 12 39 22 31 32 35 16 17 36 24 6 19 21 7 3 20 33 29 23 5 34 1 14 26 18 28 37 8 25 30 10 27 9 0
0 8 6 19 13 4 5 26 9 18 23 25 3 15 11 20 32 36 12 33 39 31 2 34 7 24 28 29 38 27 10 30 22 37 16 14 17 35 21 1 0
0 14 17 39 21 32 4 26 29 2 19 25 34 3 23 35 10 5 12 30 18 20 27 28 15 24 22 31 13 38 36 1 16 33 9 37 7 8 6 11 0
0 4 2 16 15 9 3 36 29 32 6 28 26 17 11 25 33 19 23 39 21 37 12 20 8 13 22 27 5 30 31 7 1 38 24 18 14 10 35 34 0
0 19 3 9 13 31 35 11 2 37 5 7 23 1 21 34 25 32 29 39 36 15 14 18 30 17 38 4 33 22 20 16 8 12 24 10 6 27 26 28 0
0 14 34 38 25 12 2 4 37 33 17 29 19 1 10 23 24 3 20 13 22 9 21 27 5 18 16 6 26 39 8 31 35 32 7 28 11 30 15 36 0
0 24 30 3 14 33 11 35 1 26 27 25 19 18 37 20 16 39 22 23 36 12 5 34 4 31 21 6 17 7 29 2 28 15 38 32 13 9 8 10 0
0 7 37 24 17 31 1 10 25 28 6 5 34 2 21 23 27 12 19 33 32 35 16 8 30 39 38 29 3 26 11 36 13 14 20 4 18 22 9 15 0
0 18 10 7 33 39 11 26 16 24 28 25 23 19 35 27 2 12 14 15 8 5 32 34 22 37 20 4 38 3 1 13 6 21 30 17 31 29 9 36 0
0 21 28 11 34 10 36 37 13 27 6 32 12 1 30 39 20 4 14 2 8 35 7 33 17 25 15 26 31 29 19 5 38 23 16 3 24 18 9 22 0
0 20 13 1 15 33 17 35 38 32 23 21 12 30 24 22 11 5 2 37 3 26 16 27 36 19 29 28 39 9 18 34 6 8 7 14 4 31 10 25 0
0 4 11 22 33 21 32 19 12 16 26 13 17 10 38 2 8 37 25 36 31 34 35 14 5 6 9 20 27 28 24 29 3 18 1 7 30 39 23 15 0
0 11 18 14 10 31 15 12 29 39 34 36 25 19 9 2 24 38 6 37 20 23 33 32 5 8 22 16 21 17 4 28 13 7 3 1 27 35 26 30 0
0 17 3 18 32 31 11 20 35 21 27 2 12 8 39 10 22 15 37 24 1 13 16 14 23 38 34 33 6 5 26 36 19 30 7 28 25 4 9 29 0
0 34 16 28 36 18 22 13 21 27 20 17 14 33 35 39 30 4 26 24 23 32 7 12 11 37 8 9 3 19 5 38 25 1 6 10 15 29 2 31 0
0 22 19 21 39 15 7 16 38 26 24 33 11 5 3 20 29 35 13 8 1 32 10 36 17 4 28 23 12 14 31 2 9 6 25 27 18 37 34 30 0
0 4 23 16 32 33 34 6 20 11 9 5 38 30 26 18 39 36 12 17 19 1 13 21 27 15 37 25 35 7 29 28 2 10 31 3 8 22 14 24 0
0 37 23 36 24 18 6 10 3 4 32 1 22 17 29 21 11 16 7 19 5 14 27 39 31 35 9 28 30 15 20 8 25 34 26 12 2 13 38 33 0
0 3 6 17 19 10 9 7 15 2 16 36 24 28 11 26 5 37 1 4 14 12 31 20 18 39 35 23 38 32 33 34 22 21 25 8 29 30 27 13 0
0 2 22 14 5 13 36 12 11 10 19 17 30 25 29 32 16 31 26 28 38 3 27 15 39 9 34 18 6 20 4 21 7 35 8 23 37 1 24 33 0
0 20 33 16 36 29 5 34 37 9 2 39 18 23 6 1 35 10 22 12 31 7 8 21 30 26 28 3 17 27 15 19 25 13 24 14 4 32 11 38 0
0 2 15 11 24 20 4 30 14 36 16 25 1 29 26 7 3 28 5 19 9 27 32 39 35 31 33 37 22 13 23 34 18 17 38 12 10 6 21 8 0
0 29 32 38 23 39 28 19 22 36 33 14 30 15 11 5 27 13 17 35 20 18 2 3 21 9 12 25 10 8 37 1 31 16 24 26 4 7 6 34 0
0 37 39 8 5 16 9 29 28 24 34 10 18 21 23 3 2 31 14 11 25 22 26 1 36 38 33 12 6 4 20 30 7 13 27 15 19 35 32 17 0
0 34 38 21 28 22 15 19 39 4 30 16 1 14 12 25 32 13 7 10 24 3 17 31 20 36 29 5 26 8 33 27 23 35 9 18 37 11 6 2 0
0 37 27 18 1 39 35 34 38 26 2 30 21 31 23 19 11 4 22 33 8 16 15 12 20 17 5 28 24 7 29 9 6 10 25 3 32 14 13 36 0
0 33 5 29 37 10 19 6 9 25 28 16 13 17 20 23 35 8 14 38 2 1 27 18 39 15 22 3 32 34 4 7 12 24 26 31 21 36 11 30 0
0 38 18 25 23 27 26 28 21 3 12 4 13 5 36 24 1 35 39 31 2 16 7 14 10 20 32 33 37 34 6 15 8 22 29 30 19 11 17 9 0
0 21 10 38 31 33 12 18 9 35 6 34 23 25 19 3 37 29 27 15 32 28 36 30 8 11 14 5 13 22 20 7 39 24 17 1 26 4 16 2 0
0 33 6 5 24 11 38 29 16 17 9 28 35 39 20 34 1 8 27 4 21 26 22 36 31 30 25 3 13 15 10 18 2 37 19 12 7 32 23 14 0
0 7 30 9 21 39 13 14 20 31 33 12 6 16 37 25 2 26 18 22 19 27 11 5 23 28 35 24 32 29 1 34 38 17 15 10 3 4 36 8 0
0 19 14 3 22 27 17 33 37 20 23 25 4 34 11 29 8 16 31 36 24 12 1 2 32 9 10 26 18 30 6 28 7 13 35 38 39 5 21 15 0
0 20 4 29 10 7 6 39 2 12 24 25 1 21 17 37 30 22 5 16 33 23 18 27 11 19 36 31 32 9 26 13 14 28 34 3 35 8 15 38 0
0 25 39 27 15 16 13 20 24 12 37 31 22 21 35 36 4 32 5 2 23 28 17 9 33 26 19 29 1 8 38 6 14 10 34 18 7 3 30 11 0
0 17 16 24 9 25 29 12 18 4 3 15 19 34 14 27 10 13 21 22 32 7 23 28 39 2 38 5 35 36 26 30 1 20 33 31 8 11 6 37 0
0 14 31 15 37 18 38 30 3 7 35 33 28 8 26 29 1 39 27 2 6 24 19 20 9 22 23 21 5 34 36 32 11 16 25 13 4 10 12 17 0
0 39 30 16 1 27 15 22 3 31 12 20 26 25 7 6 13 5 36 38 29 23 34 2 10 9 11 35 28 33 21 37 4 17 18 19 8 32 14 24 0
0 38 19 10 36 37 28 5 24 21 33 9 23 39 3 12 31 35 11 27 20 2 14 32 13 22 18 30 6 16 8 26 4 29 7 34 15 25 1 17 0
0 17 8 31 26 28 1 23 37 29 25 27 14 7 21 2 15 5 22 3 10 38 35 16 6 18 4 39 20 34 12 24 36 13 32 33 9 11 30 19 0
0 2 26 17 15 29 8 37 31 24 33 12 9 6 5 3 35 19 28 27 25 10 11 16 30 13 22 34 1 18 4 39 20 23 14 36 21 7 32 38 0
0 12 16 14 3 5 4 32 7 19 9 30 6 27 25 8 2 33 29 15 39 1 18 38 11 34 22 17 21 31 10 24 35 26 36 37 28 20 13 23 0
0 3 28 32 11 24 30 6 38 33 9 36 13 8 35 39 26 1 15 14 12 17 5 20 18 10 34 22 27 7 31 2 25 23 19 29 4 16 37 21 0
0 17 3 4 37 1 9 10 34 35 28 19 38 32 24 18 8 39 27 29 6 20 22 7 23 2 36 31 16 11 14 5 12 26 25 13 33 30 15 21 0
0 2 20 12 34 14 22 3 17 29 5 1 31 7 19 16 23 33 4 15 21 26 37 6 35 9 38 28 25 27 32 18 36 11 13 30 39 10 8 24 0
0 23 8 12 37 27 11 4 2 30 6 16 29 3 1 5 39 36 34 9 15 32 26 14 28 10 21 19 22 24 7 17 25 35 18 38 13 31 20 33 0
0 16 18 26 12 30 19 24 28 14 11 3 34 36 7 21 31 33 15 20 22 39 27 5 38 25 23 2 1 4 9 32 6 10 17 35 37 13 8 29 0
0 37 21 3 24 28 18 15 35 16 32 26 19 31 10 11 39 2 13 1 6 4 29 27 17 38 12 9 5 7 23 34 25 14 30 33 20 8 22 36 0
0 24 36 2 12 30 37 9 16 29 14 3 25 5 15 32 27 34 8 23 18 33 38 17 4 21 22 19 7 31 35 28 11 13 26 6 1 39 20 10 0
0 38 12 9 33 37 28 18 11 20 26 36 29 39 1 21 13 23 30 10 27 7 5 34 25 32 24 16 17 3 14 4 35 19 31 2 15 8 22 6 0
0 26 9 6 27 17 32 16 37 29 39 21 8 35 13 38 12 22 4 19 25 24 33 34 7 31 20 23 15 14 2 5 18 1 3 28 10 36 30 11 0
0 35 5 33 32 25 4 15 14 10 38 31 3 7 9 1 16 39 11 21 26 6 13 17 29 18 37 12 8 27 28 19 24 20 30 2 34 22 36 23 0
0 30 21 35 33 3 2 23 8 13 39 31 17 22 4 1 15 29 11 12 37 24 5 36 10 7 20 14 18 25 27 19 34 16 9 38 26 28 6 32 0
0 23 12 33 6 3 11 30 36 8 28 39 22 19 29 9 17 4 25 2 27 16 37 1 10 35 14 24 21 31 5 15 34 26 13 32 18 7 20 38 0
0 28 33 32 38 10 5 25 1 26 31 8 11 39 6 14 12 4 30 20 23 15 2 27 35 24 29 13 3 34 18 7 37 36 9 19 16 21 17 22 0
0 38 36 20 11 10 25 18 6 12 39 23 31 22 7 16 17 26 4 5 9 1 30 13 14 2 3 29 24 33 32 28 37 21 19 15 34 8 35 27 0
0 16 25 18 33 3 20 31 22 27 12 37 1 19 30 38 32 10 26 5 35 11 8 34 29 9 2 39 24 21 28 17 14 36 15 23 4 13 6 7 0
0 22 4 3 11 35 16 31 27 9 30 33 6 8 37 39 32 28 18 13 29 20 21 17 5 36 1 12 34 24 2 23 19 38 10 15 14 26 7 25 0
0 34 16 37 32 17 33 29 9 27 18 14 1 3 6 11 26 23 4 28 15 13 31 39 25 2 30 8 5 24 38 22 35 36 12 20 10 21 7 19 0
0 12 3 13 34 15 4 29 2 6 23 27 5 19 20 18 11 32 36 38 35 24 16 22 17 10 33 30 37 14 21 25 8 9 28 1 7 26 39 31 0
0 31 10 36 18 19 33 21 2 30 7 38 32 16 5 17 23 8 11 39 3 14 13 22 15 9 12 24 25 27 34 26 28 29 35 1 37 20 6 4 0
0 39 38 18 7 32 31 36 10 8 35 14 17 24 25 6 22 15 9 1 20 12 37 26 28 21 13 3 11 30 27 33 16 29 23 19 5 4 2 34 0
0 18 32 36 31 12 27 3 7 28 1 37 19 34 2 14 30 9 38 26 22 29 23 11 21 24 15 5 17 10 8 20 16 33 25 6 13 4 35 39 0
0 34 18 12 15 13 27 24 25 20 3 22 29 39 9 5 37 35 2 10 8 33 17 36 16 4 23 19 28 32 6 11 31 1 30 21 38 14 7 26 0
0 3 4 8 35 39 7 17 31 34 25 9 14 1 38 22 26 37 24 21 32 12 19 23 13 10 28 16 11 18 5 33 29 27 2 20 15 36 6 30 0
0 31 4 16 14 22 9 39 1 12 23 33 25 29 8 38 5 36 11 20 19 18 34 21 13 3 26 35 27 6 10 32 37 2 30 28 15 17 7 24 0
0 25 23 19 16 29 8 14 20 36 22 9 35 6 28 24 39 2 38 31 13 12 37 33 26 27 1 4 17 7 5 34 11 3 21 32 18 15 30 10 0
0 33 13 17 5 19 6 29 8 38 23 15 20 37 39 35 24 14 12 1 18 25 7 30 31 11 2 36 22 27 9 34 28 32 10 16 3 26 4 21 0
0 31 3 28 9 37 13 7 34 26 19 17 12 33 16 4 8 38 35 32 30 11 23 1 5 29 36 15 18 20 10 21 25 14 2 22 39 27 24 6 0
0 8 28 7 3 36 17 14 26 30 23 34 25 1 6 16 19 10 37 35 21 5 27 24 29 22 31 13 33 20 4 15 38 11 2 12 18 9 39 32 0
0 34 16 29 15 26 25 6 13 17 8 3 24 21 18 4 32 7 36 31 20 30 5 27 37 39 28 2 38 35 33 10 1 9 12 19 22 11 23 14 0
0 29 34 30 14 32 8 6 35 23 17 24 22 11 38 39 10 15 31 33 26 18 37 21 5 28 1 2 4 20 27 19 25 9 36 7 13 12 3 16 0
0 39 35 9 31 22 2 23 17 6 27 19 28 30 25 37 7 3 24 34 1 13 16 11 20 29 32 26 5 12 4 18 14 36 15 10 8 21 38 33 0
0 4 9 21 7 16 31 8 36 32 1 15 13 39 25 11 26 3 38 19 27 5 18 33 35 24 14 10 12 20 22 17 6 37 30 2 23 29 34 28 0
0 9 35 2 13 19 7 29 8 16 31 22 25 14 12 37 6 3 28 11 39 18 32 21 15 27 33 30 24 1 17 34 20 36 10 26 38 5 4 23 0
0 22 11 16 31 23 36 5 4 27 20 26 32 13 28 34 2 9 33 6 39 1 15 29 3 17 14 10 7 25 8 38 19 24 21 18 12 35 30 37 0
0 3 20 2 7 34 19 4 15 25 21 13 11 28 37 32 38 14 1 9 10 5 24 22 18 26 17 12 30 31 35 33 36 6 16 8 27 29 23 39 0
0 5 12 34 32 3 21 31 8 2 26 13 18 25 22 9 24 35 23 17 11 16 27 37 30 10 33 20 39 28 7 15 14 1 6 29 36 4 38 19 0
0 11 18 25 23 10 16 26 34 29 39 6 22 38 14 24 19 32 3 27 15 28 1 35 7 2 17 12 4 13 36 9 33 30 21 37 31 20 5 8 0
0 20 2 33 22 36 38 15 3 39 8 10 32 18 6 11 28 24 1 16 17 23 26 35 29 7 5 21 13 9 37 34 4 27 14 25 12 31 30 19 0
0 38 28 35 13 6 16 20 33 29 18 3 12 34 27 19 22 4 25 7 1 23 8 17 37 36 15 31 32 2 10 11 5 24 30 9 39 21 26 14 0
0 5 19 11 7 9 33 13 26 20 18 22 30 23 36 16 8 15 24 14 10 2 37 35 3 21 27 4 31 34 6 38 29 25 12 1 28 39 32 17 0
0 25 8 22 34 23 33 37 21 29 17 9 6 14 10 15 5 13 32 16 36 28 7 27 20 35 31 2 38 1 11 39 30 4 3 26 18 12 24 19 0
0 20 6 37 28 8 9 32 17 30 21 36 11 22 34 3 14 1 31 4 24 23 29 18 27 7 26 16 19 35 5 25 15 38 39 12 2 33 13 10 0
0 31 24 16 27 34 19 4 13 23 26 11 20 10 22 18 37 29 14 38 9 33 6 5 7 8 17 36 28 32 1 25 2 3 39 15 30 21 35 12 0
0 33 16 19 39 36 35 24 2 14 29 5 20 28 1 30 4 26 17 15 32 9 25 27 37 13 10 22 23 34 38 7 21 11 3 6 8 18 31 12 0
0 28 17 1 20 39 18 38 36 16 6 21 30 32 5 7 10 31 26 8 9 13 37 35 2 29 22 27 15 25 23 24 14 19 3 4 12 33 34 11 0
0 23 9 8 4 20 38 11 31 27 32 34 13 21 7 30 33 25 19 35 26 6 22 17 10 2 18 5 36 28 29 3 12 37 14 1 24 39 16 15 0
0 26 39 3 36 10 33 23 34 8 29 17 22 15 24 9 27 6 14 11 30 19 32 31 21 13 28 16 7 37 12 25 20 38 4 35 5 18 1 2 0
0 24 21 22 11 19 36 2 3 38 29 8 5 28 12 15 17 14 1 18 6 26 16 20 39 34 13 32 10 7 27 4 9 23 35 37 33 30 31 25 0
0 29 14 38 35 30 11 28 15 5 7 2 31 4 18 8 27 22 1 34 39 10 26 12 13 6 36 19 25 16 21 20 32 17 24 23 3 33 9 37 0
0 7 3 26 31 14 23 17 13 28 38 22 34 4 29 15 20 12 18 1 32 35 8 6 25 9 33 36 37 19 2 21 30 5 27 24 39 10 11 16 0
0 30 3 26 25 24 18 1 29 20 39 27 6 34 2 23 33 8 16 21 11 37 7 13 5 12 35 31 15 10 9 22 28 17 4 14 36 32 19 38 0
0 8 19 4 31 2 21 5 23 30 9 26 7 15 27 3 22 13 33 6 34 20 16 38 29 35 10 37 36 32 24 17 12 18 25 28 14 1 39 11 0
0 38 5 26 36 20 27 35 8 14 9 18 24 22 17 29 25 23 19 10 37 6 1 16 4 13 39 11 34 12 33 21 32 28 31 3 7 30 15 2 0
0 32 29 37 30 4 6 18 8 23 35 9 17 2 38 34 12 20 7 21 16 11 19 13 5 28 39 25 14 24 22 1 26 27 15 3 36 31 10 33 0
0 35 13 29 19 30 1 2 26 16 21 39 9 24 38 27 8 22 36 23 37 14 3 11 25 6 33 28 18 7 10 34 31 15 32 17 5 4 12 20 0
0 1 20 35 11 10 12 28 23 14 29 2 25 3 15 13 32 8 26 9 31 34 22 36 5 27 17 21 16 33 24 7 39 37 4 38 30 18 6 19 0
0 39 37 19 6 15 22 11 16 18 14 2 12 31 4 27 35 13 26 28 25 10 24 21 34 5 17 23 20 36 1 3 32 8 7 29 9 30 38 33 0
0 34 39 5 17 3 16 29 4 1 7 11 8 2 20 27 15 18 30 32 33 23 37 21 13 12 28 31 24 25 35 6 36 38 9 10 19 22 26 14 0
0 13 35 24 33 5 36 20 37 27 8 4 2 38 12 1 23 10 16 11 22 26 14 7 18 34 32 17 29 15 3 19 25 6 30 21 28 9 31 39 0
0 22 8 4 25 19 31 17 32 18 39 10 27 12 1 7 38 34 6 15 9 2 13 28 5 23 33 36 29 11 37 14 35 21 16 26 3 20 30 24 0
0 26 31 10 24 17 6 11 13 8 32 30 20 7 23 9 21 1 28 2 36 12 33 14 22 18 35 37 29 15 19 39 34 27 16 3 25 4 5 38 0
0 19 13 4 29 34 20 6 10 17 12 36 38 37 39 28 5 15 27 26 35 33 2 23 9 31 16 30 24 8 3 18 22 1 21 11 7 25 14 32 0
0 28 35 34 31 26 33 8 5 2 12 3 17 37 10 6 27 16 25 4 22 20 13 15 23 9 14 29 11 24 39 32 38 1 30 19 7 21 36 18 0
0 36 31 25 35 26 23 33 10 24 14 3 30 11 28 19 2 17 20 27 21 13 5 37 16 8 6 38 7 34 32 9 15 1 4 39 22 12 18 29 0
0 5 2 12 25 26 36 37 29 8 27 4 19 17 39 35 9 1 13 32 20 23 15 14 7 28 16 34 38 10 11 22 21 31 30 3 18 24 33 6 0
0 33 27 4 38 13 28 24 1 35 10 17 37 39 9 16 5 25 30 19 3 18 20 15 23 32 8 31 29 12 36 26 6 2 34 11 7 22 14 21 0
0 36 25 29 5 14 10 30 11 20 32 4 12 39 7 8 37 3 22 2 24 13 26 21 15 23 1 6 33 27 9 28 17 18 19 38 16 34 35 31 0
0 29 3 26 17 39 2 28 24 34 16 38 30 15 35 13 7 21 37 1 20 27 36 8 10 6 23 32 31 11 22 33 18 25 19 14 5 4 12 9 0
0 1 25 11 7 24 35 30 39 6 28 16 29 17 20 9 2 5 8 23 36 31 12 18 37 15 10 32 19 4 3 22 33 26 27 14 21 34 13 38 0
0 32 20 38 33 2 26 35 7 19 10 16 31 24 23 11 9 12 18 3 22 17 6 5 37 8 28 13 25 21 15 14 36 34 39 29 4 1 30 27 0
0 25 32 12 26 23 2 8 19 37 35 34 17 15 11 9 27 29 38 1 13 16 18 21 36 7 39 33 5 3 31 20 4 28 30 14 10 6 24 22 0
0 39 18 28 1 17 36 13 7 21 2 27 32 6 24 15 25 4 22 35 26 29 11 20 3 34 38 19 37 10 5 31 16 23 33 12 9 14 30 8 0
0 18 36 38 27 16 31 22 29 15 28 10 19 1 24 5 32 7 12 13 17 8 33 23 30 34 25 2 26 14 4 11 21 39 9 37 35 20 6 3 0
0 37 29 8 36 6 17 28 19 9 18 38 10 22 4 32 39 21 30 2 26 14 27 15 31 25 3 34 12 7 11 16 35 5 1 20 33 13 24 23 0
0 27 26 21 13 16 7 37 34 22 28 30 33 4 24 8 5 2 35 39 14 9 20 15 23 38 6 29 1 12 19 32 25 17 31 18 10 36 3 11 0
0 24 3 30 32 26 25 39 33 2 37 16 34 12 38 17 21 5 19 7 35 9 4 36 27 28 14 13 18 15 29 11 8 23 10 31 20 22 6 1 0
0 9 32 15 19 4 3 23 7 18 25 35 14 17 34 2 13 21 10 22 5 11 29 1 36 24 38 27 33 6 39 26 8 12 20 30 31 28 16 37 0
0 1 38 22 25 7 30 34 35 33 36 29 39 31 6 4 15 12 24 16 28 3 13 10 32 2 23 18 20 14 26 11 8 37 5 9 21 17 27 19 0
0 7 33 4 2 31 10 12 5 1 35 20 22 26 28 36 24 6 15 25 8 30 19 39 32 17 14 38 27 34 37 16 29 9 3 13 11 18 21 23 0
0 36 16 20 37 15 12 32 21 14 2 8 33 28 18 35 19 30 6 11 17 34 4 27 13 31 23 26 39 1 38 29 25 10 9 3 22 5 24 7 0
0 4 25 31 5 12 22 20 24 32 37 13 27 8 39 26 30 17 23 33 1 7 36 9 21 34 3 35 18 19 15 29 28 14 6 38 16 10 11 2 0
0 35 21 4 1 18 15 34 5 28 11 3 23 26 36 19 24 8 9 2 20 39 10 25 29 38 33 14 12 37 6 27 16 30 17 13 22 7 32 31 0
0 23 33 30 1 8 37 3 9 28 31 29 39 13 16 5 17 19 22 2 4 26 7 12 11 34 20 25 38 36 21 27 6 14 24 32 35 10 18 15 0
0 16 4 24 7 2 26 31 23 15 8 39 25 22 5 20 37 9 34 36 18 19 6 12 21 35 14 28 32 27 38 1 30 3 11 10 17 13 33 29 0
0 16 22 11 1 34 23 27 9 33 32 30 7 24 37 31 6 26 18 4 19 39 17 5 14 8 20 36 29 25 3 15 38 28 12 13 21 10 2 35 0
0 19 8 24 18 38 34 5 14 11 16 35 20 1 7 9 21 26 15 17 25 39 37 13 2 22 23 29 32 3 27 4 12 33 36 30 31 6 10 28 0
0 26 14 5 35 32 7 22 29 10 31 16 27 24 39 37 8 21 3 17 25 12 6 11 2 33 38 23 20 18 1 34 15 30 28 36 13 19 4 9 0
0 16 28 7 35 17 9 12 1 24 15 11 27 8 14 39 21 23 29 26 36 25 30 18 6 2 4 13 33 19 5 20 38 34 10 32 31 37 22 3 0
0 12 20 33 28 32 8 36 11 39 14 19 38 23 2 31 27 3 4 35 5 9 24 29 30 26 13 18 6 1 34 15 16 25 21 17 10 7 37 22 0
0 8 24 23 14 39 20 37 11 22 30 1 31 3 17 10 7 36 12 35 38 26 18 9 34 13 29 2 33 32 6 5 21 28 19 4 15 27 25 16 0
0 5 28 37 34 38 16 36 29 17 2 32 23 10 19 1 27 20 6 26 35 30 24 9 11 7 31 3 8 4 12 39 33 18 25 22 13 14 21 15 0
0 14 34 24 22 33 25 36 9 16 39 29 5 28 26 8 13 31 23 20 17 21 3 15 7 6 19 1 2 30 32 10 35 27 4 18 38 12 37 11 0
0 22 8 1 18 3 36 15 6 16 25 19 33 14 24 2 13 9 37 26 12 7 30 10 28 32 21 34 38 5 35 11 27 17 23 39 29 20 4 31 0
0 4 25 6 29 8 1 26 31 19 35 16 18 3 9 33 28 11 36 37 34 38 5 12 13 17 10 14 39 21 23 30 7 24 15 32 20 2 27 22 0
0 19 5 23 27 6 1 33 28 15 17 14 8 16 9 4 39 20 25 38 12 29 30 36 34 11 26 3 10 21 2 31 37 32 7 22 13 35 24 18 0
0 8 14 33 19 22 39 34 25 35 21 17 29 23 30 31 4 18 16 20 37 27 24 28 11 13 36 12 10 5 15 1 2 6 26 38 3 7 32 9 0
0 2 13 3 12 24 26 30 20 7 9 14 18 39 37 29 31 11 35 17 6 4 21 34 28 15 33 8 36 16 27 23 10 32 38 25 1 5 22 19 0
0 7 37 26 27 30 35 10 13 16 2 25 11 12 22 31 14 9 8 23 6 24 1 15 34 29 17 18 36 39 28 21 5 20 4 19 33 32 3 38 0
0 32 34 8 3 25 26 5 33 35 39 18 17 1 12 15 16 13 31 20 38 4 21 24 23 2 6 9 37 36 22 7 11 19 29 28 10 27 30 14 0
0 6 5 19 15 14 3 26 20 16 7 36 24 31 9 37 12 29 21 17 32 11 38 33 1 34 28 18 10 30 13 35 2 27 25 8 23 22 4 39 0
0 10 21 2 36 34 20 29 28 23 7 3 11 14 5 4 18 17 37 22 35 30 12 1 32 24 15 16 25 38 8 9 26 33 27 13 19 6 39 31 0
0 10 26 34 1 4 7 31 14 11 16 19 32 35 23 36 5 12 38 15 17 3 22 27 9 29 28 6 21 2 20 13 25 37 33 39 18 30 8 24 0
0 32 11 30 12 18 6 16 14 5 23 38 21 36 34 15 19 20 25 10 28 27 26 13 1 24 22 3 39 33 29 17 35 4 7 31 8 37 2 9 0
0 20 28 36 21 5 15 11 2 38 25 1 24 13 29 4 18 17 19 35 37 32 3 39 22 27 23 6 9 33 26 12 31 14 8 16 10 34 7 30 0
0 21 22 25 13 35 7 31 36 2 11 15 10 17 33 1 26 24 18 29 19 14 30 28 38 37 32 39 16 8 6 4 34 12 3 23 27 5 9 20 0
0 19 31 22 15 30 35 34 27 13 25 18 1 6 12 16 2 5 11 37 4 21 9 29 38 33 14 26 17 20 23 28 32 36 24 8 39 10 7 3 0
0 36 3 4 34 33 27 37 16 1 18 5 31 12 7 17 28 30 2 9 15 8 11 13 32 10 26 21 38 29 24 25 6 23 20 19 35 14 39 22 0
0 22 36 6 10 1 21 12 29 13 26 7 35 20 39 30 16 17 18 32 34 5 23 14 15 25 19 28 4 31 3 38 2 9 11 37 8 27 33 24 0
0 16 15 35 7 30 14 22 29 26 28 5 25 1 37 4 27 19 39 2 20 9 21 38 24 31 3 13 33 36 11 32 23 12 6 18 17 10 8 34 0
0 24 30 6 33 16 28 2 35 37 21 12 14 15 4 31 10 25 23 19 11 29 39 7 34 26 22 32 18 38 1 17 8 9 27 20 3 5 36 13 0
0 1 26 36 2 33 27 14 30 10 31 37 8 6 19 5 16 11 7 17 15 25 3 18 4 22 29 23 38 39 20 21 12 34 9 35 28 13 24 32 0
0 19 32 22 23 24 12 17 2 8 28 38 26 20 16 35 5 39 30 34 33 29 6 1 7 36 3 14 21 4 10 18 9 13 27 37 15 31 11 25 0
0 1 27 31 22 6 8 7 37 28 34 21 9 35 33 24 36 30 25 12 19 16 2 17 18 15 13 3 20 39 26 10 38 4 32 5 14 29 11 23 0
0 7 15 28 39 16 6 24 33 22 10 29 35 26 27 36 12 13 11 30 31 17 25 9 20 23 38 32 3 37 8 14 5 21 4 2 34 18 19 1 0
0 7 21 12 28 19 27 38 2 11 1 18 13 22 5 37 29 36 33 8 15 17 39 9 35 6 31 34 23 3 24 32 16 10 14 26 30 4 20 25 0
0 22 28 7 4 24 37 3 23 2 29 8 17 26 21 32 20 34 6 31 35 5 36 15 11 12 9 30 10 39 13 19 18 38 33 14 1 25 27 16 0
0 24 38 21 4 10 32 18 9 29 11 22 30 25 15 37 26 14 13 28 27 8 39 16 5 34 23 12 17 36 2 19 20 31 1 35 6 7 33 3 0
0 3 37 15 35 20 14 16 18 22 17 32 34 30 1 23 39 21 11 29 38 19 4 13 24 31 36 28 33 25 5 8 10 12 2 26 27 7 6 9 0
0 16 1 27 26 21 19 6 8 31 20 3 24 22 10 4 38 14 25 36 17 18 7 5 11 13 9 28 29 15 39 37 34 35 33 12 30 32 2 23 0
0 26 25 28 14 13 33 21 24 34 6 9 7 35 4 19 32 38 30 2 17 15 31 18 3 29 12 27 37 36 11 5 22 39 10 20 1 8 23 16 0
0 20 11 8 3 38 6 23 14 35 32 18 9 10 26 4 1 33 21 39 24 2 36 17 30 25 13 28 34 16 37 31 15 27 22 19 7 12 5 29 0
0 28 17 30 35 29 32 3 2 23 25 21 12 22 34 9 20 13 11 39 7 4 19 33 38 37 16 14 15 27 8 36 10 6 31 18 5 24 1 26 0
0 27 12 38 36 14 34 28 19 8 10 5 2 22 20 11 17 13 3 30 18 16 39 7 26 31 35 33 24 1 37 23 4 29 32 21 6 9 25 15 0
0 15 27 23 22 29 1 24 8 36 17 13 38 7 5 4 34 2 9 37 25 19 32 33 14 30 6 35 3 10 28 16 18 31 12 11 26 20 21 39 0
0 4 1 38 21 22 26 8 28 16 35 13 24 12 27 15 9 20 14 32 25 11 5 36 19 23 2 7 10 34 6 33 18 39 3 17 30 29 37 31 0
0 36 17 8 29 35 25 13 34 10 16 19 28 7 15 38 20 37 3 18 39 11 30 14 31 23 21 27 1 24 32 12 22 2 33 26 6 4 9 5 0
0 11 24 26 23 35 28 33 22 30 34 14 36 6 1 32 38 37 25 39 3 9 18 21 7 12 5 4 8 19 2 17 15 31 29 10 20 27 16 13 0
0 4 2 39 31 25 22 30 18 20 29 28 11 24 7 12 35 38 33 34 32 14 16 8 37 15 6 36 3 1 13 19 27 9 21 26 10 17 23 5 0
0 9 34 10 28 39 21 35 22 26 24 5 32 12 29 1 17 19 11 2 23 18 33 38 3 7 13 14 36 20 27 6 4 25 15 30 37 31 16 8 0
0 7 12 35 37 6 24 9 32 28 17 11 18 31 4 29 14 39 27 34 26 10 15 38 22 2 23 30 8 33 13 25 1 19 3 16 5 36 20 21 0
0 30 24 34 38 27 25 12 1 9 16 29 39 6 31 26 20 17 37 14 21 35 7 22 19 11 32 5 10 36 18 15 33 23 28 4 2 3 13 8 0
0 4 5 34 10 18 38 36 20 22 1 12 25 28 23 26 31 21 9 30 15 11 19 32 29 39 7 6 14 2 35 33 27 37 16 17 3 13 24 8 0
0 34 22 19 11 18 24 5 2 4 3 39 16 38 10 20 14 31 33 1 25 23 15 6 21 37 13 17 32 27 30 29 26 12 8 7 9 35 36 28 0
0 12 3 37 10 8 7 6 20 24 33 4 17 13 19 21 36 9 31 38 22 18 29 2 34 11 15 23 35 27 28 5 25 39 16 32 26 14 30 1 0
0 35 37 12 34 28 27 23 13 2 22 5 38 1 33 31 14 17 9 20 7 36 8 29 24 19 26 16 21 4 15 3 18 10 6 39 32 25 30 11 0
0 1 14 10 24 38 16 25 3 33 13 8 19 20 37 36 11 15 34 9 4 29 23 17 31 7 30 22 27 2 6 35 39 26 18 12 28 21 5 32 0
0 12 24 35 21 37 1 31 18 29 7 25 15 2 10 4 13 26 20 34 19 5 8 22 23 17 36 39 14 30 28 3 16 27 33 32 38 6 11 9 0
0 30 8 24 32 28 10 1 38 9 14 36 26 25 3 15 35 19 6 34 22 33 37 16 18 31 21 17 5 4 27 7 29 20 12 23 11 2 39 13 0
0 39 38 10 11 35 5 2 25 1 30 22 32 34 19 29 31 26 24 15 4 18 9 8 14 33 28 23 17 7 20 21 3 36 12 6 16 37 13 27 0
0 18 29 7 38 16 25 11 21 39 23 17 20 4 35 34 9 19 33 24 22 10 15 32 31 36 14 37 6 26 13 3 27 8 12 30 1 5 2 28 0
0 12 6 24 15 35 17 8 38 33 39 36 22 13 21 20 27 18 32 3 4 16 25 23 1 28 5 37 34 9 29 31 26 30 7 14 19 10 11 2 0
0 3 29 6 37 34 12 35 19 28 17 30 39 10 21 31 33 11 13 26 38 15 22 14 2 23 32 4 25 16 7 36 1 9 8 24 27 5 18 20 0
0 14 12 18 19 39 37 20 28 29 13 23 25 33 27 31 34 9 2 26 32 5 8 21 10 35 36 7 30 22 1 6 16 4 38 24 17 15 11 3 0
0 9 16 25 33 12 34 38 27 35 26 37 36 18 32 31 4 19 6 5 22 3 14 13 17 20 1 39 28 8 11 7 29 10 15 23 30 2 24 21 0
0 13 17 31 39 8 15 18 26 12 6 2 16 9 35 37 4 28 32 5 20 36 21 29 10 27 22 14 34 38 7 3 19 33 11 25 1 30 24 23 0
0 24 7 1 19 23 32 38 14 8 15 6 36 30 28 13 9 12 33 20 18 5 37 22 31 26 29 16 21 3 4 39 27 17 10 2 34 11 25 35 0
0 6 2 38 20 15 4 18 11 3 22 34 17 12 19 30 25 31 29 14 35 8 16 28 37 39 36 10 7 24 1 32 23 5 21 13 27 26 33 9 0
0 14 25 16 39 27 38 30 31 1 12 36 15 11 19 5 9 10 6 26 35 7 22 23 4 29 32 34 24 3 8 2 21 33 37 13 18 20 28 17 0
0 3 38 11 27 4 30 10 28 26 35 9 36 7 13 37 24 21 15 31 29 5 25 18 19 1 23 32 20 39 8 22 2 17 33 14 34 16 6 12 0
0 37 9 36 14 29 30 27 26 24 1 35 8 10 39 2 4 5 12 28 7 19 22 6 25 23 17 13 11 38 32 33 3 21 31 15 18 16 20 34 0
0 16 28 26 3 11 15 14 38 5 35 30 37 18 17 24 6 33 4 9 39 23 32 25 29 34 19 27 31 7 1 12 22 8 2 36 20 13 10 21 0
0 10 34 36 31 26 13 32 4 16 15 2 17 30 33 6 7 37 39 5 18 12 8 28 27 14 22 25 24 23 9 29 21 38 19 35 20 11 3 1 0
0 14 6 15 22 13 5 23 39 34 18 26 27 33 25 37 10 3 30 12 36 19 9 17 32 16 2 21 28 4 29 31 35 11 1 24 8 38 20 7 0
0 5 23 8 14 7 11 32 10 38 19 37 3 17 26 39 12 2 9 15 27 31 25 18 22 35 30 29 1 24 34 28 6 21 4 16 33 36 20 13 0
0 39 17 20 38 12 3 19 14 5 22 15 9 2 4 29 18 32 13 7 35 33 25 6 23 10 21 8 27 26 16 31 30 36 28 37 34 1 11 24 0
0 31 8 20 12 30 2 32 6 17 36 14 13 27 25 38 23 26 10 37 4 29 34 1 35 28 7 33 24 39 3 5 16 11 21 15 22 9 19 18 0
0 39 28 21 23 34 16 7 1 30 32 36 5 20 24 13 14 37 18 12 10 8 2 17 11 27 4 26 19 35 31 9 3 33 29 6 25 38 15 22 0
0 28 13 37 29 27 14 8 25 23 33 10 1 20 24 26 4 36 30 39 17 38 3 7 9 11 12 2 19 15 22 6 31 18 34 32 21 35 5 16 0
0 38 16 8 28 12 17 4 7 30 34 39 19 33 14 18 13 6 25 22 29 36 26 24 23 3 1 20 5 15 31 21 32 35 10 37 2 11 27 9 0
0 7 3 26 25 16 36 10 13 35 19 23 17 29 27 39 24 6 21 18 20 1 37 4 38 28 30 31 14 2 12 11 33 5 34 8 32 22 15 9 0
0 29 21 37 25 10 5 27 12 32 14 34 13 35 26 2 36 39 24 22 7 3 8 1 23 4 20 6 31 15 38 33 16 30 17 9 11 18 19 28 0
0 28 3 5 10 23 13 17 2 7 26 15 9 31 14 19 4 24 32 39 25 27 6 12 11 20 29 35 34 22 33 30 21 16 37 8 1 38 36 18 0
0 36 18 25 24 8 32 14 15 17 20 27 37 3 34 9 28 39 30 19 21 4 35 7 29 13 10 11 38 6 26 12 31 1 22 23 5 16 2 33 0
0 22 29 3 2 38 36 28 1 18 7 32 24 13 16 15 25 26 19 9 30 20 5 37 12 14 8 11 6 31 33 27 34 10 17 39 21 35 4 23 0
0 36 6 11 18 2 27 33 38 10 13 37 1 31 35 4 3 24 19 22 12 15 20 17 21 25 39 34 9 32 30 29 8 7 28 16 14 23 5 26 0
0 39 30 18 34 12 31 13 3 2 10 26 36 5 20 33 29 17 1 27 37 25 9 15 11 6 8 16 14 24 38 21 22 7 32 4 23 35 19 28 0
0 32 20 10 14 23 3 7 39 9 13 15 26 38 17 6 35 33 4 11 37 12 29 36 28 2 22 30 34 27 18 1 25 24 19 31 5 8 16 21 0
0 26 32 1 22 23 2 25 37 16 18 33 11 24 30 6 31 13 9 8 20 15 38 27 14 19 35 5 10 3 17 28 21 4 36 7 12 29 39 34 0
0 10 37 18 8 27 13 21 6 7 34 35 11 9 16 38 12 2 14 3 31 39 4 20 28 29 17 1 19 25 22 32 5 26 24 30 36 33 23 15 0
0 14 37 27 33 29 16 7 13 1 4 26 36 6 15 38 5 3 25 24 2 10 28 12 39 18 17 22 20 23 35 34 9 32 8 19 21 30 31 11 0
0 39 9 16 21 6 2 35 12 38 29 5 22 30 10 18 15 25 33 7 20 19 14 32 27 34 24 8 36 37 31 26 4 13 23 28 17 3 1 11 0
0 6 36 17 31 27 23 2 25 26 30 14 19 8 39 18 29 13 15 21 5 9 22 33 3 28 12 37 20 1 24 4 35 38 11 7 10 32 34 16 0
0 30 2 29 6 26 1 38 4 23 12 25 33 9 32 16 8 35 34 28 37 19 5 7 18 27 14 10 22 11 15 36 3 39 17 13 24 31 20 21 0
0 7 13 38 16 3 25 23 2 11 21 26 12 22 19 9 30 20 39 5 32 35 18 28 14 10 34 17 6 24 1 29 36 15 8 33 4 31 27 37 0
0 8 5 28 36 17 4 39 9 31 29 10 11 13 22 6 38 30 34 24 1 37 12 35 20 7 2 21 33 18 15 14 32 23 16 27 3 26 25 19 0
0 16 22 21 3 9 29 27 15 18 34 12 11 4 20 8 2 23 19 32 13 26 10 38 17 24 7 39 37 30 25 31 5 14 35 36 6 28 33 1 0
0 35 37 15 16 27 29 19 24 12 28 4 30 9 34 39 5 36 3 21 2 6 11 10 31 14 25 18 1 32 17 13 20 23 22 7 33 38 26 8 0
0 20 26 33 11 14 19 9 37 4 31 13 35 38 18 3 27 21 10 7 16 8 24 17 15 28 6 29 34 32 1 12 25 5 36 22 39 23 30 2 0
0 30 22 38 4 37 17 3 13 31 26 8 21 16 33 32 7 34 9 19 12 14 15 11 23 29 25 18 10 35 5 1 2 24 6 27 28 39 20 36 0
0 26 34 11 35 2 15 12 32 36 4 28 9 24 1 8 16 39 19 17 27 37 21 22 6 7 23 33 13 18 29 20 30 14 31 10 5 38 3 25 0
0 5 1 16 15 17 10 6 8 19 23 2 3 9 28 33 24 37 12 30 22 29 11 13 21 26 34 25 18 4 32 27 36 35 7 38 31 14 20 39 0
0 12 11 33 31 14 6 1 2 16 34 3 15 8 30 22 13 9 24 32 38 7 5 26 10 25 36 27 20 18 21 4 17 37 29 28 23 19 39 35 0
0 32 25 12 11 37 18 13 29 4 39 15 16 33 10 34 3 35 21 5 36 7 9 19 38 31 17 30 26 20 27 22 6 28 8 1 24 14 2 23 0
0 16 27 10 36 19 20 6 39 30 28 34 1 8 31 32 38 7 11 29 12 18 23 4 25 15 24 22 35 9 37 17 13 14 21 2 5 33 3 26 0
0 8 22 23 4 17 6 2 32 34 28 9 21 38 19 27 3 15 20 35 13 18 7 36 14 24 25 31 10 11 29 1 37 16 39 33 5 30 26 12 0
0 2 35 1 37 19 3 24 13 23 7 29 39 12 34 33 14 21 31 28 26 8 38 5 16 11 17 6 4 15 30 27 18 25 36 32 22 9 20 10 0
0 6 27 1 32 39 28 25 38 17 7 2 31 10 19 18 3 36 26 9 34 20 21 14 22 4 35 37 24 5 30 33 11 29 15 8 13 23 16 12 0
0 39 18 26 1 5 20 27 34 38 8 10 33 15 28 24 35 2 9 32 37 16 36 17 25 13 31 19 30 21 4 6 29 22 11 14 23 12 7 3 0
0 31 12 15 2 32 30 24 20 6 28 26 3 39 33 16 38 10 34 14 27 4 17 25 29 23 35 21 5 36 13 37 8 9 18 11 22 19 7 1 0
0 16 14 3 22 35 1 38 8 12 34 19 5 37 11 9 32 2 29 6 39 10 26 24 13 27 17 30 36 21 23 25 4 28 18 20 7 31 15 33 0
0 6 15 26 29 12 10 1 11 8 4 32 17 7 3 33 21 27 13 37 19 14 23 38 9 39 31 5 36 34 2 25 20 35 30 24 28 22 16 18 0
0 26 14 22 11 32 39 19 27 15 38 33 36 35 3 37 5 18 21 28 9 13 2 34 16 12 25 1 6 31 30 10 24 4 8 7 20 17 29 23 0
0 10 15 12 37 9 31 2 34 7 36 24 25 13 26 22 3 1 38 30 19 5 11 39 29 6 4 28 27 18 33 14 32 20 8 35 23 21 16 17 0
0 6 15 38 35 27 28 19 29 13 3 11 21 32 9 24 26 34 18 16 2 33 8 10 22 36 12 31 30 20 7 5 39 25 14 37 23 1 17 4 0
0 18 26 7 31 16 22 1 35 28 34 13 25 3 12 14 27 36 20 33 9 17 8 10 39 6 32 19 37 5 11 15 29 2 21 30 4 24 38 23 0
0 31 33 14 21 35 11 25 39 2 20 34 5 28 26 6 36 23 16 12 32 13 18 7 9 19 37 29 38 3 30 24 4 22 15 1 27 17 10 8 0
0 17 24 7 37 21 8 2 4 14 32 39 12 9 20 1 34 22 38 19 23 35 36 13 33 10 29 27 18 11 28 25 26 30 31 6 5 15 3 16 0
0 11 39 37 23 15 22 18 12 3 19 24 25 32 4 8 6 17 35 28 36 7 1 29 2 21 5 20 27 30 34 10 9 13 16 14 26 31 33 38 0
0 29 14 31 32 5 23 8 34 27 11 39 30 26 38 20 35 16 12 37 4 36 24 2 17 22 19 18 13 3 9 7 10 1 15 6 33 21 28 25 0
0 2 24 15 30 39 20 29 36 14 33 6 8 12 17 23 7 10 19 31 18 16 38 35 34 11 25 1 4 22 13 9 5 32 3 28 21 27 26 37 0
0 26 34 2 13 5 24 22 31 32 28 11 6 25 8 21 27 15 38 19 14 37 23 12 9 33 4 10 20 36 16 17 1 35 18 7 29 30 3 39 0
0 27 35 23 1 32 34 8 26 25 13 9 16 39 37 28 17 30 7 20 24 14 19 22 36 3 4 18 12 6 2 29 33 11 15 10 21 38 5 31 0
0 6 29 25 10 26 14 3 31 13 28 2 36 37 34 32 20 7 39 22 38 15 30 9 24 33 16 35 1 19 21 18 23 27 4 17 11 8 5 12 0
0 4 12 3 37 18 2 28 14 33 23 10 5 13 36 30 9 17 6 39 29 21 8 34 27 15 32 11 19 35 22 26 31 16 38 20 25 24 7 1 0
0 5 15 13 39 21 38 8 19 33 25 6 14 37 28 27 12 7 24 29 23 10 9 35 2 22 36 32 34 31 30 20 4 1 18 26 16 11 17 3 0
0 30 36 29 4 24 17 26 20 34 28 1 33 35 39 23 31 6 25 22 32 37 2 8 16 27 9 15 12 19 13 7 3 10 18 21 11 5 38 14 0
0 9 20 31 17 21 29 8 24 12 39 3 19 26 16 32 34 27 36 30 1 13 25 15 6 18 33 28 4 22 38 5 10 11 37 7 2 14 23 35 0
0 11 33 29 21 4 35 9 18 10 15 25 17 39 1 28 19 32 38 36 24 16 12 23 5 31 13 26 3 34 22 6 14 8 2 27 20 37 30 7 0
0 30 37 6 12 7 14 34 27 21 36 35 1 15 19 2 20 24 25 11 29 26 4 38 3 8 23 22 31 10 33 28 13 9 32 17 39 5 16 18 0
0 23 21 6 9 38 37 39 29 1 18 16 24 8 32 7 30 35 10 33 36 15 17 3 25 19 4 28 27 34 26 11 12 13 5 22 14 31 20 2 0
0 7 3 38 24 34 4 39 15 31 18 36 29 2 33 30 5 19 25 21 28 16 35 26 9 37 10 6 13 23 20 8 22 11 14 32 1 27 17 12 0
0 10 14 22 23 30 5 20 28 13 19 6 34 17 35 12 18 21 31 27 15 38 25 4 1 9 16 8 7 37 39 26 33 32 11 24 2 36 3 29 0
0 34 38 12 26 24 7 27 5 21 3 1 17 33 23 4 39 37 36 2 11 32 29 31 9 6 13 10 25 19 18 30 22 15 35 20 16 14 28 8 0
0 36 14 15 35 13 32 19 34 33 29 25 22 28 17 21 30 9 16 26 27 3 37 20 18 5 38 12 7 31 2 24 4 11 6 10 8 39 1 23 0
0 4 33 10 6 8 1 12 18 35 13 36 17 27 31 5 39 22 25 3 16 23 9 38 32 26 30 15 24 28 21 29 2 20 37 11 34 14 7 19 0
0 33 27 4 29 2 6 19 38 12 15 18 11 32 20 10 35 24 5 14 31 21 17 23 9 25 22 26 7 3 1 34 39 36 37 8 28 13 16 30 0
0 37 14 19 25 15 5 16 17 21 10 30 23 18 24 26 33 34 22 27 35 13 7 39 28 12 38 4 29 1 6 31 32 8 20 9 11 3 36 2 0
0 37 34 4 3 17 23 15 18 8 6 9 12 26 10 25 20 19 22 38 16 13 21 36 2 32 39 28 29 1 33 14 11 27 7 31 30 24 5 35 0
0 6 22 15 38 16 1 19 30 33 25 36 39 29 7 13 8 35 12 31 34 21 18 32 28 2 24 14 37 11 23 17 3 20 10 4 26 9 27 5 0
0 10 13 37 21 22 17 28 15 9 34 35 5 11 2 12 30 16 38 23 29 18 1 6 27 4 3 36 24 25 20 26 14 19 7 31 39 32 8 33 0
0 2 1 26 20 24 34 14 33 30 17 4 5 37 27 23 12 32 38 21 9 16 31 11 18 35 22 7 29 36 3 10 25 8 13 6 28 39 19 15 0
0 23 28 15 39 5 11 34 24 2 9 18 6 25 30 33 14 16 36 27 3 32 12 22 37 10 8 4 7 1 26 21 29 38 17 31 20 19 13 35 0
0 32 13 3 35 28 6 36 39 11 7 1 23 20 19 10 9 37 21 34 31 30 38 26 16 14 18 2 12 33 24 22 4 27 15 5 29 25 8 17 0
0 23 7 26 18 15 24 38 25 31 39 12 20 30 9 4 33 28 1 32 27 34 22 6 17 2 11 3 36 8 5 16 14 19 10 21 35 29 13 37 0
0 10 24 20 26 5 12 31 25 7 14 30 18 38 11 21 36 3 6 23 32 9 16 8 1 29 35 22 27 19 28 15 2 37 34 39 33 17 4 13 0
0 1 21 19 34 17 31 9 13 7 5 16 2 39 23 30 28 6 15 37 35 18 11 25 24 33 10 14 4 3 36 38 27 22 26 32 20 29 12 8 0
0 29 32 13 38 7 4 5 12 30 9 15 2 22 34 21 1 16 25 27 36 33 20 10 37 26 23 6 19 18 24 17 28 8 39 3 35 11 14 31 0
0 16 8 29 17 38 37 2 5 19 30 32 14 24 27 1 20 23 3 6 15 12 21 22 13 35 4 18 28 26 11 39 9 31 25 34 36 7 10 33 0
0 38 9 27 12 15 33 24 13 7 26 18 6 2 39 14 32 36 30 31 28 23 21 3 11 20 1 22 19 29 35 4 8 34 37 5 10 16 17 25 0
0 12 5 37 2 7 3 30 15 24 4 21 13 26 9 36 1 6 29 14 20 8 23 16 18 28 11 31 35 27 22 25 10 17 38 19 32 34 39 33 0
0 21 37 29 23 17 2 34 31 27 14 36 28 24 9 3 22 6 13 5 18 26 19 12 7 38 8 20 33 25 1 11 4 30 35 15 39 32 10 16 0
0 24 10 14 30 36 33 15 11 19 13 35 21 38 5 6 16 23 3 32 26 27 17 9 29 4 22 2 20 39 7 31 37 1 8 12 34 25 18 28 0
0 6 3 35 1 36 10 5 38 21 12 18 16 27 30 28 29 11 23 32 24 17 33 39 13 20 14 15 31 26 34 7 37 8 4 2 19 25 22 9 0
0 20 14 1 31 3 9 8 28 6 34 25 16 15 38 26 35 7 39 30 5 10 22 11 27 19 4 37 2 24 23 33 17 13 36 18 12 29 21 32 0
0 5 22 8 20 34 7 9 12 36 27 37 10 13 3 28 11 1 25 39 26 29 15 38 17 33 2 30 4 19 35 21 14 6 24 31 18 32 23 16 0
0 21 6 18 20 19 11 22 25 14 36 9 15 35 26 4 33 10 8 37 5 30 31 28 29 1 27 17 13 23 2 3 32 16 38 39 24 34 7 12 0
