# n n_solutions
40 1000
# n x n distance matrix
0 6735 3298 3860 4743 4492 3132 1503 5408 3310 4876 6985 761 1500 6926 4701 5830 5408 608 5883 1400 2531 5162 424 4244 6262 5458 1562 5467 3201 4891 1526 4775 7067 3753 6800 7561 4177 4477 3929
6735 0 4464 6239 2451 3201 4427 7733 11189 3661 11124 7316 6438 5866 5314 7000 6606 7424 6280 7500 7849 4770 10427 6312 10520 2435 7006 5173 1272 9208 7727 5300 9563 1910 3052 2778 2690 3736 6708 3640
3298 4464 0 1964 2024 3982 223 4751 8670 2842 8173 8207 3501 1878 7186 2915 7093 7219 2692 7571 3883 3275 8300 2942 7542 5217 7045 2236 3413 6462 7025 1900 7741 5603 1746 5824 6328 4080 6226 3720
3860 6239 1964 0 3805 5909 2118 5336 9135 4701 8402 9924 4386 2459 9082 1000 8777 8731 3324 9135 3712 4883 9002 3676 7800 7180 8631 3546 5303 6972 8405 3061 8633 7532 3710 7787 8273 5953 7732 5594
4743 2451 2024 3805 0 3052 2012 5992 9771 2517 9484 7653 4651 3612 6155 4617 6670 7130 4201 7368 5658 3505 9198 4326 8855 3671 6830 3264 1552 7632 7169 3220 8471 3807 1118 4248 4588 3401 6216 3101
4492 3201 3982 5909 3052 0 3801 5047 8127 1303 8207 4606 3939 4304 3220 6887 3668 4304 4257 4455 5846 2012 7294 4123 7636 1788 3931 3114 2202 6293 4539 3500 6397 2701 2343 2308 3087 538 3522 583
3132 4427 223 2118 2012 3801 0 4570 8485 2640 8008 7993 3305 1749 6997 3087 6876 6996 2529 7349 3780 3052 8100 2765 7376 5080 6824 2022 3337 6280 6802 1702 7532 5500 1612 5688 6212 3882 6003 3522
1503 7733 4751 5336 5992 5047 4570 0 3920 4101 3492 6432 1341 3001 6859 6135 5346 4648 2100 5154 2121 3061 3667 1811 2863 6826 4827 2731 6466 1711 3981 2886 3354 7742 4924 7294 8112 4614 3863 4465
5408 11189 8670 9135 9771 8127 8485 3920 0 7558 1220 7186 5197 6906 8653 9831 6536 5366 6013 5777 5510 6440 1140 5731 1526 9730 5817 6573 9972 2209 4565 6789 2102 10744 8664 10049 10897 7602 5280 7600
3310 3661 2842 4701 2517 1303 2640 4101 7558 0 7463 5403 2860 3001 4382 5693 4326 4648 3008 4924 4617 1118 6862 2915 6860 2983 4386 1843 2418 5547 4652 2202 6063 3757 1486 3551 4272 1252 3710 894
4876 11124 8173 8402 9484 8207 8008 3492 1220 7463 0 7930 4833 6334 9167 9019 7151 6044 5481 6500 4701 6360 2137 5249 632 9903 6451 6223 9873 1920 5220 6356 2906 10889 8407 10282 11128 7707 5769 7648
6985 7316 8207 9924 7653 4606 7993 6432 7186 5403 7930 0 6224 7710 2256 10922 1166 1910 7158 1431 8287 5044 6053 6842 7611 4925 1612 6440 6673 6512 2729 6940 5092 5800 6824 4801 5445 4272 2570 4604
761 6438 3501 4386 4651 3939 3305 1341 5197 2860 4833 6224 0 1931 6207 5283 5069 4661 1081 5131 2121 1931 4801 721 4204 5727 4701 1392 5166 3008 4172 1603 4295 6586 3584 6239 7026 3573 3721 3361
1500 5866 1878 2459 3612 4304 1749 3001 6906 3001 6334 7710 1931 0 7212 3383 6545 6363 905 6794 2051 2731 6647 1236 5707 5930 6312 1300 4651 4701 5981 824 6208 6573 2817 6519 7184 4159 5375 3832
6926 5314 7186 9082 6155 3220 6997 6859 8653 4382 9167 2256 6207 7212 0 10072 2193 3394 6905 3140 8321 4512 7580 6661 8732 2879 2900 5920 4909 7467 4123 6389 6580 3634 5560 2630 3206 3130 3400 3488
4701 7000 2915 1000 4617 6887 3087 6135 9831 5693 9019 10922 5283 3383 10072 0 9773 9708 4205 10117 4328 5879 9780 4565 8438 8104 9617 4527 6152 7712 9360 4036 9470 8401 4648 8709 9159 6945 8711 6586
5830 6606 7093 8777 6670 3668 6876 5346 6536 4326 7151 1166 5069 6545 2193 9773 0 1204 5994 984 7147 3894 5437 5679 6772 4328 721 5280 5824 5590 1972 5780 4441 5295 5780 4341 5092 3269 1500 3577
5408 7424 7219 8731 7130 4304 6996 4648 5366 4648 6044 1910 4661 6363 3394 9708 1204 0 5685 509 6618 3944 4254 5341 5707 5288 500 5185 6506 4604 824 5672 3264 6293 6134 5385 6174 3820 1000 4060
608 6280 2692 3324 4201 4257 2529 2100 6013 3008 5481 7158 1081 905 6905 4205 5994 5685 0 6140 1615 2408 5742 360 4850 5990 5685 1170 5021 3805 5234 989 5316 6741 3255 6551 7280 4004 4720 3721
5883 7500 7571 9135 7368 4455 7349 5154 5777 4924 6500 1431 5131 6794 3140 10117 984 509 6140 0 7111 4301 4651 5800 6181 5277 538 5590 6648 5100 1303 6082 3676 6258 6407 5316 6074 4002 1421 4272
1400 7849 3883 3712 5658 5846 3780 2121 5510 4617 4701 8287 2121 2051 8321 4328 7147 6618 1615 7111 0 3920 5554 1726 4110 7596 6722 2785 6603 3453 6020 2555 5408 8356 4801 8149 8888 5557 5738 5295
2531 4770 3275 4883 3505 2012 3052 3061 6440 1118 6360 5044 1931 2731 4512 5879 3894 3944 2408 4301 3920 0 5756 2202 5762 3800 3780 1431 3535 4440 3794 1923 4981 4687 2400 4308 5098 1649 2952 1431
5162 10427 8300 9002 9198 7294 8100 3667 1140 6862 2137 6053 4801 6647 7580 9780 5437 4254 5742 4651 5554 5756 0 5423 2147 8823 4716 6113 9247 2102 3466 6400 1000 9847 8080 9104 9948 6760 4244 6797
424 6312 2942 3676 4326 4123 2765 1811 5731 2915 5249 6842 721 1236 6661 4565 5679 5341 360 5800 1726 2202 5423 0 4617 5882 5353 1140 5044 3522 4879 1118 4972 6670 3330 6428 7178 3832 4382 3569
4244 10520 7542 7800 8855 7636 7376 2863 1526 6860 632 7611 4204 5707 8732 8438 6772 5707 4850 6181 4110 5762 2147 4617 0 9350 6087 5594 9265 1345 4883 5724 2729 10326 7782 9745 10589 7144 5348 7072
6262 2435 5217 7180 3671 1788 5080 6826 9730 2983 9903 4925 5727 5930 2879 8104 4328 5288 5990 5277 7596 3800 8823 5882 9350 0 4827 4826 2202 8005 5738 5162 7877 1029 3471 608 1300 2220 4742 2370
5458 7006 7045 8631 6830 3931 6824 4827 5817 4386 6451 1612 4701 6312 2900 9617 721 500 5685 538 6722 3780 4716 5353 6087 4827 0 5091 6129 4936 1252 5586 3721 5824 5869 4904 5685 3471 984 3736
1562 5173 2236 3546 3264 3114 2022 2731 6573 1843 6223 6440 1392 1300 5920 4527 5280 5185 1170 5590 2785 1431 6113 1140 5594 4826 5091 0 3905 4396 4887 500 5514 5571 2220 5393 6113 2906 4186 2600
5467 1272 3413 5303 1552 2202 3337 6466 9972 2418 9873 6673 5166 4651 4909 6152 5824 6506 5021 6648 6603 3535 9247 5044 9265 2202 6129 3905 0 7961 6718 4049 8411 2256 1838 2745 3036 2701 5707 2531
3201 9208 6462 6972 7632 6293 6280 1711 2209 5547 1920 6512 3008 4701 7467 7712 5590 4604 3805 5100 3453 4440 2102 3522 1345 8005 4936 4396 7961 0 3800 4589 2140 8982 6539 8402 9245 5800 4123 5731
4891 7727 7025 8405 7169 4539 6802 3981 4565 4652 5220 2729 4172 5981 4123 9360 1972 824 5234 1303 6020 3794 3466 4879 4883 5738 1252 4887 6718 3800 0 5353 2469 6762 6118 5905 6723 4019 1019 4201
1526 5300 1900 3061 3220 3500 1702 2886 6789 2202 6356 6940 1603 824 6389 4036 5780 5672 989 6082 2555 1923 6400 1118 5724 5162 5586 500 4049 4589 5353 0 5854 5852 2267 5742 6432 3337 4675 3014
4775 9563 7741 8633 8471 6397 7532 3354 2102 6063 2906 5092 4295 6208 6580 9470 4441 3264 5316 3676 5408 4981 1000 4972 2729 7877 3721 5514 8411 2140 2469 5854 0 8904 7355 8140 8981 5860 3252 5923
7067 1910 5603 7532 3807 2701 5500 7742 10744 3757 10889 5800 6586 6573 3634 8401 5295 6293 6741 6258 8356 4687 9847 6670 10326 1029 5824 5571 2256 8982 6762 5852 8904 0 3905 1004 806 3182 5769 3280
3753 3052 1746 3710 1118 2343 1612 4924 8664 1486 8407 6824 3584 2817 5560 4648 5780 6134 3255 6407 4801 2400 8080 3330 7782 3471 5869 2220 1838 6539 6118 2267 7355 3905 0 4079 4604 2561 5192 2220
6800 2778 5824 7787 4248 2308 5688 7294 10049 3551 10282 4801 6239 6519 2630 8709 4341 5385 6551 5316 8149 4308 9104 6428 9745 608 4904 5393 2745 8402 5905 5742 8140 1004 4079 0 848 2683 4939 2879
7561 2690 6328 8273 4588 3087 6212 8112 10897 4272 11128 5445 7026 7184 3206 9159 5092 6174 7280 6074 8888 5098 9948 7178 10589 1300 5685 6113 3036 9245 6723 6432 8981 806 4604 848 0 3498 5768 3667
4177 3736 4080 5953 3401 538 3882 4614 7602 1252 7707 4272 3573 4159 3130 6945 3269 3820 4004 4002 5557 1649 6760 3832 7144 2220 3471 2906 2701 5800 4019 3337 5860 3182 2561 2683 3498 0 3006 360
4477 6708 6226 7732 6216 3522 6003 3863 5280 3710 5769 2570 3721 5375 3400 8711 1500 1000 4720 1421 5738 2952 4244 4382 5348 4742 984 4186 5707 4123 1019 4675 3252 5769 5192 4939 5768 3006 0 3201
3929 3640 3720 5594 3101 583 3522 4465 7600 894 7648 4604 3361 3832 3488 6586 3577 4060 3721 4272 5295 1431 6797 3569 7072 2370 3736 2600 2531 5731 4201 3014 5923 3280 2220 2879 3667 360 3201 0
# set of given starting solutions
0 7 2 14 20 12 10 30 15 1 5 11 16 18 33 27 21 24 8 19 26 4 34 6 32 25 37 35 39 13 36 22 3 17 28 9 29 23 31 38 0
0 38 28 36 39 6 16 7 24 17 14 27 13 21 15 35 4 22 2 11 10 20 19 8 32 1 3 37 5 31 29 33 25 34 26 18 30 9 12 23 0
0 24 14 19 2 16 23 4 8 1 21 10 22 33 31 29 34 7 12 13 37 20 9 38 5 30 28 6 15 39 25 27 11 32 18 26 17 35 36 3 0
0 39 14 13 15 18 3 35 6 33 23 34 10 30 5 19 7 4 16 37 22 21 28 17 2 38 1 31 26 27 36 12 11 9 8 29 32 24 25 20 0
0 22 8 23 13 28 24 14 37 16 7 15 36 4 9 17 19 25 5 1 26 21 10 30 38 35 31 20 12 3 18 34 33 2 11 39 6 32 27 29 0
0 11 34 6 27 4 38 16 31 32 33 37 29 2 17 30 19 39 7 35 26 25 15 5 8 18 21 20 13 22 28 12 1 24 9 36 3 23 10 14 0
0 10 33 15 28 37 39 4 2 6 9 21 16 11 14 8 38 25 30 5 12 27 20 13 23 24 35 32 34 7 31 1 17 22 19 36 29 26 3 18 0
0 13 8 17 21 4 26 35 18 20 34 11 29 9 37 5 25 32 31 10 36 3 22 16 12 19 28 15 6 38 7 2 1 39 24 27 23 33 14 30 0
0 11 9 35 26 28 30 37 8 29 25 27 24 36 1 6 38 17 21 10 19 18 2 22 31 12 5 16 20 13 15 33 32 39 4 14 23 3 7 34 0
0 20 38 35 15 4 28 10 33 32 25 36 12 22 8 14 39 1 13 18 7 24 29 37 26 11 27 34 17 16 2 19 3 30 5 6 21 31 23 9 0
0 38 37 30 3 19 16 8 14 32 29 2 21 4 5 6 1 23 13 34 9 20 24 10 15 36 28 17 33 25 18 22 39 31 11 35 7 12 26 27 0
0 7 23 13 17 14 29 35 38 22 20 32 5 25 34 8 36 21 26 4 3 11 33 31 39 30 9 1 27 24 6 37 10 15 2 18 12 28 16 19 0
0 27 20 5 26 34 32 22 24 17 16 18 36 21 31 35 37 14 6 13 12 23 15 8 10 39 1 28 2 33 19 3 7 30 29 38 25 4 11 9 0
0 9 32 4 14 19 38 6 27 8 18 7 23 30 5 1 35 25 33 36 29 21 2 13 16 17 11 22 24 20 37 3 12 15 34 10 28 31 26 39 0
0 15 19 7 38 6 27 11 39 29 23 5 24 25 28 10 9 30 35 12 22 36 13 26 4 33 32 14 3 21 20 2 17 34 16 31 37 8 1 18 0
0 23 16 7 36 10 20 22 39 2 35 25 29 18 26 32 17 9 3 30 24 6 28 19 27 11 15 12 34 21 8 13 4 5 37 14 33 1 38 31 0
0 14 19 21 35 26 12 38 37 6 5 23 17 10 20 15 4 7 3 30 22 28 1 39 2 11 29 34 33 36 9 31 8 32 13 18 24 25 16 27 0
0 37 21 11 7 4 6 33 15 13 27 35 32 28 29 9 14 12 30 20 18 39 10 16 38 34 2 8 24 19 25 23 1 3 26 17 5 31 22 36 0
0 13 22 16 6 34 1 29 11 33 4 5 18 8 21 26 14 28 25 24 32 7 12 38 3 23 39 2 35 17 30 36 15 31 19 9 10 27 37 20 0
0 13 39 20 21 25 14 17 18 34 4 32 9 24 38 3 8 22 1 27 10 30 2 11 26 15 36 16 23 5 28 37 12 31 7 19 35 33 6 29 0
0 5 6 26 36 32 2 11 8 34 12 16 17 19 20 31 9 21 29 10 22 25 28 37 13 39 4 15 38 35 18 1 7 3 27 24 33 14 23 30 0
0 7 5 31 20 8 29 39 36 1 28 21 13 19 12 35 34 23 33 25 24 38 27 2 10 6 14 17 22 32 3 9 15 26 30 4 18 11 16 37 0
0 13 36 14 29 34 19 35 12 2 18 10 16 27 25 22 38 32 28 24 30 1 21 3 39 8 15 6 4 11 37 33 17 31 9 23 20 26 5 7 0
0 36 12 8 26 34 37 30 11 4 2 24 15 39 23 13 32 29 21 14 31 5 1 25 38 7 19 3 22 33 35 17 6 27 10 18 28 9 16 20 0
0 3 1 9 38 7 32 22 35 29 16 34 5 24 27 33 17 36 15 10 37 30 21 11 18 4 20 28 8 26 19 12 14 39 31 6 13 25 2 23 0
0 13 27 34 28 3 2 22 7 14 29 4 15 31 32 23 39 21 25 10 9 5 36 30 17 33 6 11 8 1 24 19 26 18 37 35 38 20 16 12 0
0 26 7 5 25 10 14 20 1 8 21 37 30 35 12 36 24 27 22 9 13 32 19 29 6 4 34 11 39 17 31 23 2 33 15 3 16 18 38 28 0
0 30 33 34 21 18 22 39 9 13 25 1 5 38 26 6 29 4 36 20 11 28 19 31 23 32 35 16 8 17 24 7 12 27 14 37 15 10 2 3 0
0 12 1 38 23 16 22 36 13 5 24 20 7 39 29 19 9 25 6 18 15 8 32 34 2 14 21 31 17 30 4 33 27 35 37 28 10 26 3 11 0
0 24 33 11 1 26 19 6 9 8 10 4 2 25 22 5 30 15 36 16 17 31 13 28 37 18 14 32 12 7 20 34 38 27 21 29 23 39 3 35 0
0 14 4 12 5 35 10 24 18 38 19 22 33 27 34 36 25 3 26 9 32 31 28 15 23 20 8 16 6 30 21 7 39 2 37 29 17 11 1 13 0
0 35 9 7 8 28 21 26 30 14 19 12 31 18 33 23 17 25 10 4 3 24 20 11 38 2 32 37 13 34 5 39 1 15 22 29 6 16 36 27 0
0 13 17 35 4 6 27 38 9 11 36 29 12 3 21 19 2 24 33 14 37 30 10 28 5 26 32 34 18 22 39 15 8 25 23 1 31 7 20 16 0
0 39 22 6 31 8 27 1 14 23 2 38 4 20 18 24 7 9 25 28 19 3 17 37 29 33 35 12 26 32 34 10 5 16 30 13 11 15 36 21 0
0 2 35 3 9 36 10 27 4 5 1 21 30 25 33 17 12 28 31 7 8 29 18 39 19 22 6 38 14 16 23 32 34 26 24 13 37 20 11 15 0
0 16 21 31 26 22 3 12 20 7 6 17 15 11 8 9 10 13 14 29 37 5 35 34 39 4 32 33 25 24 38 23 19 28 18 1 2 27 36 30 0
0 2 7 25 1 3 16 24 9 8 34 33 6 21 22 13 20 11 32 23 26 14 37 5 19 10 18 17 27 35 39 30 15 29 4 36 38 31 12 28 0
0 6 5 38 33 30 21 27 39 32 28 13 23 7 24 31 22 36 3 25 29 15 35 16 14 8 4 17 1 20 19 12 26 37 34 18 10 2 11 9 0
0 2 3 11 18 21 39 10 16 34 23 38 35 4 24 26 15 33 20 13 8 14 25 5 19 17 29 31 37 36 28 1 6 27 12 30 9 7 32 22 0
0 11 8 6 32 29 4 20 10 25 14 35 7 13 19 39 3 22 21 2 23 1 34 9 27 16 17 28 37 38 30 33 36 31 26 12 24 5 15 18 0
0 25 4 16 39 28 20 7 29 10 21 27 38 33 2 5 19 24 22 17 3 1 31 18 6 14 11 15 32 26 9 8 36 30 37 35 34 13 12 23 0
0 31 12 6 37 8 36 17 21 7 15 39 28 4 20 38 33 25 27 19 16 1 35 14 9 32 26 10 5 11 29 24 2 22 30 18 23 13 3 34 0
0 33 19 36 30 15 25 1 16 37 9 18 14 3 23 17 35 21 38 2 34 8 12 27 24 7 39 28 31 11 4 5 20 26 32 22 13 29 6 10 0
0 16 14 35 5 38 22 1 27 11 28 12 34 29 21 23 20 17 30 4 7 8 25 6 15 33 2 26 9 10 13 19 37 31 3 18 36 24 39 32 0
0 2 32 12 25 33 37 36 38 35 14 9 15 34 26 21 22 10 3 20 6 1 16 24 27 13 31 4 23 39 17 28 19 30 11 7 5 8 18 29 0
0 7 37 20 39 24 28 35 36 10 26 3 33 21 12 11 25 6 34 13 29 18 9 8 38 16 4 31 23 30 5 19 14 17 22 15 1 2 32 27 0
0 31 38 32 3 12 13 27 18 17 29 2 5 16 21 26 39 37 25 10 11 24 28 23 6 34 1 33 8 15 30 36 7 22 4 9 19 20 35 14 0
0 19 16 13 21 20 23 8 18 33 11 10 14 3 29 37 31 30 38 12 26 32 6 35 27 34 39 1 7 4 36 9 28 2 17 15 25 24 5 22 0
0 9 12 1 11 10 32 15 21 20 4 26 6 17 22 24 16 34 14 29 36 27 25 18 33 5 13 8 3 31 7 28 19 39 2 30 37 23 38 35 0
0 20 17 7 33 19 35 25 3 9 28 29 1 14 5 10 18 21 11 30 23 2 15 16 13 26 37 12 27 24 8 6 38 32 34 22 31 36 39 4 0
0 19 31 1 24 4 27 32 23 13 25 12 22 11 17 20 21 36 9 35 29 16 6 18 5 38 3 8 15 10 33 7 30 28 2 37 39 34 14 26 0
0 9 35 31 37 3 8 23 4 38 20 17 18 2 28 34 26 16 21 33 15 36 24 12 7 13 5 6 25 32 11 10 29 30 39 14 22 27 19 1 0
0 4 36 29 3 11 1 22 27 13 20 31 9 33 10 8 14 38 18 23 32 7 35 30 28 26 19 16 2 25 39 24 15 21 6 12 37 34 5 17 0
0 10 27 37 16 3 31 32 25 21 15 2 14 33 30 17 22 20 4 7 36 11 26 1 29 23 12 5 24 6 18 39 19 28 9 13 38 35 8 34 0
0 21 31 32 25 19 35 3 8 22 15 39 30 10 33 27 6 16 5 37 38 34 24 1 7 13 11 29 2 9 20 26 12 17 23 14 4 18 36 28 0
0 1 28 16 8 5 22 3 12 11 4 38 20 32 36 39 10 33 21 14 29 7 30 37 26 35 15 2 6 24 27 18 34 19 13 9 23 31 25 17 0
0 5 27 36 1 6 37 26 12 8 23 10 14 22 4 11 31 15 24 9 21 35 18 16 2 13 30 32 39 20 25 38 34 33 29 28 19 17 7 3 0
0 13 9 8 3 39 7 16 38 25 4 12 1 21 30 20 27 33 23 18 15 11 32 37 36 24 31 17 29 2 26 14 10 28 34 22 5 35 6 19 0
0 1 32 23 3 24 27 29 17 16 26 31 5 28 19 14 33 15 36 21 10 35 37 38 25 9 20 13 6 4 2 7 12 39 18 11 8 34 30 22 0
0 7 38 26 28 34 27 32 36 5 19 4 6 24 25 3 35 10 17 18 14 2 15 29 16 22 21 9 31 33 13 23 8 37 1 12 39 11 20 30 0
0 14 7 24 23 30 28 27 32 11 37 25 19 21 6 34 12 8 3 16 2 5 15 31 29 33 1 22 39 36 9 35 20 13 17 18 4 38 26 10 0
0 6 12 8 36 23 33 20 31 22 1 30 4 29 34 7 35 21 38 28 15 10 39 24 27 26 17 14 3 37 16 5 2 25 11 13 9 18 32 19 0
0 19 37 35 26 1 10 6 7 24 11 34 15 39 8 14 3 12 22 28 4 17 31 5 18 23 2 25 9 33 32 21 27 36 30 38 16 29 13 20 0
0 37 32 10 31 21 7 36 6 11 33 34 5 12 24 4 17 28 19 23 26 16 18 8 9 13 14 38 20 39 29 2 1 27 25 35 30 15 22 3 0
0 20 25 18 13 33 1 6 14 11 28 2 37 34 31 38 36 3 35 26 16 9 12 19 4 23 27 29 15 21 30 32 39 10 17 8 5 7 24 22 0
0 3 17 33 26 13 29 21 18 31 4 9 22 16 38 34 25 37 32 24 19 27 36 7 14 5 8 30 2 39 6 10 20 12 15 1 35 23 28 11 0
0 11 39 22 34 21 31 37 38 8 4 18 15 16 14 5 29 26 36 6 1 2 20 23 10 12 27 33 13 7 17 30 3 32 19 24 28 9 25 35 0
0 10 2 14 36 11 17 26 27 35 30 1 28 21 12 3 5 7 29 34 4 33 18 16 15 25 19 38 31 23 39 24 8 37 20 9 22 13 6 32 0
0 37 4 32 29 13 16 6 8 33 1 17 15 23 3 5 26 34 39 11 25 2 36 22 30 24 12 9 35 38 10 27 20 31 21 18 19 7 14 28 0
0 24 15 6 7 23 20 33 16 21 11 25 3 8 1 22 5 37 29 2 38 30 39 34 27 4 18 12 14 10 13 28 17 9 19 26 31 35 32 36 0
0 21 12 28 32 6 13 33 5 23 2 26 20 11 31 30 34 4 19 38 35 37 36 27 24 16 17 15 22 25 9 10 3 18 1 8 39 7 29 14 0
0 21 16 12 9 26 5 15 31 4 36 32 10 24 34 35 17 27 22 18 3 8 28 11 37 13 25 14 1 20 30 19 23 7 38 6 39 33 2 29 0
0 28 39 12 38 17 4 6 9 1 19 2 29 32 15 22 26 20 34 35 13 25 21 8 18 11 10 30 33 3 7 36 37 27 24 31 16 14 5 23 0
0 39 33 7 31 32 28 12 15 35 37 8 10 6 13 38 27 22 23 36 4 11 29 1 30 5 20 17 9 25 21 19 14 2 3 34 24 16 18 26 0
0 10 27 11 38 20 28 1 18 8 14 7 22 32 35 39 15 9 19 16 4 24 34 13 30 6 5 29 21 12 3 17 2 23 31 33 25 37 26 36 0
0 38 34 10 21 6 15 1 9 27 29 17 4 16 25 13 24 3 35 18 37 7 5 22 8 2 23 36 19 20 28 32 33 31 39 14 12 26 11 30 0
0 23 13 18 38 26 32 35 28 33 15 2 7 17 22 29 30 27 1 20 16 34 25 19 3 31 36 24 14 12 21 4 9 6 10 39 37 8 11 5 0
0 1 3 19 8 9 7 6 31 30 28 29 39 14 5 17 24 13 22 37 36 10 16 32 23 26 18 33 4 11 35 34 15 12 2 21 20 27 38 25 0
0 4 8 28 32 35 19 10 15 39 26 37 17 9 20 27 34 30 33 21 5 2 18 6 25 36 38 11 13 3 29 14 22 16 1 12 24 31 23 7 0
0 29 24 21 26 27 3 12 30 4 28 34 15 7 20 6 10 13 8 23 16 17 37 2 1 38 35 14 32 33 36 25 31 5 39 11 18 19 9 22 0
0 25 34 4 15 14 35 28 5 21 12 36 18 7 16 31 9 32 2 26 6 24 1 8 33 10 23 11 17 13 19 3 27 37 20 29 30 22 38 39 0
0 27 18 15 34 39 6 5 7 28 12 25 37 4 31 35 19 9 33 36 16 20 29 21 23 10 38 22 24 13 11 17 8 3 14 32 30 26 2 1 0
0 26 22 11 17 25 32 38 13 6 8 5 19 9 33 12 21 16 27 31 34 28 36 23 37 20 7 24 35 2 1 4 15 3 14 18 39 30 29 10 0
0 3 24 12 20 38 34 28 26 14 29 25 32 7 6 33 18 17 16 30 35 1 5 9 23 8 37 4 13 36 22 21 10 31 15 27 19 11 39 2 0
0 23 5 33 34 15 26 18 37 39 14 3 27 10 30 6 29 13 7 16 36 35 25 9 32 8 22 31 1 28 24 11 38 21 4 12 17 19 2 20 0
0 15 12 19 32 6 11 28 10 29 3 18 37 21 2 33 20 17 23 27 35 13 16 9 34 22 31 30 26 8 38 4 14 24 25 5 39 1 7 36 0
0 23 39 25 8 21 27 10 13 7 19 26 24 2 37 31 9 22 32 3 36 33 35 28 30 18 34 5 16 29 15 4 38 1 14 12 6 11 20 17 0
0 13 37 3 23 18 34 7 19 29 17 8 20 5 36 4 9 28 1 24 12 14 25 15 22 30 21 6 33 32 26 31 27 39 10 2 35 11 38 16 0
0 38 33 27 7 37 11 22 21 9 16 19 8 10 18 5 31 30 24 26 25 39 14 29 4 1 34 12 35 15 13 36 17 2 20 32 6 28 3 23 0
0 8 21 37 33 9 29 10 11 24 19 23 22 28 31 12 35 27 17 36 3 39 16 18 20 4 14 13 2 25 15 26 34 38 6 7 32 1 30 5 0
0 6 11 23 15 9 13 29 19 35 8 34 39 3 30 37 21 1 27 18 17 10 25 24 16 38 26 32 33 4 12 5 31 36 22 20 2 28 7 14 0
0 21 39 26 20 4 11 32 17 34 10 15 8 35 12 23 25 30 22 24 14 9 38 7 5 33 36 29 6 31 19 3 2 13 27 1 16 28 18 37 0
0 26 35 28 38 16 4 15 8 23 29 17 10 6 33 19 21 31 20 1 2 3 9 25 12 34 32 39 36 30 37 14 27 13 24 22 5 11 18 7 0
0 18 31 11 22 4 10 2 25 13 15 34 19 9 39 23 29 35 32 21 14 38 5 17 33 28 27 6 12 1 24 36 3 7 37 20 30 16 8 26 0
0 18 21 19 25 2 6 1 10 11 33 5 13 27 36 37 28 15 26 24 31 35 20 30 34 3 7 22 23 29 4 14 12 38 32 16 39 8 9 17 0
0 37 17 24 16 28 25 30 10 26 38 32 9 31 14 2 35 23 21 33 22 3 18 6 19 36 5 1 15 8 20 29 7 39 12 11 27 4 13 34 0
0 7 30 10 25 2 17 16 29 22 19 38 37 4 3 20 27 35 26 1 14 39 21 9 11 23 15 34 8 36 5 13 33 12 24 28 6 18 31 32 0
0 26 13 24 2 36 18 21 10 9 32 20 29 31 1 5 16 25 11 8 15 39 7 14 37 19 34 27 22 23 30 4 17 6 38 35 33 28 3 12 0
0 32 15 20 22 36 23 24 3 2 17 9 35 31 33 7 8 21 11 14 13 6 30 37 4 34 16 28 5 39 10 26 27 18 1 38 29 25 12 19 0
0 13 23 9 12 8 33 30 2 11 39 17 18 6 21 37 35 16 29 4 36 38 28 14 3 31 5 20 22 34 10 1 26 7 24 32 19 15 27 25 0
0 24 8 37 17 39 13 7 26 30 19 34 5 33 21 12 14 10 36 27 35 28 9 4 11 38 29 15 6 23 16 31 3 20 25 2 1 32 22 18 0
0 39 6 26 2 1 25 23 31 27 3 20 37 28 36 7 32 16 38 35 8 24 15 4 22 10 19 14 11 17 33 29 13 5 34 9 18 12 30 21 0
0 11 32 27 39 5 33 2 22 37 3 35 9 8 17 24 38 10 6 18 30 28 36 15 29 14 20 31 4 21 34 12 25 16 7 26 1 13 23 19 0
0 1 27 13 9 30 25 15 28 5 36 23 39 22 3 17 31 29 11 34 8 4 33 18 16 21 19 20 10 35 37 24 32 38 14 7 2 26 6 12 0
0 31 11 35 9 29 22 3 39 27 26 8 10 24 15 19 25 23 30 28 36 12 21 17 34 2 38 37 6 18 16 32 20 1 5 33 7 13 4 14 0
0 3 21 24 22 23 14 6 20 5 27 33 28 1 15 30 11 26 35 16 19 32 10 8 38 25 7 17 36 29 9 4 31 13 2 34 37 39 18 12 0
0 31 7 10 20 12 29 1 18 13 9 4 2 11 3 28 24 23 35 5 30 8 6 17 36 33 19 16 34 38 39 25 22 32 27 14 15 21 26 37 0
0 18 25 38 23 35 21 12 32 2 24 28 16 22 10 36 5 31 8 37 15 39 9 17 6 34 19 3 1 20 27 30 33 4 14 13 29 11 26 7 0
0 3 34 20 25 31 2 5 18 16 32 11 9 33 21 38 19 22 8 26 30 15 14 24 4 1 35 13 37 7 27 28 39 36 17 12 29 23 10 6 0
0 39 20 16 4 17 32 6 24 23 26 28 22 36 37 18 27 2 3 29 12 19 21 11 31 33 7 30 14 34 10 9 35 8 13 5 25 38 1 15 0
0 22 35 33 3 5 7 11 21 39 34 9 31 27 32 36 38 19 26 37 29 16 2 25 12 15 6 30 28 23 8 20 1 24 10 14 4 18 17 13 0
0 14 20 8 22 36 11 23 37 28 10 21 38 24 34 30 5 18 7 1 16 6 2 13 12 32 25 3 17 15 4 33 26 27 35 39 19 29 9 31 0
0 19 39 12 28 29 8 26 17 14 37 31 35 11 18 7 15 21 5 16 38 20 9 4 30 22 13 32 24 3 10 36 2 33 25 23 34 6 1 27 0
0 23 30 28 19 15 13 1 34 3 8 33 11 39 24 36 9 6 32 4 31 10 12 25 16 37 2 14 29 26 35 7 38 18 5 27 20 17 21 22 0
0 5 31 37 1 8 28 36 20 10 25 11 19 14 30 12 38 22 4 17 33 13 23 18 35 15 16 3 26 39 9 27 7 32 21 2 29 34 6 24 0
0 10 18 8 32 20 9 27 37 35 39 4 7 34 12 5 11 14 29 1 36 2 19 25 33 23 6 16 28 13 22 3 17 24 38 31 21 15 30 26 0
0 28 10 3 33 23 31 15 26 24 1 29 38 22 21 36 18 8 30 32 27 2 39 6 35 25 9 19 7 20 13 16 34 11 4 17 5 14 12 37 0
0 24 15 35 30 17 33 19 5 1 3 23 6 9 13 4 31 16 10 11 12 39 22 36 29 14 38 20 26 28 8 7 34 18 2 27 21 25 32 37 0
0 23 9 10 38 16 37 20 30 7 35 6 39 18 19 32 31 11 3 14 15 1 33 24 8 12 4 34 21 26 13 22 29 25 17 28 5 2 36 27 0
0 36 4 33 18 35 20 25 2 30 1 22 11 21 16 28 38 15 26 5 10 23 9 14 8 37 7 31 6 19 29 27 32 34 13 3 39 17 12 24 0
0 24 33 9 25 34 10 4 14 32 8 17 36 23 31 38 19 11 16 13 12 20 35 2 21 37 22 18 26 5 39 29 30 28 7 1 27 15 3 6 0
0 11 22 6 12 13 20 38 31 7 16 33 28 35 27 17 25 24 3 32 34 30 23 21 36 18 8 10 37 2 4 14 29 39 5 15 19 1 26 9 0
0 36 31 25 34 33 37 19 28 21 18 23 39 8 35 7 6 22 16 38 12 27 13 10 11 1 15 3 4 2 20 14 26 32 9 17 29 30 24 5 0
0 17 31 9 36 12 32 38 37 22 18 34 3 25 2 39 24 13 29 11 8 10 23 35 15 33 16 30 7 6 5 27 19 1 14 26 21 28 4 20 0
0 12 28 20 38 36 25 1 19 39 7 14 2 3 13 18 8 16 30 10 23 9 33 34 17 22 27 35 37 6 24 11 15 4 29 32 5 26 31 21 0
0 3 5 16 22 8 14 29 18 19 10 35 21 31 32 28 30 13 7 39 11 2 33 27 23 12 20 9 25 1 24 38 4 17 34 15 37 36 26 6 0
0 30 1 2 9 25 36 18 37 32 29 39 20 7 22 26 31 21 8 11 16 19 4 35 14 23 13 27 24 12 6 15 10 5 3 33 34 38 17 28 0
0 11 26 9 12 24 8 34 17 36 32 30 3 29 35 5 31 20 10 23 33 14 25 27 19 18 16 6 2 1 37 38 21 22 39 7 28 4 13 15 0
0 35 9 36 17 5 26 39 29 37 25 18 24 28 20 3 32 10 12 27 6 15 2 23 31 19 8 11 30 16 1 14 34 22 7 21 13 4 38 33 0
0 7 23 35 3 38 20 5 4 14 1 24 10 17 16 11 39 15 32 22 2 34 36 21 27 29 37 12 19 31 26 30 33 6 28 18 9 13 25 8 0
0 17 27 10 12 16 2 39 5 1 18 20 24 35 19 30 38 36 31 23 14 26 8 22 9 25 28 7 21 37 6 3 32 15 33 34 13 29 11 4 0
0 17 7 28 5 35 16 13 3 23 14 8 11 21 1 29 26 25 6 19 36 10 9 4 12 27 32 34 15 24 31 30 39 22 37 20 18 2 33 38 0
0 20 36 35 22 19 33 3 4 10 14 38 24 21 1 27 17 23 18 8 16 30 34 9 37 26 5 11 28 29 15 39 12 32 31 13 7 6 25 2 0
0 18 11 12 2 10 29 31 20 16 14 21 26 34 39 25 36 30 4 23 17 9 15 24 8 1 37 33 19 5 38 6 27 35 7 28 3 13 32 22 0
0 5 11 4 37 30 24 14 3 20 38 15 6 29 22 10 33 2 34 8 19 1 16 17 7 39 32 12 35 18 28 26 31 23 27 9 21 13 36 25 0
0 20 32 30 19 3 14 39 37 31 24 35 4 33 13 11 36 5 17 34 18 16 15 12 38 7 8 10 25 22 27 26 29 6 2 21 28 9 23 1 0
0 8 29 27 26 11 16 33 7 10 4 12 2 25 9 37 23 19 21 30 18 1 6 3 15 34 22 36 24 32 28 14 39 35 38 17 13 31 5 20 0
0 22 7 38 4 20 12 33 32 15 24 29 19 34 2 36 16 26 39 27 18 14 37 5 3 6 28 25 31 13 9 1 17 30 8 10 23 35 11 21 0
0 8 31 17 6 24 25 2 28 3 33 19 30 21 18 37 39 1 10 20 23 4 22 11 26 7 14 36 15 34 29 38 13 32 5 27 16 9 12 35 0
0 2 19 1 21 20 6 25 15 33 7 10 32 31 26 17 37 30 3 23 18 35 22 36 8 28 12 38 14 39 24 11 13 16 5 27 29 4 9 34 0
0 2 35 22 31 39 4 6 15 37 13 21 7 19 3 38 17 18 25 20 29 10 12 33 14 23 27 36 26 30 11 24 5 9 1 28 32 8 16 34 0
0 15 12 13 16 25 31 28 8 3 7 36 20 6 10 17 4 32 38 24 9 23 11 22 21 5 27 2 30 35 37 1 26 33 39 19 29 18 14 34 0
0 3 37 18 36 28 5 39 7 24 14 17 8 26 20 31 38 19 16 13 4 9 10 6 30 12 1 35 15 2 27 21 11 34 32 29 23 22 25 33 0
0 39 28 5 24 16 13 32 4 35 33 21 27 31 18 29 14 15 30 12 7 6 10 2 1 20 3 19 17 9 25 37 23 34 38 11 8 26 36 22 0
0 8 36 12 14 16 39 5 11 6 24 10 26 28 2 34 17 13 22 18 9 3 21 27 1 20 7 35 4 33 38 29 37 23 19 15 30 32 25 31 0
0 27 38 37 39 30 32 3 14 26 2 7 34 12 36 24 8 5 13 4 9 21 20 10 33 17 25 18 28 22 15 1 29 31 19 16 35 23 6 11 0
0 31 21 1 20 7 19 23 10 32 28 39 18 16 25 37 4 11 34 33 38 9 35 13 22 26 30 8 12 3 27 15 6 36 14 2 24 5 17 29 0
0 17 34 27 13 15 2 33 36 18 16 19 3 5 23 37 35 29 9 4 22 1 31 32 20 24 11 10 6 25 8 12 39 21 28 30 26 14 7 38 0
0 18 36 14 8 10 29 15 3 31 11 12 27 32 38 24 34 13 16 26 37 30 23 35 1 7 21 2 5 4 39 17 19 25 20 22 6 33 28 9 0
0 39 14 34 1 27 30 23 15 18 33 12 20 2 4 36 5 21 24 32 25 35 8 31 38 9 16 3 7 22 29 6 10 28 11 13 17 26 37 19 0
0 37 11 8 30 5 39 31 12 24 9 27 32 34 28 10 21 2 19 15 26 38 36 6 3 35 29 17 7 18 14 16 13 33 20 1 22 25 23 4 0
0 27 29 12 21 34 11 14 24 25 17 10 19 33 28 9 37 30 18 26 20 8 23 16 38 3 13 15 35 5 32 6 39 4 2 7 36 31 22 1 0
0 34 17 12 18 33 6 23 24 31 29 22 10 20 37 36 28 16 7 1 14 35 3 21 5 27 4 8 38 30 19 15 26 9 13 11 39 25 32 2 0
0 20 2 28 18 24 30 4 33 21 13 35 37 10 22 12 39 16 38 11 14 23 6 27 7 1 9 32 3 29 19 25 31 8 15 34 26 17 36 5 0
0 1 15 34 20 24 7 27 12 25 30 14 13 39 19 28 29 4 35 17 18 32 23 9 11 31 21 6 8 38 16 2 37 5 10 36 3 33 22 26 0
0 14 11 3 25 36 30 18 34 9 2 27 23 8 13 15 20 19 28 24 6 10 29 22 21 35 31 1 32 38 39 12 33 26 7 5 37 17 16 4 0
0 37 14 38 23 13 39 34 7 36 17 9 3 26 31 20 29 21 24 12 8 1 16 11 32 15 2 28 22 19 4 6 18 25 5 27 30 35 33 10 0
0 33 4 7 9 1 27 20 32 31 25 17 2 39 21 37 35 19 23 6 24 3 28 36 12 22 16 13 10 11 15 26 30 5 8 18 14 38 34 29 0
0 29 27 21 19 15 36 35 34 30 14 38 8 11 22 32 7 12 37 20 25 28 23 2 1 31 3 9 39 13 10 6 17 33 26 18 5 24 16 4 0
0 29 14 39 25 27 37 24 3 28 5 18 7 6 1 2 38 10 17 35 15 13 33 20 11 36 19 21 34 26 31 22 23 4 30 8 12 9 16 32 0
0 36 12 38 30 27 4 9 7 28 5 33 19 3 13 18 25 20 24 2 17 8 32 21 14 39 34 1 22 26 31 37 23 10 29 6 15 11 35 16 0
0 33 19 4 24 34 31 6 5 11 28 14 9 21 20 38 2 1 29 10 15 27 16 39 30 35 26 12 17 7 36 13 25 37 18 3 22 23 8 32 0
0 2 9 28 16 14 1 13 38 26 37 30 5 6 23 35 12 10 33 17 36 19 20 4 32 7 39 22 24 3 29 25 34 8 18 31 21 11 27 15 0
0 15 3 21 10 7 20 24 23 35 26 9 33 18 14 12 8 37 6 1 11 25 36 19 5 22 2 31 38 30 27 29 34 39 13 16 32 17 28 4 0
0 3 20 6 14 11 22 15 4 8 13 5 38 23 33 39 31 24 29 1 18 7 30 19 27 37 34 25 21 2 17 12 10 16 32 9 28 36 35 26 0
0 5 7 2 35 39 34 9 10 33 12 26 15 21 1 11 20 32 6 28 13 37 8 18 16 27 19 36 30 3 38 23 14 31 25 17 22 4 24 29 0
0 18 28 3 36 30 33 29 24 8 6 34 35 26 38 32 7 13 27 20 37 22 21 17 12 1 14 39 31 4 10 15 16 23 5 25 2 9 11 19 0
0 21 36 16 26 33 15 7 22 11 8 37 38 34 6 35 3 13 24 27 2 18 19 32 31 4 30 10 23 5 12 39 29 9 14 1 20 28 25 17 0
0 2 30 19 33 15 4 28 14 36 7 20 17 31 13 26 27 35 24 21 32 37 39 3 5 1 23 38 18 6 22 34 12 9 29 8 10 25 11 16 0
0 35 28 5 27 8 15 36 31 1 32 17 39 38 3 29 10 23 6 34 22 19 4 18 7 2 13 14 25 24 26 9 12 20 16 21 30 33 11 37 0
0 1 6 19 21 32 13 4 10 11 30 34 5 12 23 22 38 28 15 20 29 14 24 26 16 9 37 8 31 33 39 18 25 7 17 2 35 3 27 36 0
0 28 12 2 8 11 15 18 37 29 27 17 39 36 1 6 20 25 3 38 9 33 26 14 13 30 21 10 23 4 5 19 16 24 34 31 7 35 22 32 0
0 26 38 15 34 13 28 21 16 37 31 27 17 10 12 18 29 8 9 1 7 32 24 6 20 36 2 22 33 3 14 23 11 30 5 39 35 25 4 19 0
0 39 29 34 3 4 23 16 25 1 12 35 13 5 6 14 27 11 21 28 30 20 10 15 9 31 32 33 26 18 37 38 8 36 24 17 2 7 22 19 0
0 21 5 22 29 28 35 10 25 33 11 37 24 12 18 27 7 26 8 16 9 6 31 36 23 20 2 30 39 34 1 3 4 17 15 19 13 14 38 32 0
0 36 16 30 14 6 26 27 38 11 12 25 10 18 31 1 5 28 39 22 24 17 19 13 15 2 8 35 3 34 29 9 37 32 21 7 33 4 23 20 0
0 37 7 17 14 13 15 30 6 20 18 29 12 25 26 36 23 38 27 31 35 32 10 4 8 9 39 34 5 22 33 16 28 11 3 21 24 2 19 1 0
0 10 32 1 21 26 20 38 5 17 30 37 24 14 34 6 12 3 23 4 31 2 8 19 18 15 27 29 16 36 35 13 28 7 25 33 39 9 22 11 0
0 30 36 20 34 27 4 1 13 7 9 35 38 6 8 33 14 10 26 22 19 15 25 3 31 17 29 5 28 24 18 21 23 11 2 12 37 32 39 16 0
0 17 20 38 34 18 30 8 37 28 3 1 21 16 24 25 2 7 13 10 14 15 36 11 12 5 35 31 22 27 33 39 4 6 19 29 9 32 23 26 0
0 12 23 36 13 38 5 25 37 10 1 24 3 20 39 29 8 9 30 22 21 17 14 11 7 18 33 2 28 16 35 34 15 19 31 6 4 27 26 32 0
0 18 38 21 16 13 3 39 34 17 6 9 15 20 36 25 11 26 33 2 10 5 22 37 1 14 30 27 32 7 28 24 31 4 12 8 35 23 19 29 0
0 7 38 24 16 6 36 3 37 22 17 5 18 19 9 25 2 27 11 13 12 29 30 34 26 23 4 39 28 33 1 21 35 31 32 15 10 20 14 8 0
0 4 16 25 33 36 11 9 35 21 30 17 27 8 10 32 23 1 22 18 31 19 6 12 15 39 28 26 34 5 24 20 38 3 2 7 14 29 13 37 0
0 31 30 15 33 14 10 34 26 13 12 18 7 6 37 1 32 4 9 29 20 22 21 39 2 8 35 27 38 36 16 5 24 28 23 25 19 3 17 11 0
0 8 14 15 26 10 21 19 30 36 12 3 35 20 23 31 34 29 11 1 2 18 22 16 25 5 27 37 38 33 17 6 4 24 32 39 28 7 13 9 0
0 14 28 24 20 23 5 12 26 29 22 1 35 30 27 2 38 9 32 21 4 37 36 16 11 13 6 25 15 18 33 34 17 31 7 8 19 3 39 10 0
0 29 31 15 14 17 18 19 37 13 23 12 1 10 22 8 35 7 21 39 16 2 6 9 30 4 20 5 26 32 25 11 36 34 28 38 27 3 33 24 0
0 1 14 39 15 3 5 20 29 24 35 12 10 33 2 18 37 11 13 27 9 8 6 26 17 32 38 36 22 7 25 31 30 34 21 16 23 19 28 4 0
0 15 2 38 22 29 25 1 24 37 6 3 33 13 31 8 14 9 11 4 18 7 39 34 16 20 19 17 36 28 5 12 27 21 26 23 10 35 32 30 0
0 38 31 36 35 4 16 27 20 32 15 18 23 9 2 7 11 25 33 13 14 29 3 5 26 8 12 24 37 10 6 17 21 28 19 22 34 30 1 39 0
0 1 38 6 24 10 15 29 36 22 37 5 20 3 16 35 31 4 39 33 8 26 13 30 18 11 2 7 12 27 19 32 21 17 28 34 25 14 9 23 0
0 19 25 8 34 9 33 39 21 23 17 4 2 32 35 30 28 18 26 12 10 37 16 14 22 27 5 20 15 36 31 7 3 1 11 6 38 24 29 13 0
0 33 9 29 24 21 18 32 36 6 7 38 28 16 27 11 10 19 12 22 14 26 35 23 37 15 4 34 31 25 8 20 30 5 39 2 1 13 3 17 0
0 13 24 22 1 19 38 32 31 7 6 18 34 12 15 5 11 16 37 25 30 28 17 10 20 3 36 39 23 21 14 8 26 2 35 27 33 29 9 4 0
0 16 18 21 24 29 12 9 31 15 34 27 13 36 23 2 30 26 20 22 32 6 5 25 11 8 19 1 35 7 17 28 10 33 37 14 4 39 3 38 0
0 15 29 6 12 9 11 31 7 1 39 21 30 22 16 17 18 32 20 27 37 10 26 3 28 14 35 38 5 2 13 19 36 23 8 33 24 25 34 4 0
0 5 1 19 11 38 14 4 37 23 31 30 29 7 18 24 33 28 9 17 39 6 32 13 20 15 10 34 2 21 22 16 27 8 3 36 25 35 26 12 0
0 1 2 17 20 3 35 14 10 18 24 6 29 11 7 8 22 39 26 32 28 12 25 9 30 37 16 31 13 19 27 38 23 15 5 21 4 34 33 36 0
0 6 34 24 12 19 9 7 3 10 31 32 11 17 21 38 13 23 39 20 36 1 14 8 30 33 27 16 28 15 29 2 18 22 26 35 37 25 5 4 0
0 4 35 17 10 28 1 25 24 14 5 22 33 36 20 37 12 8 39 15 11 6 19 9 34 18 13 16 21 30 27 31 7 26 23 29 3 32 38 2 0
0 11 8 33 21 26 30 13 6 17 18 23 14 12 29 19 3 16 4 36 34 1 10 27 35 20 7 28 37 39 5 2 25 9 32 31 22 38 15 24 0
0 35 32 23 3 20 17 24 19 4 11 13 39 2 22 37 26 16 34 7 36 15 38 21 30 1 6 27 25 28 10 5 9 33 29 31 18 14 8 12 0
0 11 22 9 16 24 27 1 10 25 19 4 38 6 32 39 18 21 28 26 34 35 8 15 17 2 12 3 7 20 29 30 5 37 31 23 14 13 33 36 0
0 10 18 29 6 36 4 27 26 14 24 19 9 32 28 35 23 30 11 3 39 25 33 20 13 21 34 22 31 17 38 8 7 2 16 37 1 15 5 12 0
0 10 38 36 3 29 11 39 34 4 7 37 25 18 16 35 15 19 6 33 27 14 30 5 13 24 28 21 32 1 20 23 31 8 2 9 12 17 26 22 0
0 22 26 10 1 23 13 7 33 35 4 25 30 9 37 2 36 20 32 3 6 12 21 17 24 34 38 29 14 31 5 18 39 16 15 11 8 19 27 28 0
0 12 16 33 18 7 25 35 5 26 37 4 22 36 23 9 29 34 24 10 19 15 20 31 3 39 8 38 27 17 32 11 6 30 1 21 13 14 2 28 0
0 17 19 28 34 2 8 21 36 5 30 27 32 37 10 29 20 6 7 33 16 31 38 12 22 35 3 25 39 23 4 11 24 26 9 13 1 14 15 18 0
0 18 33 21 24 38 14 22 30 8 6 34 39 15 29 4 1 28 23 17 36 3 35 26 5 10 37 31 11 7 32 12 20 25 13 19 2 27 16 9 0
0 24 1 10 2 9 27 23 15 37 35 34 8 16 14 31 11 4 18 12 33 22 21 32 7 3 26 13 28 17 25 19 38 29 30 36 20 6 5 39 0
0 34 36 21 8 5 3 22 30 20 32 27 14 17 4 12 11 28 18 9 33 39 38 6 1 24 23 37 19 7 25 31 2 29 26 16 13 10 15 35 0
0 5 23 9 8 11 34 32 39 19 28 13 2 12 24 21 22 35 18 33 37 30 26 25 1 38 17 4 20 27 31 14 7 36 6 3 29 10 16 15 0
0 17 4 14 25 5 8 12 38 22 34 29 15 28 20 31 13 39 35 36 23 27 18 33 24 21 6 16 1 10 30 11 7 2 26 3 37 32 9 19 0
0 37 7 13 35 21 8 32 15 34 28 6 1 31 14 4 26 19 12 39 3 18 20 24 33 25 36 10 30 11 23 2 22 38 16 29 9 5 17 27 0
0 19 10 27 18 21 2 7 13 29 39 15 6 12 28 26 9 34 16 30 3 31 36 32 14 8 23 1 4 24 33 25 5 37 38 22 35 11 20 17 0
0 33 10 34 12 14 35 17 38 16 1 24 21 18 2 19 3 6 26 31 13 29 32 22 8 20 36 9 4 25 39 27 28 7 15 23 30 5 37 11 0
0 29 27 25 11 31 28 18 9 6 23 13 17 35 5 38 34 36 21 7 26 3 10 14 37 1 20 12 32 2 19 15 30 8 39 4 33 16 22 24 0
0 38 6 20 2 8 30 17 13 1 3 35 5 27 15 7 26 14 4 29 24 28 16 11 18 31 9 39 34 25 36 37 19 33 12 10 32 22 21 23 0
0 13 17 20 28 23 6 8 14 39 16 30 1 2 24 33 29 12 22 32 34 15 10 9 37 26 27 36 21 4 35 11 38 25 18 19 31 5 7 3 0
0 28 14 37 34 35 6 33 13 11 8 1 20 15 31 16 2 9 36 23 25 26 29 21 4 10 32 30 18 3 5 38 39 17 19 7 12 27 24 22 0
0 30 39 35 14 7 21 20 13 28 5 34 22 19 12 10 8 27 31 36 9 3 33 1 15 24 26 18 17 32 29 38 25 4 2 37 23 6 16 11 0
0 6 9 19 31 12 29 30 10 38 8 18 11 3 15 16 1 39 33 26 21 5 4 22 28 27 13 14 32 25 20 2 17 36 23 24 34 7 37 35 0
0 13 6 21 37 23 38 1 12 10 25 32 28 15 20 17 34 4 19 31 8 27 36 9 26 18 3 24 22 2 14 11 30 16 35 39 33 29 5 7 0
0 29 20 1 27 23 4 18 37 2 36 34 35 10 19 39 32 17 3 38 5 25 13 15 12 21 31 26 14 9 7 22 8 24 6 16 28 33 11 30 0
0 36 1 38 37 20 21 11 9 24 22 19 35 39 33 15 18 13 26 30 5 29 25 10 28 32 2 6 27 4 3 17 12 14 8 7 34 31 23 16 0
0 19 20 39 30 11 27 35 13 18 22 31 9 15 7 21 5 29 17 36 28 33 4 25 8 3 1 10 16 14 26 12 37 6 23 32 34 2 24 38 0
0 21 39 24 11 38 6 5 4 16 27 37 28 32 23 30 31 17 8 34 18 1 12 29 3 36 19 26 9 35 20 14 25 13 33 10 2 7 22 15 0
0 12 14 31 24 39 9 28 25 29 11 3 36 6 30 20 27 23 38 17 21 1 19 35 34 5 10 13 4 15 22 18 2 26 8 32 7 16 37 33 0
0 36 34 5 19 13 7 37 9 24 29 10 4 26 22 2 35 15 25 12 33 31 27 21 8 17 18 38 28 23 14 6 20 39 1 32 3 16 11 30 0
0 37 38 32 6 15 31 33 12 13 25 35 23 10 22 14 20 28 26 2 34 27 11 4 3 16 30 39 24 36 8 18 7 5 19 1 9 29 21 17 0
0 32 31 4 10 28 33 17 25 7 39 6 22 11 5 8 19 2 23 13 20 3 18 30 29 34 16 1 15 27 26 21 9 36 24 35 38 37 14 12 0
0 37 11 13 34 17 12 10 23 36 35 38 22 27 2 19 4 25 1 32 8 24 20 15 14 26 7 31 5 29 6 30 33 28 18 39 3 16 21 9 0
0 21 17 26 7 24 1 25 35 38 11 8 30 20 31 13 15 10 33 23 36 18 12 16 6 14 5 32 29 19 22 2 37 39 9 4 27 34 3 28 0
0 8 6 37 31 28 23 34 26 16 36 15 2 1 11 32 12 30 38 10 33 35 13 3 19 25 39 24 14 7 9 5 18 22 17 20 21 29 4 27 0
0 12 38 5 30 15 18 28 19 16 27 33 25 21 23 17 2 13 10 32 29 6 14 4 1 11 26 31 7 35 34 9 36 22 37 39 20 24 8 3 0
0 10 36 21 25 7 33 27 2 34 19 37 18 1 29 6 8 30 26 14 11 35 39 15 31 20 16 17 38 4 28 32 24 12 13 3 22 5 9 23 0
0 13 9 19 34 11 6 25 2 26 30 8 24 32 36 38 23 35 27 21 39 29 18 17 7 4 22 10 37 28 5 14 15 12 3 20 1 16 31 33 0
0 28 1 30 36 6 5 2 17 11 20 34 39 37 21 23 7 13 15 35 32 3 31 10 24 33 18 19 22 29 14 12 9 4 8 16 26 38 25 27 0
0 35 28 23 14 13 17 11 19 29 1 37 30 26 21 34 31 25 33 24 32 8 4 27 5 15 12 20 2 38 3 10 18 36 16 7 39 22 6 9 0
0 21 25 24 17 35 5 26 12 32 30 36 3 14 19 37 8 27 18 16 15 1 29 39 9 28 10 11 7 23 20 31 33 4 34 2 38 22 6 13 0
0 13 11 8 20 3 21 34 16 14 28 25 38 6 33 36 7 30 10 12 17 32 27 19 23 24 1 31 29 2 35 18 4 37 15 22 39 5 9 26 0
0 39 34 37 10 18 9 23 20 4 36 3 22 13 19 31 33 24 16 14 28 17 15 12 26 38 27 21 7 8 5 35 1 32 25 6 2 29 11 30 0
0 27 11 15 37 21 1 34 18 39 19 2 29 33 17 30 10 20 25 35 32 8 28 5 6 9 36 16 4 3 22 23 14 26 24 12 38 7 31 13 0
0 38 4 25 28 5 8 15 29 27 12 26 21 9 23 24 32 34 14 35 6 39 2 16 30 18 20 37 17 3 1 7 13 22 19 11 33 31 10 36 0
0 21 6 22 15 5 2 29 36 38 3 1 32 14 16 28 11 37 33 30 12 23 27 34 18 20 7 19 39 24 10 8 4 26 17 13 31 9 25 35 0
0 17 31 12 33 11 7 35 14 32 38 26 27 36 19 8 15 24 18 16 29 1 23 13 30 2 4 20 34 5 6 10 25 39 3 9 28 22 37 21 0
0 9 6 19 27 26 31 2 5 7 11 17 24 34 12 1 36 10 35 39 23 21 25 20 4 29 14 32 38 13 16 30 3 22 15 33 28 18 37 8 0
0 9 18 26 8 23 4 14 1 16 15 11 21 19 22 29 30 31 20 34 13 33 7 32 24 12 39 6 10 28 35 17 25 36 3 2 38 27 5 37 0
0 26 4 14 34 35 5 38 22 1 10 8 16 39 15 23 12 2 18 6 25 24 21 33 31 11 3 27 36 32 30 13 9 20 7 28 37 19 17 29 0
0 11 9 36 39 24 35 37 25 22 34 7 3 15 29 12 18 31 14 1 13 30 28 6 19 23 27 32 17 4 21 2 26 5 20 8 38 16 33 10 0
0 13 1 12 29 22 17 30 36 10 28 19 16 33 18 39 5 37 26 25 15 9 35 6 20 34 38 27 8 11 4 24 3 23 31 21 7 32 2 14 0
0 12 30 1 6 29 36 25 18 21 8 33 2 7 10 24 28 11 19 38 37 13 23 27 14 5 20 17 35 39 22 4 9 32 34 3 15 16 31 26 0
0 5 14 15 28 26 31 7 16 24 11 25 12 33 38 35 1 29 3 2 22 34 10 36 21 32 4 18 37 9 39 17 8 19 27 6 20 13 30 23 0
0 18 11 7 14 13 5 31 22 29 34 2 3 4 1 28 35 20 17 30 6 27 25 26 9 24 8 32 12 37 23 39 10 15 21 33 38 19 36 16 0
0 7 6 21 10 15 19 18 2 14 30 12 32 16 35 28 20 22 11 34 38 4 5 39 37 33 8 17 26 29 13 36 25 9 1 24 3 31 23 27 0
0 13 6 35 16 1 11 31 27 15 25 21 10 5 30 4 33 28 3 20 19 36 18 2 14 29 38 26 12 22 34 37 17 39 8 9 23 32 7 24 0
0 37 26 33 28 7 23 11 24 36 1 31 39 5 19 13 9 32 29 8 30 16 14 22 2 15 34 38 12 27 20 3 17 6 25 21 18 4 35 10 0
0 24 23 17 7 3 18 21 10 38 27 25 33 36 30 1 37 9 6 28 12 11 13 22 19 2 31 8 39 35 29 5 14 4 15 16 32 34 26 20 0
0 21 37 27 24 38 1 7 8 31 29 16 4 36 14 18 32 9 2 23 3 20 35 17 34 39 28 25 22 19 5 10 26 12 11 6 15 13 30 33 0
0 2 1 22 14 31 13 35 21 12 32 7 27 24 4 3 20 5 25 37 15 30 39 17 6 8 9 33 23 10 19 38 18 34 28 11 16 36 26 29 0
0 23 33 14 38 16 10 37 8 26 24 9 21 28 22 2 27 18 3 29 13 15 4 31 17 35 6 11 5 20 12 7 36 32 19 39 1 34 25 30 0
0 2 29 23 9 31 34 28 27 35 36 10 20 16 25 4 15 8 5 38 39 19 33 7 32 6 37 3 24 14 18 22 1 13 30 26 17 11 21 12 0
0 26 8 2 29 6 38 7 4 21 17 35 23 9 28 32 3 1 25 19 24 14 15 10 12 11 33 13 36 20 18 27 34 5 30 31 39 37 16 22 0
0 33 16 31 35 15 28 20 17 27 22 24 7 38 23 25 4 30 34 8 29 21 9 26 19 36 18 1 12 2 14 5 11 3 32 6 10 13 39 37 0
0 31 14 33 25 28 17 19 22 10 39 3 7 8 16 18 26 11 29 5 24 9 6 37 13 35 30 15 38 27 36 34 2 20 12 21 23 32 1 4 0
0 4 35 9 32 24 27 7 37 29 17 15 14 25 20 33 2 13 16 39 22 5 19 30 23 10 8 12 26 38 1 11 6 21 31 18 34 28 3 36 0
0 10 1 17 36 25 35 31 7 9 34 27 23 30 12 5 29 21 38 19 22 28 39 6 20 2 37 3 13 4 24 16 26 33 11 8 18 14 32 15 0
0 32 34 26 28 6 39 37 2 10 4 5 1 27 14 18 19 21 9 30 13 8 3 17 12 22 29 33 23 35 7 15 38 25 31 24 20 16 11 36 0
0 3 25 8 2 37 30 24 7 13 10 20 33 17 4 5 22 32 9 23 39 15 35 28 12 34 18 14 27 11 36 38 29 31 21 16 26 19 6 1 0
0 11 3 2 14 29 19 37 33 10 35 24 31 8 1 17 34 7 20 36 25 28 6 23 9 22 5 38 32 27 30 15 16 26 13 4 21 18 39 12 0
0 25 7 39 16 34 32 18 9 8 17 26 36 15 19 13 22 3 1 29 27 2 24 33 14 21 10 35 37 31 20 12 38 23 28 30 11 6 5 4 0
0 39 26 34 11 29 19 7 27 35 17 23 18 37 8 13 4 25 15 3 24 9 32 1 2 16 5 38 33 21 20 12 22 30 14 10 28 31 36 6 0
0 21 32 20 11 3 30 34 2 13 23 38 33 17 27 8 10 5 36 22 39 14 26 28 19 31 29 15 1 9 4 16 37 24 18 6 7 12 25 35 0
0 28 22 12 3 39 4 25 32 24 15 7 9 17 26 16 31 13 14 20 21 5 23 29 18 10 34 1 35 8 38 33 11 30 2 6 19 27 37 36 0
0 17 18 36 2 23 32 29 20 28 25 8 30 27 21 3 11 24 33 4 12 14 31 37 13 19 39 1 26 10 6 22 5 34 9 38 16 7 35 15 0
0 39 4 19 36 2 17 35 27 28 32 7 13 1 16 14 29 15 18 25 10 9 30 23 6 20 37 24 38 11 3 22 33 12 5 21 34 8 31 26 0
0 37 11 8 9 18 4 3 7 38 21 16 12 39 30 6 15 17 20 31 36 27 26 34 28 35 22 25 5 24 1 13 29 2 14 32 33 23 19 10 0
0 32 4 20 24 39 6 12 11 18 22 25 36 29 8 37 5 13 14 21 26 38 17 2 19 35 16 23 10 33 27 7 28 30 31 9 1 34 15 3 0
0 39 4 28 25 19 36 27 38 31 26 9 22 23 33 8 20 12 29 32 13 21 34 5 1 10 24 3 7 15 11 35 37 18 14 17 6 16 2 30 0
0 21 14 22 6 36 13 27 20 7 4 29 38 33 26 9 18 34 37 15 31 30 35 28 1 5 16 11 24 19 25 32 10 2 39 3 8 12 23 17 0
0 31 5 11 38 27 4 13 33 3 20 34 16 36 23 2 37 7 26 24 28 1 30 8 39 18 25 32 21 15 14 29 17 10 9 6 19 35 12 22 0
0 13 34 39 9 2 23 14 21 27 4 8 33 28 37 18 16 20 10 3 35 29 11 19 7 24 5 36 26 31 25 17 12 38 22 15 1 30 32 6 0
0 7 29 2 21 15 8 38 19 37 4 5 17 16 20 9 35 26 36 6 39 27 3 23 30 13 33 31 25 14 22 12 34 10 24 18 32 28 11 1 0
0 37 19 33 26 31 1 35 32 2 9 17 29 10 24 14 7 36 5 16 3 22 20 12 15 6 11 39 4 18 13 38 34 8 25 23 28 30 27 21 0
0 23 27 17 26 5 3 37 19 7 18 13 16 31 29 24 12 34 2 15 8 35 14 22 9 30 25 36 10 1 6 32 11 21 38 4 28 33 39 20 0
