# n n_solutions
40 1000
# n x n distance matrix
0 6425 4527 6606 5277 8820 8204 9454 1802 8170 5742 2451 6718 6413 3231 9025 7854 3901 5403 5531 7747 7840 5108 5382 3841 2529 7400 4837 2209 3785 7256 1500 1720 6694 3505 7443 4500 8532 5353 4071
6425 0 9406 3328 1303 7236 2973 6003 5063 5536 7502 4024 2886 1140 4850 3008 1431 3041 2184 6168 1360 7102 3138 7300 6407 4750 2607 4049 7660 2745 1360 7101 5080 860 5922 2051 5546 4493 7473 4522
4527 9406 0 10688 8640 7905 9936 9633 6184 8237 3805 5780 8236 8872 7690 11151 10751 6365 7543 4785 10748 6706 9219 3601 3264 4701 9140 5916 2319 6762 9682 3041 6087 9284 8030 9513 4477 9392 3400 8489
6606 3328 10688 0 2745 10404 6248 9329 4816 8784 9841 4939 6132 4429 3661 5920 3801 5008 5044 8700 3522 10099 1500 9562 8297 6168 5935 6612 8523 4328 4622 7823 4891 4188 4308 5360 7823 7821 9687 2865
5277 1303 8640 2745 0 7689 4081 6824 3807 6129 7236 2983 3522 2000 3551 4295 2647 2435 2308 6020 2500 7354 2051 6985 5869 3940 3546 3901 6720 1886 2563 6107 3832 1969 4632 3138 5217 5375 7130 3269
8820 7236 7905 10404 7689 0 5162 2483 8980 1811 4101 7286 4356 6100 9963 6476 7700 6021 5385 3417 7905 1200 9617 4318 5314 6403 4900 4327 8032 6711 6307 8102 8910 6462 10987 5600 4341 3448 4509 10233
8204 2973 9936 6248 4081 5162 0 3298 7299 3354 7000 5803 1700 2102 7502 1389 2751 4304 2801 5586 3008 5478 6080 6935 6673 5903 824 4024 8764 4527 1627 8394 7283 2140 8616 943 5491 1811 7150 7335
9455 6003 9633 9329 6824 2483 3298 0 9130 1403 5977 7424 3324 4909 9780 4401 6044 5916 4750 4850 6293 3383 8872 6087 6600 6925 3400 4617 9226 6463 4792 9108 9082 5147 10881 4030 5403 1523 6306 9841
1802 5063 6184 4816 3807 8980 7299 9130 0 7988 6612 1720 6040 5308 1513 7900 6453 3220 4588 6020 6306 8168 3324 6262 4712 2692 6551 4686 3889 2789 6100 3162 100 5500 2154 6438 4939 7984 6293 2308
8170 5536 8237 8784 6129 1811 3354 1403 7988 0 4623 6268 2657 4396 8772 4684 5907 4827 3883 3452 6120 2280 8130 4712 5200 5646 3106 3354 7840 5445 4527 7746 7932 4729 9849 3805 4011 1700 4933 8927
5742 7502 3805 9841 7236 4101 7000 5977 6612 4623 0 5277 5403 6618 7981 8354 8588 4837 5331 1421 8676 2901 8600 360 1923 4002 6312 3453 4301 5514 7271 4596 6519 7065 8766 6860 2022 6020 447 8551
2451 4024 5780 4939 2983 7286 5803 7424 1720 6268 5277 0 4414 3962 2773 6576 5455 1552 3014 4477 5371 6521 3517 4949 3500 1300 5015 2973 3748 1334 4805 3124 1664 4244 3720 5008 3417 6324 5024 3275
6718 2886 8236 6132 3522 4356 1700 3324 6040 2657 5403 4414 0 1746 6519 2972 3452 2863 1476 3982 3622 4328 5560 5307 4973 4310 921 2325 7106 3269 2039 6774 6008 2109 7632 1476 3801 1972 5517 6529
6413 1140 8872 4429 2000 6100 2102 4909 5308 4396 6618 3962 1746 0 5408 2617 1972 2640 1345 5239 2061 6000 4036 6449 5731 4382 1555 3190 7334 2630 854 6854 5303 447 6519 1170 4743 3420 6637 5235
3231 4850 7690 3661 3551 9963 7502 9780 1513 8772 7981 2773 6519 5408 0 7844 6100 3962 5047 7249 5900 9264 2284 7640 6118 3984 6844 5640 5385 3330 6087 4657 1612 5481 1118 6578 6184 8490 7690 860
9025 3008 11151 5920 4295 6476 1389 4401 7900 4684 8354 6576 2972 2617 7844 0 2126 5192 3733 6935 2408 6854 6092 8273 7905 6894 2051 5243 9823 5246 1800 9392 7900 2402 8926 1655 6762 3041 8485 7528
7854 1431 10751 3801 2647 7700 2751 6044 6453 5907 8588 5455 3452 1972 6100 2126 0 4404 3301 7201 282 7777 4123 8421 7669 6140 2801 5161 9069 4167 1414 8523 6476 1526 7125 2102 6711 4535 8609 5656
3901 3041 6365 5008 2435 6021 4304 5916 3220 4827 4837 1552 2863 2640 3962 5192 4404 0 1503 3712 4386 5412 3847 4570 3443 1749 3500 1746 4701 728 3492 4215 3178 3001 5024 3569 2816 4775 4707 4219
5403 2184 7543 5044 2308 5385 2801 4750 4588 3883 5331 3014 1476 1345 5047 3733 3301 1503 0 3984 3361 5063 4254 5142 4386 3162 2002 1878 6092 1802 2140 5661 4560 1780 6158 2088 3413 3448 5323 5093
5531 6168 4785 8700 6020 3417 5586 4850 6020 3452 1421 4477 3982 5239 7249 6935 7201 3712 3984 0 7300 2332 7553 1360 1897 3328 4891 2137 4617 4428 5866 4695 5935 5685 8149 5440 1081 4695 1581 7716
7747 1360 10748 3522 2500 7905 3008 6293 6306 6120 8676 5371 3622 2061 5900 2408 282 4386 3361 7300 0 7950 3883 8499 7700 6107 3014 5235 9020 4104 1600 8459 6332 1615 6911 2319 6774 4780 8683 5433
7840 7102 6706 10099 7354 1200 5478 3383 8168 2280 2901 6521 4328 6000 9264 6854 7777 5412 5063 2332 7950 0 9170 3125 4204 5517 5044 3667 6907 6132 6363 7023 8091 6407 10241 5727 3342 3966 3313 9617
5108 3138 9219 1500 2051 9617 6080 8872 3324 8130 8600 3517 5560 4036 2284 6092 4123 3847 4254 7553 3883 9170 0 8302 6958 4785 5590 5554 7032 3125 4494 6328 3397 3940 3125 5140 6606 7426 8409 1612
5382 7300 3601 9562 6985 4318 6935 6087 6262 4712 360 4949 5307 6449 7640 8273 8421 4570 5142 1360 8499 3125 8302 0 1565 3667 6224 3264 3966 5234 7128 4244 6168 6896 8415 6747 1772 6041 223 8220
3841 6407 3264 8297 5869 5314 6673 6600 4712 5200 1923 3500 4973 5731 6118 7905 7669 3443 4386 1897 7700 4204 6958 1565 0 2200 5883 2662 2720 4016 6506 2830 4617 6161 6862 6280 1236 6183 1581 6736
2529 4750 4701 6168 3940 6403 5903 6925 2692 5646 4002 1300 4310 4382 3984 6894 6140 1749 3162 3328 6107 5517 4785 3667 2200 0 5080 2308 2952 2061 5232 2500 2607 4750 4830 5249 2247 6040 3733 4554
7400 2607 9140 5935 3546 4900 824 3400 6551 3106 6312 5015 921 1555 6844 2051 2801 3500 2002 4891 3014 5044 5590 6224 5883 5080 0 3224 7940 3765 1431 7570 6530 1749 7962 700 4720 1886 6435 6741
4837 4049 5916 6612 3901 4327 4024 4617 4686 3354 3453 2973 2325 3190 5640 5243 5161 1746 1878 2137 5235 3667 5554 3264 2662 2308 3224 0 4850 2469 3905 4600 4622 3635 6660 3623 1562 3800 3448 5953
2209 7660 2319 8523 6720 8032 8764 9226 3889 7840 4301 3748 7106 7334 5385 9823 9069 4701 6092 4617 9020 6907 7032 3966 2720 2952 7940 4850 0 4920 8184 728 3794 7702 5714 8170 3832 8628 3860 6197
3785 2745 6762 4328 1886 6711 4527 6463 2789 5445 5514 1334 3269 2630 3330 5246 4167 728 1802 4428 4104 6132 3125 5234 4016 2061 3765 2469 4920 0 3471 4356 2765 2912 4420 3700 3501 5232 5360 3522
7256 1360 9682 4622 2563 6307 1627 4791 6100 4527 7271 4805 2039 854 6087 1800 1414 3492 2140 5866 1600 6363 4494 7128 6506 5232 1431 3905 8184 3471 0 7707 6100 608 7184 761 5467 3268 7323 5830
1500 7101 3041 7823 6107 8102 8394 9108 3162 7746 4596 3124 6774 6854 4657 9392 8523 4215 5661 4695 8459 7023 6328 4244 2830 2500 7570 4600 728 4356 7707 0 3067 7201 5003 7749 3794 8400 4172 5470
1720 5080 6087 4891 3832 8910 7283 9082 100 7932 6519 1664 6008 5303 1612 7900 6476 3178 4560 5935 6332 8091 3397 6168 4617 2607 6530 4622 3794 2765 6100 3067 0 5503 2247 6428 4854 7947 6198 2404
6694 860 9284 4188 1969 6462 2140 5147 5500 4729 7065 4244 2109 447 5481 2402 1526 3001 1780 5685 1615 6407 3940 6896 6161 4750 1749 3635 7702 2912 608 7201 5503 0 6580 1204 5186 3635 7083 5238
3505 5922 8030 4308 4632 10987 8616 10881 2154 9849 8766 3720 7632 6519 1118 8926 7125 5024 6158 8149 6911 10241 3125 8415 6862 4830 7962 6660 5714 4420 7184 5003 2247 6580 0 7689 7071 9604 8443 1513
7443 2051 9513 5360 3138 5600 943 4030 6438 3805 6860 5008 1476 1170 6578 1655 2102 3569 2088 5440 2319 5727 5140 6747 6280 5249 700 3623 8170 3700 761 7749 6428 1204 7689 0 5166 2507 6952 6395
4500 5546 4477 7823 5217 4341 5491 5403 4939 4011 2022 3417 3801 4743 6184 6762 6711 2816 3413 1081 6774 3342 6606 1772 1236 2247 4720 1562 3832 3501 5467 3794 4854 5186 7071 5166 0 4947 1931 6676
8532 4493 9392 7821 5375 3448 1811 1523 7984 1700 6020 6324 1972 3420 8490 3041 4535 4775 3448 4695 4780 3966 7426 6041 6183 6040 1886 3800 8628 5232 3268 8400 7947 3635 9604 2507 4947 0 6264 8481
5353 7473 3400 9687 7130 4509 7150 6306 6293 4933 447 5024 5517 6637 7690 8485 8609 4707 5323 1581 8683 3313 8409 223 1581 3733 6435 3448 3860 5360 7323 4172 6198 7083 8443 6952 1931 6264 0 8287
4071 4522 8489 2865 3269 10233 7335 9841 2308 8927 8551 3275 6529 5235 860 7528 5656 4219 5093 7716 5433 9617 1612 8220 6736 4554 6741 5953 6197 3522 5830 5470 2404 5238 1513 6395 6676 8481 8287 0
# set of given starting solutions
0 6 13 23 9 7 10 25 24 5 29 4 32 34 16 35 12 14 18 1 21 31 11 2 28 33 27 22 26 30 8 20 15 3 17 38 36 39 19 37 0
0 15 24 34 30 19 3 39 28 25 23 7 21 2 9 10 27 22 8 37 11 4 36 14 20 35 17 33 29 32 12 38 6 26 5 31 13 1 16 18 0
0 17 31 20 34 14 25 19 35 39 29 22 4 13 18 28 23 38 5 11 26 2 6 32 1 8 37 16 24 27 7 10 12 30 3 33 21 9 36 15 0
0 12 26 38 17 6 33 5 32 25 34 21 23 9 30 3 37 27 4 7 22 10 35 19 31 15 29 18 16 13 36 28 14 1 24 2 20 39 11 8 0
0 30 22 1 26 6 32 18 23 21 34 36 11 3 29 15 19 38 4 37 17 16 14 39 20 27 13 9 25 31 8 2 33 10 12 24 5 28 7 35 0
0 33 26 3 39 31 5 1 17 25 16 6 22 7 37 30 4 8 34 20 10 9 14 24 18 2 35 38 36 12 11 28 15 32 23 29 27 13 19 21 0
0 28 10 1 31 20 22 16 33 5 36 29 37 39 30 25 6 8 7 11 21 26 2 15 17 38 9 35 12 27 19 32 34 18 23 14 4 24 3 13 0
0 32 2 22 37 35 24 12 11 21 25 38 34 17 4 1 19 20 28 9 10 30 29 16 27 7 18 6 33 39 5 23 26 3 36 13 15 14 8 31 0
0 15 36 18 20 27 35 4 3 28 1 37 26 22 19 30 33 21 6 32 23 17 12 14 16 38 11 39 9 31 29 8 2 25 5 10 34 24 13 7 0
0 31 5 6 30 35 16 9 32 21 12 10 20 3 26 1 33 22 25 17 8 7 29 18 23 4 38 27 19 13 14 37 39 24 28 34 36 2 15 11 0
0 8 4 36 19 37 1 30 23 22 24 11 33 39 2 3 10 38 28 21 5 7 16 12 31 25 13 20 35 18 29 32 34 27 17 14 6 26 15 9 0
0 9 31 11 35 13 1 4 19 32 8 17 16 6 10 28 27 21 34 14 24 22 30 20 29 36 26 23 33 38 39 3 2 18 12 15 7 5 37 25 0
0 9 15 30 20 4 7 22 8 19 18 6 24 33 28 1 14 10 39 11 16 37 31 21 5 34 32 38 36 25 26 3 29 27 12 35 23 2 17 13 0
0 15 35 25 31 20 13 8 27 39 36 11 34 24 14 16 18 4 12 5 33 23 9 17 19 7 29 28 22 30 6 21 1 2 10 26 3 32 38 37 0
0 8 13 31 2 17 16 19 11 14 25 38 37 21 12 15 32 29 20 1 26 30 5 23 22 6 9 36 39 3 27 10 33 28 34 35 24 7 18 4 0
0 36 19 32 10 9 26 6 24 1 17 38 4 39 21 30 31 29 13 23 34 3 14 15 16 33 7 8 22 11 5 12 25 37 2 28 27 18 20 35 0
0 4 5 37 28 25 6 2 18 19 26 33 14 17 22 10 3 9 31 39 15 35 38 7 21 29 20 8 34 1 36 16 11 13 24 23 30 32 12 27 0
0 2 31 26 20 32 11 1 22 3 13 5 27 25 23 38 35 14 29 33 10 12 37 15 6 17 8 34 16 7 30 24 39 19 9 36 21 18 28 4 0
0 37 16 5 3 12 34 27 35 32 10 38 20 29 17 22 9 2 36 15 7 4 8 21 24 11 18 14 13 33 31 23 6 28 39 26 30 19 1 25 0
0 6 28 31 35 13 5 39 12 3 30 29 10 7 17 27 19 11 22 2 32 34 38 18 1 20 9 21 23 25 8 26 16 14 36 4 24 15 33 37 0
0 39 18 28 6 26 33 32 37 22 38 23 27 11 31 35 24 8 34 15 16 12 7 36 21 9 10 14 20 25 13 1 5 29 3 4 19 30 17 2 0
0 16 14 8 29 17 35 1 19 26 25 4 11 34 39 37 20 2 36 32 3 30 18 10 15 5 23 21 6 13 7 38 22 27 24 31 28 33 12 9 0
0 38 25 1 36 35 18 26 7 24 4 31 39 28 30 33 32 22 27 16 29 13 5 19 15 11 14 12 17 9 3 34 37 8 10 23 20 6 2 21 0
0 31 21 14 7 1 23 36 12 25 38 16 15 6 8 10 19 24 22 26 17 18 9 37 20 4 30 39 13 33 29 28 5 3 11 2 35 32 27 34 0
0 12 11 34 32 26 4 37 15 39 2 7 30 29 36 6 10 5 14 1 25 33 23 17 8 28 22 9 20 19 35 27 16 31 21 38 13 18 24 3 0
0 4 18 13 19 1 15 11 27 33 10 20 21 9 26 2 29 35 3 36 34 5 39 14 37 30 6 7 32 31 8 17 25 28 24 38 16 23 12 22 0
0 33 16 37 17 18 12 35 6 19 36 9 31 23 28 25 30 20 29 26 7 1 39 13 21 8 15 34 4 38 3 24 5 32 22 11 2 27 14 10 0
0 17 27 38 31 15 4 33 8 34 35 37 3 1 5 16 23 20 9 30 19 18 21 13 32 25 7 6 12 22 29 28 10 26 36 24 11 39 14 2 0
0 9 2 27 32 30 24 33 25 6 14 34 22 8 29 17 21 3 26 36 37 13 20 11 28 38 31 35 12 15 10 23 7 19 1 16 4 5 39 18 0
0 26 12 16 22 39 19 17 4 8 32 7 9 29 30 13 31 36 5 15 25 3 14 10 37 27 11 33 21 6 18 2 23 38 34 28 35 24 1 20 0
0 11 1 4 7 24 28 14 33 2 27 34 17 9 20 31 32 30 8 38 3 37 16 10 36 5 22 15 35 21 19 18 26 6 25 39 29 12 23 13 0
0 27 32 23 35 24 5 12 22 14 1 6 17 11 3 20 31 13 16 34 26 9 4 10 38 21 8 39 37 28 2 36 18 15 30 19 33 29 25 7 0
0 29 15 38 37 19 33 26 25 17 21 8 6 2 13 30 16 32 4 36 35 20 28 24 34 12 5 23 3 7 11 27 1 18 22 31 14 39 9 10 0
0 24 8 2 3 19 11 32 5 21 13 39 18 6 14 10 36 30 25 29 33 4 12 7 9 31 20 28 37 17 34 26 27 38 15 1 22 16 35 23 0
0 10 35 6 25 1 22 15 26 33 36 8 39 30 37 38 32 21 24 3 28 16 19 12 13 14 2 18 4 9 27 5 29 23 31 7 17 20 11 34 0
0 8 2 39 16 32 19 17 27 28 7 1 36 38 18 25 34 6 4 10 31 11 5 12 14 26 33 35 30 24 3 15 9 29 37 23 21 13 22 20 0
0 12 29 39 8 28 3 14 15 9 37 10 16 23 31 5 19 36 11 1 4 34 6 7 30 20 38 24 25 17 13 18 35 26 22 2 27 21 33 32 0
0 23 32 39 31 28 21 1 4 18 9 2 16 30 3 10 11 24 27 36 20 33 25 35 15 6 38 13 5 19 34 7 14 37 8 12 26 29 22 17 0
0 16 36 4 6 14 26 11 17 5 12 1 9 7 34 13 19 33 10 32 20 23 31 29 38 3 15 28 18 2 21 39 30 37 8 22 24 27 25 35 0
0 3 16 31 5 23 33 2 25 37 39 10 7 20 6 12 14 19 38 1 15 18 11 24 34 9 21 36 32 22 28 29 13 8 17 30 4 26 35 27 0
0 33 38 16 18 7 21 11 28 29 13 36 8 4 5 12 1 2 9 22 30 10 27 3 20 35 39 25 34 6 15 31 24 37 14 32 17 26 19 23 0
0 13 38 34 17 32 20 29 35 7 30 3 37 10 28 21 14 23 25 36 6 24 22 19 5 9 15 18 2 16 27 8 39 4 12 31 1 11 26 33 0
0 35 32 28 25 16 18 3 39 7 21 20 10 31 24 34 11 33 14 4 6 29 19 26 22 37 12 8 38 36 17 13 1 27 2 15 9 23 30 5 0
0 29 9 27 7 35 19 36 28 24 21 11 1 26 13 8 17 6 10 23 39 2 3 38 32 14 4 5 12 34 15 30 33 18 16 20 22 25 31 37 0
0 2 18 31 6 21 27 9 36 4 28 8 12 10 26 1 13 16 29 24 19 25 30 34 37 20 3 33 23 22 39 7 17 35 11 5 38 32 15 14 0
0 30 14 10 15 9 29 25 21 18 13 16 8 22 7 38 34 19 11 27 35 5 32 17 1 39 26 28 4 6 12 2 24 36 33 20 37 23 3 31 0
0 31 34 6 14 23 15 10 9 8 13 12 32 30 35 27 18 24 22 7 36 1 33 11 39 17 37 16 29 25 20 3 2 4 28 21 38 26 19 5 0
0 22 23 4 16 35 15 7 14 30 13 24 33 8 32 36 12 17 5 39 21 18 11 20 38 6 3 29 10 28 19 1 34 25 26 31 2 27 9 37 0
0 12 28 39 35 24 4 3 14 9 36 7 23 17 15 31 5 6 18 27 2 34 22 30 20 37 21 26 32 11 29 19 13 38 8 25 10 16 33 1 0
0 29 10 17 33 23 9 30 34 8 1 32 12 35 18 4 5 6 7 14 3 20 28 2 16 19 11 39 38 21 15 26 37 25 13 36 27 24 22 31 0
0 2 17 30 24 4 27 36 33 29 11 39 7 20 3 23 16 19 34 12 32 5 26 18 37 9 6 21 8 38 1 14 10 35 28 15 22 13 31 25 0
0 2 26 28 29 3 22 17 31 33 20 23 8 6 36 7 4 37 1 27 9 32 39 14 30 18 35 38 11 15 34 5 16 13 10 12 19 21 24 25 0
0 28 20 18 19 21 3 2 11 32 29 8 7 9 17 38 22 5 33 37 24 26 15 16 34 10 36 35 14 39 13 25 23 6 1 12 31 30 4 27 0
0 9 35 12 29 1 33 6 18 32 7 3 25 23 16 20 17 13 21 22 31 38 8 14 11 5 26 28 34 19 27 15 4 39 30 36 2 37 10 24 0
0 6 25 33 22 37 3 10 9 26 38 20 14 34 16 23 13 31 30 27 18 4 35 1 24 39 7 5 17 36 28 29 19 8 32 15 12 21 2 11 0
0 38 5 26 37 14 9 23 36 27 16 34 13 1 12 25 6 20 35 22 15 24 30 21 39 11 4 32 28 33 18 3 19 8 2 7 17 29 31 10 0
0 14 15 11 16 35 34 37 6 32 4 22 39 29 1 26 23 7 9 18 2 8 25 27 38 24 12 10 3 31 17 13 20 30 36 19 5 28 21 33 0
0 16 18 21 20 25 34 14 12 28 4 27 37 15 22 26 39 13 31 3 29 38 8 35 36 19 2 6 1 32 30 5 7 10 24 11 17 33 23 9 0
0 6 35 25 24 29 39 23 38 18 37 19 17 26 11 20 4 31 1 9 21 15 27 30 5 10 8 16 34 14 2 7 12 3 28 33 22 13 32 36 0
0 23 25 14 22 18 5 8 28 38 3 24 29 19 30 6 4 7 33 11 20 16 37 35 1 12 39 15 13 36 31 17 27 10 9 34 32 21 26 2 0
0 5 22 3 7 33 2 14 31 15 16 38 30 20 26 9 10 34 37 36 29 4 35 25 39 13 27 28 18 12 1 11 6 32 24 23 19 21 17 8 0
0 9 19 3 30 36 7 33 17 32 1 24 23 28 18 4 38 6 37 11 13 22 27 35 15 14 2 39 29 8 31 34 5 10 20 16 26 12 21 25 0
0 9 15 22 32 25 35 4 14 2 29 26 36 17 10 13 39 30 6 33 18 7 1 38 3 23 8 28 20 5 16 21 31 12 37 19 34 24 27 11 0
0 4 17 16 12 15 26 20 29 2 23 38 24 7 19 30 14 35 6 8 34 37 32 28 25 1 27 10 31 18 9 3 13 5 33 36 22 39 11 21 0
0 28 19 13 39 14 26 7 16 20 23 25 9 4 10 33 2 1 5 12 31 6 32 37 27 24 22 35 11 30 36 3 15 29 18 17 38 34 21 8 0
0 33 20 13 35 25 4 27 14 26 3 2 22 31 16 29 37 24 30 39 6 11 18 1 17 19 23 34 21 10 36 5 15 8 38 9 32 28 7 12 0
0 20 36 8 25 1 16 33 2 23 3 24 12 9 14 11 21 34 32 26 19 15 18 38 35 5 28 39 17 22 4 37 10 6 31 29 13 7 30 27 0
0 35 37 24 14 4 17 18 16 10 20 34 38 22 28 3 21 13 32 15 30 11 7 25 8 29 31 23 5 6 2 19 27 39 12 9 36 1 33 26 0
0 14 12 31 4 2 9 21 7 1 26 19 20 32 18 37 34 6 11 27 33 10 15 13 5 23 8 39 16 24 29 17 28 3 22 25 36 35 30 38 0
0 25 2 14 21 8 12 26 9 19 34 24 38 36 1 17 27 33 11 35 20 23 10 7 29 4 3 6 31 28 5 32 37 18 15 39 13 22 16 30 0
0 24 3 17 37 9 10 6 32 28 14 16 23 15 27 33 25 8 12 38 11 26 18 13 39 36 35 31 19 34 7 30 29 21 20 4 22 2 1 5 0
0 23 11 29 25 31 21 24 7 15 30 36 4 6 5 2 34 13 33 20 26 8 19 35 27 38 16 22 18 9 14 28 1 10 3 39 32 17 37 12 0
0 33 26 18 8 35 23 9 30 32 38 27 24 37 3 2 7 1 36 11 12 4 31 17 15 34 10 25 14 13 28 16 21 39 29 20 22 19 5 6 0
0 12 18 28 30 33 10 1 21 17 31 7 24 6 9 4 11 15 14 20 5 32 27 26 23 37 22 25 36 2 29 19 13 34 16 35 3 39 8 38 0
0 35 12 37 14 30 1 39 6 24 27 28 7 38 36 11 8 29 31 21 20 23 2 10 17 19 16 9 18 13 33 3 34 25 32 22 15 5 4 26 0
0 34 29 13 39 22 8 14 24 18 35 17 26 5 38 11 12 36 28 4 9 21 20 33 3 10 31 23 27 6 30 1 2 37 25 19 32 7 15 16 0
0 29 39 32 30 18 23 22 16 24 10 34 36 27 6 8 26 2 17 12 35 31 9 1 7 3 19 38 4 28 14 13 11 20 37 5 15 33 21 25 0
0 3 6 30 8 4 25 20 15 36 32 16 34 9 21 18 31 22 1 38 10 13 28 19 24 26 2 37 7 23 14 11 39 12 5 17 33 35 27 29 0
0 31 2 37 13 25 20 5 30 36 28 15 9 12 34 7 8 27 33 1 21 17 22 10 19 11 26 3 39 23 29 32 38 24 16 18 6 35 14 4 0
0 2 9 18 8 15 14 6 19 33 35 32 30 20 31 28 39 23 16 10 25 27 4 21 37 11 26 3 7 22 1 24 36 17 5 38 34 12 13 29 0
0 13 9 15 5 38 1 27 12 2 7 37 14 8 18 16 6 39 24 33 11 20 22 21 30 34 3 29 32 28 23 26 36 35 4 17 25 10 31 19 0
0 18 31 4 34 11 36 6 24 8 3 23 13 2 21 5 26 30 39 38 19 15 9 33 29 22 27 35 25 1 28 16 17 20 7 14 10 37 32 12 0
0 29 13 20 35 22 26 24 25 28 30 38 14 18 12 15 6 32 8 4 1 31 19 27 39 10 37 36 34 16 3 5 23 11 17 9 2 21 33 7 0
0 4 1 12 29 19 22 37 32 20 2 11 34 17 38 14 10 35 9 25 21 30 39 26 36 27 28 5 7 23 24 15 18 13 31 3 33 6 8 16 0
0 12 27 10 34 36 35 14 8 33 16 38 23 19 30 21 22 11 4 31 3 28 6 5 25 29 32 1 2 37 7 39 15 24 9 18 17 20 13 26 0
0 2 17 12 25 10 5 32 13 9 22 35 29 3 19 4 34 23 11 39 24 14 1 27 6 8 30 33 37 28 21 20 18 38 36 7 31 16 26 15 0
0 5 29 34 2 16 33 13 19 30 31 25 1 37 35 8 24 38 32 7 28 15 12 3 9 39 10 26 21 11 36 14 22 4 6 17 20 18 23 27 0
0 25 34 19 36 35 31 9 12 32 23 18 29 28 24 13 21 33 27 26 38 7 3 16 17 6 22 39 37 5 20 30 14 1 11 8 2 4 15 10 0
0 38 9 6 19 24 35 36 26 18 29 21 25 16 3 1 31 23 17 15 5 13 14 30 7 34 28 11 33 22 4 2 37 8 27 39 20 32 12 10 0
0 22 27 16 28 15 9 14 8 10 35 33 36 29 21 5 34 13 37 1 25 2 3 12 26 6 4 24 18 39 11 23 31 32 30 20 19 17 7 38 0
0 21 35 18 33 24 34 23 11 38 7 31 22 28 26 32 9 15 3 2 29 13 36 25 12 1 6 10 39 4 30 20 27 16 14 8 19 37 5 17 0
0 32 6 24 9 8 7 3 15 14 19 11 36 23 21 22 34 13 10 25 2 27 33 4 35 16 20 5 30 37 29 17 31 12 39 18 28 38 26 1 0
0 26 13 16 25 38 18 34 36 37 15 30 14 17 28 2 12 5 31 20 21 8 19 39 3 11 22 35 29 33 23 4 9 7 24 1 6 32 27 10 0
0 3 31 28 7 21 6 35 16 15 9 39 5 19 18 10 2 22 17 26 24 20 34 23 4 38 32 12 29 33 27 37 11 30 8 14 13 25 1 36 0
0 33 5 35 19 8 6 16 34 14 15 7 13 17 31 36 4 30 22 1 37 3 28 32 20 9 29 18 39 27 10 38 12 23 21 2 11 25 26 24 0
0 27 33 21 17 28 24 11 8 4 14 10 13 15 7 9 1 19 39 26 23 38 18 3 29 31 6 34 37 36 32 22 16 20 30 35 5 2 12 25 0
0 17 21 3 4 16 2 39 34 27 28 37 25 10 23 26 1 15 9 29 24 31 20 11 36 8 14 12 30 32 7 33 5 35 19 6 18 22 13 38 0
0 39 19 9 5 31 33 30 25 24 23 17 12 18 2 21 32 13 6 35 7 34 11 37 22 38 20 36 16 15 29 1 10 26 4 14 8 28 3 27 0
0 21 24 16 29 7 9 22 28 19 32 30 36 31 5 26 37 23 38 18 39 14 8 27 13 25 12 11 15 10 17 2 35 1 6 20 34 33 4 3 0
0 34 37 11 16 36 12 18 13 19 1 7 20 35 23 15 22 4 21 5 6 39 30 33 10 2 14 9 38 29 32 24 26 31 28 27 25 8 3 17 0
0 29 1 14 22 30 36 5 6 28 9 34 25 37 8 23 33 13 19 39 7 26 3 38 21 4 12 2 17 27 24 20 15 11 10 16 18 31 32 35 0
0 38 9 1 16 11 2 35 13 5 14 3 30 39 19 7 28 21 23 34 33 12 17 31 32 25 29 22 18 26 15 36 24 10 6 8 37 20 27 4 0
0 36 26 7 13 24 37 12 35 5 11 3 39 9 4 25 28 31 34 21 27 20 32 22 18 30 38 17 10 14 8 6 33 16 15 2 19 1 23 29 0
0 33 27 8 2 23 15 31 28 37 19 6 17 36 38 13 5 39 18 10 24 30 20 25 16 11 9 7 12 32 14 29 34 26 21 35 4 1 22 3 0
0 12 8 34 24 21 39 4 15 31 14 6 27 13 19 7 26 37 16 38 25 33 28 30 35 10 23 20 18 32 22 5 36 2 1 9 17 3 29 11 0
0 9 27 38 12 10 25 26 5 13 34 24 4 16 32 22 30 19 1 18 20 28 17 6 23 11 2 37 8 3 36 31 35 29 21 39 7 15 14 33 0
0 36 17 19 37 6 32 3 14 21 20 39 30 26 9 31 10 12 25 28 5 13 22 38 24 33 35 29 27 2 23 7 18 8 34 4 16 1 11 15 0
0 23 37 26 5 10 12 29 25 28 22 6 3 15 21 14 32 13 34 19 9 8 38 36 31 33 24 17 35 11 4 7 18 27 39 2 1 30 20 16 0
0 14 39 18 15 23 25 28 9 8 11 31 29 36 34 1 27 3 35 24 37 10 13 22 12 7 2 5 26 33 17 20 19 30 38 21 4 6 16 32 0
0 14 39 11 36 20 38 21 23 27 12 24 16 7 5 34 28 17 1 35 2 4 31 26 30 15 22 19 37 18 33 10 13 32 6 25 9 29 3 8 0
0 33 38 28 32 20 11 2 12 29 21 10 27 35 24 39 16 18 4 26 23 25 22 15 34 36 13 7 37 1 8 17 6 30 9 19 3 14 31 5 0
0 7 32 10 34 33 37 35 2 30 13 17 23 9 27 3 16 15 20 29 18 8 1 26 6 14 11 21 12 5 38 36 19 31 24 22 39 25 4 28 0
0 2 4 21 12 6 35 8 30 26 38 3 27 10 22 37 5 9 19 28 17 1 16 39 29 15 25 32 11 23 14 24 7 31 33 36 20 34 13 18 0
0 26 14 38 5 32 34 9 27 2 37 33 15 29 21 16 7 20 13 35 1 24 3 30 11 4 17 28 8 22 25 10 18 19 36 39 31 6 12 23 0
0 33 7 8 29 36 30 23 16 10 22 38 2 31 11 21 15 18 17 37 9 32 14 39 34 5 3 28 4 12 24 13 6 27 26 20 25 35 1 19 0
0 25 26 32 37 12 17 33 36 20 2 23 24 4 22 35 5 14 19 27 38 7 28 13 16 29 3 31 11 9 15 34 30 10 6 8 1 21 18 39 0
0 29 33 1 7 37 27 38 23 10 21 5 32 2 39 26 22 6 19 28 16 24 4 8 36 3 17 35 15 25 14 34 20 13 31 30 12 18 9 11 0
0 26 15 24 28 18 8 23 39 6 12 10 4 19 16 21 36 22 34 31 37 14 20 38 11 3 13 27 25 33 1 29 7 17 5 9 35 30 32 2 0
0 24 29 38 8 7 22 19 27 2 15 21 18 10 39 6 37 34 9 5 12 32 33 3 20 17 28 14 16 35 11 36 4 25 23 13 1 30 26 31 0
0 29 19 3 5 9 37 1 6 10 33 28 15 11 7 17 27 35 31 16 38 36 34 21 18 26 30 8 13 23 2 22 4 32 20 12 39 14 24 25 0
0 16 15 19 1 12 36 5 39 4 25 24 21 22 17 7 33 10 38 23 31 35 13 32 8 18 3 11 9 14 20 28 37 34 6 30 26 2 29 27 0
0 13 19 27 6 3 36 14 33 39 12 18 37 2 21 9 7 20 15 1 25 10 22 5 17 8 11 29 38 28 4 24 16 32 31 30 23 35 26 34 0
0 13 14 7 29 12 16 39 9 21 1 36 34 35 19 20 25 17 18 30 6 10 26 15 23 38 5 31 24 2 3 32 27 11 22 28 4 8 37 33 0
0 24 38 15 33 4 26 3 22 32 5 2 11 12 7 8 21 25 1 27 16 34 19 39 18 35 37 13 36 10 31 23 14 28 30 29 9 20 6 17 0
0 24 27 2 22 35 18 9 13 15 34 4 25 20 3 7 29 39 19 11 21 36 32 17 1 38 37 6 26 28 8 5 31 23 10 33 14 16 12 30 0
0 7 30 35 15 22 13 27 29 14 25 16 11 3 2 1 32 39 8 4 33 23 19 18 12 28 38 9 21 6 26 10 36 5 17 20 37 31 34 24 0
0 9 32 19 38 15 29 33 3 16 14 36 18 30 20 2 10 21 31 1 34 22 27 23 12 39 4 11 35 24 13 37 28 6 26 25 17 5 7 8 0
0 33 32 5 1 12 20 8 7 26 3 24 34 17 23 31 2 19 11 14 15 29 21 39 4 16 38 25 6 18 35 13 36 9 30 27 10 22 37 28 0
0 23 14 35 36 26 1 8 38 13 27 18 24 7 10 29 6 15 25 11 5 17 34 28 33 9 30 22 19 16 20 3 31 2 32 4 39 12 21 37 0
0 3 20 28 6 36 30 2 1 29 22 24 38 34 19 23 13 35 32 25 12 11 8 27 10 5 4 26 33 18 16 9 14 39 17 37 7 15 31 21 0
0 3 10 21 39 25 5 20 19 22 6 35 30 13 37 28 38 32 9 14 18 34 17 1 2 23 12 11 29 15 8 27 33 31 26 24 36 7 16 4 0
0 36 11 8 24 19 31 1 9 29 14 35 13 32 22 7 3 30 2 27 34 38 4 23 16 26 33 20 10 37 39 21 25 12 28 18 17 15 5 6 0
0 30 9 4 21 17 10 3 31 28 15 5 13 32 24 8 16 35 38 14 22 12 18 6 20 7 39 25 36 34 27 19 33 26 11 1 2 29 37 23 0
0 34 12 21 25 18 4 1 11 10 24 29 20 3 7 38 32 27 14 26 28 9 13 22 31 6 17 30 39 35 36 8 2 23 15 33 16 19 37 5 0
0 7 38 3 6 17 2 15 34 4 13 18 10 19 30 20 31 35 23 33 32 26 27 9 24 8 39 16 12 21 28 11 14 5 25 37 1 36 29 22 0
0 6 27 5 31 22 33 28 39 2 37 3 14 13 17 4 19 9 32 24 8 34 38 16 26 30 29 21 1 36 12 25 18 15 11 35 23 10 20 7 0
0 24 26 10 7 27 38 18 32 16 29 3 4 13 33 8 21 15 30 39 20 12 34 1 25 6 35 11 31 5 37 19 23 14 36 28 17 2 9 22 0
0 25 29 1 11 18 23 22 6 14 7 30 9 38 33 21 37 13 35 17 4 3 20 16 19 27 36 10 12 28 26 31 24 15 32 39 8 34 2 5 0
0 13 7 15 4 6 25 26 16 24 1 11 8 35 33 29 17 14 38 21 18 34 31 28 9 23 37 19 32 22 36 39 12 20 2 27 30 5 3 10 0
0 10 4 31 25 16 22 17 3 2 29 20 12 26 6 36 8 33 21 30 38 19 32 34 9 24 7 37 28 14 15 5 18 39 1 11 27 35 23 13 0
0 2 13 20 12 24 22 32 27 38 29 15 28 18 5 21 26 19 8 30 9 4 35 36 3 31 6 25 14 39 16 34 10 17 33 23 1 37 7 11 0
0 29 1 15 28 4 11 3 18 14 8 17 30 37 39 7 2 35 10 9 34 38 25 24 27 22 36 20 23 31 13 6 19 26 33 16 21 32 12 5 0
0 27 35 26 14 34 29 4 16 20 25 7 2 18 15 22 12 30 36 1 39 6 38 23 32 11 33 28 17 21 24 10 13 37 5 9 8 31 19 3 0
0 6 26 35 37 28 30 19 16 15 11 9 4 2 7 8 17 21 10 23 5 22 36 20 3 32 27 31 13 34 24 38 33 25 18 29 39 14 12 1 0
0 23 1 12 29 30 2 28 26 4 38 20 13 37 27 21 15 14 8 24 36 25 9 10 6 19 32 39 34 3 33 17 11 18 35 16 5 31 22 7 0
0 9 17 1 32 18 36 3 8 23 35 31 13 6 30 24 39 25 37 38 20 27 29 21 12 19 28 10 14 16 22 5 11 7 4 2 26 33 15 34 0
0 24 31 15 34 7 17 36 20 29 5 6 9 35 2 33 16 19 12 25 27 3 10 22 37 21 32 1 13 38 39 26 4 14 28 8 11 30 18 23 0
0 16 30 29 9 4 38 35 25 2 10 22 37 7 20 15 21 12 3 17 18 6 13 28 33 26 39 19 24 23 11 31 1 32 34 36 5 8 27 14 0
0 18 16 5 28 25 17 6 34 24 29 39 33 38 31 7 12 22 35 36 11 32 2 14 9 19 27 8 3 23 37 15 30 20 26 13 1 4 21 10 0
0 5 7 36 1 8 23 15 26 17 4 25 6 14 10 3 22 24 33 18 11 2 13 21 28 39 30 38 16 27 37 31 35 19 34 29 9 32 20 12 0
0 15 18 21 1 7 19 32 33 31 12 6 14 28 22 13 16 5 24 9 10 23 26 36 3 2 35 11 17 30 25 29 34 37 4 39 38 27 8 20 0
0 2 9 20 32 16 17 6 37 38 11 27 14 35 12 5 24 31 3 36 8 1 18 15 30 39 34 33 25 4 13 7 10 19 26 28 22 23 21 29 0
0 21 6 7 12 28 14 30 22 17 1 35 10 3 36 20 15 4 11 19 34 32 39 16 38 31 24 25 13 37 9 2 33 18 5 23 27 29 8 26 0
0 26 19 2 17 5 7 37 11 3 6 8 39 38 16 27 18 22 28 29 13 36 10 23 9 4 34 31 15 24 33 20 30 25 14 35 32 21 1 12 0
0 2 23 22 3 38 21 29 36 6 9 10 18 12 25 7 8 37 35 4 33 17 1 19 16 26 5 24 27 15 14 20 30 34 11 13 32 28 31 39 0
0 15 37 16 27 8 24 7 10 19 25 35 26 22 39 6 14 9 1 23 5 32 4 31 30 36 21 2 38 28 3 20 33 12 29 13 18 17 11 34 0
0 5 25 7 23 32 6 13 8 35 20 10 24 30 12 14 3 1 15 16 18 2 37 36 11 19 33 27 34 9 39 26 28 22 4 17 29 21 31 38 0
0 22 20 10 6 39 27 23 18 8 21 33 5 14 35 30 32 1 4 36 38 19 29 15 28 13 11 17 2 7 26 9 37 3 16 24 34 31 25 12 0
0 14 26 15 35 21 24 32 31 19 22 37 9 6 4 11 39 38 3 5 25 16 18 1 8 7 27 29 28 36 23 13 12 2 33 17 30 20 34 10 0
0 31 36 33 4 30 7 11 12 34 14 39 8 32 13 28 23 24 15 10 1 2 21 27 9 6 35 16 5 29 38 37 3 18 25 22 17 26 19 20 0
0 37 8 3 27 4 15 10 5 23 7 29 38 26 16 33 11 35 25 30 24 17 28 1 21 34 12 6 36 22 13 39 32 14 9 31 19 18 20 2 0
0 16 32 26 39 38 20 28 15 23 8 11 18 10 30 5 21 12 24 33 13 2 17 4 22 29 27 9 36 35 7 25 6 19 14 1 3 31 37 34 0
0 36 34 3 27 16 12 35 20 7 24 5 15 11 21 26 6 2 22 14 10 17 4 33 19 30 8 1 28 9 39 32 25 38 13 23 37 29 31 18 0
0 16 10 36 28 5 33 25 37 1 7 13 27 19 8 31 30 22 18 15 21 12 29 6 9 32 38 14 3 24 35 2 23 17 11 34 4 39 20 26 0
0 10 36 13 22 38 16 19 6 8 23 9 24 12 11 3 37 15 4 39 34 2 14 29 26 7 35 5 18 32 28 33 1 25 17 31 20 21 27 30 0
0 11 9 31 39 3 38 15 16 23 2 33 21 20 19 7 28 1 32 6 25 37 35 34 29 17 24 8 12 27 4 5 13 18 22 14 10 26 36 30 0
0 31 38 23 37 14 17 12 18 15 13 10 24 26 36 4 5 11 27 30 33 39 35 2 3 6 34 7 32 16 22 8 25 21 1 29 19 9 20 28 0
0 20 9 18 32 17 11 24 13 23 6 3 37 8 14 35 5 28 16 21 4 30 38 29 22 36 2 31 34 33 10 19 39 15 1 26 12 7 25 27 0
0 19 34 5 38 24 4 9 26 27 20 32 1 17 14 10 13 15 8 28 33 11 16 3 36 6 22 35 37 23 2 18 12 39 21 29 25 30 7 31 0
0 33 4 30 22 32 25 16 23 12 6 1 34 24 31 8 18 10 17 37 9 19 3 26 29 11 21 35 36 39 5 2 27 13 7 38 20 28 14 15 0
0 7 29 5 16 11 9 12 3 19 37 35 26 20 23 2 8 15 21 1 38 25 36 32 28 6 18 39 17 10 34 24 22 30 14 13 33 31 4 27 0
0 6 8 20 39 19 15 13 9 24 37 30 16 34 3 21 25 23 36 5 14 22 12 27 2 1 31 11 18 32 29 35 33 7 38 10 26 28 17 4 0
0 38 37 13 33 32 36 4 39 22 24 3 1 30 23 16 29 28 9 27 21 34 11 2 5 19 35 7 10 25 8 31 26 15 17 18 12 6 20 14 0
0 33 12 31 8 7 6 14 36 23 29 34 28 22 19 27 37 3 30 35 2 24 21 5 18 26 15 10 32 25 38 17 9 39 16 4 1 11 20 13 0
0 36 34 29 8 9 20 22 24 27 4 15 6 17 35 2 13 33 38 16 18 12 3 7 14 11 31 19 5 32 10 30 21 23 37 1 25 28 39 26 0
0 23 7 17 9 16 19 15 10 5 4 34 29 38 6 12 25 14 35 2 37 20 31 30 3 13 32 39 11 1 21 26 28 33 8 36 24 22 18 27 0
0 2 28 34 25 15 26 9 13 20 33 1 24 31 14 5 6 21 38 19 35 30 16 32 12 39 37 17 23 3 29 8 10 27 11 36 22 18 7 4 0
0 13 27 16 4 31 26 2 34 23 28 12 21 18 3 20 1 33 24 29 19 5 36 6 30 9 38 22 35 17 11 10 39 7 15 8 32 25 14 37 0
0 5 20 8 39 28 38 15 29 22 25 19 7 36 18 35 37 26 10 27 23 16 21 31 2 32 6 11 33 1 17 4 34 30 3 13 9 14 24 12 0
0 31 11 39 4 14 19 3 12 2 26 33 36 8 1 35 29 9 27 28 37 22 25 21 15 5 6 34 38 17 7 32 24 13 16 30 18 10 20 23 0
0 24 10 1 4 5 39 23 7 34 36 8 37 6 35 32 12 28 14 20 26 38 16 3 21 2 17 13 15 19 11 30 25 33 22 29 9 31 27 18 0
0 16 36 24 33 4 14 18 35 31 25 38 27 15 13 34 2 30 10 28 3 7 5 8 39 26 29 12 19 23 37 32 22 6 11 1 9 17 21 20 0
0 18 9 38 30 3 28 29 14 8 35 4 12 26 39 2 16 22 6 27 23 5 32 37 33 1 11 15 34 7 24 21 20 31 19 10 36 17 13 25 0
0 37 30 36 12 26 20 1 2 25 17 16 21 28 15 24 10 18 14 22 23 11 31 5 8 29 32 34 39 6 19 38 27 3 13 33 7 4 9 35 0
0 23 36 31 32 14 16 8 22 7 9 4 39 12 10 24 5 17 20 6 30 37 15 2 34 3 35 19 38 21 29 18 11 33 26 13 25 28 27 1 0
0 15 12 31 13 25 37 28 36 26 2 32 30 4 14 35 1 34 9 11 23 18 27 33 7 22 21 5 16 29 39 17 10 20 6 3 38 24 8 19 0
0 26 10 19 12 24 4 18 30 21 22 1 37 31 29 27 34 15 16 23 28 14 35 11 17 25 38 7 13 9 33 3 32 2 8 39 20 6 5 36 0
0 15 5 19 10 23 27 34 16 35 14 33 37 39 6 21 17 26 31 30 18 28 38 25 8 3 24 29 32 20 9 11 12 4 36 7 1 13 2 22 0
0 29 31 17 13 23 2 5 15 11 7 18 30 26 24 22 8 32 25 27 37 1 38 9 35 33 3 6 4 28 19 20 39 10 21 12 16 36 14 34 0
0 37 24 32 29 30 34 21 5 13 36 17 16 12 35 38 6 33 9 10 7 22 15 19 25 4 11 23 18 1 8 2 39 27 3 31 20 14 28 26 0
0 31 20 25 34 32 27 1 29 39 9 33 28 15 22 6 13 36 38 26 4 30 35 7 5 10 16 12 14 11 8 24 17 37 23 3 18 2 21 19 0
0 37 10 39 14 21 12 38 1 11 6 7 4 35 19 24 34 33 36 13 20 27 9 30 29 15 17 32 31 8 3 5 23 28 25 22 16 18 2 26 0
0 32 12 8 4 21 29 14 39 22 17 28 2 26 34 24 36 31 9 15 3 19 10 6 1 7 33 30 35 13 20 38 11 37 23 5 16 25 27 18 0
0 1 38 27 11 23 39 8 28 21 9 19 17 13 4 32 10 30 29 22 18 24 6 36 5 15 31 2 26 34 20 37 14 12 35 16 3 7 25 33 0
0 22 35 25 18 21 9 37 5 14 32 19 24 38 28 1 30 10 31 20 36 29 12 16 11 17 3 6 15 4 39 2 26 13 33 34 8 7 23 27 0
0 33 18 19 7 3 26 23 34 22 10 25 32 14 15 17 28 5 21 12 37 29 20 11 35 24 13 4 27 2 30 16 31 38 6 9 39 8 36 1 0
0 2 17 37 9 11 8 26 15 14 33 13 29 22 35 4 3 25 19 16 5 36 34 28 32 31 23 24 6 1 38 18 20 27 39 7 12 10 30 21 0
0 28 32 20 1 22 38 15 25 4 35 9 31 17 33 2 11 21 37 30 3 34 6 5 13 12 18 16 36 19 27 8 14 29 7 24 39 26 23 10 0
0 4 30 15 3 20 12 28 11 6 34 38 39 33 23 17 35 14 37 10 29 36 18 24 31 13 27 1 26 32 16 25 5 2 7 19 8 22 9 21 0
0 30 32 12 27 33 31 25 28 18 19 15 6 22 2 3 7 23 24 29 16 5 20 9 11 10 14 13 4 35 21 38 17 26 34 36 8 39 1 37 0
0 32 20 34 21 13 17 38 27 31 35 10 9 11 4 8 24 14 16 36 30 29 5 28 23 7 2 39 12 15 18 1 3 37 33 22 19 6 26 25 0
0 4 2 21 6 26 27 24 36 3 14 10 18 23 5 8 13 9 7 29 17 31 12 25 15 37 38 1 20 35 11 34 33 22 30 19 32 28 39 16 0
0 32 27 1 24 21 6 16 20 30 25 4 17 22 37 12 34 35 3 38 14 8 31 33 9 10 7 36 28 18 5 29 23 39 11 26 2 15 13 19 0
0 3 7 18 20 37 21 15 16 19 12 22 34 4 5 17 35 39 10 13 2 8 26 6 24 25 1 14 36 38 32 29 28 31 27 30 23 33 11 9 0
0 34 31 10 22 25 35 32 36 27 16 20 19 28 3 18 11 7 26 5 2 30 39 9 8 15 38 29 17 23 12 21 37 13 24 1 6 14 33 4 0
0 34 38 3 18 17 35 29 4 28 36 14 30 21 1 11 27 13 9 16 8 7 22 2 10 31 33 32 6 12 5 15 24 39 26 37 23 20 25 19 0
0 24 10 28 33 18 27 9 23 7 29 14 12 13 11 25 30 26 6 22 31 3 32 19 8 37 15 38 2 5 4 20 34 35 39 36 21 1 16 17 0
0 12 39 15 2 27 9 23 16 36 7 8 28 30 32 20 3 6 22 31 17 5 14 19 1 21 25 29 4 11 18 37 24 26 33 38 34 13 10 35 0
0 30 2 20 13 26 35 18 27 36 3 39 14 37 15 5 1 24 12 25 4 21 23 19 6 33 8 31 34 7 38 16 10 29 17 9 32 28 11 22 0
0 31 19 39 3 27 15 28 6 34 36 7 9 26 10 35 22 32 16 12 24 30 29 4 2 17 8 11 23 20 38 33 25 37 14 21 1 13 5 18 0
0 29 19 10 28 23 27 32 4 15 34 5 26 30 21 16 25 8 9 13 7 20 12 37 17 14 36 6 3 24 18 22 31 11 35 39 38 2 33 1 0
0 31 12 30 6 4 24 15 14 39 17 33 5 18 22 23 2 29 7 13 10 8 3 34 11 38 37 20 19 28 21 27 16 1 35 32 9 26 25 36 0
0 29 32 11 27 37 6 35 30 20 22 10 26 36 39 28 15 38 2 23 34 9 24 16 19 13 21 14 5 18 7 31 4 17 25 12 33 3 1 8 0
0 3 34 1 36 21 29 11 5 26 28 33 17 25 35 20 12 6 4 22 2 15 39 8 32 13 23 18 7 24 37 9 16 27 14 10 38 30 31 19 0
0 33 2 25 31 6 14 24 28 15 19 35 20 17 27 8 12 21 36 38 22 1 7 3 18 37 11 30 32 26 23 13 5 29 9 16 39 34 10 4 0
0 31 17 19 14 15 37 8 16 25 38 23 20 5 28 34 35 39 13 4 9 12 18 24 26 3 33 29 22 10 30 1 21 11 7 32 2 27 6 36 0
0 28 18 39 31 23 15 4 34 19 10 25 5 26 3 14 32 38 9 17 30 27 22 8 29 35 24 7 6 20 36 1 13 37 12 33 11 21 2 16 0
0 39 2 6 3 20 9 31 25 13 18 23 28 24 33 30 4 29 16 36 26 32 19 11 27 17 34 15 1 38 12 10 5 14 35 22 7 21 37 8 0
0 27 7 34 3 14 17 20 10 24 12 22 16 4 33 13 2 29 9 1 31 39 8 28 26 38 32 23 11 37 18 35 19 5 15 36 25 30 6 21 0
0 34 18 11 25 21 10 17 22 20 27 32 38 15 7 35 12 30 19 9 1 39 2 13 23 33 14 5 26 3 8 6 24 28 29 36 31 16 37 4 0
0 18 3 39 22 27 20 4 37 2 35 15 25 23 26 24 32 34 19 38 5 12 16 13 10 31 33 8 14 30 36 6 21 11 28 9 29 7 1 17 0
0 1 39 38 2 14 30 37 7 17 8 31 35 26 11 4 10 13 25 20 23 16 15 29 18 36 12 24 5 3 6 27 19 22 33 28 34 21 32 9 0
0 23 36 17 3 39 24 29 6 27 38 5 32 1 35 34 31 18 25 13 33 22 14 7 26 30 16 21 8 20 15 4 11 10 2 28 9 37 12 19 0
0 15 39 29 37 18 2 10 6 16 31 7 32 33 17 21 3 24 20 36 26 8 5 1 30 12 4 27 28 13 35 9 25 38 23 14 34 11 19 22 0
0 1 32 28 19 27 17 31 38 16 33 5 2 13 37 4 25 36 29 34 20 35 30 14 12 11 39 15 9 22 8 24 6 10 26 21 7 23 3 18 0
0 9 7 2 39 6 34 26 8 30 22 33 17 32 12 38 11 5 13 14 24 36 21 27 4 20 25 3 28 37 18 15 16 35 23 19 10 29 1 31 0
0 33 12 28 13 34 16 35 14 11 18 23 27 10 24 37 38 9 32 30 29 31 36 15 25 22 19 2 7 8 39 1 17 5 21 6 20 4 26 3 0
0 33 25 23 34 31 13 10 2 17 36 30 21 19 38 35 3 32 4 29 16 28 12 7 27 20 39 15 18 5 9 8 22 14 24 37 26 6 1 11 0
0 15 23 3 9 22 21 31 25 30 18 13 4 29 16 28 7 38 17 27 32 14 35 24 11 26 37 2 5 36 8 12 34 19 39 1 10 33 6 20 0
0 17 38 37 13 36 10 19 28 1 35 4 25 14 12 34 9 31 29 2 26 27 32 15 3 11 20 23 21 18 7 5 16 24 33 8 39 6 22 30 0
0 15 16 24 29 3 4 11 33 38 27 10 1 5 9 31 21 34 2 13 22 18 26 19 14 37 8 39 35 28 6 7 12 36 20 32 23 17 30 25 0
0 19 8 18 24 25 32 21 36 38 7 1 12 4 37 11 27 20 6 3 9 39 13 23 26 15 14 22 28 35 5 16 2 34 30 17 31 29 10 33 0
0 5 35 27 33 1 32 8 9 21 36 18 26 28 17 37 12 19 15 13 4 34 29 6 22 7 14 30 16 10 23 39 20 11 38 24 3 25 2 31 0
0 31 35 14 1 38 18 24 19 21 23 34 5 26 17 28 10 3 7 39 13 32 22 4 6 2 36 29 11 20 33 9 27 25 16 15 30 12 37 8 0
0 12 37 6 11 24 38 25 22 18 1 30 10 13 14 35 9 21 8 34 19 27 26 20 33 2 3 15 29 17 23 7 4 39 32 16 36 5 31 28 0
0 7 29 1 10 3 13 23 26 31 24 12 11 38 16 15 28 34 32 18 21 39 22 36 19 4 37 30 6 2 20 5 9 35 27 8 33 25 17 14 0
0 35 7 18 10 5 13 28 6 30 20 38 11 21 15 24 29 2 34 4 37 9 26 27 3 32 19 39 1 23 33 14 16 31 17 12 22 8 25 36 0
0 27 3 17 14 1 36 6 12 21 33 24 2 19 8 37 4 34 35 20 30 15 9 7 26 25 28 31 5 29 39 22 23 16 32 10 13 11 38 18 0
0 39 29 7 27 28 18 4 31 5 20 32 12 3 25 35 16 8 24 23 14 22 33 2 19 36 17 37 38 6 9 30 34 10 1 11 13 21 26 15 0
0 12 1 34 7 15 38 20 23 17 37 6 26 2 11 14 22 29 24 18 4 21 32 27 9 33 16 28 36 8 13 35 10 39 3 5 31 30 25 19 0
0 22 21 13 24 14 32 29 9 2 38 28 31 5 36 12 35 1 6 39 23 26 4 30 16 10 3 37 18 8 34 33 7 15 19 20 25 27 11 17 0
0 36 14 26 15 3 25 10 22 11 32 30 4 12 20 13 34 19 31 37 21 1 2 18 27 9 28 24 8 33 29 23 7 39 6 17 5 38 35 16 0
0 23 3 11 36 37 28 34 8 15 21 32 19 18 30 9 7 25 39 6 4 13 38 33 29 26 31 2 20 22 35 12 14 5 16 17 24 10 1 27 0
0 30 10 20 6 32 38 34 3 24 8 36 7 21 4 25 27 9 22 5 23 31 29 18 2 17 15 14 11 19 28 1 26 16 12 37 33 39 13 35 0
0 34 12 10 33 14 25 29 19 20 2 6 5 3 31 38 30 39 27 9 13 22 7 15 26 1 18 21 36 28 4 35 16 37 32 23 17 8 24 11 0
0 8 13 5 26 17 6 19 31 22 12 35 30 20 28 24 29 18 2 32 34 39 9 16 10 37 38 27 33 23 4 21 11 15 3 36 7 14 25 1 0
0 20 19 26 25 22 32 16 8 38 10 35 27 29 17 34 9 1 39 18 28 11 14 31 30 21 15 33 7 2 23 4 12 3 13 6 36 5 37 24 0
0 8 12 5 26 38 32 6 25 23 33 37 11 31 14 3 21 20 34 1 36 29 35 15 17 27 19 7 13 4 9 10 2 22 39 24 28 16 30 18 0
0 30 38 9 12 25 33 32 34 31 29 36 8 15 26 18 19 16 5 35 28 7 20 6 13 1 39 3 22 2 27 21 24 17 11 23 14 37 4 10 0
0 31 19 21 13 11 8 2 24 4 10 37 20 14 35 29 22 7 1 33 16 27 9 15 5 12 26 18 17 36 6 39 3 23 38 34 25 28 30 32 0
0 8 31 16 37 27 32 17 34 6 19 30 28 4 18 23 38 25 26 2 13 9 20 12 10 24 15 14 36 35 11 22 1 3 7 39 21 33 29 5 0
0 25 2 23 9 10 11 5 7 30 28 22 12 37 33 16 36 18 8 1 39 38 35 34 14 31 6 26 21 19 24 4 3 20 17 13 27 15 29 32 0
0 6 30 1 12 37 9 26 15 8 18 17 2 22 21 19 34 3 14 32 35 25 28 36 39 27 7 24 5 13 10 29 4 23 33 20 38 11 31 16 0
0 14 1 34 24 33 32 23 37 12 35 30 22 29 8 21 27 15 5 28 11 38 9 13 7 6 31 18 16 17 4 36 2 3 26 10 39 19 25 20 0
0 18 13 11 16 34 33 10 22 3 24 31 7 28 32 23 26 9 39 4 12 27 17 35 1 6 19 29 8 20 2 30 21 5 14 38 37 36 15 25 0
0 1 15 5 27 34 8 36 2 33 37 30 16 23 11 35 29 7 38 4 3 22 17 6 9 18 31 26 14 25 28 20 13 21 12 19 10 24 39 32 0
0 27 37 8 39 9 14 13 35 36 1 16 25 17 12 24 32 2 34 38 3 4 22 30 11 19 20 7 5 33 29 23 21 6 15 10 26 31 18 28 0
0 30 22 37 35 34 32 29 25 7 9 6 31 5 36 13 39 1 3 19 33 11 28 23 18 21 17 38 4 27 14 2 12 26 8 10 16 24 15 20 0
0 24 30 16 38 12 31 19 9 21 5 8 37 34 13 1 27 11 23 4 20 29 39 26 15 25 7 28 2 22 18 10 3 17 35 32 33 36 14 6 0
0 37 30 8 17 15 38 14 23 4 5 13 28 10 29 16 6 1 7 26 36 3 12 19 39 21 2 27 25 22 24 20 18 35 34 9 32 31 33 11 0
0 11 22 18 26 19 28 21 7 27 14 6 34 1 25 15 8 17 13 38 9 5 23 30 3 4 37 10 33 24 20 31 2 39 36 29 32 12 35 16 0
0 18 23 20 29 12 8 19 11 34 22 28 2 38 15 4 13 6 14 35 25 21 27 16 30 9 24 31 5 7 37 32 10 3 39 36 26 1 33 17 0
0 28 23 34 26 21 33 37 8 3 30 29 1 2 32 36 14 17 9 18 20 12 7 15 5 27 10 38 39 13 11 35 24 31 4 6 25 19 16 22 0
0 28 17 34 30 16 38 9 6 14 29 8 4 19 37 26 15 39 36 18 33 1 32 23 27 12 3 13 10 21 24 2 20 31 11 7 5 22 35 25 0
0 11 17 24 1 22 29 20 3 30 23 13 27 19 25 31 35 14 2 32 38 12 5 16 33 15 7 21 34 37 39 18 36 9 26 6 8 28 4 10 0
0 19 34 24 35 3 18 21 6 17 29 38 23 5 14 22 31 11 25 10 20 4 12 1 28 15 26 9 13 30 32 36 27 33 39 37 8 7 16 2 0
0 24 7 8 13 11 4 35 34 2 16 19 10 18 15 25 6 27 33 23 5 20 14 31 22 36 21 37 30 1 9 17 26 28 3 32 39 38 29 12 0
0 26 16 29 11 24 19 22 32 13 12 1 31 17 30 36 28 37 3 6 21 35 2 34 27 14 15 38 10 18 23 9 39 25 33 8 7 20 5 4 0
0 10 4 22 15 39 35 21 26 31 1 20 2 9 23 27 30 6 18 28 25 12 33 13 8 36 7 19 24 38 14 17 32 16 37 34 29 5 3 11 0
0 24 10 36 17 23 5 12 31 37 38 8 28 18 30 7 16 33 13 32 15 11 35 6 39 14 4 3 9 1 2 20 21 22 25 19 29 34 26 27 0
0 12 39 28 23 20 3 10 27 16 38 26 34 21 36 24 6 8 19 17 30 5 15 37 29 9 31 35 14 13 7 22 4 33 32 2 25 18 1 11 0
0 34 25 29 4 36 21 19 26 6 18 33 20 7 17 16 39 24 3 2 1 23 28 31 27 8 12 11 9 14 30 37 10 32 38 22 35 13 15 5 0
0 7 20 13 39 29 28 33 8 2 23 3 31 30 4 16 25 6 26 14 37 27 18 15 32 21 34 22 10 35 36 17 9 1 12 19 24 38 11 5 0
0 28 34 12 35 3 20 21 24 22 4 14 10 11 18 32 1 39 25 2 19 5 13 9 7 31 15 38 8 30 36 16 29 6 33 23 26 27 17 37 0
0 37 11 7 14 10 25 5 23 35 8 34 20 39 26 6 17 32 4 29 33 3 31 36 1 15 13 27 38 30 12 2 9 22 28 18 19 21 24 16 0
0 5 1 33 12 28 35 2 26 8 30 17 21 31 20 34 24 29 9 36 4 18 15 25 7 23 27 32 11 39 22 16 13 3 14 6 38 37 19 10 0
0 33 4 3 36 12 10 37 22 27 9 34 28 30 15 17 29 8 31 13 21 7 25 23 1 14 6 18 2 32 35 11 38 24 26 16 5 20 39 19 0
0 25 37 7 19 10 1 34 6 32 20 21 39 4 31 3 14 18 9 28 33 29 13 2 8 17 36 11 24 15 35 38 23 30 27 22 16 26 5 12 0
0 35 31 37 7 11 5 25 29 32 30 17 14 19 28 1 33 12 15 23 3 27 8 9 20 22 36 38 13 10 21 26 16 34 18 4 24 39 2 6 0
0 18 10 31 2 14 35 11 30 32 4 12 5 16 25 3 8 6 33 7 13 20 34 36 9 21 1 15 17 22 23 38 19 37 39 26 24 29 28 27 0
0 27 34 2 19 14 13 31 15 4 28 8 37 1 35 21 17 16 38 30 26 24 6 3 25 36 39 7 18 12 5 29 11 20 33 9 22 23 32 10 0
0 36 4 23 9 15 10 39 5 17 25 33 8 32 7 28 26 12 6 22 37 18 1 38 27 24 13 21 14 3 11 16 2 19 31 30 34 35 20 29 0
0 18 23 35 15 30 7 34 29 28 39 19 4 9 25 13 37 3 27 16 20 2 21 31 22 14 33 24 8 38 11 6 5 10 1 26 32 17 36 12 0
0 16 5 15 18 17 27 32 4 37 24 1 33 29 14 11 19 30 8 28 9 12 10 6 36 21 23 25 35 20 7 22 31 3 13 38 34 26 39 2 0
0 17 25 36 12 7 24 3 37 10 16 6 26 14 9 31 4 32 19 8 35 28 29 39 5 1 27 34 30 15 33 20 2 22 23 21 38 11 18 13 0
0 34 25 7 4 38 8 5 19 13 12 27 20 37 39 31 11 24 3 15 36 10 16 22 35 28 17 14 29 6 21 26 30 32 33 1 2 23 9 18 0
