# n n_solutions
60 1000
# n x n distance matrix
0 8458 3863 6100 6940 8190 1360 3860 2745 6370 1627 1838 6896 6592 3920 5119 1726 1044 2163 4494 3780 6624 3301 7615 7294 5872 5124 1000 2404 5024 6243 8272 5502 5192 7762 2213 8062 800 9170 8075 6964 5173 6879 3858 8549 6185 6053 921 4500 3820 4304 5303 4318 5869 4396 3201 4816 5060 5295 608
8458 0 10113 3848 4167 1004 7111 4664 6315 3605 9217 8000 1702 4753 4729 6768 7615 9269 10357 9021 4850 1923 5560 860 7119 3785 9305 8728 10207 8336 7211 2920 5860 9222 781 7138 6706 8159 721 2418 4664 7877 1910 4648 100 7467 3190 9301 8683 8105 7542 3905 7343 2900 9027 10282 8203 5277 6912 7960
3863 10113 0 6603 9995 9492 4242 5745 6152 9230 5255 2570 8940 6397 6648 8809 5514 4438 2758 1700 6519 8660 4687 9269 5707 8746 8973 4780 2051 8881 4626 10917 4924 9047 9334 5900 6725 4652 10818 8792 10153 3224 9069 6356 10182 4410 7017 3361 2009 2147 8115 8115 8105 7213 8246 1000 8670 8394 9004 3701
6100 3848 6603 0 5946 3023 4816 2640 5142 5032 7382 4972 3401 1170 3841 7071 6044 7105 7518 5303 3860 3214 2801 3132 3512 4785 9042 6747 7178 8280 3395 5803 2012 9013 3101 5793 3453 6152 4477 2195 6369 4049 3712 3440 3891 3640 806 6736 4951 4482 7300 4356 7140 1456 8508 6977 8080 5685 7283 5500
6940 4167 9995 5946 0 4827 5905 4517 4201 921 6952 7446 2906 7116 3352 3059 5444 7354 9102 9551 3478 2941 5557 3894 9385 1303 5642 6717 9243 4638 8980 1811 7481 5532 4110 4879 9398 6312 4531 5953 500 9002 2549 3687 4254 9154 5162 7860 9305 8532 4110 1923 3921 4494 5578 9750 4570 2000 3125 6688
8190 1004 9492 3023 4827 0 6830 4332 6303 4133 9108 7529 2012 3827 4701 7150 7541 9070 9974 8297 4804 2118 5099 943 6161 4204 9604 8570 9761 8668 6315 3807 5024 9533 721 7111 5714 7983 1486 1414 5326 7072 2332 4527 1000 6579 2475 8988 7951 7424 7810 4176 7615 2370 9257 9741 8516 5629 7316 7655
1360 7111 4242 4816 5905 6830 0 2500 1910 5243 2596 1700 5575 5412 2690 4604 1640 2302 3330 4341 2549 5300 2022 6264 6420 4743 5300 1941 3360 4939 5448 7093 4477 5333 6407 1802 7083 1360 7826 6736 6000 4604 5580 2561 7201 5445 4716 2195 4237 3453 4052 4140 4002 4512 4604 3862 4716 4176 4809 860
3860 4664 5745 2640 4517 4332 2500 0 2505 3649 4900 3394 3251 3560 1431 4687 3452 4767 5693 5069 1389 2969 1077 3807 5333 3214 6440 4310 5560 5731 4681 5189 3264 6420 3935 3162 5672 3712 5385 4300 4800 4504 3342 984 4750 4808 2319 4661 4805 4052 4742 2601 4596 2022 5883 5738 5522 3511 4909 3324
2745 6315 6152 5142 4201 6303 1910 2505 0 3687 2954 3605 4632 6046 1603 2729 1341 3201 4908 6166 1500 4393 2842 5544 7592 3201 3969 2580 5099 3360 6767 5621 5522 3962 5731 824 8065 2121 6985 6609 4219 6184 4522 1824 6413 6826 4743 3661 6020 5217 2385 2692 2282 4295 3383 5728 3140 2325 2942 2563
6370 3605 9230 5032 921 4133 5243 3649 3687 0 6573 6708 2140 6202 2594 3214 5000 6888 8514 8709 2729 2121 4707 3190 8464 500 5803 6262 8602 4809 8062 1941 6562 5707 3413 4440 8485 5805 4079 5162 1341 8109 1802 2879 3700 8238 4254 7291 8452 7690 4119 1118 3920 3584 5622 9042 4701 1824 3337 6060
1627 9217 5255 7382 6952 9108 2596 4900 2954 6573 0 3465 7558 8008 4492 4527 1615 824 2900 6080 4368 7308 4609 8417 8883 6105 3811 670 3436 3962 7848 8514 7026 3905 8590 2147 9614 1236 9904 9200 6859 6800 7467 4589 9314 7800 7206 1897 6107 5445 3492 5635 3577 6906 3101 4437 3785 4957 4652 2163
1838 8000 2570 4972 7446 7529 1700 3394 3605 6708 3465 0 6645 5203 4114 6303 3162 2801 2549 2731 3981 6363 2441 7140 5554 6216 6802 2831 2236 6552 4472 8459 3931 6854 7242 3452 6389 2469 8720 7116 7589 3342 6726 3858 8080 4390 5147 1992 2692 1984 5707 5590 5671 5162 6083 2360 6332 5824 6506 1389
6896 1702 8940 3401 2906 2012 5575 3251 4632 2140 7558 6645 0 4527 3067 5154 5948 7655 8881 8049 3195 282 4263 1077 6911 2193 7648 7093 8796 6694 6736 2402 5260 7570 1300 5456 6746 6539 2353 3047 3397 7116 360 3041 1802 6958 2600 7769 7738 7071 5869 2220 5671 2022 7343 8986 6551 3640 5314 6435
6592 4753 6397 1170 7116 3827 5412 3560 6046 6202 8008 5203 4527 0 4879 8146 6802 7629 7731 4908 4879 4356 3417 4130 2402 5950 10000 7349 7299 9284 2505 6926 1476 9980 4060 6624 2284 6772 5313 2662 7539 3471 4850 4455 4780 2778 1964 7111 4548 4254 8297 5507 8146 2624 9429 6926 9078 6800 8363 5984
3920 4729 6648 3841 3352 4701 2690 1431 1603 2594 4492 4114 3067 4879 0 3280 2886 4606 6010 6239 141 2816 2308 3945 6760 2102 5235 4031 6044 4440 6109 4404 4695 5197 4130 2418 7060 3488 5412 5069 3551 5854 2996 447 4827 6229 3312 4827 6013 5223 3466 1476 3301 2785 4753 6449 4243 2088 3500 3535
5119 6768 8809 7071 3059 7150 4604 4687 2729 3214 4527 6303 5154 8146 3280 0 3395 5147 7178 8895 3301 5032 5371 6229 10016 2983 2601 4531 7518 1600 9302 4866 7940 2500 6451 2927 10340 4341 7283 7925 2751 8854 4876 3720 6865 9394 6453 5948 8747 7942 1140 2996 989 5841 2529 8287 1513 1523 223 5124
1726 7615 5514 6044 5444 7541 1640 3452 1341 5000 1615 3162 5948 6802 2886 3395 0 1910 3807 5887 2765 5700 3400 6824 8015 4522 3671 1272 4123 3395 7071 6940 6021 3712 7003 565 8626 948 8296 7723 5402 6242 5852 3014 7712 7076 5770 2563 5818 5053 2601 4031 2601 5408 2968 4916 3178 3482 3569 1824
1044 9269 4438 7105 7354 9070 2302 4767 3201 6888 824 2801 7655 7629 4606 5147 1910 0 2109 5326 4472 7392 4304 8443 8318 6402 4627 640 2617 4726 7256 8822 6545 4716 8602 2475 9100 1118 9971 9035 7310 6140 7602 4623 9363 7186 7017 1077 5375 4750 4176 5882 4237 6789 3911 3613 4539 5390 5292 1649
2163 10357 2758 7518 9102 9974 3330 5693 4908 8514 2900 2549 8881 7731 6010 7178 3807 2109 0 4118 5869 8602 4884 9500 7787 8015 6706 2668 707 6835 6670 10400 6400 6802 9625 4338 8713 2863 11078 9646 9126 5345 8902 5889 10443 6525 7655 1252 4295 3929 6258 7433 6306 7605 6000 1780 6648 7220 7337 2475
4494 9021 1700 5303 9551 8297 4341 5069 6166 8709 6080 2731 8049 4908 6239 8895 5887 5326 4118 0 6129 7782 4002 8209 4011 8255 9533 5491 3443 9265 2942 10218 3440 9585 8241 6140 5035 5188 9700 7441 9786 1552 8234 5869 9080 2716 5841 4313 360 1019 8393 7628 8343 6158 8814 2570 9044 8200 9108 4114
3780 4850 6519 3860 3478 4804 2549 1389 1500 2729 4368 3981 3195 4879 141 3301 2765 4472 5869 6129 0 2941 2220 4060 6722 2236 5197 3900 5903 4420 6053 4545 4652 5162 4242 2308 7043 3354 5536 5141 3667 5770 3130 424 4947 6168 3354 4686 5907 5115 3440 1612 3280 2846 4701 6313 4220 2158 3522 3394
6624 1923 8660 3214 2941 2118 5300 2969 4393 2121 7308 6363 282 4356 2816 5032 5700 7392 8602 7782 2941 0 3982 1216 6726 2109 7495 6835 8514 6552 6518 2601 5035 7421 1431 5217 6596 6276 2596 3041 3420 6868 500 2773 2022 6736 2408 7494 7473 6800 5707 2061 5510 1802 7170 8704 6402 3511 5200 6158
3301 5560 4687 2801 5557 5099 2022 1077 2842 4707 4609 2441 4263 3417 2308 5371 3400 4304 4884 4002 2220 3982 0 4701 4750 4257 6788 3962 4664 6200 3944 6264 2687 6789 4801 3280 5263 3373 6280 4805 5813 3551 4382 1900 5640 4024 2789 3981 3748 2983 5220 3634 5103 2729 6161 4738 5981 4373 5594 2707
7615 860 9269 3132 3894 943 6264 3807 5544 3190 8417 7140 1077 4130 3945 6229 6824 8443 9500 8209 4060 1216 4701 0 6527 3269 8709 7912 9347 7762 6525 3008 5126 8634 223 6363 6212 7337 1581 2147 4393 7111 1389 3832 943 6772 2416 8452 7877 7280 6923 3275 6726 2061 8386 9426 7615 4712 6390 7111
7294 7119 5707 3512 9385 6161 6420 5333 7592 8464 8883 5554 6911 2402 6760 10016 8015 8318 7787 4011 6722 6726 4750 6527 0 8160 11531 8215 7200 10948 1118 9313 2080 11536 6449 7990 1044 7710 7640 4870 9780 2501 7224 6313 7138 1300 4318 7539 3701 3863 9963 7655 9840 4949 10889 6505 10729 8810 10239 6723
5872 3785 8746 4785 1303 4204 4743 3214 3201 500 6105 6216 2193 5950 2102 2983 4522 6402 8015 8255 2236 2109 4257 3269 8160 0 5532 5780 8102 4554 7710 2420 6216 5445 3492 3966 8234 5315 4318 5122 1627 7700 1897 2404 3883 7877 4031 6793 8005 7236 3800 632 3600 3361 5300 8547 4428 1503 3132 5560
5124 9305 8973 9042 5642 9604 5300 6440 3969 5803 3811 6802 7648 10000 5235 2601 3671 4627 6706 9533 5197 7495 6788 8709 11531 5532 0 4197 7244 1004 10652 7453 9475 141 8926 3560 12034 4365 9850 10231 5295 9902 7397 5608 9404 10681 8547 5671 9481 8723 1802 5434 1992 8005 728 8220 1104 4031 2517 5423
1000 8728 4780 6747 6716 8570 1941 4310 2580 6262 670 2831 7093 7349 4031 4531 1272 640 2668 5491 3900 6835 3962 7912 8215 5780 4197 0 3101 4201 7184 8200 6356 4275 8077 1837 8944 600 9424 8605 6670 6155 7026 4080 8823 7140 6600 1500 5500 4815 3590 5269 3640 6328 3471 4031 4004 4750 4681 1500
2404 10207 2051 7178 9243 9761 3360 5560 5099 8602 3436 2236 8796 7299 6044 7518 4123 2617 707 3443 5903 8514 4664 9347 7200 8102 7244 3101 0 7302 6082 10448 5921 7333 9457 4617 8149 3178 10928 9340 9305 4729 8845 5872 10290 5922 7382 1603 3640 3337 6661 7500 6691 7392 6527 1081 7105 7424 7690 2555
5024 8336 8881 8280 4638 8668 4939 5731 3360 4809 3962 6552 6694 9284 4440 1600 3395 4726 6835 9265 4420 6552 6200 7762 10948 4554 1004 4201 7302 0 10125 6449 8872 900 7981 3138 11385 4229 8868 9352 4295 9482 6432 4841 8434 10178 7738 5700 9176 8392 989 4492 1140 7169 1131 8209 223 3059 1513 5217
6243 7211 4626 3395 8980 6315 5448 4681 6767 8062 7848 4472 6736 2505 6109 9302 7071 7256 6670 2942 6053 6518 3944 6525 1118 7710 10652 7184 6082 10125 0 9119 1503 10666 6484 7093 2102 6700 7800 5162 9337 1403 7017 5664 7244 282 4159 6447 2617 2745 9152 7158 9042 4716 9990 5400 9904 8192 9525 5685
8272 2920 10917 5803 1811 3807 7093 5189 5621 1941 8514 8459 2402 6926 4404 4866 6940 8822 10400 10218 4545 2601 6264 3008 9313 2420 7453 8200 10448 6449 9119 0 7632 7343 3178 6381 9124 7733 3061 5147 2202 9414 2102 4604 2983 9334 5000 9191 9929 9211 5894 2969 5700 4403 7375 10816 6378 3676 4936 7930
5502 5860 4924 2012 7481 5024 4477 3264 5522 6562 7026 3931 5260 1476 4695 7940 6021 6545 6400 3440 4652 5035 2687 5126 2080 6216 9475 6356 5921 8872 1503 7632 0 9476 5107 5954 2607 5813 6488 4031 7843 2061 5532 4248 5903 1702 2720 5903 3080 2785 7887 5675 7762 3238 8845 5481 8655 6762 8163 4904
5192 9222 9047 9013 5532 9533 5333 6420 3962 5707 3905 6854 7570 9980 5197 2500 3712 4716 6802 9585 5162 7421 6789 8634 11536 5445 141 4275 7333 900 10666 7343 9476 0 8852 3580 12027 4427 9762 10176 5178 9932 7315 5575 9320 10700 8508 5755 9527 8765 1746 5360 1931 7960 806 8302 1019 3945 2408 5478
7762 781 9334 3101 4110 721 6407 3935 5731 3413 8590 7242 1300 4060 4130 6451 7003 8602 9625 8241 4242 1431 4801 223 6449 3492 8926 8077 9457 7981 6484 3178 5107 8852 0 6548 6103 7500 1486 1969 4609 7111 1612 4002 848 6735 2418 8590 7905 7324 7138 3492 6941 2121 8598 9513 7833 4933 6612 7249
2213 7138 5900 5793 4879 7111 1802 3162 824 4440 2147 3452 5456 6624 2418 2927 565 2475 4338 6140 2308 5217 3280 6363 7990 3966 3560 1837 4617 3138 7093 6381 5954 3580 6548 0 8542 1476 7809 7367 4840 6363 5345 2601 7236 7121 5457 3087 6039 5255 2256 3488 2220 5048 2900 5360 2915 2920 3114 2202
8062 6706 6725 3453 9398 5714 7083 5672 8065 8485 9614 6389 6746 2284 7060 10340 8626 9100 8713 5035 7043 6596 5263 6212 1044 8234 12034 8944 8149 11385 2102 9124 2607 12027 6103 8542 0 8411 7156 4341 9822 3505 7083 6621 6711 2319 4237 8381 4716 4816 10396 7782 10259 4904 11421 7500 11173 9042 10560 7473
800 8159 4652 6152 6312 7983 1360 3712 2121 5805 1236 2469 6539 6772 3488 4341 948 1118 2863 5188 3354 6276 3373 7337 7710 5315 4365 600 3178 4229 6700 7733 5813 4427 7500 1476 8411 0 8859 8005 6300 5731 6484 3511 8254 6670 6000 1615 5161 4440 3505 4780 3522 5731 3640 4001 4019 4382 4512 1081
9170 721 10818 4477 4531 1486 7826 5385 6985 4079 9904 8720 2353 5313 5412 7283 8296 9971 11078 9700 5536 2596 6280 1581 7640 4318 9850 9424 10928 8868 7800 3061 6488 9762 1486 7809 7156 8859 0 2816 5015 8523 2507 5348 640 8062 3860 10017 9360 8796 8109 4504 7910 3606 9604 10998 8746 5821 7414 8676
8075 2418 8792 2195 5953 1414 6736 4300 6609 5162 9200 7116 3047 2662 5069 7925 7723 9035 9646 7441 5141 3041 4805 2147 4870 5122 10231 8605 9340 9352 5162 5147 4031 10176 1969 7367 4341 8005 2816 0 6444 6087 3405 4785 2408 5437 2022 8786 7083 6661 8430 4939 8246 2319 9803 9170 9178 6414 8112 7496
6964 4664 10153 6369 500 5326 6000 4800 4219 1341 6859 7589 3397 7539 3551 2751 5402 7310 9126 9786 3667 3420 5813 4393 9780 1627 5295 6670 9305 4295 9337 2202 7843 5178 4609 4840 9822 6300 5015 6444 0 9302 3041 3920 4750 9503 5594 7877 9552 8769 3848 2202 3667 4924 5280 9861 4244 1920 2789 6753
5173 7877 3224 4049 9002 7072 4604 4504 6184 8109 6800 3342 7116 3471 5854 8854 6242 6140 5345 1552 5770 6868 3551 7111 2501 7700 9902 6155 4729 9482 1403 9414 2061 9932 7111 6363 3505 5731 8523 6087 9302 0 7349 5433 7925 1204 4695 5247 1216 1431 8542 7100 8458 5126 9208 4004 9259 7924 9075 4666
6879 1910 9069 3712 2549 2332 5580 3342 4522 1802 7467 6726 360 4850 2996 4876 5852 7602 8902 8234 3130 500 4382 1389 7224 1897 7397 7026 8845 6432 7017 2102 5532 7315 1612 5345 7083 6484 2507 3405 3041 7349 0 3023 2009 7233 2906 7766 7930 7244 5632 2000 5433 2302 7117 9078 6296 3373 5028 6440
3858 4648 6356 3440 3687 4527 2561 984 1824 2879 4589 3858 3041 4455 447 3720 3014 4623 5889 5869 424 2773 1900 3832 6313 2404 5608 4080 5872 4841 5664 4604 4248 5575 4002 2601 6621 3511 5348 4785 3920 5433 3023 0 4743 5787 2954 4743 5632 4850 3860 1772 3701 2473 5099 6212 4640 2529 3940 3420
8549 100 10182 3891 4254 1000 7201 4750 6413 3700 9314 8080 1802 4780 4827 6865 7712 9363 10443 9080 4947 2022 5640 943 7138 3883 9404 8823 10290 8434 7244 2983 5903 9320 848 7236 6711 8254 640 2408 4750 7925 2009 4743 0 7502 3244 9390 8741 8168 7641 4004 7442 2969 9126 10358 8302 5375 7009 8049
6185 7467 4410 3640 9154 6579 5445 4808 6826 8238 7800 4390 6958 2778 6229 9394 7076 7186 6525 2716 6168 6736 4024 6772 1300 7877 10681 7140 5922 10178 282 9334 1702 10700 6735 7121 2319 6670 8062 5437 9503 1204 7233 5787 7502 0 4393 6350 2402 2596 9211 7316 9106 4936 10012 5208 9956 8316 9617 5640
6053 3190 7017 806 5162 2475 4716 2319 4743 4254 7206 5147 2600 1964 3312 6453 5770 7017 7655 5841 3354 2408 2789 2416 4318 4031 8547 6600 7382 7738 4159 5000 2720 8508 2418 5457 4237 6000 3860 2022 5594 4695 2906 2954 3244 4393 0 6768 5500 4951 6774 3640 6603 670 8052 7294 7546 5020 6660 5474
921 9301 3361 6736 7860 8988 2195 4661 3661 7291 1897 1992 7769 7111 4827 5948 2563 1077 1252 4313 4686 7494 3981 8452 7539 6793 5671 1500 1603 5700 6447 9191 5903 5755 8590 3087 8381 1615 10017 8786 7877 5247 7766 4743 9390 6350 6768 0 4393 3827 5063 6222 5099 6640 4949 2549 5503 5968 6113 1341
4500 8683 2009 4951 9305 7951 4237 4805 6020 8452 6107 2692 7738 4548 6013 8747 5818 5375 4295 360 5907 7473 3748 7877 3701 8005 9481 5500 3640 9176 2617 9929 3080 9527 7905 6039 4716 5161 9360 7083 9552 1216 7930 5632 8741 2402 5500 4393 0 806 8286 7382 8228 5830 8765 2828 8953 8002 8962 4081
3820 8105 2147 4482 8532 7424 3453 4052 5217 7690 5445 1984 7071 4254 5223 7942 5053 4750 3929 1019 5115 6800 2983 7280 3863 7236 8723 4815 3337 8392 2745 9211 2785 8765 7324 5255 4816 4440 8796 6661 8769 1431 7244 4850 8168 2596 4951 3827 806 0 7494 6609 7433 5220 8013 2729 8169 7200 8158 3360
4304 7542 8115 7300 4110 7810 4052 4742 2385 4119 3492 5707 5869 8297 3466 1140 2601 4176 6258 8393 3440 5707 5220 6923 9963 3800 1802 3590 6661 989 9152 5894 7887 1746 7138 2256 10396 3505 8109 8430 3848 8542 5632 3860 7641 9211 6774 5063 8286 7494 0 3649 200 6217 1503 7505 781 2302 1204 4418
5303 3905 8115 4356 1923 4176 4140 2601 2692 1118 5635 5590 2220 5507 1476 2996 4031 5882 7433 7628 1612 2061 3634 3275 7655 632 5434 5269 7500 4492 7158 2969 5675 5360 3492 3488 7782 4780 4504 4939 2202 7100 2000 1772 4004 7316 3640 6222 7382 6609 3649 0 3452 2983 5124 7925 4341 1476 3176 4967
4318 7343 8105 7140 3921 7615 4002 4596 2282 3920 3577 5671 5671 8146 3301 989 2601 4237 6306 8343 3280 5510 5103 6726 9840 3600 1992 3640 6691 1140 9042 5700 7762 1931 6941 2220 10259 3522 7910 8246 3667 8458 5433 3701 7442 9106 6603 5099 8228 7433 200 3452 0 6041 1702 7516 943 2102 1081 4404
5869 2900 7213 1456 4494 2370 4512 2022 4295 3584 6906 5162 2022 2624 2785 5841 5408 6789 7605 6158 2846 1802 2729 2061 4949 3361 8005 6328 7392 7169 4716 4403 3238 7960 2121 5048 4904 5731 3606 2319 4924 5126 2302 2473 2969 4936 670 6640 5830 5220 6217 2983 6041 0 7538 7402 6983 4386 6044 5316
4396 9027 8246 8508 5578 9257 4604 5883 3383 5622 3101 6083 7343 9429 4753 2529 2968 3911 6000 8814 4701 7170 6161 8386 10889 5300 728 3471 6527 1131 9990 7375 8845 806 8598 2900 11421 3640 9604 9803 5280 9208 7117 5099 9126 10012 8052 4949 8765 8013 1503 5124 1702 7538 0 7496 1081 3804 2507 4701
3201 10282 1000 6977 9750 9741 3862 5738 5728 9042 4437 2360 8986 6926 6449 8287 4916 3613 1780 2570 6313 8704 4738 9426 6505 8547 8220 4031 1081 8209 5400 10816 5481 8302 9513 5360 7500 4001 10998 9170 9861 4004 9078 6212 10358 5208 7294 2549 2828 2729 7505 7925 7516 7402 7496 0 8005 8032 8471 3178
4816 8203 8670 8080 4570 8516 4716 5522 3140 4701 3785 6332 6551 9078 4243 1513 3178 4539 6648 9044 4220 6402 5981 7615 10729 4428 1104 4004 7105 223 9904 6378 8655 1019 7833 2915 11173 4019 8746 9178 4244 9259 6296 4640 8302 9956 7546 5503 8953 8169 781 4341 943 6983 1081 8005 0 2927 1456 5000
5060 5277 8394 5685 2000 5629 4176 3511 2325 1824 4957 5824 3640 6800 2088 1523 3482 5390 7220 8200 2158 3511 4373 4712 8810 1503 4031 4750 7424 3059 8192 3676 6762 3945 4933 2920 9042 4382 5821 6414 1920 7924 3373 2529 5375 8316 5020 5968 8002 7200 2302 1476 2102 4386 3804 8032 2927 0 1700 4884
5295 6912 9004 7283 3125 7316 4809 4909 2942 3337 4652 6506 5314 8363 3500 223 3569 5292 7337 9108 3522 5200 5594 6390 10239 3132 2517 4681 7690 1513 9525 4936 8163 2408 6612 3114 10560 4512 7414 8112 2789 9075 5028 3940 7009 9617 6660 6113 8962 8158 1204 3176 1081 6044 2507 8471 1456 1700 0 5315
608 7960 3701 5500 6688 7655 860 3324 2563 6060 2163 1389 6435 5984 3535 5124 1824 1649 2475 4114 3394 6158 2707 7111 6723 5560 5423 1500 2555 5217 5685 7930 4904 5478 7249 2202 7473 1081 8676 7496 6753 4666 6440 3420 8049 5640 5474 1341 4081 3360 4418 4967 4404 5316 4701 3178 5000 4884 5315 0
# set of given starting solutions
0 52 43 37 6 18 56 19 17 58 29 28 21 51 12 25 16 10 4 24 48 49 47 23 15 53 40 27 46 14 33 26 39 36 5 57 3 9 55 13 34 20 54 31 41 35 45 1 8 32 7 59 2 22 30 38 44 50 11 42 0
0 38 28 39 34 59 33 35 43 9 29 53 36 18 47 48 15 57 56 12 17 45 44 3 41 25 24 58 37 52 2 14 27 26 32 21 16 42 30 5 50 46 10 11 7 8 23 40 4 13 31 51 19 20 54 49 22 1 55 6 0
0 11 49 46 44 33 38 59 37 31 4 36 21 20 26 12 25 2 53 51 8 47 58 35 57 34 43 40 5 15 54 10 56 48 30 42 27 7 13 45 52 17 16 23 41 50 39 14 9 1 19 24 29 22 18 55 3 6 32 28 0
0 30 39 42 5 12 23 8 25 19 54 18 49 37 28 46 15 58 43 47 29 1 35 10 55 33 59 20 14 38 34 9 36 26 4 13 17 6 44 51 16 50 21 7 57 2 11 3 56 48 31 40 22 41 45 27 32 52 53 24 0
0 28 7 51 36 1 24 14 40 39 20 2 57 30 37 48 46 47 25 19 55 41 12 29 17 58 5 49 4 44 16 54 50 18 35 53 56 8 38 10 42 23 13 52 31 11 15 6 43 9 59 21 33 45 26 22 34 27 3 32 0
0 53 24 10 1 11 59 31 14 6 17 51 35 41 33 16 26 29 20 12 44 21 30 52 48 18 9 27 49 4 58 42 54 56 13 32 23 40 39 45 3 22 15 7 46 19 8 2 28 38 5 55 37 57 34 36 50 43 47 25 0
0 58 5 2 17 57 56 22 16 46 26 52 59 14 21 30 9 6 39 31 51 48 33 44 40 4 7 49 25 10 42 23 24 43 53 55 50 11 13 32 19 38 34 41 29 8 15 54 35 3 47 12 20 37 45 18 36 28 27 1 0
0 57 16 34 37 54 50 56 51 47 27 33 14 46 29 53 5 4 59 32 10 21 48 41 24 7 23 25 42 22 55 13 40 9 49 12 26 44 1 11 35 30 6 3 58 52 19 20 38 17 18 45 39 15 31 8 36 2 28 43 0
0 44 3 22 1 48 35 19 16 5 32 28 21 40 30 27 13 6 53 42 43 37 24 9 10 41 39 54 56 12 8 47 58 23 2 51 25 29 14 50 33 4 49 20 11 59 34 45 18 17 57 46 7 31 38 26 36 55 15 52 0
0 1 54 46 56 9 3 13 38 22 21 6 2 51 11 37 30 34 4 47 35 7 40 23 15 45 16 39 18 17 52 50 43 14 27 25 53 20 57 24 33 55 42 26 28 5 32 58 10 49 41 44 59 48 12 19 29 8 36 31 0
0 22 59 9 34 48 5 10 41 44 58 49 36 25 20 19 33 43 37 2 46 12 50 27 40 29 47 57 51 32 38 21 31 55 53 14 6 26 39 28 8 7 13 17 1 11 42 15 18 56 4 52 45 35 54 3 16 23 24 30 0
0 6 40 29 9 11 47 3 58 21 25 15 8 4 35 54 20 41 2 49 1 55 43 28 39 22 18 30 23 13 42 24 53 5 16 31 7 27 17 37 50 14 10 36 59 51 52 45 38 48 12 32 19 44 34 26 56 33 46 57 0
0 4 27 26 44 41 10 25 8 28 11 49 19 23 20 5 53 1 2 37 57 40 35 55 9 50 47 54 39 21 16 15 13 42 14 59 46 17 52 32 51 7 18 30 48 45 34 38 6 29 22 43 31 33 24 56 12 36 58 3 0
0 49 45 29 44 22 2 33 50 5 40 55 47 28 8 31 41 21 16 32 38 4 56 13 51 14 24 46 12 58 10 18 1 59 43 30 57 23 52 37 7 54 20 6 42 3 35 15 48 39 26 27 11 25 34 17 36 19 9 53 0
0 32 48 26 38 17 31 14 5 9 11 40 49 39 19 50 7 44 27 28 37 41 59 51 22 24 53 56 35 23 36 34 8 54 15 13 16 20 58 21 43 29 55 30 42 18 52 12 4 2 3 46 33 57 45 6 10 47 1 25 0
0 57 1 15 33 55 47 38 56 11 54 42 7 29 21 3 19 58 8 52 43 30 20 50 17 45 51 6 32 16 53 5 14 48 26 4 2 9 23 44 46 27 22 12 59 31 28 37 18 41 25 35 13 10 36 24 49 40 39 34 0
0 39 42 16 13 27 18 2 35 23 4 22 28 41 48 29 31 20 9 34 30 8 24 43 11 54 59 47 45 17 21 40 37 25 44 33 15 5 19 55 32 57 3 56 38 12 46 26 51 53 10 36 7 14 58 1 50 52 49 6 0
0 22 19 36 23 10 25 33 52 5 49 42 47 16 56 58 8 24 34 27 54 15 32 2 18 39 55 48 7 6 43 51 53 37 45 30 20 41 13 28 46 14 12 4 40 57 29 11 1 17 9 50 38 59 35 21 3 26 31 44 0
0 7 50 1 24 17 42 5 14 59 10 27 40 13 37 29 51 53 46 55 20 41 3 56 52 43 32 12 2 9 33 48 26 45 34 49 21 57 15 35 44 28 38 36 25 4 8 31 23 30 18 54 58 22 39 47 11 19 6 16 0
0 30 32 40 57 22 29 42 45 48 19 16 11 24 54 50 12 28 14 2 25 49 26 7 33 20 52 41 55 53 3 23 17 27 51 9 21 31 58 56 47 4 6 59 34 44 13 35 37 10 18 38 15 8 1 36 5 39 46 43 0
0 32 59 42 13 12 4 20 8 44 3 2 47 49 19 1 18 25 39 10 14 46 6 31 57 56 36 27 22 16 33 30 38 26 50 11 41 24 9 48 34 58 5 45 52 21 15 43 29 54 35 37 40 23 17 55 7 51 28 53 0
0 56 17 21 25 48 13 31 42 8 41 2 58 24 50 22 12 54 9 23 38 20 57 36 18 47 43 40 5 7 46 6 26 27 37 45 52 51 39 30 59 44 32 49 53 33 28 10 29 16 19 15 34 4 11 55 1 35 14 3 0
0 1 32 4 36 58 21 13 15 10 3 19 27 16 44 56 20 35 30 48 18 51 59 39 9 41 47 37 52 50 7 22 24 6 14 11 43 29 46 25 8 38 55 2 26 54 42 40 28 12 5 34 49 53 57 33 23 31 17 45 0
0 50 15 25 20 45 31 30 43 4 24 53 26 29 18 34 3 6 10 28 7 59 51 32 40 1 17 14 33 13 58 35 48 16 9 47 27 21 19 23 2 5 52 49 41 36 22 55 54 11 44 57 46 12 37 39 8 42 56 38 0
0 46 34 3 9 22 1 2 44 42 10 58 33 59 57 26 43 5 11 20 55 17 19 35 41 53 30 13 56 38 37 7 12 39 45 27 48 49 28 47 15 40 29 18 24 6 8 54 16 14 25 23 4 36 52 51 32 50 21 31 0
0 20 36 2 42 55 12 37 31 53 27 45 48 51 26 4 9 59 7 21 58 16 8 19 56 3 54 41 46 50 44 13 25 32 23 6 29 57 24 28 47 39 35 5 33 49 17 34 22 43 15 1 38 18 40 30 52 11 10 14 0
0 2 9 34 52 20 50 21 26 44 40 10 43 13 32 38 54 49 56 35 12 23 57 3 15 1 19 46 5 41 45 22 7 4 47 30 17 59 53 25 39 29 18 36 24 48 58 11 14 6 16 8 31 51 27 28 33 42 37 55 0
0 30 23 40 18 58 56 50 54 27 25 37 9 8 21 52 43 13 6 14 33 59 26 42 24 38 22 44 7 5 49 57 11 1 55 53 45 15 51 35 41 46 36 4 2 19 31 28 12 34 47 20 16 10 29 39 32 17 48 3 0
0 20 21 44 2 35 18 38 57 24 49 9 50 22 3 8 58 11 39 59 10 48 6 15 30 31 40 1 32 56 41 28 46 36 52 42 34 13 53 5 12 26 29 43 14 17 16 51 54 55 25 45 37 47 33 7 27 23 4 19 0
0 29 47 15 38 18 3 16 10 1 34 45 46 51 24 20 4 14 31 6 33 23 36 19 55 39 5 25 57 22 48 52 35 27 58 26 43 49 21 11 59 7 28 53 17 42 2 32 44 12 50 30 13 56 41 8 37 9 40 54 0
0 42 12 45 15 38 21 33 48 39 55 51 57 44 26 6 43 19 27 20 3 49 56 23 50 47 53 30 9 5 24 29 25 34 54 13 28 11 41 37 4 14 10 35 17 31 58 36 1 2 8 7 16 59 40 52 22 18 46 32 0
0 17 45 3 43 58 39 8 2 20 56 7 36 47 27 49 21 22 25 18 10 9 15 38 4 41 44 52 23 16 31 26 1 55 30 14 37 29 42 13 19 51 5 35 40 12 34 48 24 32 54 57 46 28 50 6 33 11 53 59 0
0 25 43 39 6 34 18 31 37 29 50 8 40 16 56 28 44 1 17 49 33 11 58 4 12 14 20 47 48 45 2 13 19 24 22 59 35 30 54 55 21 26 15 3 42 41 5 10 7 9 23 51 38 57 46 53 27 52 32 36 0
0 8 5 2 15 42 24 44 12 27 7 30 54 11 28 40 46 49 32 47 10 48 17 53 25 26 29 6 33 4 34 23 1 14 51 20 45 41 38 56 3 13 43 52 22 21 36 58 55 50 19 35 57 31 39 9 37 59 16 18 0
0 36 12 4 46 24 43 20 53 22 1 37 33 3 16 13 34 38 26 35 39 9 7 54 49 8 21 51 14 18 40 30 48 31 41 57 45 52 5 28 25 27 15 23 42 11 10 59 32 17 44 19 29 56 6 2 50 47 55 58 0
0 9 42 48 44 12 52 19 54 5 1 11 22 3 14 40 38 13 8 39 59 7 50 26 21 24 37 47 58 27 4 49 34 2 16 28 36 32 56 57 45 15 33 18 10 29 53 31 46 30 25 41 51 23 35 55 17 43 20 6 0
0 28 53 18 42 5 11 57 48 50 43 35 41 38 47 49 46 2 14 25 10 55 36 22 45 7 20 9 24 31 54 1 29 56 59 12 34 19 21 8 26 13 16 23 51 17 32 44 33 4 52 27 15 6 58 30 3 39 37 40 0
0 33 32 30 3 43 5 46 10 44 19 54 55 48 58 21 4 57 35 24 14 31 52 16 20 12 41 51 45 56 49 34 47 15 8 26 53 17 1 39 40 50 11 2 36 37 9 23 18 13 42 6 7 29 59 38 22 27 25 28 0
0 12 21 13 52 6 59 40 39 20 8 3 42 29 23 19 48 35 34 9 44 38 7 22 33 55 26 57 54 24 25 41 30 45 1 27 15 36 16 4 17 31 14 53 37 47 49 18 56 5 58 51 50 10 32 46 28 11 2 43 0
0 31 14 46 34 58 35 36 53 38 7 33 11 22 41 12 19 15 42 26 54 23 27 57 32 9 48 13 25 43 59 3 56 40 24 37 55 6 16 47 18 21 1 30 2 52 17 4 8 49 10 51 20 28 50 29 45 44 5 39 0
0 33 15 10 31 45 14 26 12 50 35 18 3 11 37 27 36 6 22 59 57 39 23 41 7 48 40 32 53 30 46 8 44 5 21 43 17 47 4 49 2 1 9 20 29 42 38 58 52 24 34 13 28 54 16 19 55 25 56 51 0
0 33 46 50 42 43 32 49 29 22 26 20 35 21 13 55 10 51 30 25 2 11 44 16 1 37 27 52 7 14 12 36 3 58 18 56 5 34 17 59 4 31 47 15 6 28 57 39 40 24 38 48 23 9 45 8 41 19 53 54 0
0 8 50 15 23 29 37 56 31 38 22 7 43 14 25 4 55 19 51 54 36 24 48 35 11 58 47 30 26 12 39 33 49 46 45 40 21 53 44 16 3 20 41 27 9 18 57 17 42 59 10 6 1 5 52 32 28 2 34 13 0
0 46 13 34 9 36 32 37 30 59 40 57 38 42 15 29 23 33 53 26 12 27 50 4 35 56 51 43 41 10 44 47 22 25 14 3 19 45 20 24 17 58 11 1 54 49 52 21 31 6 48 7 8 16 55 28 18 39 2 5 0
0 18 38 6 19 28 45 25 47 27 50 3 10 21 36 56 12 2 29 35 7 53 40 5 54 52 30 57 22 4 17 39 33 9 37 46 16 1 26 20 31 51 49 11 15 24 43 48 55 32 13 23 14 59 44 41 58 42 8 34 0
0 25 11 3 58 21 48 29 1 28 52 49 53 46 31 15 42 44 34 37 14 51 32 27 18 35 12 39 9 26 20 30 50 7 45 23 40 13 59 24 33 36 6 47 17 4 8 5 22 41 57 19 10 55 56 16 2 43 54 38 0
0 6 12 28 23 3 7 39 10 5 57 40 59 21 30 50 26 20 58 19 42 48 35 36 52 41 37 53 27 45 54 43 33 29 17 22 1 44 34 56 16 47 38 55 13 46 24 14 11 9 8 4 49 51 32 18 2 25 15 31 0
0 7 5 9 19 2 45 58 33 41 26 42 37 52 44 16 43 32 56 13 47 24 54 55 14 31 8 25 57 18 36 21 3 48 11 53 38 23 6 22 30 50 28 51 46 17 29 15 39 12 1 10 49 27 4 35 34 40 59 20 0
0 22 38 19 55 48 35 3 7 9 30 53 26 54 10 52 32 33 14 46 45 49 43 5 6 25 21 42 58 28 39 36 51 4 29 56 37 17 2 27 23 16 50 13 18 12 40 59 57 41 8 44 47 34 1 15 20 24 11 31 0
0 24 12 14 27 21 9 8 29 58 15 54 36 59 25 22 20 42 10 47 4 43 38 48 55 13 30 5 56 57 49 33 34 28 16 52 17 7 23 41 46 3 31 19 44 45 32 1 18 35 39 40 6 11 50 53 2 26 37 51 0
0 45 11 28 8 7 1 57 17 39 46 31 58 30 36 26 29 13 59 22 3 15 54 14 56 24 37 43 6 55 48 44 32 5 42 25 50 9 40 21 2 33 12 52 49 20 23 34 51 27 53 19 47 38 16 18 41 10 4 35 0
0 36 19 54 55 26 11 10 3 59 20 48 46 24 50 21 31 4 44 6 39 38 40 7 1 47 34 45 22 56 18 51 29 53 28 37 12 43 23 42 57 27 41 58 8 25 14 2 5 33 15 9 35 13 32 17 49 52 30 16 0
0 33 42 58 32 21 20 1 2 6 52 23 3 19 12 53 7 4 11 48 17 35 14 24 15 51 54 57 47 39 37 16 22 44 25 49 31 8 28 41 34 30 26 46 29 55 9 59 10 43 36 18 5 38 45 27 40 50 56 13 0
0 40 53 39 55 21 11 20 24 36 45 37 29 25 9 51 58 3 5 56 16 2 48 42 31 46 44 19 7 50 41 10 54 57 23 49 38 1 30 12 22 33 27 32 28 59 26 35 18 52 14 13 47 8 6 17 43 15 34 4 0
0 36 27 40 58 16 32 31 28 11 1 35 50 47 51 59 10 38 2 8 49 20 3 46 33 13 26 5 25 19 39 6 24 56 21 42 41 45 22 44 12 34 23 48 29 9 30 53 52 7 14 54 43 4 18 55 15 17 37 57 0
0 24 35 38 53 57 55 59 12 5 21 7 48 25 16 34 27 42 4 22 32 18 56 40 8 46 29 2 39 10 51 3 33 15 17 14 45 6 31 54 9 1 37 19 28 26 11 41 49 58 20 50 30 13 52 23 36 44 43 47 0
0 6 47 39 7 31 50 36 41 34 19 58 14 30 17 37 44 5 40 8 20 35 43 53 49 26 23 22 11 15 57 52 33 29 48 56 46 54 3 59 4 27 13 51 10 1 55 18 28 12 2 16 25 21 24 38 32 42 45 9 0
0 59 11 35 14 51 49 9 7 38 18 10 34 39 44 22 36 12 23 55 31 50 42 45 20 17 25 30 8 52 3 28 48 21 58 19 29 5 32 40 57 43 37 46 4 54 16 13 6 41 33 47 27 1 2 53 15 56 26 24 0
0 17 13 31 54 21 41 23 45 40 35 44 14 57 22 47 20 34 16 1 53 29 43 56 18 2 6 42 50 12 5 24 49 30 36 32 25 3 58 37 26 11 46 48 15 7 4 19 59 55 10 51 33 52 28 27 8 9 39 38 0
0 9 3 55 35 8 2 13 50 10 12 32 26 31 20 45 48 29 7 33 44 40 36 27 15 43 25 52 34 49 38 24 57 5 42 53 1 59 23 11 4 18 30 14 19 21 58 41 51 46 16 47 28 39 54 17 56 6 37 22 0
0 5 25 2 52 1 34 10 27 12 30 54 49 3 28 20 47 58 19 33 46 36 39 50 57 40 38 37 14 48 44 53 56 16 55 8 22 17 45 11 13 23 18 4 9 7 15 43 35 29 31 59 32 21 24 41 42 6 51 26 0
0 23 35 51 26 10 19 31 4 47 44 45 50 30 37 14 22 13 39 38 1 25 8 56 18 24 9 7 54 55 27 29 34 11 21 58 42 48 20 41 33 16 28 59 6 3 12 43 52 49 2 57 53 17 32 36 46 5 40 15 0
0 37 23 47 4 35 36 5 58 50 14 10 28 19 39 3 9 34 16 1 48 38 45 20 42 12 21 57 13 27 31 6 40 33 7 18 25 44 41 26 52 56 32 11 53 8 46 43 30 51 24 15 59 17 54 22 2 29 55 49 0
0 33 59 3 40 51 20 58 43 8 12 7 50 45 41 46 54 16 53 17 38 31 14 4 24 34 48 30 47 32 25 19 39 21 36 42 37 29 27 57 23 35 28 10 55 2 1 52 15 56 22 6 26 9 18 49 11 13 5 44 0
0 25 23 7 41 28 32 3 20 12 19 1 26 30 55 9 35 18 17 51 33 48 34 24 16 15 27 5 13 31 10 58 54 47 50 44 22 59 38 43 42 53 2 8 11 39 36 6 52 45 56 40 4 14 21 37 46 57 29 49 0
0 2 49 46 37 28 44 23 8 50 17 14 52 36 16 5 20 1 45 47 54 29 58 32 55 41 13 39 21 59 31 38 24 35 27 18 48 57 33 53 51 19 15 40 9 3 30 22 43 12 42 10 4 34 7 6 56 26 11 25 0
0 46 6 35 33 29 19 22 11 52 54 44 26 18 16 3 30 27 37 36 4 47 39 9 41 17 7 21 14 2 32 12 24 15 40 55 49 34 5 57 59 31 25 53 28 10 48 51 42 8 38 50 43 56 58 1 13 23 20 45 0
0 46 20 5 7 53 19 27 49 28 52 16 21 35 14 32 48 38 57 34 45 12 6 17 55 44 54 58 41 3 25 18 42 36 24 39 15 31 8 4 37 9 11 51 10 50 22 30 2 59 1 40 43 26 29 33 13 23 56 47 0
0 14 57 4 29 36 27 26 9 24 52 43 23 15 13 28 21 56 20 49 10 6 46 19 31 35 11 32 39 8 1 37 55 30 48 53 44 59 45 51 22 16 41 3 54 17 40 42 38 12 25 33 34 58 18 7 50 47 2 5 0
0 39 53 31 19 35 8 54 3 10 47 41 32 37 45 48 18 33 28 24 20 22 51 14 13 43 16 50 7 57 40 29 9 52 1 36 12 2 25 23 58 26 21 59 46 44 56 11 4 34 15 42 17 6 55 5 49 27 38 30 0
0 48 52 21 6 22 18 45 35 15 55 28 12 54 51 23 20 39 17 8 14 27 46 58 56 11 4 13 10 43 32 30 24 9 2 49 31 34 25 40 38 33 53 1 5 7 50 16 44 3 37 59 29 57 26 47 42 19 36 41 0
0 49 42 47 26 51 46 52 28 7 43 29 54 48 41 14 57 44 39 30 35 37 40 38 9 59 4 53 21 25 31 23 16 1 36 17 33 50 5 10 58 45 18 34 3 11 2 6 32 22 19 20 24 8 55 12 56 15 13 27 0
0 22 46 51 36 2 53 33 29 37 10 54 3 39 31 13 24 21 35 56 47 34 26 28 58 12 44 18 30 50 40 55 42 27 7 17 41 38 49 1 6 23 25 59 5 16 45 19 20 11 4 57 43 52 48 15 32 8 14 9 0
0 9 44 25 24 14 23 43 18 35 54 6 30 41 39 51 42 40 31 29 33 55 1 45 15 17 58 16 27 7 36 48 28 47 22 50 3 8 32 26 56 38 20 2 4 53 49 13 52 46 21 57 34 12 59 11 5 37 19 10 0
0 52 53 25 38 17 16 45 2 1 6 55 41 28 36 31 14 48 39 50 37 51 44 32 22 10 8 23 21 30 11 3 49 4 7 43 57 24 29 13 47 46 59 42 26 56 54 15 12 33 35 27 34 58 20 5 40 18 9 19 0
0 21 49 2 1 33 56 32 41 8 31 27 55 47 7 3 5 15 18 22 25 24 36 17 44 9 26 59 4 28 45 48 30 50 29 10 12 34 54 42 16 51 52 58 19 46 38 43 13 20 37 39 11 57 53 40 23 35 14 6 0
0 17 53 30 8 1 4 6 27 54 50 43 42 36 47 28 34 14 25 22 44 58 3 41 24 9 55 40 13 21 35 49 39 59 19 18 5 56 57 52 45 38 29 46 7 23 16 12 11 31 37 20 32 51 26 2 48 10 33 15 0
0 21 59 2 1 37 26 29 28 14 18 40 34 16 39 50 42 46 8 30 23 32 54 24 25 53 7 22 49 43 5 3 48 27 35 51 6 38 10 45 11 57 52 13 9 36 44 31 55 4 12 56 58 47 19 17 15 20 41 33 0
0 40 8 3 12 43 41 33 42 4 7 31 28 2 59 6 53 37 5 52 51 44 21 50 48 14 36 20 17 18 57 13 56 47 1 54 29 27 30 55 46 34 58 24 26 23 9 32 16 15 49 10 45 19 39 11 22 38 25 35 0
0 50 7 9 29 36 33 40 44 15 10 4 26 8 5 20 46 27 52 2 58 25 16 45 21 17 54 53 30 42 51 41 49 24 38 39 18 3 47 6 1 19 43 48 23 37 31 11 12 34 59 14 13 32 35 28 55 56 57 22 0
0 3 53 24 4 37 32 6 43 11 19 17 46 45 25 41 14 18 40 57 59 54 13 55 30 38 23 51 2 34 10 7 48 35 28 49 27 22 8 20 31 44 50 1 29 16 5 39 52 15 9 56 47 36 42 33 12 26 21 58 0
0 47 35 27 57 11 24 44 33 46 31 49 25 29 42 52 3 48 23 41 43 15 13 28 1 58 26 10 37 9 5 45 39 55 4 6 16 14 50 7 21 19 51 30 38 53 17 32 20 34 22 12 54 2 59 56 18 40 36 8 0
0 59 58 44 5 39 16 32 31 45 47 52 38 53 42 14 9 15 48 11 7 35 40 2 46 1 55 57 23 50 51 28 27 33 12 21 43 41 56 6 17 3 24 13 29 8 37 10 36 30 25 18 4 34 26 49 19 20 22 54 0
0 6 20 22 28 58 41 32 38 1 57 16 39 14 17 52 29 59 10 36 7 13 27 25 35 24 8 9 51 34 42 50 19 4 44 23 21 3 53 11 45 46 15 40 37 30 43 54 55 47 56 48 2 18 31 33 26 12 5 49 0
0 24 2 40 31 20 58 18 4 38 21 49 3 32 16 22 25 29 52 8 54 59 47 10 11 23 46 55 5 41 19 33 42 37 7 30 9 26 48 13 28 53 27 12 44 14 35 39 36 34 6 51 1 56 50 43 17 45 57 15 0
0 47 27 34 55 19 29 23 46 57 38 41 17 59 10 28 54 30 18 35 21 6 9 14 2 24 5 4 8 53 56 58 7 36 33 16 32 49 50 15 25 13 20 31 45 43 37 11 22 1 51 48 26 39 12 42 44 52 40 3 0
0 27 21 54 46 2 38 23 39 19 52 12 51 10 13 3 28 43 26 25 20 7 24 41 58 6 4 17 1 42 55 40 44 45 47 9 29 33 37 16 56 5 15 18 50 32 36 22 48 8 30 59 53 49 31 35 14 34 11 57 0
0 9 56 2 54 17 6 47 21 1 36 31 12 20 25 19 52 33 43 7 51 59 55 14 15 44 22 46 50 3 4 35 18 53 42 16 34 30 5 29 27 57 58 38 41 48 13 24 8 11 26 10 28 40 49 45 39 37 23 32 0
0 55 41 30 25 48 19 32 58 26 16 23 27 4 44 42 37 38 33 2 14 49 47 57 20 28 9 50 8 53 17 10 45 52 13 35 40 11 22 18 21 43 12 46 15 59 51 1 6 5 3 34 39 36 24 54 56 29 7 31 0
0 31 54 12 15 59 10 50 24 48 22 5 11 58 7 42 30 16 53 34 3 49 35 43 17 47 41 38 51 40 56 14 44 25 6 32 1 4 20 27 8 13 45 29 28 9 37 39 21 19 55 52 26 46 33 23 36 2 18 57 0
0 46 9 21 27 42 52 3 11 49 41 29 10 5 54 56 35 17 7 20 8 43 40 47 38 26 32 16 14 4 55 28 58 18 39 59 31 6 44 34 15 2 24 37 53 33 19 48 45 25 12 51 1 36 50 13 23 30 22 57 0
0 22 32 48 28 15 17 58 8 38 35 7 18 6 16 40 37 11 12 50 9 19 54 24 49 21 45 36 42 20 56 30 5 43 59 51 53 26 52 34 44 57 1 3 29 2 13 47 33 31 23 4 46 10 55 39 14 25 27 41 0
0 23 7 20 33 51 5 48 31 27 57 49 19 39 4 59 42 58 28 34 17 47 16 38 6 10 26 53 37 21 36 1 40 14 50 55 9 15 25 2 54 12 30 45 46 43 41 8 18 35 32 22 13 44 11 52 29 56 3 24 0
0 36 20 28 55 51 15 41 9 40 57 14 8 21 6 42 5 27 48 53 50 46 38 34 32 24 35 23 33 58 3 43 1 12 29 47 10 19 30 2 17 45 37 13 44 22 31 39 56 54 25 26 49 7 11 16 52 4 59 18 0
0 28 36 10 34 7 19 57 35 25 37 13 47 41 52 48 11 45 4 2 1 46 51 3 59 31 21 32 24 56 42 50 58 12 22 9 27 14 18 44 40 8 43 15 26 53 20 17 49 16 38 55 30 29 6 23 5 39 54 33 0
0 8 54 11 23 58 49 27 7 34 37 53 16 10 3 39 32 15 14 55 51 28 26 59 13 29 31 1 35 33 22 42 45 6 2 18 43 47 9 38 50 21 56 40 25 44 20 36 12 17 57 52 4 48 41 30 24 46 5 19 0
0 34 5 17 23 12 20 39 27 44 58 37 50 7 49 46 30 31 4 43 59 36 47 54 2 55 9 25 18 8 28 45 41 38 35 3 29 42 52 11 16 21 1 40 10 57 24 48 15 19 32 56 26 6 13 51 14 53 33 22 0
0 42 45 54 37 1 41 48 9 22 17 13 40 34 43 24 10 28 35 11 44 26 20 39 46 25 14 51 7 18 27 2 16 58 56 55 30 47 19 52 29 23 57 36 32 31 33 4 5 8 38 15 21 53 12 6 50 59 3 49 0
0 45 36 2 27 1 12 37 47 9 19 57 30 46 55 59 43 44 28 53 58 33 8 35 32 42 50 11 49 21 15 29 25 17 56 5 20 4 10 39 52 23 51 22 18 7 16 54 31 24 41 34 6 40 3 48 13 26 38 14 0
0 6 2 59 54 47 21 13 3 5 35 12 4 11 50 22 24 40 45 48 28 31 8 17 29 42 56 32 19 10 34 1 41 44 39 51 30 14 25 55 43 46 33 49 37 16 36 15 26 57 18 53 38 20 27 7 23 58 52 9 0
0 9 42 32 25 57 45 8 10 29 38 56 30 7 43 47 20 40 19 36 1 51 12 24 13 17 18 34 59 44 14 26 49 58 52 16 35 11 23 48 4 39 3 6 22 46 55 15 50 21 31 33 5 54 41 53 37 27 28 2 0
0 27 45 7 22 9 12 13 35 8 29 19 40 53 58 55 43 56 20 4 59 49 11 26 46 14 21 39 16 42 28 1 44 54 25 17 31 51 24 33 37 38 41 50 23 32 48 6 18 30 5 2 10 36 15 3 34 47 57 52 0
0 44 50 3 40 23 39 18 5 28 21 13 10 52 51 2 46 30 48 26 53 4 20 57 22 6 12 7 34 31 58 59 1 43 45 29 55 11 36 33 32 35 54 47 24 42 8 14 56 38 15 16 9 19 49 25 41 27 37 17 0
0 26 56 16 18 47 37 41 59 17 12 31 35 6 14 9 2 11 45 54 38 19 22 27 5 42 15 40 49 29 52 30 13 46 33 44 21 20 10 36 4 39 23 50 7 43 51 24 1 28 34 25 32 53 57 3 48 55 8 58 0
0 21 41 36 31 3 22 35 47 26 1 44 10 59 30 48 54 5 40 25 4 17 7 16 43 56 49 24 15 55 45 8 34 2 27 46 28 38 39 9 52 32 51 58 19 20 6 12 42 53 33 29 11 23 50 37 18 57 14 13 0
0 18 12 42 8 39 40 54 17 27 59 4 52 13 15 20 2 47 49 45 31 26 25 11 51 19 46 44 16 41 5 43 22 38 24 55 29 36 57 58 3 10 33 28 32 6 21 23 37 48 14 34 56 1 53 35 9 50 7 30 0
0 34 57 53 58 41 52 15 10 39 27 5 37 22 35 56 43 13 6 47 44 3 49 21 7 32 11 33 42 30 17 50 18 55 38 20 8 48 12 14 9 28 45 54 51 29 36 46 2 40 19 25 31 4 26 16 1 24 59 23 0
0 53 46 56 3 40 25 9 12 2 55 13 35 33 7 47 1 27 36 51 18 23 20 57 21 5 32 54 50 17 29 38 37 4 14 26 45 58 49 41 22 44 10 16 30 6 28 39 52 11 42 24 43 8 59 34 19 48 15 31 0
0 51 44 14 57 4 23 43 56 29 18 38 15 53 25 31 22 24 58 54 50 49 30 2 47 19 55 21 16 12 37 52 9 46 33 17 36 11 10 27 20 32 3 59 42 8 48 45 5 1 7 34 39 41 26 6 13 35 40 28 0
0 7 13 43 1 24 28 10 3 54 42 6 11 38 27 41 52 8 44 18 57 33 4 34 15 39 12 48 59 29 58 20 35 2 46 17 50 26 22 9 31 32 21 30 19 49 5 47 14 45 53 51 25 16 37 23 36 55 56 40 0
0 47 6 25 17 22 41 36 20 5 14 56 45 1 52 12 42 30 10 54 26 43 55 49 13 31 28 32 35 59 15 24 4 3 8 23 51 27 11 18 29 19 7 21 37 39 57 50 33 53 58 40 44 2 38 16 9 34 46 48 0
0 28 36 26 15 17 7 18 2 16 32 34 20 19 44 42 6 8 39 45 11 27 13 57 30 58 23 38 50 14 22 59 35 55 3 53 37 54 48 10 49 24 52 46 21 51 12 40 25 1 43 47 33 31 41 9 56 5 4 29 0
0 4 6 38 58 5 43 17 50 42 39 2 29 33 47 49 15 1 22 52 37 41 16 12 32 34 45 57 44 27 51 35 23 48 26 21 18 40 25 31 53 59 7 11 10 55 13 9 56 3 36 19 20 28 30 14 54 46 8 24 0
0 57 1 38 29 13 11 23 15 12 21 14 24 27 18 42 43 50 4 5 8 41 35 26 7 48 20 52 59 10 25 36 33 2 51 56 49 19 34 46 58 17 3 30 40 22 9 47 37 31 53 55 6 32 54 45 16 39 44 28 0
0 34 51 35 21 38 11 27 17 45 36 30 20 23 58 44 37 52 15 18 46 49 43 31 42 8 16 10 47 39 29 54 6 4 13 19 24 53 5 59 25 14 3 33 26 9 40 7 12 2 22 56 57 48 28 41 50 55 32 1 0
0 46 58 8 49 6 9 54 28 27 52 4 50 44 33 24 12 25 55 45 29 23 22 47 59 11 19 42 31 53 21 36 5 48 35 1 2 13 56 17 51 37 20 10 7 14 18 32 34 38 26 39 3 40 57 15 30 41 43 16 0
0 31 30 57 53 20 21 3 48 42 56 33 51 24 38 6 14 5 59 39 37 19 29 13 12 10 32 45 44 35 17 41 4 52 50 2 49 27 18 58 1 40 15 54 34 28 25 47 9 46 11 36 16 26 22 43 23 7 8 55 0
0 21 31 14 11 2 8 51 50 27 56 48 43 23 26 35 38 22 45 12 55 53 39 41 1 5 7 24 32 34 19 52 37 33 30 47 40 58 54 44 49 57 25 20 42 18 28 46 10 3 6 15 29 36 59 16 4 17 13 9 0
0 3 34 7 45 36 18 26 20 1 25 40 43 9 23 58 35 42 17 2 33 29 8 53 10 27 5 46 16 38 37 4 28 55 11 6 52 44 59 49 19 13 14 57 56 51 21 48 22 30 24 15 54 12 31 32 39 41 50 47 0
0 1 5 39 12 19 36 44 24 53 14 29 59 42 32 10 28 43 31 46 34 41 56 9 27 40 8 37 25 4 26 23 35 13 18 48 50 49 22 58 20 30 7 52 17 11 57 51 15 38 54 47 3 2 45 55 16 21 6 33 0
0 28 10 32 9 8 20 59 36 44 22 47 45 3 24 35 21 4 16 31 53 18 55 25 27 30 2 41 11 54 33 26 14 43 38 49 37 56 34 17 42 52 1 40 13 39 12 58 6 5 51 50 19 48 7 29 15 57 46 23 0
0 9 11 21 24 34 26 58 12 28 32 42 41 20 47 50 7 29 3 15 43 44 53 13 57 35 54 27 33 45 38 51 39 16 17 4 8 18 59 55 1 40 31 36 14 5 30 46 23 48 10 25 2 22 49 56 37 19 52 6 0
0 4 27 31 56 38 20 55 15 6 37 30 43 8 28 39 9 23 40 19 18 26 22 2 24 57 21 17 53 42 59 58 41 16 5 52 11 51 1 13 46 34 3 29 49 54 50 25 14 36 12 45 7 33 32 44 48 10 35 47 0
0 41 2 25 15 18 51 58 8 38 20 3 39 48 33 36 42 17 12 31 52 56 13 43 57 4 9 29 27 49 10 22 44 46 7 6 28 30 37 1 16 21 24 54 53 55 26 45 47 19 32 5 23 14 59 40 11 34 50 35 0
0 42 56 44 3 13 21 37 31 18 5 6 45 52 28 20 50 4 22 48 35 33 12 27 23 57 39 53 49 10 40 54 24 38 59 26 1 46 58 15 14 17 2 43 51 55 32 29 47 8 30 11 7 16 9 19 25 34 41 36 0
0 4 15 8 45 18 17 41 51 14 7 50 5 19 24 9 32 16 57 36 55 13 11 6 42 31 26 12 30 23 25 29 34 44 37 1 10 2 48 22 58 52 28 46 49 59 27 20 39 53 33 47 43 35 40 38 56 54 21 3 0
0 40 43 55 2 7 20 15 54 57 59 17 41 53 49 34 52 10 24 5 38 46 29 1 18 11 35 51 13 42 12 28 47 33 25 8 32 22 26 16 44 23 3 56 6 36 27 39 9 14 21 50 45 19 31 30 58 4 37 48 0
0 46 34 47 27 29 2 45 17 7 44 31 5 32 40 53 4 50 59 42 43 39 38 49 52 14 23 1 57 8 6 54 22 55 58 16 33 26 9 30 10 36 11 18 12 51 41 56 20 3 21 24 28 35 37 13 25 48 15 19 0
