# n n_solutions
60 1000
# n x n distance matrix
0 7560 2501 6053 8569 2701 5015 7665 5215 4110 1923 7632 5714 6484 3280 1746 3130 5238 7083 4327 6363 6432 10016 3478 4775 1555 4459 7877 3482 8381 3860 8348 3383 6444 921 3420 8810 8954 5656 3310 5458 824 5140 3352 3517 7539 6806 8011 989 9656 5047 4527 7324 4780 2549 5830 1252 3883 1897 2549
7560 0 9231 6910 6741 6389 2952 6746 7570 6319 6854 2109 5008 6503 8235 8980 8713 4825 1476 7877 7815 5907 2596 9296 6378 6021 3584 5977 4248 854 4981 4356 9211 1711 7803 7468 2024 2416 3820 8883 2332 6933 2942 4560 10564 7467 5842 8006 7494 2256 2545 6500 300 8953 7463 2473 8800 5261 8373 5887
2501 9231 0 5503 8338 5202 6363 7317 4310 6611 4418 8780 5980 6129 1902 943 1334 7679 9055 3214 5445 6315 11462 1280 4491 3736 5728 7826 5608 9982 6280 8876 1220 8421 3201 2630 10089 10140 6414 1392 6935 3301 7249 4675 1345 6905 6726 7244 1897 11107 6700 7025 9042 3087 4947 7083 2246 6338 860 5015
6053 6910 5503 0 2863 7582 4414 1824 1300 8704 7242 5316 1902 721 3612 6028 4229 8609 7653 2353 905 1220 8134 4609 1303 5640 4049 2505 6046 7299 7500 4186 4589 7218 6935 2906 6612 6447 3100 4257 4964 6226 6870 4080 6591 1486 1555 1972 5154 7843 5288 9135 6900 3088 8127 4504 6912 7762 5024 7003
8569 6741 8338 2863 0 9571 5303 1044 4148 10456 9415 4684 2996 2209 6462 8800 7085 9903 7917 5216 3264 2137 7000 7472 3901 7818 5280 848 7602 6791 9080 2601 7452 7685 9386 5714 5622 5302 3753 7119 5608 8572 7856 5859 9453 1780 1772 1941 7764 6802 6155 10846 6854 5887 10307 4920 9563 9381 7800 8947
2701 6389 5202 7582 9571 0 4751 8850 7106 1414 824 7200 6576 7800 5700 4410 5700 2729 5458 6466 8134 7547 8984 6118 6296 2000 4464 8766 2300 7242 1562 8590 6020 4875 2184 5556 8089 8348 6007 5894 4901 1923 3492 3712 6152 8981 7839 9526 3492 8640 4301 1843 6103 7158 1077 5522 3448 1421 4553 632
5015 2952 6363 4414 5303 4751 0 4882 4804 5331 4901 2624 2640 4215 5283 6220 5768 4601 3301 4972 5277 3712 5108 6351 3601 3613 640 4455 2500 3640 3891 3860 6268 2816 5481 4518 3807 3939 1562 5936 632 4560 2580 1720 7707 5366 3827 5948 4743 4750 894 5679 2823 6044 5707 824 6264 4204 5517 4130
7665 6746 7317 1824 1044 8850 4882 0 3104 9823 8631 4809 2334 1204 5433 7805 6053 9426 7783 4177 2247 1303 7382 6432 2927 7021 4742 984 7009 6926 8495 3036 6413 7473 8507 4701 5921 5656 3328 6081 5283 7725 7462 5161 8415 894 1063 1303 6824 7144 5768 10230 6815 4846 9525 4651 8614 8786 6802 8236
5215 7570 4310 1300 4148 7106 4804 3104 0 8348 6646 6216 2729 2012 2408 4924 3000 8523 8105 1100 1170 2420 9078 3337 1204 5108 4304 3800 5923 8065 7289 5375 3324 7600 6129 1838 7559 7443 3794 3006 5414 5531 7021 3984 5333 2600 2801 2942 4254 8765 5603 8792 7513 1802 7500 5099 5923 7517 3929 6580
4110 6319 6611 8704 10456 1414 5331 9823 8348 0 2200 7513 7500 8845 7083 5800 7106 1802 5141 7782 9323 8527 8881 7531 7451 3310 5197 9625 2865 7144 1456 9176 7433 4652 3522 6887 8202 8514 6759 7300 5316 3337 3400 4675 7523 10044 8780 10607 4903 8558 4684 447 6020 8523 1969 6008 4767 1140 5967 1788
1923 6854 4418 7242 9415 824 4901 8631 6646 2200 0 7454 6425 7528 5053 3601 4997 3534 6046 5920 7723 7334 9433 5385 5940 1612 4517 8637 2624 7707 2280 8657 5288 5437 1360 5000 8440 8668 6001 5186 5147 1208 4049 3613 5333 8682 7655 9208 2785 9082 4589 2607 6579 6536 894 5707 2624 2195 3807 1000
7632 2109 8780 5316 4684 7200 2624 4809 6216 7513 7454 0 3492 4785 7427 8746 7990 6332 3465 6767 6209 4177 2865 8556 5110 6236 3178 3962 4901 2121 6067 2247 8485 3440 8104 6585 1360 1360 2500 8132 2308 7184 4205 4295 10121 5600 4019 6103 7294 2549 2900 7787 2280 7823 8215 1802 8876 6378 7963 6606
5714 5008 5980 1902 2996 6576 2640 2334 2729 7500 6425 3492 0 1581 4304 6236 4924 7106 5787 3394 2807 1081 6350 5437 1697 4838 2420 2213 4675 5412 6161 2906 5384 5385 6477 3448 4830 4716 1204 5024 3132 5629 5197 2865 7249 2729 1280 3312 5008 6041 3534 7902 5000 4404 7316 2617 6802 6453 5288 5953
6484 6503 6129 721 2209 7800 4215 1204 2012 8845 7528 4785 1581 0 4257 6603 4883 8602 7354 3036 1476 608 7558 5288 1726 5916 3944 1788 6095 6826 7574 3500 5263 6964 7338 3505 6044 5852 2765 4924 4712 6579 6753 4172 7256 1204 860 1780 5629 7280 5107 9265 6519 3807 8421 4177 7414 7851 5600 7200
3280 8235 1902 3612 6462 5700 5283 5433 2408 7083 5053 7427 4304 4257 0 2563 632 7741 8348 1315 3551 4492 10230 1140 2692 3807 4652 5990 5303 8904 6363 7206 1081 7749 4186 860 8778 8768 4951 721 5904 3847 6789 3794 3008 5003 4904 5346 2302 9885 5830 7527 8095 1500 5798 5882 3689 6511 1612 5316
1746 8980 943 6028 8800 4410 6220 7805 4924 5800 3601 8746 6236 6603 2563 0 2109 6984 8660 3860 6087 6711 11322 2193 4901 3176 5603 8221 5110 9766 5604 9080 2121 8021 2319 3125 10012 10101 6500 2220 6747 2570 6774 4500 1772 7481 7117 7864 1486 10963 6435 6200 8769 3911 4060 6989 1303 5629 1004 4295
3130 8713 1334 4229 7085 5700 5768 6053 3000 7106 4997 7990 4924 4883 632 2109 0 7902 8746 1900 4119 5124 10771 583 3324 3911 5131 6621 5557 9404 6506 7828 500 8134 3996 1476 9334 9338 5531 200 6381 3794 7106 4204 2376 5600 5536 5921 2213 10423 6260 7543 8558 1802 5679 6403 3330 6627 1280 5375
5238 4825 7679 8609 9903 2729 4601 9426 8523 1802 3534 6332 7106 8602 7741 6984 7902 0 3505 8174 9347 8183 7302 8400 7467 4001 4686 9055 2600 5603 1403 8249 8300 3114 4884 7354 6806 7158 6152 8102 4382 4414 2147 4561 8755 9800 8363 10381 5821 7000 3780 1802 4527 9060 3623 5103 6146 1360 6925 2692
7083 1476 9055 7653 7917 5458 3301 7783 8105 5141 6046 3465 5787 7354 8348 8660 8746 3505 0 8220 8537 6791 3800 9323 6902 5531 3832 7111 3606 2137 3939 5685 9230 640 7158 7665 3492 3891 4589 8931 2701 6363 2000 4554 10346 8420 6800 8984 7211 3505 2549 5261 1220 9275 6529 3178 8272 4178 8198 5047
4327 7877 3214 2353 5216 6466 4972 4177 1100 7782 5920 6767 3394 3036 1315 3860 1900 8174 8220 0 2236 3354 9625 2256 1697 4477 4393 4810 5608 8458 6862 6220 2236 7665 5248 921 8127 8060 4272 1910 5604 4749 6902 3801 4242 3700 3757 4031 3342 9296 5671 8229 7779 1077 6733 5423 4919 7057 2879 5994
6363 7815 5445 905 3264 8134 5277 2247 1170 9323 7723 6209 2807 1476 3551 6087 4119 9347 8537 2236 0 2061 9013 4401 1886 6152 4876 3114 6760 8203 8182 4964 4400 8089 7271 3008 7494 7316 4001 4104 5842 6640 7684 4788 6403 1552 2332 1802 5412 8728 6139 9761 7802 2668 8591 5400 7093 8431 5096 7582
6432 5907 6315 1220 2137 7547 3712 1303 2420 8527 7334 4177 1081 608 4492 6711 5124 8183 6791 3354 2061 0 6957 5571 1824 5727 3500 1513 5728 6220 7213 2973 5536 6418 7253 3687 5440 5255 2213 5186 4178 6451 6276 3860 7500 1655 412 2236 5632 6676 4606 8937 5930 4220 8228 3613 7433 7500 5721 6933
10016 2596 11462 8134 7000 8984 5108 7382 9078 8881 9433 2865 6350 7558 10230 11322 10771 7302 3800 9625 9013 6957 0 11345 7975 8508 5738 6438 6815 1746 7570 4404 11269 4229 10331 9402 1523 1726 5353 10922 4580 9441 5531 6824 12807 8237 6744 8683 9840 360 4973 9035 2886 10685 10057 4384 11267 7844 10621 8475
3478 9296 1280 4609 7472 6118 6351 6432 3337 7531 5385 8556 5437 5288 1140 2193 583 8400 9323 2256 4401 5571 11345 0 3801 4400 5714 7051 6100 9986 7000 8335 100 8709 4295 2000 9903 9900 6087 424 6964 4197 7665 4785 2002 5921 5980 6200 2630 10998 6842 7961 9141 1868 6016 6981 3482 7106 1581 5830
4775 6378 4491 1303 3901 6296 3601 2927 1204 7451 5940 5110 1697 1726 2692 4901 3324 7467 6902 1697 1886 1824 7975 3801 0 4341 3114 3337 4876 6894 6296 4548 3757 6403 5646 1868 6466 6382 2640 3401 4210 4924 5869 2906 5692 2773 2236 3275 3905 7653 4410 7887 6315 2720 6824 3905 5688 6545 3905 5728
1555 6021 3736 5640 7818 2000 3613 7021 5108 3310 1612 6236 4838 5916 3807 3176 3911 4001 5531 4477 6152 5727 8508 4400 4341 0 3125 7051 1941 6850 2600 7202 4300 4891 1868 3577 7353 7527 4509 4110 3992 948 3605 2102 4924 7072 6053 7602 1843 8149 3535 3757 5780 5220 2505 4437 2780 2716 2942 1523
4459 3584 5728 4049 5280 4464 640 4742 4304 5197 4517 3178 2420 3944 4652 5603 5131 4686 3832 4393 4876 3500 5738 5714 3114 3125 0 4440 2332 4280 3801 4143 5630 3301 4981 3900 4410 4517 1565 5300 1252 4060 2823 1118 7072 5131 3679 5714 4134 5381 1300 5575 3443 5457 5360 1389 5700 4104 4883 3832
7877 5977 7826 2505 848 8766 4455 984 3800 9625 8637 3962 2213 1788 5990 8221 6621 9055 7111 4810 3114 1513 6438 7051 3337 7051 4440 0 6767 6082 8241 2061 7021 6860 8668 5197 5000 4716 2906 6676 4763 7833 7009 5056 8997 1878 1104 2256 7111 6212 5307 10011 6074 5593 9527 4080 8913 8544 7233 8139
3482 4248 5608 6046 7602 2300 2500 7009 5923 2865 2624 4901 4675 6095 5303 5110 5557 2600 3606 5608 6760 5728 6815 6100 4876 1941 2332 6767 0 5099 1486 6360 6001 2969 3580 4825 5824 6067 3894 5755 2601 2758 1664 1972 6842 7299 5954 7874 3716 6462 2002 3244 3982 6536 3323 3238 4666 1780 4775 1711
8381 854 9982 7299 6791 7242 3640 6926 8065 7144 7707 2121 5412 6826 8904 9766 9404 5603 2137 8458 8203 6220 1746 9986 6894 6850 4280 6082 5099 0 5824 4272 9904 2501 8645 8112 1486 1910 4272 9569 3047 7769 3785 5307 11320 7702 6100 8215 8280 1414 3342 7310 1140 9534 8316 3041 9626 6100 9127 6741
3860 4981 6280 7500 9080 1562 3891 8495 7289 1456 2280 6067 6161 7574 6363 5604 6506 1403 3939 6862 8182 7213 7570 7000 6296 2600 3801 8241 1486 5824 0 7725 6900 3383 3584 6016 6802 7100 5353 6706 3860 3036 2039 3420 7376 8778 7440 9350 4418 7235 3228 1788 4686 7712 2607 4554 4829 316 5522 1341
8348 4356 8876 4186 2601 8590 3860 3036 5375 9176 8657 2247 2906 3500 7206 9080 7828 8249 5685 6220 4964 2973 4404 8335 4548 7202 4143 2061 6360 4272 7725 0 8285 5586 9004 6352 3026 2701 2701 7925 3891 8100 6105 5100 10155 3921 2640 4317 7766 4201 4518 9507 4522 7158 9503 3178 9518 8041 8159 7962
3383 9211 1220 4589 7452 6020 6268 6413 3324 7433 5288 8485 5384 5263 1081 2121 500 8300 9230 2236 4400 5536 11269 100 3757 4300 5630 7021 6001 9904 6900 8285 0 8616 4204 1941 9831 9831 6020 360 6879 4100 7569 4695 2009 5913 5946 6200 2531 10922 6753 7863 9055 1897 5923 6902 3405 7006 1486 5731
6444 1711 8421 7218 7685 4875 2816 7473 7600 4652 5437 3440 5385 6964 7749 8021 8134 3114 640 7665 8089 6418 4229 8709 6403 4891 3301 6860 2969 2501 3383 5586 8616 0 6529 7083 3710 4080 4205 8321 2256 5727 1389 3956 9709 8065 6462 8637 6573 3911 2002 4809 1414 8713 5950 2823 7635 3640 7566 4441
921 7803 3201 6935 9386 2184 5481 8507 6129 3522 1360 8104 6477 7338 4186 2319 3996 4884 7158 5248 7271 7253 10331 4295 5646 1868 4981 8668 3580 8645 3584 9004 4204 6529 0 4341 9211 9392 6303 4167 5852 921 5166 3920 4004 8417 7615 8900 1910 9972 5371 3905 7547 5685 1746 6305 1264 3534 2729 2247
3420 7468 2630 2906 5714 5556 4518 4701 1838 6887 5000 6585 3448 3505 860 3125 1476 7354 7665 921 3008 3687 9402 2000 1868 3577 3900 5197 4825 8112 6016 6352 1941 7083 4341 0 7939 7920 4101 1581 5147 3828 6212 3140 3827 4356 4099 4753 2441 9060 5124 7334 7340 1711 5812 5077 4085 6198 2121 5099
8810 2024 10089 6612 5622 8089 3807 5921 7559 8202 8440 1360 4830 6044 8778 10012 9334 6806 3492 8127 7494 5440 1523 9903 6466 7353 4410 5000 5824 1486 6802 3026 9831 3710 9211 7939 0 424 3860 9479 3361 8300 4804 5522 11433 6760 5239 7224 8544 1236 3860 8421 2308 9180 9141 3023 10062 7100 9261 7531
8954 2416 10140 6447 5302 8348 3939 5656 7443 8514 8668 1360 4716 5852 8768 10101 9338 7158 3891 8060 7316 5255 1726 9900 6382 7527 4517 4716 6067 1910 7100 2701 9831 4080 9392 7920 424 0 3820 9476 3544 8475 5124 5635 11480 6511 5028 6958 8645 1500 4079 8746 2692 9102 9390 3130 10203 7402 9323 7778
5656 3820 6414 3100 3753 6007 1562 3328 3794 6759 6001 2500 1204 2765 4951 6500 5531 6152 4589 4272 4001 2213 5353 6087 2640 4509 1565 2906 3894 4272 5353 2701 6020 4205 6303 4101 3860 3820 0 5663 1969 5400 4140 2408 7738 3862 2282 4438 5124 5024 2441 7134 3801 5333 6865 1414 6844 5660 5635 5375
3310 8883 1392 4257 7119 5894 5936 6081 3006 7300 5186 8132 5024 4924 721 2220 200 8102 8931 1910 4104 5186 10922 424 3401 4110 5300 6676 5755 9569 6706 7925 360 8321 4167 1581 9479 9476 5663 0 6551 3984 7300 4386 2334 5603 5597 5906 2404 10575 6440 7736 8732 1700 5859 6560 3465 6826 1442 5573
5458 2332 6935 4964 5608 4901 632 5283 5414 5316 5147 2308 3132 4712 5904 6747 6381 4382 2701 5604 5842 4178 4580 6964 4210 3992 1252 4763 2601 3047 3860 3891 6879 2256 5852 5147 3361 3544 1969 6551 0 4939 2267 2262 8275 5830 4248 6407 5263 4220 632 5629 2193 6676 5907 721 6710 4176 6082 4301
824 6933 3301 6226 8572 1923 4560 7725 5531 3337 1208 7184 5629 6579 3847 2570 3794 4414 6363 4749 6640 6451 9441 4197 4924 948 4060 7833 2758 7769 3036 8100 4100 5727 921 3828 8300 8475 5400 3984 4939 0 4393 3006 4341 7694 6800 8198 1581 9082 4472 3765 6685 5333 1984 5384 1910 3059 2630 1726
5140 2942 7249 6870 7856 3492 2580 7462 7021 3400 4049 4205 5197 6753 6789 6774 7106 2147 2000 6902 7684 6276 5531 7665 5869 3605 2823 7009 1664 3785 2039 6105 7569 1389 5166 6212 4804 5124 4140 7300 2267 4393 0 3101 8500 7925 6407 8508 5366 5196 1702 3622 2647 7902 4569 2983 6303 2319 6407 3052
3352 4560 4675 4080 5859 3712 1720 5161 3984 4675 3613 4295 2865 4172 3794 4500 4204 4561 4554 3801 4788 3860 6824 4785 2906 2102 1118 5056 1972 5307 3420 5100 4695 3956 3920 3140 5522 5635 2408 4386 2262 3006 3101 0 6013 5374 4134 5941 3023 6466 2059 5093 4382 4809 4492 2505 4588 3687 3820 3088
3517 10564 1345 6591 9453 6152 7707 8415 5333 7523 5333 10121 7249 7256 3008 1772 2376 8755 10346 4242 6403 7500 12807 2002 5692 4924 7072 8997 6842 11321 7376 10155 2009 9709 4004 3827 11433 11480 7738 2334 8275 4341 8500 6013 0 7922 7912 8200 3138 12452 8028 7909 10371 3820 5703 8428 2807 7397 2193 6063
7539 7467 6905 1486 1780 8981 5366 894 2600 10044 8682 5600 2729 1204 5003 7481 5600 9800 8420 3700 1552 1655 8237 5921 2773 7072 5131 1878 7299 7702 8778 3921 5913 8065 8417 4356 6760 6511 3862 5603 5830 7694 7925 5374 7922 0 1627 583 6640 7990 6260 10466 7512 4220 9571 5249 8393 9055 6477 8386
6806 5842 6726 1555 1772 7839 3827 1063 2801 8780 7655 4019 1280 860 4904 7117 5536 8363 6800 3757 2332 412 6744 5980 2236 6053 3679 1104 5954 6100 7440 2640 5946 6462 7615 4099 5239 5028 2282 5597 4248 6800 6407 4134 7912 1627 0 2184 6020 6475 4716 9182 5885 4603 8549 3640 7822 7733 6129 7220
8011 8006 7244 1972 1941 9526 5948 1303 2942 10607 9208 6103 3312 1780 5346 7864 5921 10381 8984 4031 1802 2236 8683 6200 3275 7602 5714 2256 7874 8215 9350 4317 6200 8637 8900 4753 7224 6958 4438 5906 6407 8198 8508 5941 8200 583 2184 0 7093 8447 6842 11030 8060 4428 10095 5818 8823 9626 6865 8937
989 7494 1897 5154 7764 3492 4743 6824 4254 4903 2785 7294 5008 5629 2302 1486 2213 5821 7211 3342 5412 5632 9840 2630 3905 1843 4134 7111 3716 8280 4418 7766 2531 6573 1910 2441 8544 8645 5124 2404 5263 1581 5366 3023 3138 6640 6020 7093 0 9481 4949 5335 7286 3801 3498 5522 1802 4501 1104 3206
9656 2256 11107 7843 6802 8640 4750 7144 8765 8558 9082 2549 6041 7280 9885 10963 10423 7000 3505 9296 8728 6676 360 10998 7653 8149 5381 6212 6462 1414 7236 4201 10922 3911 9972 9060 1236 1500 5024 10575 4220 9082 5196 6466 12452 7990 6475 8447 9481 0 4614 8720 2549 10357 9712 4031 10907 7513 10264 8127
5047 2545 6700 5288 6155 4301 894 5768 5603 4684 4589 2900 3534 5107 5830 6435 6260 3780 2549 5671 6139 4606 4973 6842 4410 3535 1300 5307 2002 3342 3228 4518 6753 2002 5371 5124 3860 4079 2441 6440 632 4472 1702 2059 8028 6260 4716 6842 4949 4614 0 4997 2343 6726 5323 1341 6296 3544 5841 3712
4527 6500 7025 9135 10846 1843 5679 10230 8792 447 2607 7787 7902 9265 7527 6200 7543 1802 5261 8229 9761 8937 9035 7961 7887 3757 5575 10011 3244 7310 1788 9507 7863 4809 3905 7334 8421 8746 7134 7736 5629 3765 3622 5093 7909 10466 9182 11030 5335 8720 4997 0 6200 8969 2280 6332 5135 1476 6395 2235
7324 300 9042 6900 6854 6103 2823 6815 7513 6020 6579 2280 5000 6519 8095 8769 8558 4527 1220 7779 7802 5930 2886 9141 6315 5780 3443 6074 3982 1140 4686 4522 9055 1414 7547 7340 2308 2692 3801 8732 2193 6685 2647 4382 10371 7512 5885 8060 7286 2549 2343 6200 0 8854 7178 2418 8560 4964 8183 5608
4780 8953 3087 3088 5887 7158 6044 4846 1802 8523 6536 7823 4404 3807 1500 3911 1802 9060 9275 1077 2668 4220 10685 1868 2720 5220 5457 5593 6536 9534 7712 7158 1897 8713 5685 1711 9180 9102 5333 1700 6676 5333 7902 4809 3820 4220 4603 4428 3801 10357 6726 8969 8854 0 7294 6500 5122 7884 3047 6741
2549 7463 4947 8127 10307 1077 5707 9525 7500 1969 894 8215 7316 8421 5798 4060 5679 3623 6529 6733 8591 8228 10057 6016 6824 2505 5360 9527 3323 8316 2607 9503 5923 5950 1746 5812 9141 9390 6865 5859 5907 1984 4569 4492 5703 9571 8549 10095 3498 9712 5323 2280 7178 7294 0 6500 2900 2420 4438 1612
5830 2473 7083 4504 4920 5522 824 4651 5099 6008 5707 1802 2617 4177 5882 6989 6403 5103 3178 5423 5400 3613 4384 6981 3905 4437 1389 4080 3238 3041 4554 3178 6902 2823 6305 5077 3023 3130 1414 6560 721 5384 2983 2505 8428 5249 3640 5818 5522 4031 1341 6332 2418 6500 6500 0 7077 4870 6248 4909
1252 8800 2246 6912 9563 3448 6264 8614 5923 4767 2624 8876 6802 7414 3689 1303 3330 6146 8272 4919 7093 7433 11267 3482 5688 2780 5700 8913 4666 9626 4829 9518 3405 7635 1264 4085 10062 10203 6844 3465 6710 1910 6303 4588 2807 8393 7822 8823 1802 10907 6296 5135 8560 5122 2900 7077 0 4792 2080 3488
3883 5261 6338 7762 9381 1421 4204 8786 7517 1140 2195 6378 6453 7851 6511 5629 6627 1360 4178 7057 8431 7500 7844 7106 6545 2716 4104 8544 1780 6100 316 8041 7006 3640 3534 6198 7100 7402 5660 6826 4176 3059 2319 3687 7397 9055 7733 9626 4501 7513 3544 1476 4964 7884 2420 4870 4792 0 5603 1334
1897 8373 860 5024 7800 4553 5517 6802 3929 5967 3807 7963 5288 5600 1612 1004 1280 6925 8198 2879 5096 5721 10621 1581 3905 2942 4883 7233 4775 9127 5522 8159 1486 7566 2729 2121 9261 9323 5635 1442 6082 2630 6407 3820 2193 6477 6129 6865 1104 10264 5841 6395 8183 3047 4438 6248 2080 5603 0 4301
2549 5887 5015 7003 8947 632 4130 8236 6580 1788 1000 6606 5953 7200 5316 4295 5375 2692 5047 5994 7582 6933 8475 5830 5728 1523 3832 8139 1711 6741 1341 7962 5731 4441 2247 5099 7531 7778 5375 5573 4301 1726 3052 3088 6063 8386 7220 8937 3206 8127 3712 2235 5608 6741 1612 4909 3488 1334 4301 0
# set of given starting solutions
0 20 23 21 8 40 22 27 7 4 15 3 31 1 51 34 37 58 33 16 42 26 43 6 57 49 2 12 44 19 46 10 52 50 38 59 28 45 11 5 41 24 14 18 53 29 25 55 30 39 32 48 54 47 56 36 17 35 9 13 0
0 29 17 37 30 13 34 16 7 48 22 2 15 27 23 36 12 57 3 33 18 38 41 26 31 1 44 20 11 28 32 40 50 5 51 14 24 4 59 8 53 54 52 42 56 6 58 21 9 35 19 49 45 43 39 10 46 25 55 47 0
0 54 41 57 37 44 13 10 32 27 58 46 6 20 23 51 45 39 19 34 3 22 53 24 55 49 43 16 11 48 47 4 14 5 2 21 1 25 52 8 9 36 59 38 42 7 28 29 50 26 56 35 18 33 30 40 12 15 17 31 0
0 18 26 1 39 11 46 28 40 9 54 24 23 6 12 29 36 38 20 47 51 16 27 17 37 5 59 4 42 8 32 22 55 21 57 53 25 56 45 3 10 14 44 35 58 30 33 41 15 34 31 43 48 52 7 13 19 49 50 2 0
0 7 52 12 47 51 30 56 21 29 6 15 38 49 42 18 53 10 13 16 24 25 2 33 8 11 32 17 31 23 40 55 35 5 48 27 22 43 41 54 1 39 34 19 20 28 50 46 14 44 3 26 37 4 9 45 36 59 57 58 0
0 18 33 36 54 1 7 10 37 40 15 53 50 59 49 21 5 46 16 17 29 52 26 34 57 58 11 20 39 44 8 42 24 31 9 47 3 2 6 27 30 35 55 22 48 41 12 25 4 19 32 13 14 38 43 56 23 28 45 51 0
0 43 12 40 42 14 1 38 44 50 39 13 23 5 3 9 29 34 37 24 17 51 15 53 49 25 10 22 30 54 20 35 46 45 48 57 11 47 4 36 58 18 31 26 16 6 21 2 8 41 19 52 27 33 56 59 7 28 55 32 0
0 41 22 20 7 43 26 9 1 15 51 21 23 3 49 37 57 31 48 35 10 44 5 34 55 45 24 56 4 47 33 40 46 50 52 16 11 58 42 12 8 2 54 14 28 25 53 32 27 17 30 38 36 13 6 59 29 18 19 39 0
0 12 44 33 48 58 31 39 8 10 45 7 27 14 56 18 24 2 55 42 30 35 28 49 54 20 29 5 13 40 43 11 51 41 34 1 4 32 25 19 6 46 38 37 3 36 17 50 57 9 23 26 53 59 52 47 21 16 15 22 0
0 6 40 30 20 3 12 51 9 32 24 57 44 35 8 18 41 29 5 45 38 22 23 48 13 43 36 53 58 4 15 19 52 49 59 47 27 17 16 33 26 34 10 7 2 25 11 42 21 28 55 31 37 46 50 39 14 54 56 1 0
0 44 17 9 27 14 28 50 6 5 54 4 24 25 48 59 23 40 29 34 20 16 2 30 26 3 56 13 45 32 18 41 15 31 49 47 12 46 11 55 19 35 52 10 38 21 42 53 33 51 57 43 22 36 37 58 8 7 1 39 0
0 24 20 45 59 22 5 13 55 35 42 3 32 49 52 1 38 33 53 43 2 58 11 40 16 19 12 7 25 26 31 39 28 15 37 17 6 14 41 29 48 51 21 36 50 23 27 57 30 8 46 54 10 56 47 18 34 44 4 9 0
0 5 59 40 30 11 2 35 28 45 33 24 4 25 23 32 58 39 44 14 20 42 26 19 43 34 1 51 18 6 17 12 27 10 54 13 9 16 47 56 57 55 52 21 41 53 48 46 29 36 49 22 50 3 31 8 38 7 37 15 0
0 29 17 44 22 4 2 30 31 41 43 58 52 23 1 11 9 47 16 15 33 14 55 48 46 35 38 49 57 59 39 32 40 34 28 50 37 8 12 53 13 21 20 27 3 10 36 24 56 42 26 7 18 6 54 19 5 45 51 25 0
0 42 57 25 13 20 7 26 44 22 56 39 19 59 48 11 50 23 27 21 10 16 4 3 47 51 53 49 1 32 8 28 17 58 30 14 15 37 18 9 54 55 12 6 31 35 41 29 24 34 52 45 38 36 43 5 40 2 46 33 0
0 30 28 36 8 41 23 9 45 27 20 26 47 11 35 49 6 5 34 59 22 17 1 16 21 25 50 2 58 19 51 53 44 52 15 10 55 37 38 57 32 48 7 12 31 46 43 18 54 42 13 40 14 3 4 56 24 39 29 33 0
0 20 19 46 5 50 58 28 42 55 18 48 2 33 27 43 11 12 52 34 36 24 41 16 45 56 49 17 15 4 51 57 1 3 26 10 14 39 40 9 47 22 29 7 25 44 53 23 21 35 59 37 8 38 6 30 54 13 31 32 0
0 41 19 54 1 35 27 3 20 10 47 24 2 9 44 59 37 57 29 30 45 16 21 40 38 50 8 39 14 15 26 58 31 43 42 18 17 12 4 33 36 49 25 22 23 34 13 52 6 32 28 53 56 46 55 11 7 5 48 51 0
0 22 42 46 34 12 57 49 37 10 33 26 56 20 35 21 41 44 6 5 23 29 3 38 52 4 40 31 13 9 8 54 27 19 39 36 58 25 30 45 47 53 55 14 16 50 51 59 24 15 1 48 18 11 17 2 28 7 32 43 0
0 26 40 49 21 56 34 15 3 22 41 7 55 24 23 38 44 51 36 31 28 17 57 45 50 16 4 39 9 10 53 48 47 59 19 2 13 8 54 58 1 12 46 11 5 43 35 52 25 29 33 6 18 14 20 37 32 30 27 42 0
0 51 55 26 18 29 46 3 23 24 40 41 48 34 11 7 52 9 42 50 57 13 12 35 5 44 37 8 14 28 30 43 6 32 22 25 16 20 53 21 36 49 39 31 15 2 1 54 4 38 47 10 17 27 19 33 58 45 59 56 0
0 12 52 59 55 34 8 9 47 50 48 23 7 20 27 6 3 53 30 57 22 4 10 56 32 38 39 42 29 37 28 51 26 19 45 2 18 33 41 44 35 43 46 14 1 24 31 21 25 40 13 11 17 49 36 54 58 16 5 15 0
0 43 11 58 22 56 39 20 47 4 16 3 24 30 26 12 5 35 40 14 28 53 2 31 1 34 49 55 46 21 45 7 54 48 44 33 25 29 18 37 19 8 42 38 52 10 17 9 50 59 57 6 23 27 32 13 36 41 15 51 0
0 3 41 35 22 25 18 34 4 20 21 57 36 2 1 38 27 40 30 8 5 52 55 26 59 23 11 29 43 32 13 45 6 31 47 51 48 53 10 49 37 7 9 17 44 54 19 12 42 28 56 58 33 14 46 39 50 15 16 24 0
0 13 35 47 16 43 5 34 44 29 6 39 56 52 51 37 36 41 40 32 12 54 22 11 49 3 59 23 19 25 8 53 18 10 20 24 9 1 7 28 21 17 55 48 33 50 4 57 14 2 31 27 45 46 15 30 42 26 58 38 0
0 9 33 52 31 20 17 21 16 14 29 55 13 40 32 49 59 25 22 48 28 4 51 44 26 56 7 27 42 38 15 46 10 37 19 54 23 57 45 30 35 8 36 34 50 3 18 41 1 43 12 58 24 47 39 6 53 5 2 11 0
0 31 20 10 5 27 47 14 4 15 34 55 13 54 35 44 51 52 30 21 24 57 56 59 8 16 3 39 12 45 48 42 25 37 33 38 11 26 17 19 43 49 6 1 50 58 23 46 22 36 9 29 32 7 18 40 2 53 28 41 0
0 15 31 56 59 42 5 27 58 29 3 43 47 54 38 44 10 13 18 17 16 24 23 39 4 11 32 53 34 8 7 57 35 2 46 9 1 55 48 52 21 50 41 28 45 26 6 25 19 12 14 33 49 36 51 20 40 22 37 30 0
0 4 3 42 12 21 14 53 13 41 39 29 8 38 57 44 28 52 17 56 36 55 19 10 46 5 30 33 58 26 1 16 54 31 50 32 40 7 11 43 25 34 18 22 6 20 37 15 27 24 49 2 48 9 59 51 23 35 47 45 0
0 9 8 25 20 45 39 51 1 3 7 58 22 57 43 52 59 18 53 10 34 5 42 21 16 36 47 27 23 15 2 13 24 37 6 31 50 55 38 46 35 4 26 40 11 17 48 19 30 29 14 56 12 41 44 54 49 28 33 32 0
0 27 35 23 4 54 7 38 56 31 59 24 8 46 36 12 3 37 42 6 52 10 18 44 32 55 43 17 41 45 34 9 20 40 58 2 39 14 16 1 57 33 53 30 29 11 5 49 15 19 48 21 51 25 26 47 50 28 13 22 0
0 9 49 35 17 55 58 13 31 18 53 36 38 57 15 16 42 14 28 43 19 6 10 12 47 50 51 1 44 48 40 20 41 3 8 32 45 59 52 34 30 25 33 7 24 4 37 46 2 22 26 56 27 5 21 23 54 11 39 29 0
0 10 2 13 45 36 17 16 32 34 11 6 23 31 5 50 20 48 43 54 33 42 38 56 40 27 1 12 59 46 25 22 9 49 44 55 52 21 53 7 51 39 26 15 57 14 28 18 3 41 58 19 30 35 8 4 24 29 37 47 0
0 35 12 43 47 27 48 54 53 22 40 57 13 23 30 32 45 14 24 9 3 20 41 5 36 15 58 49 25 28 11 44 19 6 50 7 17 46 26 42 34 56 38 10 1 52 39 33 2 18 37 31 16 51 59 4 8 55 29 21 0
0 42 14 12 29 54 15 13 52 9 34 56 48 11 53 38 20 31 16 30 21 43 35 24 45 5 2 19 26 32 28 46 51 39 49 40 59 44 22 41 3 10 47 55 57 25 23 36 17 4 1 33 6 37 18 7 58 8 27 50 0
0 53 1 45 43 14 23 35 9 2 47 51 58 29 33 38 8 28 3 32 25 50 26 10 42 20 13 30 54 5 55 48 18 59 44 17 49 57 21 19 12 31 7 6 46 24 11 27 56 16 4 52 15 37 39 36 41 34 22 40 0
0 56 35 21 16 44 59 42 27 40 18 51 29 9 55 30 25 43 39 47 23 1 15 57 3 54 10 58 52 26 19 31 41 49 28 2 6 33 46 37 45 32 11 38 17 36 4 7 53 48 50 12 24 8 22 5 20 14 34 13 0
0 57 42 23 58 15 21 51 13 17 40 31 16 37 2 36 49 3 5 30 20 59 41 44 33 1 48 14 27 55 53 43 8 10 35 47 26 29 18 24 28 19 12 25 52 54 38 4 46 9 50 34 6 56 39 32 22 7 11 45 0
0 45 1 4 10 27 23 5 24 39 35 57 46 17 26 6 25 13 33 16 53 20 58 43 59 29 34 48 44 30 40 49 3 41 9 47 11 51 31 12 54 22 52 21 38 19 56 15 28 8 37 18 2 50 32 36 7 55 42 14 0
0 5 24 28 40 17 48 2 52 36 32 18 53 14 27 9 16 8 12 59 4 22 51 21 11 54 50 55 56 58 39 7 45 6 49 29 57 10 37 35 34 20 26 15 47 31 25 3 38 30 1 13 19 43 23 46 44 42 41 33 0
0 17 48 47 14 27 1 42 12 39 5 51 10 31 3 18 13 33 58 56 41 34 19 40 49 57 6 46 8 52 37 23 30 11 15 2 54 25 29 53 28 4 36 21 50 9 43 59 38 7 16 45 32 24 20 55 26 35 22 44 0
0 48 11 13 20 41 33 44 5 9 10 35 38 6 43 56 52 8 14 32 3 26 54 58 36 53 24 22 27 45 23 39 1 12 15 40 25 47 2 46 18 59 21 7 57 49 55 34 4 50 42 19 16 29 37 51 17 31 28 30 0
0 26 38 50 53 39 42 10 8 22 31 23 54 11 21 32 58 30 55 49 13 44 5 19 17 36 18 2 27 57 40 41 43 20 3 28 56 35 25 4 45 7 59 34 15 29 47 12 16 24 48 37 1 9 33 52 46 14 51 6 0
0 22 59 55 21 49 25 16 29 46 18 19 45 39 58 17 57 9 35 31 32 34 10 8 42 5 27 33 50 30 1 12 51 37 15 53 48 26 41 54 14 4 36 40 44 56 24 47 23 6 3 28 7 52 43 38 11 13 2 20 0
0 27 48 43 5 12 25 55 50 38 58 42 17 56 36 8 29 24 7 37 59 54 32 33 11 10 4 31 9 3 53 47 1 16 2 44 6 18 23 19 51 13 57 49 39 15 35 40 14 21 41 20 34 52 30 46 28 22 45 26 0
0 24 37 50 40 33 14 41 22 32 8 10 39 54 51 1 29 34 11 59 13 31 5 16 18 17 15 12 57 2 46 47 38 43 19 56 7 6 26 27 3 28 23 53 49 58 52 4 48 21 9 30 42 55 44 35 20 45 25 36 0
0 24 16 20 41 57 44 30 26 29 31 43 6 22 15 47 27 58 14 33 42 46 53 23 10 34 12 7 13 36 38 19 1 45 8 48 39 40 11 37 3 56 51 9 52 2 25 21 50 32 35 55 4 5 59 54 49 17 28 18 0
0 28 14 59 48 6 46 7 22 52 27 47 25 57 1 29 33 24 37 2 44 35 8 56 4 17 21 39 19 20 31 26 49 15 10 9 51 30 13 23 45 40 11 36 50 3 32 5 54 38 16 34 55 42 41 53 12 18 43 58 0
0 25 37 32 40 44 45 33 8 28 2 56 7 54 52 4 6 50 21 22 51 9 12 49 26 48 3 30 46 24 17 27 31 13 41 53 34 47 42 11 5 1 35 18 16 14 29 58 43 10 38 20 36 55 57 39 19 15 23 59 0
0 59 1 3 36 43 22 44 6 50 17 24 55 54 26 18 45 31 9 20 49 25 21 42 28 29 30 10 11 33 7 35 46 5 32 53 2 52 57 39 8 16 37 23 38 56 51 4 12 27 41 15 58 19 48 47 14 40 34 13 0
0 39 1 33 19 10 15 26 41 4 34 14 20 40 6 21 56 52 36 50 5 25 22 23 32 57 29 16 13 2 7 17 45 24 11 51 48 30 49 28 53 38 58 3 46 47 27 8 55 43 54 9 44 31 18 37 42 12 35 59 0
0 56 14 39 13 20 52 24 18 10 11 43 31 9 22 44 6 29 5 12 50 27 21 36 3 2 17 40 37 42 15 33 41 58 26 38 53 59 19 51 54 57 47 32 46 48 7 35 28 25 45 34 1 55 49 4 8 30 23 16 0
0 1 40 18 58 50 46 28 3 8 17 7 41 48 14 45 33 5 52 27 55 51 4 42 39 19 12 31 24 11 21 16 34 23 15 57 37 10 43 35 36 56 25 2 54 29 32 59 22 13 53 38 47 44 30 9 26 20 6 49 0
0 56 42 11 6 7 16 28 25 10 40 14 18 39 34 58 24 49 17 2 41 57 26 46 15 5 30 59 47 12 53 9 45 20 51 35 13 32 38 37 23 19 54 33 8 1 36 55 52 21 22 43 27 3 31 48 50 4 44 29 0
0 45 41 17 3 51 34 56 16 1 19 4 31 49 47 58 39 43 7 57 13 33 2 18 25 8 28 38 20 36 46 55 29 35 44 14 11 12 42 23 52 40 32 22 30 59 48 27 9 15 21 5 54 37 24 50 10 53 26 6 0
0 44 13 45 54 4 3 27 29 9 5 8 6 36 21 2 19 50 39 26 10 53 20 33 15 43 7 35 12 48 23 32 31 49 38 14 30 41 1 18 40 16 47 57 17 28 22 52 25 46 11 51 42 37 24 58 56 34 55 59 0
0 17 48 11 26 24 14 50 57 25 33 28 52 30 10 54 39 41 31 55 21 44 56 3 58 5 15 19 13 12 42 36 23 53 6 46 47 45 22 29 49 40 43 38 2 1 18 20 9 59 16 32 35 34 51 7 4 8 27 37 0
0 43 1 52 50 8 36 12 27 38 44 30 18 26 25 15 32 24 41 19 31 40 58 17 46 11 35 51 54 28 47 7 39 5 34 22 53 9 57 33 20 42 16 29 23 2 49 59 55 13 21 37 48 45 14 10 4 6 3 56 0
0 58 55 42 24 28 6 18 50 39 11 33 15 26 27 54 46 35 1 59 30 20 37 17 29 10 41 7 31 40 23 32 21 56 22 53 25 38 13 9 48 19 3 45 36 8 5 47 12 14 57 43 44 34 2 49 4 52 51 16 0
0 27 21 10 1 5 56 38 48 35 24 42 11 59 7 41 17 58 39 31 12 26 3 49 13 55 6 34 15 57 2 45 16 30 37 29 54 23 14 8 9 32 20 46 36 50 18 52 4 19 28 47 40 22 43 25 53 44 51 33 0
0 9 13 46 38 56 8 1 57 49 55 44 32 10 24 27 53 16 33 54 29 22 25 12 6 15 5 2 48 23 40 7 26 43 45 30 58 3 20 18 4 39 59 42 50 19 47 35 17 51 36 21 41 34 14 31 11 52 28 37 0
0 4 54 13 42 55 1 39 33 52 38 7 11 48 27 47 14 20 57 49 23 24 53 21 9 51 3 8 29 2 28 12 6 15 44 45 59 19 58 43 25 37 31 30 17 41 46 18 22 35 26 36 34 32 50 10 16 56 40 5 0
0 4 39 15 50 35 2 45 46 25 12 6 1 20 29 41 33 21 28 8 52 17 24 42 38 53 32 54 30 16 48 47 14 13 34 3 49 58 40 7 5 55 57 10 26 56 9 19 36 27 59 31 44 22 23 11 51 43 18 37 0
0 17 19 4 43 53 47 42 27 38 5 34 30 6 16 40 1 15 29 11 51 14 57 39 8 22 41 54 37 12 28 35 24 2 10 26 31 7 46 9 32 59 21 48 49 50 56 20 52 55 44 33 3 45 25 36 18 13 23 58 0
0 51 31 50 58 24 41 1 22 29 52 47 42 40 4 11 36 27 13 18 23 5 8 25 28 26 39 32 55 21 2 20 17 56 38 53 3 19 10 15 12 43 48 57 59 6 16 35 44 45 7 49 54 37 14 34 30 9 46 33 0
0 31 55 56 32 36 50 35 20 53 10 46 30 4 29 6 37 45 2 14 51 15 9 34 28 44 33 22 25 11 41 18 8 13 54 57 17 27 1 48 24 58 59 23 12 42 3 5 16 43 26 7 39 40 52 19 21 38 49 47 0
0 58 6 30 32 13 57 16 54 55 35 41 5 20 56 40 18 11 1 10 49 47 51 42 50 19 26 27 36 2 3 9 24 38 31 48 39 43 45 8 15 33 25 59 37 17 14 44 12 46 28 4 34 22 52 53 21 29 7 23 0
0 53 24 10 15 27 58 3 6 23 29 38 31 44 37 50 55 18 22 14 35 25 21 32 2 42 45 47 39 1 57 40 51 43 4 34 49 12 30 5 13 7 16 11 26 33 36 19 20 54 17 56 9 59 46 41 28 48 8 52 0
0 29 24 7 59 11 50 36 46 40 17 4 20 10 41 56 16 28 26 1 15 43 32 30 5 47 54 13 14 19 33 23 35 48 51 18 39 53 55 38 52 9 42 27 34 12 6 57 2 37 58 31 25 21 44 45 8 22 49 3 0
0 21 22 14 15 24 2 33 53 8 3 6 27 23 54 40 42 43 7 57 25 19 58 44 38 49 17 32 35 31 34 45 16 20 4 48 18 11 36 29 9 5 26 12 13 28 10 59 55 52 50 47 30 41 56 1 46 51 39 37 0
0 36 5 52 17 58 9 50 4 43 32 33 6 39 15 47 21 40 38 11 56 16 12 24 53 23 48 34 28 57 42 18 13 54 26 45 41 59 7 14 27 46 37 19 3 55 35 31 2 8 1 44 30 25 22 29 20 49 10 51 0
0 33 2 17 42 29 58 8 41 44 20 55 56 39 53 32 6 28 23 30 18 26 47 12 21 9 4 52 15 5 25 1 45 49 54 46 37 51 59 13 7 50 34 31 35 14 24 10 16 38 19 57 43 22 3 27 40 48 11 36 0
0 36 18 43 33 59 25 29 17 53 47 56 20 23 34 44 45 39 2 51 27 31 30 41 42 3 37 52 1 50 32 35 15 49 24 19 54 28 46 7 10 16 58 55 6 9 13 12 4 21 38 57 14 5 22 11 48 40 26 8 0
0 44 47 1 46 24 40 31 55 10 26 23 29 54 50 3 38 15 21 53 25 58 17 30 56 45 8 18 36 48 9 52 33 16 14 28 11 7 2 51 12 19 42 20 13 32 22 5 6 59 41 57 35 43 37 49 34 27 4 39 0
0 17 32 23 31 29 37 3 38 36 47 44 54 56 52 27 50 13 4 49 28 41 42 12 25 51 48 20 33 16 46 30 11 9 39 24 10 45 55 40 34 21 8 5 2 59 19 14 1 43 57 53 26 6 15 35 22 18 58 7 0
0 16 5 11 44 24 20 52 29 37 59 22 4 43 26 57 55 35 13 49 45 19 28 38 23 53 40 25 42 47 33 6 31 34 7 21 9 3 17 1 10 50 30 32 58 41 54 18 46 2 48 27 39 36 14 51 15 8 56 12 0
0 19 20 33 49 38 13 36 51 1 43 28 9 34 21 47 55 41 53 4 6 3 39 7 11 10 2 46 17 45 57 32 37 14 44 30 12 25 22 40 15 24 16 8 26 48 29 23 18 31 35 58 50 59 54 42 56 27 52 5 0
0 51 18 25 42 2 16 45 11 9 34 23 1 54 52 33 55 19 40 29 47 38 6 12 53 4 56 13 8 7 3 39 22 14 44 49 5 50 43 15 36 37 24 26 30 41 10 58 59 57 17 46 31 27 20 32 35 21 28 48 0
0 14 57 36 58 33 48 46 55 7 43 2 27 32 38 11 23 26 44 54 39 17 6 18 1 22 28 42 30 16 40 47 51 25 53 12 21 59 5 50 9 24 19 49 52 8 10 31 45 20 29 37 3 56 35 4 15 41 34 13 0
0 18 2 43 16 36 5 47 3 34 53 38 40 49 51 12 59 17 48 30 21 24 37 11 8 23 13 56 41 4 45 26 22 29 28 32 10 50 44 33 7 54 58 31 15 35 55 39 57 14 52 9 19 20 27 42 1 25 46 6 0
0 56 39 16 38 40 35 19 49 11 18 47 6 50 37 52 5 10 59 43 21 31 57 44 8 25 3 9 1 53 14 33 24 2 58 46 26 27 17 12 32 4 48 28 54 20 22 42 30 34 23 36 45 13 29 55 15 41 7 51 0
0 37 3 38 36 10 49 27 20 26 32 41 13 25 4 50 5 51 55 43 8 12 28 56 17 30 33 45 42 1 14 52 24 48 22 46 39 16 53 11 23 34 54 57 18 15 7 40 44 29 21 6 2 9 47 58 59 31 19 35 0
0 4 20 26 11 17 13 31 47 52 39 3 2 23 48 56 24 32 1 38 9 7 22 37 27 29 5 16 33 58 12 44 6 30 42 19 57 18 34 51 10 15 54 55 45 43 35 53 21 28 50 14 36 25 49 40 41 46 8 59 0
0 5 53 18 4 27 16 28 47 50 32 7 14 10 56 44 57 31 29 24 43 55 3 54 19 37 12 9 38 26 46 13 40 6 59 52 49 2 42 45 51 41 30 39 58 33 1 34 15 23 48 17 11 8 25 21 35 36 22 20 0
0 47 55 59 40 23 38 9 44 52 35 24 56 17 45 36 14 10 7 46 30 22 51 43 13 42 12 20 29 28 32 33 49 57 50 3 19 11 48 58 6 1 18 39 37 34 27 5 25 26 54 2 21 31 4 16 53 15 8 41 0
0 2 46 37 18 26 15 54 38 56 13 49 11 45 20 39 22 44 34 31 21 33 47 29 16 7 17 41 48 32 51 36 5 25 9 12 3 35 50 28 27 58 42 19 52 8 30 53 1 57 4 40 59 6 55 14 43 24 23 10 0
0 42 39 55 30 13 14 22 40 12 1 47 23 11 4 56 45 29 5 53 3 16 37 31 59 32 18 34 19 8 58 50 20 15 21 10 49 44 41 52 35 7 38 9 27 28 46 24 36 57 2 6 43 33 51 17 54 48 26 25 0
0 17 30 45 19 11 53 7 5 22 28 57 46 47 24 10 33 18 34 4 25 42 32 55 13 51 50 1 16 38 6 15 43 9 48 21 39 3 2 56 23 27 20 36 54 26 52 40 58 31 35 29 8 41 12 37 44 14 59 49 0
0 33 53 18 41 23 4 44 27 47 15 2 11 25 26 34 8 7 1 39 46 21 19 24 6 43 35 30 49 42 3 58 36 29 12 45 55 22 48 9 56 59 16 32 17 52 38 13 54 31 10 37 40 50 14 57 51 28 5 20 0
0 36 6 32 15 35 27 3 1 50 55 24 44 49 8 34 18 38 16 20 53 22 39 31 41 29 56 12 58 42 40 11 43 23 25 10 54 26 5 7 19 59 51 2 37 57 14 9 21 33 28 4 52 13 17 30 48 47 45 46 0
0 31 30 10 39 17 55 45 36 6 18 48 16 27 32 3 33 44 15 46 49 35 41 42 29 9 2 25 37 22 34 12 57 11 26 54 38 7 24 23 13 21 14 47 53 56 19 50 20 8 1 59 5 28 4 40 58 43 51 52 0
0 31 4 16 53 42 58 56 22 2 37 12 36 34 15 19 35 32 14 26 55 13 40 54 47 20 39 9 46 44 23 49 24 7 38 11 17 29 25 51 21 43 57 27 10 50 8 45 41 3 52 6 48 59 33 30 5 18 28 1 0
0 8 48 45 55 31 16 41 46 14 18 2 22 20 27 51 29 59 37 19 56 12 13 17 40 1 26 24 10 58 34 30 25 15 57 4 23 11 9 32 47 52 36 6 3 38 54 5 43 39 53 7 42 44 49 50 33 21 28 35 0
0 14 35 55 43 49 7 4 51 54 48 44 21 34 11 37 12 28 29 26 38 18 25 52 57 10 46 30 23 40 36 2 33 39 17 56 53 8 3 32 22 42 5 6 20 41 27 15 47 45 9 16 24 13 19 31 50 1 59 58 0
0 14 25 5 10 32 23 37 6 29 19 18 39 53 13 31 20 38 4 55 12 49 47 21 34 15 22 9 33 30 7 2 40 44 59 8 48 52 56 58 35 43 26 50 27 3 41 28 51 57 46 1 24 36 11 16 54 17 42 45 0
0 7 29 49 50 28 24 3 33 32 5 41 54 39 42 21 20 23 18 1 36 8 55 11 17 56 2 34 51 47 16 35 53 45 19 13 58 12 59 9 44 22 26 46 10 6 57 15 48 27 40 37 25 30 4 31 43 38 52 14 0
0 2 41 24 47 29 39 54 15 31 55 38 52 58 7 51 22 43 14 46 30 21 18 25 4 36 28 42 17 20 12 6 37 13 35 53 40 34 9 48 26 3 33 8 59 16 11 27 44 5 19 57 56 1 10 23 50 49 32 45 0
0 4 23 40 48 52 16 8 22 57 56 21 5 37 11 35 9 51 10 44 30 14 26 17 20 47 53 15 41 33 19 46 2 12 31 45 32 39 50 55 27 24 29 38 25 42 6 7 36 49 43 34 28 54 1 3 18 13 59 58 0
0 46 30 4 18 58 49 7 51 52 27 44 11 45 47 16 8 17 50 21 3 1 33 35 2 24 56 39 40 57 9 31 26 55 36 29 14 23 59 32 6 53 37 10 19 43 5 41 22 48 13 28 38 20 25 42 15 54 34 12 0
0 32 51 36 8 16 19 59 33 56 18 58 10 46 13 1 40 48 47 53 21 34 5 42 4 57 30 31 7 26 17 49 29 52 22 14 2 55 54 24 11 45 3 9 6 38 41 43 50 28 27 35 23 44 12 39 37 20 15 25 0
0 19 22 21 59 26 37 11 47 46 13 50 55 57 25 27 44 58 23 1 54 9 42 14 7 3 33 4 16 43 2 18 56 29 6 17 5 15 12 28 52 38 31 40 30 24 51 35 20 53 8 49 39 45 10 48 34 41 36 32 0
0 51 38 16 54 19 57 13 23 25 5 22 35 39 26 56 55 34 18 33 41 30 4 1 58 15 17 46 29 42 43 49 48 40 28 50 32 53 24 7 47 9 27 8 12 21 10 31 14 2 44 59 45 37 6 3 20 36 11 52 0
0 48 21 29 14 24 50 20 9 2 35 10 12 37 57 52 56 1 34 36 46 32 59 58 55 26 33 31 25 4 39 40 27 15 41 54 45 49 18 42 16 30 11 6 5 28 51 22 13 23 7 38 53 19 47 3 43 44 8 17 0
0 4 32 28 16 55 49 27 56 33 43 3 48 23 54 13 11 25 53 38 6 21 14 50 5 41 9 35 8 58 46 36 34 31 59 22 39 40 12 51 45 10 20 37 30 18 52 42 44 17 1 15 57 2 24 29 47 26 19 7 0
0 32 17 12 34 25 19 9 1 29 10 31 14 37 39 18 44 51 40 23 20 50 6 13 16 5 43 11 36 35 41 2 49 21 3 33 22 58 56 54 38 8 24 59 42 45 26 15 28 7 57 52 48 4 47 27 30 53 46 55 0
0 56 39 21 25 57 43 5 49 27 22 35 4 20 47 55 51 24 54 41 45 13 48 14 17 59 12 18 37 50 6 2 23 1 36 38 16 33 42 46 40 44 15 34 10 19 7 9 8 3 28 52 58 29 11 31 26 30 32 53 0
0 36 19 14 8 34 9 15 44 3 4 33 49 18 48 42 53 54 59 26 27 6 45 28 2 50 10 17 30 43 40 31 23 20 11 22 24 52 29 21 47 7 35 25 46 1 56 5 38 12 55 16 57 37 51 39 13 32 58 41 0
0 36 32 24 50 27 17 18 58 5 4 14 12 26 29 43 46 20 30 57 47 54 15 37 59 45 10 8 13 51 42 21 6 1 48 22 34 11 19 3 9 40 7 31 39 23 2 16 49 38 55 35 41 53 44 28 56 52 33 25 0
0 50 34 14 49 33 25 1 6 12 8 45 39 53 26 52 41 15 31 23 54 5 48 24 21 43 13 19 32 35 4 42 44 55 29 10 51 20 11 36 56 40 59 28 47 3 57 37 46 27 30 58 17 9 38 7 18 16 22 2 0
0 27 3 50 53 26 46 13 32 25 15 57 10 28 54 44 31 48 45 36 29 33 59 20 16 52 23 18 22 24 11 12 43 8 37 17 35 1 7 49 2 41 14 4 21 56 40 19 30 5 6 39 51 9 34 55 47 58 38 42 0
0 7 18 19 41 49 31 27 23 40 47 39 53 10 33 24 8 25 22 17 45 11 16 43 44 4 56 54 30 6 57 34 52 26 32 21 14 20 9 58 55 5 50 1 51 36 37 42 38 29 2 35 15 46 59 12 3 13 48 28 0
0 55 49 29 4 21 39 53 19 41 50 6 54 24 25 32 26 17 47 3 33 35 18 57 36 20 37 58 2 48 46 14 13 51 31 28 12 10 1 15 38 42 7 22 34 45 27 40 56 23 30 5 11 52 43 44 16 8 59 9 0
0 5 31 45 29 1 20 50 54 27 24 11 52 6 56 16 40 58 19 49 55 25 47 9 30 18 32 15 57 42 10 51 17 14 2 23 34 53 59 38 36 37 46 48 43 7 3 39 12 41 35 21 4 22 26 33 8 28 13 44 0
0 20 23 50 36 25 19 21 53 6 11 5 15 59 24 56 26 28 3 10 7 41 13 58 45 4 43 8 42 1 49 44 32 30 51 2 16 27 12 39 22 29 52 48 40 54 14 18 57 47 9 31 37 46 35 34 38 33 55 17 0
0 51 55 57 42 32 11 34 49 23 22 6 4 52 15 1 30 47 20 27 53 21 18 36 56 12 25 3 28 17 13 37 58 41 46 50 40 9 5 44 7 26 45 24 14 39 54 48 43 19 59 16 8 33 35 2 29 10 38 31 0
0 11 50 10 5 9 37 22 21 23 3 19 17 13 31 42 38 7 24 4 28 2 52 8 6 47 30 15 48 33 27 20 18 14 45 55 35 43 39 29 16 54 34 40 41 12 51 58 53 56 44 57 1 32 59 49 36 25 46 26 0
0 47 20 44 24 52 41 16 39 56 18 55 8 32 14 21 27 30 51 1 38 19 2 4 26 35 36 58 53 15 5 40 54 57 9 29 10 22 37 59 48 12 3 28 34 25 23 50 43 42 31 49 33 11 7 46 45 13 17 6 0
0 58 32 4 5 51 39 26 29 50 11 59 49 56 27 40 8 16 13 28 37 35 2 10 24 46 53 14 3 38 52 6 18 41 12 57 20 36 54 48 23 22 43 55 7 45 1 30 25 15 31 44 42 9 34 21 17 19 47 33 0
0 59 11 1 23 6 42 31 39 51 52 58 17 48 47 55 43 5 49 44 41 22 16 19 25 57 29 3 50 54 32 9 53 24 34 46 40 37 33 45 15 30 18 27 2 28 14 4 8 38 26 13 20 56 36 35 12 7 10 21 0
0 8 2 35 26 4 59 18 6 32 29 11 19 7 33 44 14 51 56 31 46 48 21 50 47 36 38 27 15 5 12 52 9 25 16 53 42 41 13 22 43 54 39 45 40 28 37 49 34 3 55 1 57 10 58 20 17 24 23 30 0
0 6 7 11 29 1 32 57 38 41 26 16 21 28 48 23 46 34 30 40 33 20 56 47 35 9 45 19 10 14 43 17 4 36 50 49 42 54 52 13 5 44 51 59 18 31 39 37 12 55 25 22 24 53 8 15 58 2 27 3 0
0 57 14 48 38 42 36 25 10 47 20 56 28 31 23 9 4 22 5 17 18 44 51 13 24 12 21 29 1 3 15 8 2 6 11 35 26 19 50 45 39 34 16 43 52 55 37 7 58 30 32 53 46 41 27 59 54 40 33 49 0
0 39 47 57 13 6 17 41 30 31 56 32 28 37 4 54 22 5 43 34 7 50 27 36 35 18 58 8 10 1 16 53 9 55 52 25 15 29 49 33 3 23 21 38 26 24 42 12 45 14 40 20 19 44 46 59 2 11 51 48 0
0 6 29 28 20 52 58 56 5 46 37 34 15 43 26 16 14 33 48 12 17 50 31 40 59 10 54 41 49 51 25 38 24 47 27 9 23 11 3 22 42 35 32 4 21 13 53 19 36 45 55 8 18 1 57 7 39 2 30 44 0
0 6 15 14 34 54 37 23 45 16 3 38 35 43 19 8 22 4 26 28 58 48 2 30 25 21 36 42 53 57 13 12 18 50 52 55 9 56 7 31 44 5 51 20 1 32 41 27 11 40 59 29 39 10 47 33 46 17 24 49 0
0 29 33 50 12 10 42 35 16 38 55 22 58 48 49 30 40 5 31 21 51 11 34 28 56 13 1 57 53 2 41 3 37 9 23 45 6 59 39 54 20 32 19 4 44 15 43 17 7 26 27 46 14 18 25 52 24 47 8 36 0
0 15 24 49 14 47 54 18 27 41 6 25 26 57 19 3 37 17 21 9 59 28 36 29 1 31 42 39 4 13 33 32 2 5 50 30 8 46 53 22 58 51 44 20 40 52 16 45 48 43 34 38 35 7 11 55 23 12 10 56 0
0 4 34 24 25 46 35 57 56 15 20 49 40 39 3 28 44 7 5 55 45 23 53 22 59 51 54 18 37 32 26 43 52 48 36 31 17 29 9 1 50 8 30 12 11 42 14 19 2 38 41 16 47 13 21 33 6 10 27 58 0
