# n n_solutions
60 1000
# n x n distance matrix
0 6753 4080 3130 4280 6363 8590 3981 8220 3535 5800 921 7382 4393 8732 2863 4701 4123 2789 1603 4860 5192 5854 2529 4608 5909 7723 5192 3088 4242 4252 3448 5661 6670 6103 3420 3992 6332 8430 3280 3452 7433 4964 2801 4887 2915 2816 8489 8348 3140 5532 4002 1746 9200 2555 4318 7147 6226 4384 3992
6753 0 3605 7405 8605 3687 10688 5261 3668 3606 9535 6074 10090 3106 5500 6606 2061 5189 9493 7700 3201 1972 5859 5307 4365 4272 8044 4976 8845 3001 2816 9108 3088 8234 3301 10123 10735 4801 5470 3573 10101 6228 8856 7641 8570 5780 4022 3106 5824 4622 2549 6946 8183 4219 7355 9201 8995 600 9100 4539
4080 3605 0 3832 5000 2340 7500 1708 4140 3008 5966 3807 6711 500 4827 3041 1972 5096 6481 5500 781 3220 2968 4100 4785 2100 5325 1972 5408 670 943 5632 1581 5044 5093 7080 7761 6220 4570 1315 6989 4123 5261 4123 4981 4801 2517 4468 4609 3863 4110 3354 5798 5122 3860 5614 5780 3006 5503 984
3130 7405 3832 0 1341 5333 5462 2459 7357 5412 2758 3780 4254 4328 7144 800 5522 6811 3733 4588 4438 6551 3720 5234 7017 4604 4964 3560 1838 4404 4600 1941 5032 3701 8077 4159 4876 8746 6794 4079 3944 5300 1910 538 1780 5805 4561 7962 6543 5580 7242 1208 4455 8321 608 1802 4079 6806 1726 3036
4280 8605 5000 1341 0 6168 4512 3436 8154 6753 1526 5020 3228 5500 7640 2088 6789 8121 4101 5590 5522 7858 4161 6529 8352 5385 4742 4308 1902 5614 5830 1746 6020 3289 9415 4356 5021 10084 7280 5385 4079 5586 728 1486 806 7072 5902 8854 6952 6906 8570 1772 5348 9080 1769 781 3423 8005 583 4110
6363 3687 2340 5333 6168 0 7178 2884 2024 5008 6648 6146 6774 2220 2517 4661 3324 7125 8557 7829 1627 4477 2418 6350 6628 806 4390 1868 7127 2507 2700 7271 905 4805 6395 9121 9828 7762 2300 3550 8987 2545 6161 5768 5846 7034 4726 2692 2451 6000 5412 4401 8100 3000 5580 6907 5554 3255 6741 2475
8590 10688 7500 5462 4512 7178 0 5879 8584 10183 3105 9178 1303 7905 7102 5830 9462 11963 8546 10030 7579 10720 4833 10485 11960 6462 3001 5730 6363 8160 8440 6128 7605 2469 12573 8705 9300 13577 6800 8489 8402 5024 3785 5852 3764 11122 9417 9535 6300 10666 11603 4743 9836 9213 6053 4915 1720 10153 4726 6543
3981 5261 1708 2459 3436 2884 5879 0 4908 4341 4275 4101 5024 2184 4909 1780 3667 6264 5780 5573 2100 4887 1900 4964 6140 2193 4049 1252 4243 2376 2640 4390 2596 3471 6700 6312 7029 7710 4579 2617 6155 3452 3605 2884 3313 5661 3635 5503 4428 4964 5742 1700 5700 5882 2701 4123 4172 4669 3981 728
8220 3668 4140 7357 8154 2024 8584 4908 0 6258 8514 7889 8400 3858 1979 6685 4373 8273 10538 9603 3360 5200 4177 7810 7610 2773 5608 3848 9151 4070 4162 9295 2561 6400 6905 11112 11813 8385 2080 5142 10987 3569 8095 7792 7779 8448 6203 984 2555 7324 6029 6397 9929 989 7602 8904 7102 3535 8732 4468
3535 3606 3008 5412 6753 5008 10183 4341 6258 0 8077 2692 9219 2863 7500 4701 1897 2121 6315 4167 3452 1749 5948 1702 1802 5021 8285 4965 6280 2549 2319 6609 4104 7810 2692 6942 7472 3405 7305 1749 6987 7116 7256 5407 7049 2236 854 6146 7443 1077 2002 5560 4695 7116 5091 7115 8495 3220 7093 3773
5800 9535 5966 2758 1526 6648 3105 4275 8514 8077 0 6519 1802 6453 7648 3383 7873 9567 5444 7111 6350 9024 4341 7992 9741 5842 4103 4809 3275 6621 6868 3026 6700 2617 10689 5600 6207 11453 7291 6579 5300 5458 848 3000 1029 8558 7240 9321 6888 8324 9798 2624 6854 9368 3264 1811 2418 8944 1627 5000
921 6074 3807 3780 5020 6146 9178 4101 7889 2692 6519 0 8015 4031 8602 3354 4060 3220 3634 1720 4561 4401 6000 1615 3687 5797 8041 5223 3981 3827 3780 4338 5366 7116 5200 4257 4780 5412 8324 2780 4318 7516 5672 3535 5560 2061 2059 8060 8297 2220 4669 4477 2126 8850 3255 5140 7655 5580 5185 3945
7382 10090 6711 4254 3228 6774 1303 5024 8400 9219 1802 8015 0 7155 7158 4701 8682 10904 7243 8783 6907 9911 4356 9386 10965 6001 3138 5124 5063 7381 7653 4825 7060 2000 11706 7402 8002 12624 6824 7580 7100 4964 2500 4609 2507 10000 8421 9304 6355 9620 10761 3676 8570 9135 4830 3612 1334 9527 3423 5730
4393 3106 500 4328 5500 2220 7905 2184 3858 2863 6453 4031 7155 0 4737 3535 1562 4981 6881 5745 600 2831 3264 4130 4588 2158 5622 2267 5882 316 583 6113 1360 5440 4742 7488 8160 5936 4509 1334 7409 4272 5755 4609 5474 4815 2507 4101 4604 3805 3748 3847 6080 4825 4341 6113 6185 2507 6003 1456
8732 5500 4827 7144 7640 2517 7102 4909 1979 7500 7648 8602 7158 4737 0 6621 5731 9604 10682 10252 4143 6768 3482 8867 9055 2823 4110 3661 8982 5024 5207 9052 3405 5220 8602 11200 11920 10041 360 6066 11025 2213 7409 7648 7101 9551 7243 2920 806 8508 7665 6014 10478 2213 7528 8420 5824 5255 8220 4742
2863 6606 3041 800 2088 4661 5830 1780 6685 4701 3383 3354 4701 3535 6621 0 4726 6222 4081 4428 3668 5771 3310 4686 6360 3969 4900 2973 2469 3605 3800 2640 4295 3807 7340 4580 5300 8070 6280 3298 4404 4924 2555 1118 2360 5300 3858 7247 6074 4957 6484 1140 4401 7660 921 2601 4308 6007 2517 2284
4701 2061 1972 5522 6789 3324 9462 3667 4373 1897 7873 4060 8682 1562 5731 4726 0 3911 7432 5731 2000 1272 4810 3535 3324 3535 7158 3818 6846 1303 1029 7125 2435 7000 3201 8062 8676 4472 5573 1529 8041 5682 7130 5700 6868 4123 2051 4254 5772 2973 2202 5249 6184 5220 5400 7324 7742 1526 7243 2952
4123 5189 5096 6811 8121 7125 11963 6264 8273 2121 9567 3220 10904 4981 9604 6222 3911 0 6562 3900 5573 3231 7984 1612 921 7138 10288 7022 7201 4669 4440 7558 6220 9679 2692 7133 7500 2302 9419 3794 7269 9217 8720 6661 8563 1303 2640 8052 9563 1303 2780 7234 4500 9080 6360 8321 10322 4964 8348 5777
2789 9493 6481 3733 4101 8557 8546 5780 10538 6315 5444 3634 7243 6881 10682 4081 7432 6562 0 2751 7247 7980 7382 5100 7206 7951 8658 7021 2200 6795 6860 2418 8005 7299 8814 632 1280 8856 10346 5948 707 8989 4801 3195 4904 5261 5604 10948 10154 5803 8302 4939 2193 11527 3220 3634 7516 8947 3820 6082
1603 7700 5500 4588 5590 7829 10030 5573 9603 4167 7111 1720 8783 5745 10252 4428 5731 3900 2751 0 6264 5916 7454 2624 4638 7433 9313 6768 4045 5547 5500 4393 7070 8220 6356 3275 3601 6200 9962 4500 3448 9025 6307 4178 6276 2601 3687 9780 9904 3383 6016 5557 600 10568 3984 5464 8658 7233 5575 5536
4860 3201 781 4438 5522 1627 7579 2100 3360 3452 6350 4561 6907 600 4143 3668 2000 5573 7247 6264 0 3264 2831 4726 5154 1581 5166 1860 6092 905 1140 6296 806 5110 5200 7840 8527 6449 3911 1923 7742 3716 5703 4775 5408 5414 3106 3701 4004 4404 4201 3800 6573 4341 4531 6181 5866 2624 6052 1414
5192 1972 3220 6551 7858 4477 10720 4887 5200 1749 9024 4401 9911 2831 6768 5771 1272 3231 7980 5916 3264 0 6082 3405 2451 4770 8429 5090 7700 2561 2280 8005 3623 8261 1941 8612 9170 3289 6648 2473 8634 6911 8254 6661 8005 3828 2376 4866 6894 2687 943 6407 6441 5930 6350 8336 9000 1746 8276 4188
5854 5859 2968 3720 4161 2418 4833 1900 4177 5948 4341 6000 4356 3264 3482 3310 4810 7984 7382 7454 2831 6082 0 6791 7741 1649 2360 1000 5544 3560 3841 5590 2773 2404 8005 7854 8575 9183 3124 4204 7655 1615 3981 4243 3667 7495 5348 5015 2831 6706 7009 2549 7550 5028 4167 4940 3162 5333 4743 2213
2529 5307 4100 5234 6529 6350 10485 4964 7810 1702 7992 1615 9386 4130 8867 4686 3535 1612 5100 2624 4726 3405 6791 0 2109 6200 9013 5885 5594 3847 3687 5950 5474 8276 3748 5700 6140 3807 8637 2807 5803 8161 7144 5060 7000 707 1627 7782 8705 761 3401 5742 3201 8709 4763 6711 8883 4920 6742 4589
4608 4365 4785 7017 8352 6628 11960 6140 7610 1802 9741 3687 10965 4588 9055 6360 3324 921 7206 4638 5154 2451 7741 2109 0 6735 10084 6753 7621 4272 4016 7970 5727 9604 1788 7800 8215 1746 8895 3551 7910 8860 8905 6935 8720 2061 2545 7316 9079 1486 1886 7291 5234 8372 6624 8631 10282 4197 8635 5575
5909 4272 2100 4604 5385 806 6462 2193 2773 5021 5842 5797 6001 2158 2823 3969 3535 7138 7951 7433 1581 4770 1649 6200 6735 0 3780 1077 6420 2473 2720 6545 1204 4052 6711 8495 9209 8006 2529 3405 8345 2147 5360 5060 5044 6900 4609 3492 2517 5941 5713 3624 7655 3721 4890 6131 4808 3780 5961 1923
7723 8044 5325 4964 4742 4390 3001 4049 5608 8285 4103 8041 3138 5622 4110 4900 7158 10288 8658 9313 5166 8429 2360 9013 10084 3780 0 3360 6545 5920 6200 6462 4981 1500 10358 9013 9706 11543 3801 6536 8758 2039 4219 5491 3982 9708 7648 6573 3306 8996 9360 3811 9300 6212 5544 5457 1835 7560 5234 4517
5192 4976 1972 3560 4308 1868 5730 1252 3848 4965 4809 5223 5124 2267 3661 2973 3818 7022 7021 6768 1860 5090 1000 5885 6753 1077 3360 0 5390 2561 2842 5500 1941 3264 7009 7543 8261 8184 3328 3231 7375 2300 4295 4036 3981 6592 4396 4560 3178 5756 6014 2549 6926 4788 3889 5056 4024 4428 4884 1303
3088 8845 5408 1838 1902 7127 6363 4243 9151 6280 3275 3981 5063 5882 8982 2469 6846 7201 2200 4045 6092 7700 5544 5594 7621 6420 6545 5390 0 5894 6041 360 6753 5141 8962 2473 3161 9363 8631 5323 2213 7102 2601 1360 2707 6003 5445 9712 8373 6135 8249 3000 3689 10125 1565 1486 5323 8256 1649 4741
4242 3001 670 4404 5614 2507 8160 2376 4070 2549 6621 3827 7381 316 5024 3605 1303 4669 6795 5547 905 2561 3560 3847 4272 2473 5920 2561 5894 0 282 6139 1627 5700 4454 7409 8070 5630 4804 1077 7343 4588 5903 4652 5629 4527 2220 4252 4909 3501 3464 4002 5903 5024 4373 6200 6440 2402 6100 1654
4252 2816 943 4600 5830 2700 8440 2640 4162 2319 6868 3780 7653 583 5207 3800 1029 4440 6860 5500 1140 2280 3841 3687 4016 2720 6200 2842 6041 282 0 6296 1802 5981 4172 7479 8130 5353 5000 1000 7424 4846 6139 4825 5869 4356 2061 4280 5124 3301 3182 4244 5879 5100 4539 6400 6720 2220 6307 1923
3448 9108 5632 1941 1746 7271 6128 4390 9295 6609 3026 4338 4825 6113 9052 2640 7125 7558 2418 4393 6296 8005 5590 5950 7970 6545 6462 5500 360 6139 6296 0 6935 5028 9296 2617 3275 9714 8697 5608 2334 7121 2408 1523 2549 6363 5770 9883 8421 6484 8570 3041 4022 10262 1772 1216 5162 8515 1403 4924
5661 3088 1581 5032 6020 905 7605 2596 2561 4104 6700 5366 7060 1360 3405 4295 2435 6220 8005 7070 806 3623 2773 5474 5727 1204 4981 1941 6753 1627 1802 6935 0 5162 5556 8591 9284 6894 3201 2692 8481 3301 6120 5412 5813 6152 3847 2968 3354 5103 4565 4257 7378 3546 5188 6718 5923 2580 6573 2012
6670 8234 5044 3701 3289 4805 2469 3471 6400 7810 2617 7116 2000 5440 5220 3807 7000 9679 7299 8220 5110 8261 2404 8276 9604 4052 1500 3264 5141 5700 5981 5028 5162 0 10131 7614 8296 11180 4876 6087 7349 3008 2729 4201 2507 8944 7080 7306 4427 8376 9154 2668 8139 7144 4304 3980 761 7692 3757 4103
6103 3301 5093 8077 9415 6395 12573 6700 6905 2692 10689 5200 11706 4742 8602 7340 3201 2692 8814 6356 5200 1941 8005 3748 1788 6711 10358 7009 8962 4454 4172 9296 5556 10131 0 9426 9885 1500 8509 4134 9508 8850 9884 8095 9660 3827 3544 6407 8784 3014 1000 8112 6942 7516 7779 9803 10857 3373 9773 6030
3420 10123 7080 4159 4356 9121 8705 6312 11112 6942 5600 4257 7402 7488 11200 4580 8062 7133 632 3275 7840 8612 7854 5700 7800 8495 9013 7543 2473 7409 7479 2617 8591 7614 9426 0 721 9433 10860 6574 316 9451 5024 3623 5162 5830 6236 11541 10650 6412 8926 5366 2692 12101 3689 3801 7778 9575 4004 6648
3992 10735 7761 4876 5021 9828 9300 7029 11813 7472 6207 4780 8002 8160 11920 5300 8676 7500 1280 3601 8527 9170 8575 6140 8215 9209 9707 8261 3161 8070 8130 3275 9284 8296 9885 721 0 9801 11580 7206 948 10171 5671 4341 5824 6200 6800 12228 11371 6873 9436 6082 3001 12802 4410 4428 8434 10196 4638 7353
6332 4801 6220 8746 10084 7762 13577 7710 8385 3405 11453 5412 12624 5936 10041 8070 4472 2302 8856 6200 6449 3289 9183 3807 1746 8006 11543 8184 9363 5630 5353 9714 6894 11180 1500 9433 9801 0 9932 5093 9563 10153 10623 8676 10429 3605 4220 7905 10183 3231 2376 8964 6800 9013 8364 10375 11880 4850 10376 7093
8430 5470 4570 6794 7280 2300 6800 4579 2080 7305 7291 8324 6824 4509 360 6280 5573 9419 10346 9962 3911 6648 3124 8637 8895 2529 3801 3328 8631 4804 5000 8697 3201 4876 8509 10860 11580 9932 0 5830 10682 1868 7049 7300 6741 9324 7016 3052 509 8300 7558 5658 10176 2451 7184 8060 5491 5189 7860 4438
3280 3573 1315 4079 5385 3550 8489 2617 5142 1749 6579 2780 7580 1334 6066 3298 1529 3794 5948 4500 1923 2473 4204 2807 3551 3405 6536 3231 5323 1077 1000 5608 2692 6087 4134 6574 7206 5093 5830 0 6539 5434 5793 4210 5554 3501 1204 5280 5900 2549 3220 3982 4883 6090 3905 5869 6788 3008 5805 2024
3452 10101 6989 3944 4079 8987 8402 6155 10987 6987 5300 4318 7100 7409 11025 4404 8041 7269 707 3448 7742 8634 7655 5803 7910 8345 8758 7375 2213 7343 7424 2334 8481 7349 9508 316 948 9563 10682 6539 0 9243 4738 3413 4883 5968 6258 11440 10462 6500 8980 5147 2879 11975 3500 3505 7496 9546 3712 6519
7433 6228 4123 5300 5586 2545 5024 3452 3569 7116 5458 7516 4964 4272 2213 4924 5682 9217 8989 9025 3716 6911 1615 8161 8860 2147 2039 2300 7102 4588 4846 7121 3301 3008 8850 9451 10171 10153 1868 5434 9243 0 5280 5830 4981 8868 6628 4535 1431 7983 7854 4104 9144 4200 5770 6365 3634 5800 6155 3601
4964 8856 5261 1910 728 6161 3785 3605 8095 7256 848 5672 2500 5755 7409 2555 7130 8720 4801 6307 5703 8254 3981 7144 8905 5360 4219 4295 2601 5903 6139 2408 6120 2729 9884 5024 5671 10623 7049 5793 4738 5280 0 2163 316 7710 6413 8852 6685 7481 9007 1910 6074 8988 2420 1264 2765 8260 1044 4318
2801 7641 4123 538 1486 5768 5852 2884 7792 5408 3000 3535 4609 4609 7648 1118 5700 6661 3195 4178 4775 6661 4243 5060 6935 5060 5491 4036 1360 4652 4825 1523 5412 4201 8095 3623 4341 8676 7300 4210 3413 5830 2163 0 2102 5590 4553 8364 7060 5470 7300 1746 4002 8765 316 1708 4539 7045 1700 3401
4887 8570 4981 1780 806 5846 3764 3313 7779 7049 1029 5560 2507 5474 7101 2360 6868 8563 4904 6276 5408 8005 3667 7000 8720 5044 3982 3981 2707 5629 5869 2549 5813 2507 9660 5162 5824 10429 6741 5554 4883 4981 316 2102 0 7582 6212 8536 6382 7310 8772 1627 6072 8672 2332 1475 2617 7976 1252 4031
2915 5780 4801 5805 7072 7034 11122 5661 8448 2236 8558 2061 10000 4815 9551 5300 4123 1303 5261 2601 5414 3828 7495 707 2061 6900 9708 6592 6003 4527 4356 6363 6152 8944 3827 5830 6200 3605 9325 3501 5968 8868 7710 5590 7582 0 2308 8377 9401 1166 3661 6381 3201 9330 5303 7200 9538 5437 7246 5295
2816 4022 2517 4561 5902 4726 9417 3635 6203 854 7240 2059 8421 2507 7243 3858 2051 2640 5604 3687 3106 2376 5348 1627 2545 4609 7648 4396 5445 2220 2061 5770 3847 7080 3544 6236 6800 4220 7016 1204 6258 6628 6413 4553 6212 2308 0 6226 7100 1360 2807 4750 4161 7117 4237 6261 7746 3546 6239 3138
8489 3106 4468 7962 8854 2692 9535 5503 984 6146 9321 8060 9304 4101 2920 7247 4254 8052 10948 9780 3701 4866 5015 7782 7316 3492 6573 4560 9712 4252 4280 9883 2968 7306 6407 11541 12228 7905 3052 5280 11440 4535 8852 8364 8536 8377 6226 0 3535 7223 5608 7083 10153 1118 8149 9585 8022 3125 9423 4973
8348 5824 4609 6543 6952 2451 6300 4428 2555 7443 6888 8297 6355 4604 806 6074 5772 9563 10154 9904 4004 6894 2831 8705 9079 2517 3306 3178 8373 4909 5124 8421 3354 4427 8784 10650 11371 10183 509 5900 10462 1431 6685 7060 6382 9401 7100 3535 0 8408 7818 5380 10090 2960 6963 7733 5021 5507 7528 4368
3140 4622 3863 5580 6906 6000 10666 4964 7324 1077 8324 2220 9620 3805 8508 4957 2973 1303 5803 3383 4404 2687 6706 761 1486 5941 8996 5756 6135 3501 3301 6484 5103 8376 3014 6412 6873 3231 8300 2549 6500 7983 7481 5470 7310 1166 1360 7223 8408 0 2640 5946 3956 8190 5162 7158 9021 4272 7169 4494
5532 2549 4110 7242 8570 5412 11603 5742 6029 2002 9798 4669 10761 3748 7665 6484 2202 2780 8302 6016 4201 943 7009 3401 1886 5713 9360 6014 8249 3464 3182 8570 4565 9154 1000 8926 9436 2376 7558 3220 8980 7854 9007 7300 8772 3661 2807 5608 7818 2640 0 7200 6578 6700 6985 8998 9885 2501 8956 5060
4002 6946 3354 1208 1772 4401 4743 1700 6397 5560 2624 4477 3676 3847 6014 1140 5249 7234 4939 5557 3800 6407 2549 5742 7291 3624 3811 2549 3000 4002 4244 3041 4257 2668 8112 5366 6082 8964 5658 3982 5147 4104 1910 1746 1627 6381 4750 7083 5380 5946 7200 0 5503 7335 1746 2507 3178 6350 2340 2408
1746 8183 5798 4455 5348 8100 9836 5700 9929 4695 6854 2126 8570 6080 10478 4401 6184 4500 2193 600 6573 6441 7550 3201 5234 7655 9300 6926 3689 5903 5879 4022 7378 8139 6942 2692 3001 6800 10176 4883 2879 9144 6074 4002 6072 3201 4161 10153 10090 3956 6578 5503 0 10904 3847 5147 8532 7700 5277 5738
9200 4219 5122 8321 9080 3000 9213 5882 989 7116 9368 8850 9135 4825 2213 7660 5220 9080 11527 10568 4341 5930 5028 8709 8372 3721 6212 4788 10125 5024 5100 10262 3546 7144 7516 12101 12802 9013 2451 6090 11975 4200 8988 8765 8672 9330 7117 1118 2960 8190 6700 7335 10904 0 8580 9838 7816 4204 9660 5456
2555 7355 3860 608 1769 5580 6053 2701 7602 5091 3264 3255 4830 4341 7528 921 5400 6360 3220 3984 4531 6350 4167 4763 6624 4890 5544 3889 1565 4373 4539 1772 5188 4304 7779 3689 4410 8364 7184 3905 3500 5770 2420 316 2332 5303 4237 8149 6963 5162 6985 1746 3847 8580 0 2024 4687 6759 2012 3176
4318 9201 5614 1802 781 6907 4915 4123 8904 7115 1811 5140 3612 6113 8420 2601 7324 8321 3634 5464 6181 8336 4940 6711 8631 6131 5458 5056 1486 6200 6400 1216 6718 3980 9803 3801 4428 10375 8060 5869 3505 6365 1264 1708 1475 7200 6261 9585 7733 7158 8998 2507 5147 9838 2024 0 4026 8602 223 4767
7147 8995 5780 4079 3423 5554 1720 4172 7102 8495 2418 7655 1334 6185 5824 4308 7742 10322 7516 8658 5866 9000 3162 8883 10282 4808 1835 4024 5323 6440 6720 5162 5923 761 10857 7778 8434 11880 5491 6788 7496 3634 2765 4539 2617 9538 7746 8022 5021 9021 9885 3178 8532 7816 4687 4026 0 8452 3807 4827
6226 600 3006 6806 8005 3255 10153 4669 3535 3220 8944 5580 9527 2507 5255 6007 1526 4964 8947 7233 2624 1746 5333 4920 4197 3780 7560 4428 8256 2402 2220 8515 2580 7692 3373 9575 10196 4850 5189 3008 9546 5800 8260 7045 7976 5437 3546 3125 5507 4272 2501 6350 7700 4204 6759 8602 8452 0 8500 3945
4384 9100 5503 1726 583 6741 4726 3981 8732 7093 1627 5185 3423 6003 8220 2517 7243 8348 3820 5575 6052 8276 4743 6742 8635 5961 5234 4884 1649 6100 6307 1403 6573 3757 9773 4004 4638 10376 7860 5805 3712 6155 1044 1700 1252 7246 6239 9423 7528 7169 8956 2340 5277 9660 2012 223 3807 8500 0 4638
3992 4539 984 3036 4110 2475 6543 728 4468 3773 5000 3945 5730 1456 4742 2284 2952 5777 6082 5536 1414 4188 2213 4589 5575 1923 4517 1303 4741 1654 1923 4924 2012 4103 6030 6648 7353 7093 4438 2024 6519 3601 4318 3401 4031 5295 3138 4973 4368 4494 5060 2408 5738 5456 3176 4767 4827 3945 4638 0
# set of given starting solutions
0 4 36 45 26 6 56 48 31 20 29 8 24 22 42 32 9 52 25 55 44 46 18 27 51 1 19 28 39 7 14 37 40 12 53 59 21 58 38 13 23 47 35 16 30 34 57 11 15 41 3 17 2 5 49 54 33 50 10 43 0
0 9 36 2 51 32 41 27 50 10 12 28 37 16 34 15 49 1 8 56 52 13 22 19 38 54 5 3 17 14 23 57 31 43 47 39 42 45 25 4 7 11 33 53 59 26 44 20 18 46 29 24 6 35 58 55 30 40 21 48 0
0 25 23 40 32 39 1 47 4 49 45 14 11 50 56 21 28 12 17 26 58 16 52 44 37 2 43 54 20 6 30 38 46 18 10 41 22 3 48 24 35 5 29 8 27 7 34 19 59 15 13 42 57 31 53 9 51 55 36 33 0
0 32 39 1 8 5 42 24 35 56 12 53 19 57 15 45 36 38 20 9 48 18 51 52 22 54 3 58 55 40 21 17 59 6 34 47 2 46 14 10 4 33 13 50 31 27 28 49 16 23 7 11 43 25 29 41 26 44 30 37 0
0 48 58 2 39 5 45 16 52 54 29 25 24 43 41 50 47 19 38 46 49 53 1 34 9 33 42 31 17 7 26 40 28 51 59 55 27 44 18 32 13 20 57 14 56 12 23 4 10 35 36 8 11 3 21 15 22 30 6 37 0
0 36 59 53 31 40 20 56 28 55 52 44 19 35 14 47 27 3 54 1 41 11 18 13 32 46 33 43 24 4 45 29 58 48 7 37 17 42 2 51 23 30 21 50 9 25 8 10 5 12 6 57 38 26 16 34 22 15 49 39 0
0 36 38 24 57 33 26 47 34 59 21 55 35 42 53 6 43 40 39 31 22 11 49 45 37 32 44 28 56 50 51 5 58 30 17 4 54 46 23 19 12 29 15 16 3 13 27 41 2 8 20 18 48 25 7 52 14 9 10 1 0
0 59 37 19 2 44 39 24 56 31 50 11 8 43 26 29 3 48 51 55 49 7 46 58 52 41 47 30 33 45 15 42 28 17 10 40 36 54 38 23 22 16 5 20 53 14 57 21 4 6 32 27 1 25 12 35 9 34 13 18 0
0 12 15 13 52 46 47 44 5 10 40 20 2 27 25 59 18 28 34 14 17 37 57 3 48 9 16 21 31 35 58 11 55 43 33 29 45 26 23 4 32 38 53 54 56 24 39 1 8 42 49 19 6 50 7 30 41 36 51 22 0
0 35 48 42 11 47 40 44 3 31 2 52 13 49 51 32 7 56 54 14 23 46 20 38 4 24 12 18 21 15 16 29 17 39 33 26 9 45 37 10 1 34 58 59 19 27 43 53 5 25 28 22 36 41 50 6 8 57 30 55 0
0 2 39 57 14 41 9 50 27 42 35 38 54 46 36 26 47 59 1 21 43 22 29 3 30 11 28 10 51 31 4 17 37 58 56 55 25 40 6 33 19 53 48 34 7 12 24 32 49 20 44 45 5 13 52 8 18 15 16 23 0
0 52 55 8 1 43 23 12 5 20 36 37 19 3 32 4 15 54 31 6 50 59 41 58 21 24 44 57 34 28 25 10 9 51 13 2 18 16 7 56 11 35 39 47 53 40 29 38 49 27 22 46 26 17 45 48 42 14 30 33 0
0 14 45 57 43 38 20 58 37 22 30 10 42 35 17 11 1 27 26 7 21 48 16 2 9 32 59 8 6 55 52 51 39 15 54 36 50 47 46 33 53 34 19 29 41 5 18 49 23 24 12 13 31 28 25 4 3 44 40 56 0
0 34 36 1 23 45 10 49 22 40 37 48 14 30 35 20 39 9 16 12 50 47 27 46 41 26 3 53 4 52 21 31 51 33 13 38 44 24 59 55 57 18 58 42 43 54 19 8 56 28 15 5 11 25 7 29 6 32 17 2 0
0 21 44 42 52 38 34 30 9 22 57 10 48 43 35 28 32 39 50 19 12 1 54 23 20 8 40 18 47 31 59 55 14 29 45 25 7 41 33 11 16 58 56 15 4 24 3 6 26 49 37 27 51 36 53 17 46 5 13 2 0
0 13 9 27 37 55 48 33 39 36 11 25 19 28 3 38 59 20 22 21 30 15 51 58 10 40 24 6 57 14 52 23 31 2 45 34 16 43 1 35 54 44 7 32 12 42 49 17 26 18 29 8 56 4 53 41 50 46 5 47 0
0 13 30 58 56 16 31 51 40 3 4 2 45 53 36 8 29 38 43 44 26 14 24 12 34 9 48 17 39 6 11 7 1 33 59 57 19 25 37 41 52 27 46 42 32 35 50 18 54 47 15 5 20 55 28 22 23 10 21 49 0
0 12 35 57 23 13 44 18 55 22 36 25 28 56 15 32 38 19 17 20 5 21 29 8 4 9 40 16 54 52 46 49 1 39 58 43 6 47 11 34 41 7 3 53 10 50 42 27 30 48 2 14 31 33 59 51 26 37 24 45 0
0 26 10 45 8 38 32 1 30 9 31 18 44 46 2 41 24 25 37 49 40 53 36 12 55 33 7 22 47 11 42 19 21 13 54 6 27 57 5 3 52 39 15 17 48 14 20 58 28 51 43 59 4 50 35 16 23 56 34 29 0
0 34 22 14 20 29 55 47 54 57 3 28 52 42 40 5 25 58 11 19 18 12 41 26 24 7 27 31 15 33 23 44 46 38 53 1 2 17 49 6 32 56 39 21 50 13 59 43 8 37 9 51 36 45 10 16 30 35 48 4 0
0 15 26 30 50 47 5 9 34 40 46 4 29 10 1 20 22 42 27 32 52 39 28 25 51 8 23 48 41 58 45 18 11 53 17 38 44 49 3 36 24 37 33 43 59 54 55 12 13 57 35 7 19 31 6 56 2 21 16 14 0
0 21 45 58 37 3 8 40 6 52 42 25 57 2 15 20 1 59 49 28 55 33 34 9 36 44 56 14 11 4 7 12 50 48 5 24 41 26 47 29 10 32 38 30 27 19 16 39 43 53 46 18 51 17 13 22 31 54 35 23 0
0 38 26 23 7 6 58 28 2 34 45 15 48 41 52 37 31 30 24 12 10 46 14 25 55 42 21 53 33 44 59 51 40 35 50 36 11 5 9 27 47 43 17 57 13 20 18 56 54 49 19 16 4 29 3 1 39 22 8 32 0
0 12 33 52 47 15 34 59 57 6 48 36 21 41 22 44 27 56 40 14 55 30 31 23 25 20 45 49 19 8 10 7 18 1 2 13 29 39 54 42 50 38 26 35 24 17 32 11 3 43 5 51 53 28 16 9 46 58 37 4 0
0 41 11 2 40 28 33 14 30 45 17 43 26 4 5 46 8 29 12 47 27 49 56 57 23 59 38 34 3 20 18 51 32 35 39 7 55 15 19 10 52 36 44 54 58 22 6 50 31 42 21 53 24 48 37 25 1 16 13 9 0
0 21 45 13 7 17 20 44 47 15 8 23 9 58 38 2 34 22 18 31 24 39 16 1 42 29 26 32 46 35 43 14 5 28 53 11 54 33 48 10 37 50 27 6 49 4 3 41 40 57 51 56 25 36 59 19 52 30 12 55 0
0 14 4 51 33 38 53 17 46 7 34 55 20 21 11 12 16 15 43 25 59 28 24 57 58 23 45 27 1 42 8 44 18 5 32 41 9 54 40 30 6 31 47 13 52 48 35 39 49 2 56 36 26 37 29 50 19 10 3 22 0
0 33 29 51 35 34 30 41 1 10 12 53 38 2 56 16 13 31 8 3 43 32 42 22 25 59 19 17 27 21 45 23 18 9 54 7 50 6 47 4 40 44 57 5 26 20 39 14 37 46 24 11 48 15 49 36 58 52 28 55 0
0 13 18 10 16 22 24 45 20 31 53 17 27 8 46 3 38 44 58 9 37 11 23 55 32 1 41 56 42 25 29 26 4 21 36 35 12 50 6 51 33 39 19 47 49 15 2 30 43 14 59 34 5 28 40 57 54 7 52 48 0
0 1 19 44 33 42 16 10 23 56 22 8 37 54 17 34 31 7 53 45 12 30 15 47 32 59 38 13 58 28 48 35 21 2 36 46 51 29 41 55 26 40 9 20 50 6 14 39 5 18 4 25 24 3 57 43 49 52 27 11 0
0 5 49 23 51 44 22 59 18 20 8 48 57 24 13 50 38 46 11 56 42 45 29 1 3 55 37 26 40 25 35 7 34 10 30 31 27 12 17 52 53 54 21 2 33 41 15 4 43 28 9 19 6 16 39 58 36 47 32 14 0
0 51 50 31 56 14 24 10 5 6 39 18 49 59 27 15 44 1 29 23 54 42 38 46 33 26 9 22 2 55 16 30 32 37 35 13 48 17 20 36 11 7 28 12 47 57 40 58 52 8 43 25 21 41 45 19 3 34 53 4 0
0 43 47 7 32 8 10 44 16 26 1 24 58 29 9 36 48 42 59 39 49 34 51 2 6 11 21 18 31 40 25 15 37 20 41 13 56 30 4 52 33 5 12 27 50 38 53 46 55 35 3 23 57 19 22 54 45 28 14 17 0
0 17 39 55 25 16 49 2 35 8 43 15 41 34 23 33 50 36 48 37 4 27 29 51 42 26 46 54 45 38 19 53 40 11 6 20 18 56 9 24 47 28 13 10 3 14 59 12 22 52 7 30 57 32 21 1 44 58 31 5 0
0 5 34 7 50 18 26 22 54 12 32 2 47 40 55 48 24 21 35 13 23 59 38 29 56 30 8 9 57 36 11 15 1 39 4 45 37 20 6 10 31 44 27 16 42 53 28 49 25 51 46 41 52 58 43 19 17 3 33 14 0
0 36 7 43 1 50 11 28 52 49 2 10 35 56 41 4 5 48 13 53 57 14 21 8 15 59 29 40 31 58 27 34 12 38 39 3 37 44 19 23 47 32 6 17 55 30 45 54 25 9 51 24 20 42 16 22 33 26 46 18 0
0 56 23 2 40 10 16 44 14 27 34 8 31 53 6 38 42 54 41 51 21 11 36 15 59 7 24 52 26 17 47 45 35 19 13 50 5 55 43 25 1 37 46 48 30 33 29 49 20 58 32 4 12 3 28 22 39 9 57 18 0
0 25 12 13 15 34 28 23 16 44 31 14 22 6 51 17 39 5 48 53 20 7 9 49 2 41 10 50 24 42 8 32 3 58 37 45 40 21 46 1 36 11 57 33 55 35 26 47 54 43 4 29 30 38 59 19 56 27 52 18 0
0 21 7 18 46 15 13 28 49 44 38 41 52 59 30 6 10 33 54 55 2 32 14 43 3 51 42 40 26 16 50 45 53 34 58 20 24 25 22 39 48 35 17 11 56 1 57 36 31 37 4 23 8 12 9 19 27 47 5 29 0
0 43 54 4 14 33 51 16 23 36 57 46 18 56 24 42 9 41 48 47 10 29 58 49 3 27 50 39 22 17 38 31 59 28 55 5 34 13 45 6 21 11 37 19 7 53 44 15 40 8 12 25 35 1 30 2 32 26 20 52 0
0 35 54 57 30 14 18 34 16 7 50 55 9 5 23 22 21 47 28 19 40 3 58 10 49 17 48 1 44 46 42 59 37 56 41 20 39 12 24 52 26 11 25 8 13 6 33 38 15 43 36 27 31 45 4 51 29 2 32 53 0
0 25 14 39 54 50 15 3 2 18 47 17 59 6 48 43 49 51 29 34 24 20 12 7 53 44 1 38 58 36 30 40 27 11 10 4 9 42 31 21 45 8 52 19 23 26 33 13 57 35 22 32 37 16 55 56 41 28 5 46 0
0 34 15 52 56 3 33 47 32 19 21 28 17 24 22 48 41 1 27 57 55 42 8 12 53 58 7 46 29 44 2 14 54 6 31 16 43 20 45 18 40 13 4 35 49 38 23 5 50 11 25 59 39 37 26 51 10 36 30 9 0
0 59 22 54 49 25 47 13 17 10 52 21 32 50 29 46 34 24 41 48 27 12 16 19 14 23 28 35 57 42 38 55 3 15 5 20 26 56 51 7 53 39 58 2 6 37 44 40 9 1 8 11 45 30 18 33 36 4 43 31 0
0 21 34 30 45 53 5 55 40 50 10 26 2 38 28 31 9 20 41 27 22 24 57 46 12 6 59 32 14 25 7 36 13 35 52 23 3 49 58 8 18 11 48 56 54 37 44 19 47 4 1 51 39 16 15 42 29 17 43 33 0
0 29 33 47 18 19 8 42 38 4 34 55 17 13 6 16 15 24 21 7 39 51 36 44 41 23 20 5 14 43 56 53 30 11 26 9 57 37 1 52 54 31 10 2 32 46 27 59 49 22 50 25 28 45 48 3 35 58 12 40 0
0 37 15 42 39 54 10 19 29 23 40 58 17 46 53 55 11 38 20 1 7 16 31 9 50 13 26 51 30 36 4 56 43 12 45 14 24 44 57 6 3 22 8 25 34 2 49 59 28 32 35 18 21 41 52 27 5 33 48 47 0
0 10 13 48 1 54 30 23 24 19 28 16 58 12 51 39 6 17 56 53 11 22 27 37 43 49 4 33 31 38 40 32 3 5 9 59 45 21 15 25 57 18 20 8 52 7 29 50 26 35 44 46 41 47 14 34 55 42 2 36 0
0 49 55 48 13 29 14 59 4 12 37 33 7 31 43 16 20 53 39 6 50 3 9 19 15 57 42 44 2 25 21 35 47 28 46 8 22 18 26 34 58 52 54 41 30 24 17 27 32 45 11 38 51 40 10 56 5 23 1 36 0
0 25 17 46 8 7 33 11 39 10 19 24 14 9 58 29 31 50 52 35 55 57 1 43 40 16 13 6 41 59 23 12 28 30 44 3 54 48 26 42 51 56 32 4 22 47 18 53 34 36 45 27 5 2 49 15 38 21 37 20 0
0 40 31 17 34 4 45 37 26 3 38 35 52 56 9 42 27 44 12 48 24 14 50 59 8 39 49 32 30 13 41 43 46 20 25 57 47 11 29 28 7 6 16 54 51 55 18 36 22 2 1 21 5 33 53 58 19 15 23 10 0
0 45 41 33 58 47 22 1 4 26 53 49 7 9 42 40 28 25 11 17 5 55 18 57 54 27 3 20 44 21 15 2 43 10 37 31 56 48 8 38 14 12 50 30 16 24 36 51 13 39 23 59 46 34 32 29 52 6 35 19 0
0 22 21 31 48 49 33 2 11 57 38 41 43 14 19 23 20 25 26 36 12 24 47 56 9 28 3 39 58 59 46 32 29 54 27 5 53 10 55 1 4 18 17 6 37 16 45 51 34 30 44 40 52 13 8 15 50 35 7 42 0
0 38 41 50 37 13 11 4 33 55 22 7 57 18 25 42 56 24 8 58 35 46 54 59 45 12 2 52 53 36 19 6 34 49 1 15 14 26 16 28 20 27 47 21 10 48 40 51 31 43 23 9 32 44 30 3 5 17 39 29 0
0 20 21 7 41 43 31 30 12 8 27 24 2 46 40 4 42 29 11 37 59 26 57 49 33 44 16 22 48 54 14 25 5 9 52 28 58 45 23 55 38 18 50 13 35 51 53 10 32 15 1 34 56 3 17 39 19 36 47 6 0
0 47 21 9 23 22 10 34 28 7 49 16 41 3 39 14 15 2 8 11 38 50 13 19 5 35 24 18 37 36 42 53 1 52 40 27 31 25 56 46 29 4 48 57 32 12 58 20 43 51 59 30 44 54 55 45 33 6 17 26 0
0 10 55 40 44 17 57 35 18 29 34 20 42 22 12 33 53 4 15 14 59 28 43 25 51 31 58 13 50 7 11 45 37 23 27 3 26 54 5 49 24 48 41 38 9 1 56 21 36 47 39 16 19 52 6 46 32 8 2 30 0
0 47 14 44 34 10 11 1 13 35 58 31 37 41 21 49 26 23 48 8 3 25 45 43 50 20 24 18 54 6 22 33 9 5 17 27 39 51 15 2 56 57 32 46 42 36 38 59 16 40 19 55 52 12 30 53 28 29 7 4 0
0 29 52 39 43 10 24 45 5 9 46 37 16 42 1 17 41 58 23 33 18 8 28 56 32 7 44 53 26 38 19 59 50 35 48 51 20 11 2 14 57 34 21 47 27 54 4 6 13 30 25 15 36 12 49 22 3 40 55 31 0
0 4 36 30 9 54 55 7 8 24 21 52 47 14 22 57 6 26 11 23 29 25 13 53 1 56 49 15 27 12 2 31 40 18 39 28 38 43 46 50 3 16 42 5 33 19 20 32 58 35 44 48 41 37 45 51 10 59 34 17 0
0 42 39 57 7 34 16 1 47 58 18 46 32 59 19 35 36 24 8 56 45 23 43 53 13 15 38 9 22 3 30 52 26 20 40 5 29 2 48 54 14 44 51 50 21 49 27 25 12 41 28 11 37 4 31 17 10 33 55 6 0
0 48 45 46 39 19 9 47 30 14 32 1 59 18 24 25 40 42 36 31 52 27 21 8 56 20 12 17 5 28 6 51 35 11 34 33 41 15 38 4 50 44 2 10 23 7 3 13 54 43 55 37 57 26 22 29 16 53 49 58 0
0 50 53 52 9 41 42 12 22 6 21 45 44 14 17 29 43 10 40 2 54 46 49 27 31 59 16 25 24 11 4 51 32 28 1 36 5 8 35 18 13 7 56 39 37 48 47 55 23 57 3 58 15 30 33 20 19 26 34 38 0
0 34 21 55 20 22 58 3 39 31 15 19 41 56 11 14 29 26 48 5 45 50 24 6 30 51 49 27 2 23 32 38 7 4 33 59 17 16 47 52 54 44 40 25 9 37 36 13 57 28 35 43 12 42 46 10 53 1 18 8 0
0 41 40 30 5 9 47 19 39 4 43 46 28 1 45 16 26 17 21 20 36 52 2 29 7 24 32 53 42 23 54 10 48 50 12 55 57 3 34 25 6 13 59 14 33 37 22 27 11 18 58 44 15 8 31 35 38 56 49 51 0
0 58 29 32 41 12 55 40 47 6 44 51 11 57 50 15 53 4 34 38 43 3 16 30 25 37 59 31 7 39 2 19 45 13 18 27 48 49 36 10 8 26 42 1 22 23 28 21 14 20 56 24 9 52 17 35 46 5 54 33 0
0 31 19 6 2 9 25 34 16 5 50 13 14 52 23 37 33 22 10 17 35 32 28 49 48 44 42 11 18 24 59 57 12 15 38 8 36 58 29 54 26 41 27 40 53 20 51 43 7 30 55 4 46 3 45 39 56 21 47 1 0
0 53 35 28 44 25 17 41 37 12 33 45 56 49 57 10 46 48 16 1 22 20 21 55 32 59 34 30 24 31 23 7 5 26 38 2 19 39 8 47 50 58 43 52 36 18 42 40 3 9 11 27 29 54 14 13 4 51 6 15 0
0 3 7 22 50 32 17 11 23 38 44 56 2 5 40 28 21 15 19 59 53 49 52 31 30 34 9 20 12 10 45 4 39 25 54 8 48 35 14 29 47 27 57 51 13 36 58 26 18 24 46 6 1 41 33 43 42 16 55 37 0
0 2 29 33 6 26 30 51 8 19 10 13 32 18 34 27 15 37 3 53 39 45 7 42 56 20 38 22 54 46 16 5 35 4 58 41 1 50 23 11 59 36 43 49 55 21 48 44 25 57 40 14 52 28 24 12 17 31 47 9 0
0 50 33 14 26 29 22 41 39 34 6 56 37 5 2 15 32 51 54 38 52 24 49 40 53 57 45 47 1 23 9 21 28 13 17 30 10 43 12 8 27 48 31 36 59 16 42 19 58 46 55 35 18 3 4 7 20 44 25 11 0
0 36 4 18 14 3 59 13 28 51 57 9 24 27 33 23 44 1 52 41 53 6 17 29 15 42 2 39 58 16 21 12 10 54 37 40 30 22 5 11 48 43 47 45 25 49 34 38 46 8 50 31 20 19 32 55 56 35 7 26 0
0 7 14 2 51 44 19 18 48 8 9 58 37 36 17 56 42 21 12 54 55 24 11 49 33 41 52 25 39 30 31 32 28 26 45 10 46 57 35 43 23 59 20 34 38 13 53 1 15 4 47 3 22 50 27 29 16 40 5 6 0
0 16 13 54 24 51 40 22 34 29 19 50 25 3 15 46 12 26 35 9 43 5 53 36 32 2 7 45 52 39 30 42 59 57 27 11 28 20 21 56 1 18 10 17 31 4 8 14 6 49 23 41 55 44 33 48 37 47 38 58 0
0 12 51 22 49 10 50 47 30 8 21 34 43 33 52 56 29 27 23 9 48 26 1 31 11 16 42 53 18 7 54 39 37 25 6 4 17 41 35 36 13 32 57 44 59 46 45 55 5 38 15 14 20 2 40 19 58 28 24 3 0
0 33 18 34 27 22 24 4 23 16 6 1 8 5 14 17 42 3 13 56 11 38 36 59 19 44 46 52 55 58 15 50 51 31 47 28 48 43 26 21 12 9 45 2 32 7 40 10 37 35 20 54 41 30 49 29 25 39 53 57 0
0 48 44 17 20 40 7 36 26 28 24 29 37 38 6 43 16 10 4 22 52 57 8 35 50 11 21 45 5 47 41 9 1 14 12 34 55 49 58 25 3 27 18 15 32 51 39 53 23 42 13 30 59 46 33 19 54 2 31 56 0
0 25 23 32 33 26 19 21 38 41 37 22 8 12 59 54 18 3 57 20 9 28 47 34 50 6 4 27 35 24 17 51 49 1 42 31 52 48 14 16 11 10 46 5 40 58 15 13 43 56 2 53 36 30 44 7 39 45 29 55 0
0 51 38 12 50 24 11 9 27 56 34 1 31 10 59 13 16 29 42 33 32 8 5 25 37 53 28 3 43 19 35 7 46 23 49 15 20 14 54 40 21 45 47 22 18 41 58 55 57 44 17 4 36 2 39 52 26 30 48 6 0
0 54 41 35 42 39 27 1 14 6 12 26 19 23 33 16 4 44 55 9 43 20 24 47 29 36 51 57 40 21 10 59 25 2 7 18 45 56 3 5 22 8 30 38 52 15 48 31 28 49 50 17 58 37 34 11 46 13 32 53 0
0 44 1 57 58 24 51 41 15 25 13 38 8 29 3 36 40 21 14 53 46 33 17 22 2 5 19 43 54 7 6 56 39 37 27 11 42 49 12 16 48 55 9 35 28 4 20 31 45 10 34 26 32 50 18 30 59 23 47 52 0
0 54 11 56 41 29 31 1 19 57 9 34 30 13 20 28 25 58 15 10 44 55 53 23 18 2 4 22 24 38 16 50 40 12 47 21 32 14 59 45 49 42 43 46 5 27 37 36 35 8 48 51 52 26 6 17 33 39 3 7 0
0 9 18 27 52 17 8 34 37 16 58 59 13 36 57 54 47 39 35 29 24 44 48 55 56 21 30 31 50 7 45 51 22 33 2 28 43 40 10 23 1 53 15 6 12 4 14 20 25 38 46 32 26 19 5 42 41 49 11 3 0
0 7 53 39 43 55 27 6 24 9 3 42 38 16 22 17 50 57 54 44 49 14 52 23 35 25 48 41 58 12 34 21 56 45 37 2 47 30 8 40 33 59 36 1 19 32 13 20 5 18 4 31 15 10 46 51 29 26 28 11 0
0 6 52 18 49 31 54 3 8 17 59 16 21 46 25 51 32 44 24 26 56 11 20 58 57 55 34 5 48 41 43 22 13 15 36 38 37 23 10 45 28 33 7 30 14 40 29 19 1 35 4 27 39 47 2 42 12 9 53 50 0
0 7 57 35 6 59 21 20 25 4 42 56 37 38 58 53 16 29 15 11 55 10 9 32 43 47 13 52 24 48 8 17 14 26 27 40 41 3 5 23 12 49 39 31 33 50 19 2 36 18 28 34 51 45 46 30 44 1 54 22 0
0 59 14 29 25 2 53 28 52 30 40 11 58 41 33 22 38 46 21 37 19 47 20 57 35 13 7 55 6 36 27 12 48 18 15 42 1 26 24 56 45 50 44 32 39 4 9 8 3 34 5 51 31 54 23 43 17 49 16 10 0
0 42 9 33 56 14 5 49 11 37 43 20 40 45 47 32 17 52 59 3 31 27 15 24 54 38 30 55 23 29 6 18 19 44 46 36 8 2 58 34 21 22 7 16 4 13 57 25 39 28 53 41 12 1 48 26 10 50 35 51 0
0 20 9 41 43 7 21 27 40 19 45 37 2 42 26 49 13 1 5 44 12 59 33 36 34 31 56 15 58 11 52 38 24 18 16 25 28 3 54 17 51 46 29 14 30 39 55 4 35 22 48 10 50 6 23 53 57 47 8 32 0
0 59 34 43 30 53 1 40 55 12 19 14 17 38 24 48 37 3 13 31 56 54 18 27 52 10 39 35 20 25 57 16 36 22 6 47 29 26 49 4 41 5 50 51 58 44 8 15 21 46 11 23 28 33 32 2 45 7 42 9 0
0 3 18 7 35 32 6 17 16 30 53 38 44 28 21 24 20 14 45 43 39 41 48 34 58 42 4 19 59 55 15 9 51 25 1 29 52 33 2 31 40 11 50 57 56 12 47 36 5 27 54 46 23 37 26 13 8 10 49 22 0
0 19 53 58 28 1 42 48 18 26 55 57 45 35 21 10 29 25 36 12 50 13 20 56 17 11 4 40 9 15 5 23 49 41 6 34 38 2 30 33 27 32 3 51 7 14 47 59 22 39 31 37 46 43 54 24 16 8 44 52 0
0 7 32 46 15 21 55 12 22 28 9 14 8 17 59 58 3 53 44 27 52 13 4 40 16 47 11 1 41 5 20 34 36 48 45 31 54 57 19 26 35 38 29 37 39 24 51 6 18 50 42 56 30 43 2 10 49 33 23 25 0
0 34 45 19 2 58 50 5 53 9 14 32 46 8 39 29 43 56 1 21 38 40 47 42 41 18 27 54 12 20 52 37 16 10 55 44 59 31 30 51 48 25 24 36 28 22 33 15 23 57 3 26 17 4 49 35 6 11 13 7 0
0 39 18 37 47 9 15 3 28 17 55 21 6 53 19 50 4 7 22 2 1 46 24 32 11 23 45 36 33 43 31 34 40 38 16 29 42 48 13 41 56 52 54 44 59 20 5 12 58 25 51 8 14 49 26 30 27 57 10 35 0
0 10 1 30 46 15 4 41 7 49 16 58 24 55 27 59 38 28 43 5 12 23 50 14 39 17 11 31 6 47 21 3 42 56 9 33 45 48 26 34 29 44 8 32 52 13 40 37 22 25 54 36 51 18 19 20 53 35 57 2 0
0 19 58 41 23 54 14 6 34 17 52 59 5 24 22 37 49 2 46 38 26 9 50 47 11 27 30 57 32 25 45 18 56 3 39 1 40 10 48 44 7 4 15 28 13 51 29 42 8 53 36 20 16 55 21 31 43 33 35 12 0
0 2 33 42 24 1 45 13 55 26 32 10 48 39 53 30 35 58 22 49 51 46 9 15 56 36 41 21 7 23 28 59 16 43 4 38 37 12 18 19 25 50 31 5 14 34 17 29 57 44 8 52 6 27 54 20 40 11 47 3 0
0 30 33 43 15 24 40 28 53 9 18 20 59 46 41 1 26 48 10 7 45 13 14 56 57 52 34 39 50 17 8 44 38 5 36 37 51 23 58 12 16 29 55 3 32 25 11 6 22 21 42 35 4 19 31 27 47 49 2 54 0
0 57 49 54 21 15 51 8 50 33 42 36 41 25 2 52 35 26 19 55 6 3 53 1 30 12 46 16 14 29 24 22 47 40 56 48 34 27 23 9 5 28 43 17 4 37 39 32 38 20 44 13 10 18 31 7 45 58 59 11 0
0 2 21 58 3 52 15 35 1 6 57 53 38 18 5 26 47 27 7 14 44 49 13 48 59 33 50 11 24 20 19 4 45 39 40 28 23 17 36 29 43 37 31 12 34 22 32 56 41 10 54 30 42 8 9 55 46 16 25 51 0
0 2 38 15 23 11 8 39 12 34 49 28 13 9 40 5 35 29 58 25 17 45 33 36 51 55 26 48 59 18 21 47 44 22 46 20 37 4 32 50 10 30 3 16 14 57 53 54 43 7 1 24 56 6 19 41 52 27 42 31 0
0 36 19 2 57 10 23 24 37 9 4 38 14 6 45 20 47 35 13 55 12 49 16 15 18 41 34 39 8 28 59 44 53 22 5 54 51 25 58 42 11 56 3 52 33 50 7 29 46 48 27 32 40 17 31 43 26 21 30 1 0
0 33 15 51 39 1 16 56 6 37 30 2 28 25 17 55 45 53 3 8 23 57 43 42 5 12 44 22 11 13 50 58 29 26 48 32 59 31 47 46 52 35 36 27 7 4 34 18 9 24 14 21 20 19 38 49 40 41 54 10 0
0 37 51 41 47 59 50 22 31 29 32 4 15 38 19 39 5 16 23 12 14 44 45 3 52 8 55 26 46 58 56 17 28 49 42 27 10 21 48 57 43 9 36 25 13 54 11 34 18 6 2 7 20 30 1 53 40 35 33 24 0
0 43 7 41 12 32 13 35 21 38 1 9 8 48 44 5 6 28 31 17 39 4 18 49 24 29 59 19 40 2 36 27 20 22 51 42 15 55 34 52 47 16 30 45 23 57 46 58 33 37 53 50 14 54 11 10 56 3 26 25 0
0 11 29 56 36 7 13 39 23 16 18 49 50 32 41 31 57 46 58 34 51 12 14 59 9 33 20 43 55 6 52 44 53 2 1 40 25 4 21 42 8 10 19 30 27 24 48 47 45 5 28 37 17 54 35 22 38 3 15 26 0
0 20 59 9 10 14 45 43 39 18 42 38 54 55 26 6 33 7 13 52 28 44 4 15 57 17 29 40 21 8 11 32 27 25 41 58 31 49 5 12 36 3 47 30 46 51 19 56 37 2 48 35 50 34 16 1 53 22 24 23 0
0 55 2 50 52 53 19 16 38 47 25 26 39 41 18 59 10 3 30 40 12 32 1 5 51 28 4 15 31 34 42 27 7 58 17 9 22 13 43 29 20 14 56 11 21 35 37 54 36 8 46 57 24 6 48 23 33 44 49 45 0
0 32 6 18 59 13 42 45 44 47 35 30 49 53 51 26 58 4 3 5 15 33 57 11 20 50 43 27 1 34 9 55 56 39 8 16 19 46 7 38 2 48 14 23 10 21 37 36 17 41 22 54 52 29 28 24 12 40 25 31 0
0 32 9 52 8 30 22 5 35 41 18 34 6 19 3 20 36 43 47 10 2 38 25 16 31 4 48 14 1 33 55 37 56 12 27 57 54 59 46 11 42 28 40 49 44 13 17 24 7 21 29 45 51 58 39 23 50 53 26 15 0
0 15 29 1 11 47 49 19 5 6 2 18 44 14 3 43 13 8 58 51 9 59 54 57 26 27 10 48 34 20 23 4 28 42 33 31 41 46 7 30 35 12 39 52 25 32 37 45 38 40 17 16 36 21 53 50 56 22 55 24 0
0 43 17 45 26 50 4 57 47 46 23 21 34 5 19 51 6 11 3 24 53 8 13 32 27 7 33 41 15 16 39 56 30 52 12 55 31 40 48 37 1 9 25 44 58 2 18 14 54 10 49 22 59 42 35 36 20 38 29 28 0
0 24 15 20 30 48 13 11 56 10 29 49 47 44 8 45 36 4 35 50 41 23 22 53 54 14 58 57 2 27 43 52 31 17 5 18 21 51 46 19 6 7 38 1 26 3 42 34 39 59 33 32 37 55 12 40 9 25 28 16 0
0 56 24 48 14 36 59 50 25 23 43 57 10 39 40 3 37 32 26 47 55 16 42 31 22 15 41 13 5 27 1 18 17 6 35 34 38 45 21 33 53 12 19 30 7 44 8 46 9 49 52 11 28 2 58 54 51 20 4 29 0
0 20 5 48 38 22 32 2 9 51 53 50 58 4 3 17 49 27 57 33 6 26 35 15 24 7 31 11 1 37 16 21 44 23 12 10 39 42 14 18 30 28 56 59 40 54 36 13 52 47 8 29 55 46 45 25 43 41 34 19 0
0 44 45 59 42 39 15 25 33 32 6 54 34 14 37 49 26 29 1 53 16 55 12 31 51 17 19 21 20 3 41 48 24 58 18 11 2 56 40 46 22 9 35 8 52 4 57 5 47 28 30 27 43 13 38 36 7 10 50 23 0
0 13 42 48 7 24 46 8 47 22 58 36 4 59 12 43 2 18 16 53 38 10 39 40 51 52 54 31 9 5 17 15 19 30 37 33 20 34 50 35 49 44 55 57 23 1 28 3 32 6 41 45 14 56 21 27 25 29 26 11 0
0 48 38 21 12 57 20 44 37 49 19 22 1 56 11 55 24 31 6 50 27 47 7 34 35 18 28 52 26 8 59 54 4 42 23 15 13 29 17 45 10 30 40 14 16 41 58 32 36 51 2 53 9 33 5 46 3 25 43 39 0
0 55 10 32 56 45 19 13 7 18 43 15 2 34 6 47 25 58 27 51 39 37 1 29 3 44 41 57 59 20 26 23 11 31 38 48 17 14 42 52 16 22 35 28 4 46 12 49 50 8 33 24 40 30 54 9 21 5 36 53 0
0 18 38 12 23 15 10 11 49 6 51 40 28 43 24 35 32 30 20 4 9 27 46 58 31 14 44 34 37 1 25 57 52 54 17 2 22 16 47 36 50 8 59 53 41 13 55 29 19 7 26 3 5 33 48 42 56 21 39 45 0
0 39 7 3 51 23 40 18 49 12 35 14 15 47 2 33 36 53 41 6 8 25 31 45 24 29 1 50 13 54 52 11 46 4 5 42 19 55 30 56 48 57 37 58 34 59 27 21 44 10 16 26 38 43 32 22 28 9 20 17 0
0 51 23 56 43 1 47 15 12 57 2 52 27 10 46 40 20 29 24 55 53 41 3 49 50 19 33 14 8 5 18 48 7 38 28 45 17 35 9 21 44 11 36 32 31 13 58 6 30 39 16 22 4 25 54 42 37 26 34 59 0
0 46 51 20 19 21 6 43 47 7 11 48 29 1 8 39 22 9 38 36 26 54 44 4 15 18 10 30 25 28 53 27 17 52 16 45 34 5 12 55 57 50 41 24 3 56 33 42 35 37 58 31 40 13 32 49 14 2 23 59 0
0 5 50 36 1 35 6 39 27 48 47 38 28 18 23 7 43 55 2 11 33 25 54 9 21 12 46 16 10 30 34 3 29 42 44 4 8 37 58 20 59 32 41 13 40 49 22 15 57 51 56 52 53 17 26 24 14 19 45 31 0
0 7 15 50 20 24 8 18 34 37 39 16 58 22 11 9 48 6 28 33 45 30 43 10 35 40 23 49 57 4 13 36 47 59 25 27 53 42 32 19 17 2 3 12 56 21 29 26 52 54 41 51 38 14 55 5 46 31 1 44 0
0 49 15 4 16 44 2 59 51 43 19 3 5 35 29 55 8 56 38 32 28 52 11 13 39 18 23 20 26 53 48 41 1 25 17 27 50 9 33 14 54 31 21 46 47 37 30 6 7 36 34 57 42 12 58 10 40 22 24 45 0
0 25 46 36 13 42 41 48 9 10 5 7 51 19 29 57 28 50 20 34 59 4 6 58 18 22 1 14 16 33 31 21 27 17 44 12 52 24 15 8 32 53 2 55 54 40 35 26 39 23 56 43 47 38 49 11 3 37 45 30 0
