# n n_solutions
40 1000
# n x n distance matrix
0 2459 7731 2012 8602 5333 6711 3244 6603 9305 3397 7920 6016 4870 7060 7696 1749 7203 9533 7158 9794 6958 10072 6224 7529 9420 10804 6736 4964 5578 9128 6676 9617 4001 7800 10153 9235 7106 2061 11060
2459 0 5787 2039 8570 5721 8004 3820 5720 7433 3601 7558 6700 3612 7905 8161 728 8115 7871 5458 9527 4704 8720 5980 6518 9284 9693 4846 5500 6549 8575 7505 8324 2059 9192 8937 8287 5470 632 10217
7731 5787 0 5903 6854 6341 9449 6229 3500 1655 5692 5462 7366 3228 8417 7742 6403 8699 2343 1063 6942 1788 3716 5099 3324 7088 5059 1000 6545 7860 5590 8132 3544 3785 10547 4205 4400 1280 5824 6100
2012 2039 5903 0 6888 3807 5966 1800 4604 7416 1676 6060 4716 2886 5900 6258 1824 6100 7570 5234 7987 5408 8062 4382 5522 7666 8797 4904 3535 4517 7218 5500 7605 2416 7156 8141 7242 5162 1414 9090
8602 8570 6854 6888 0 3324 4609 5360 3551 7000 5247 1392 3130 5414 3106 1800 8640 3300 6155 5851 1392 8125 5103 2596 3534 860 4554 6525 3748 3939 1878 3157 4701 7170 5162 4614 3301 5629 8077 3811
5333 5721 6341 3807 3324 0 3114 2102 3101 7244 2137 3008 1118 3551 2340 2451 5629 2600 6830 5300 4622 6920 6519 1603 3883 4172 6661 5586 447 1526 4308 1969 6020 4876 4252 6300 5024 5103 5147 6451
6711 8004 9449 5966 4609 3114 0 4237 6105 10272 4609 5196 2109 6606 1503 2816 7679 1334 9750 8402 5953 10000 9176 4477 6754 5360 8980 8700 2983 1640 6319 1529 8697 7694 1208 8829 7472 8200 7375 8400
3244 3820 6229 1800 5360 2102 4237 0 3883 7513 538 4763 2927 3007 4101 4522 3612 4301 7402 5336 6579 6242 7531 3080 4827 6184 8005 5291 1772 2729 6021 3701 7040 3560 5442 7472 6369 5197 3206 8062
6603 5720 3500 4604 3551 3101 6105 3883 0 4167 3448 2202 3996 2147 4957 4243 6014 5239 3736 2441 4060 4588 3649 1640 948 4001 4205 3008 3420 4609 2915 4701 3157 3939 7140 3605 2640 2220 5381 4525
9305 7433 1655 7416 7000 7244 10272 7513 4167 0 6987 5672 8163 4604 9080 8207 8036 9360 1100 2202 6754 3252 2700 5798 3612 7032 4101 2596 7523 8765 5412 8848 2745 5412 11289 3306 3992 2319 7446 5315
3397 3601 5692 1676 5247 2137 4609 538 3448 6987 0 4525 3101 2469 4318 4588 3492 4539 6900 4805 6403 5720 7083 2828 4396 6046 7615 4753 1900 3036 5748 3920 6596 3106 5817 7051 5993 4669 3014 7738
7920 7558 5462 6060 1392 3008 5196 4763 2202 5672 4525 0 3301 4197 3764 2641 7717 4016 4891 4459 1969 6746 4031 1697 2147 1811 3805 5141 3453 4110 1300 3667 3577 5990 5980 3640 2280 4237 7119 3448
6016 6700 7366 4716 3130 1118 2109 2927 3996 8163 3101 3301 0 4664 1236 1720 6537 1486 7655 6312 4518 8021 7158 2370 4661 3982 7100 6652 1204 824 4539 854 6670 5977 3182 6859 5522 6107 6103 6691
4870 3612 3228 2886 5414 3551 6606 3007 2147 4604 2469 4197 4664 0 5859 5578 3982 6129 4687 2402 6140 3397 5235 2915 2906 6001 6107 2284 3623 4967 5056 5507 4802 1802 7780 5382 4675 2302 3342 6606
7060 7905 8417 5900 3106 2340 1503 4101 4957 9080 4318 3764 1236 5859 0 1315 7710 282 8472 7355 4455 9180 7783 3324 5491 3863 7513 7762 2433 1486 4837 400 7316 7212 2236 7404 6044 7142 7300 6900
7696 8161 7742 6258 1800 2451 2816 4522 4243 8207 4588 2641 1720 5578 1315 0 8080 1500 7500 6684 3140 8723 6664 2731 4596 2549 6281 7206 2751 2408 3590 1431 6217 7144 3395 6239 4884 6463 7595 5608
1749 728 6403 1824 8640 5629 7679 3612 6014 8036 3492 7717 6537 3982 7710 8080 0 7902 8416 6000 9674 5400 9180 6082 6862 9391 10089 5440 5359 6300 8800 7310 8765 2624 8845 9360 8627 5993 640 10538
7203 8115 8699 6100 3300 2600 1334 4301 5239 9360 4539 4016 1486 6129 282 1500 7902 0 8746 7637 4627 9457 8041 3606 5768 4031 7746 8043 2668 1627 5063 632 7576 7462 1969 7653 6293 7424 7505 7106
9533 7871 2343 7570 6155 6830 9750 7402 3736 1100 6900 4891 7655 4687 8472 7500 8416 8746 0 2416 5779 4104 1600 5292 2996 6103 3001 3080 7156 8321 4465 8276 1676 5813 10704 2209 3001 2435 7800 4218
7158 5458 1063 5234 5851 5300 8402 5336 2441 2202 4805 4459 6312 2402 7355 6684 6000 7637 2416 0 6040 2402 3405 4036 2353 6138 4614 854 5522 6824 4709 7072 3106 3400 9492 3773 3667 223 5385 5502
9794 9527 6942 7987 1392 4622 5953 6579 4060 6754 6403 1969 4518 6140 4455 3140 9674 4627 5779 6040 0 8421 4468 3605 3705 600 3605 6811 5060 5331 1360 4535 4161 7940 6407 3889 2778 5830 9082 2624
6958 4704 1788 5408 8125 6920 10000 6242 4588 3252 5720 6746 8021 3397 9180 8723 5400 9457 4104 2402 8421 0 5503 5993 4716 8485 6834 1612 7017 8362 7102 8848 5314 3008 11166 5980 6053 2600 4916 7833
10072 8720 3716 8062 5103 6519 9176 7531 3649 2700 7083 4031 7158 5235 7783 6664 9180 8041 1600 3405 4468 5503 0 4916 2716 4879 1403 4220 6906 7907 3264 7653 500 6684 10008 632 1802 3324 8544 2630
6224 5980 5099 4382 2596 1603 4477 3080 1640 5798 2828 1697 2370 2915 3324 2731 6082 3606 5292 4036 3605 5993 4916 0 2308 3310 5099 4494 2002 3036 2941 3061 4418 4609 5500 4704 3452 3820 5503 5008
7529 6518 3324 5522 3534 3883 6754 4827 948 3612 4396 2147 4661 2906 5491 4596 6862 5768 2996 2353 3705 4716 2716 2308 0 3785 3275 3106 4242 5344 2408 5283 2220 4632 7717 2657 1769 2137 6224 3701
9420 9284 7088 7666 860 4172 5360 6184 4001 7032 6046 1811 3982 6001 3863 2549 9391 4031 6103 6138 600 8485 4879 3310 3785 0 4118 6873 4601 4785 1640 3956 4534 7787 5807 4327 3124 5922 8813 3201
10804 9693 5059 8797 4554 6661 8980 8005 4205 4101 7615 3805 7100 6107 7513 6281 10089 7746 3001 4614 3605 6834 1403 5099 3275 4118 0 5458 7085 7900 2692 7454 1523 7710 9676 854 1649 4494 9449 1300
6736 4846 1000 4904 6525 5586 8700 5291 3008 2596 4753 5141 6652 2284 7762 7206 5440 8043 3080 854 6811 1612 4220 4494 3106 6873 5458 0 5748 7083 5500 7451 3944 2816 9831 4614 4511 1019 4850 6356
4964 5500 6545 3535 3748 447 2983 1772 3420 7523 1900 3453 1204 3623 2433 2751 5359 2668 7156 5522 5060 7017 6906 2002 4242 4601 7085 5748 0 1345 4753 2039 6407 4810 4161 6706 5445 5333 4909 6894
5578 6549 7860 4517 3939 1526 1640 2729 4609 8765 3036 4110 824 4967 1486 2408 6300 1627 8321 6824 5331 8362 7907 3036 5344 4785 7900 7083 1345 0 5360 1118 7414 6083 2830 7632 6307 6628 5930 7513
9128 8575 5590 7218 1878 4308 6319 6021 2915 5412 5748 1300 4539 5056 4837 3590 8800 5063 4465 4709 1360 7102 3264 2941 2408 1640 2692 5500 4753 5360 0 4804 2900 6854 6985 2745 1486 4504 8184 2158
6676 7505 8132 5500 3157 1969 1529 3701 4701 8848 3920 3667 854 5507 400 1431 7310 632 8276 7072 4535 8848 7653 3061 5283 3956 7454 7451 2039 1118 4804 0 7178 6830 2441 7300 5943 6862 6900 6906
9617 8324 3544 7605 4701 6020 8697 7040 3157 2745 6596 3577 6670 4802 7316 6217 8765 7576 1676 3106 4161 5314 500 4418 2220 4534 1523 3944 6407 7414 2900 7178 0 6303 9545 670 1414 3000 8127 2601
4001 2059 3785 2416 7170 4876 7694 3560 3939 5412 3106 5990 5977 1802 7212 7144 2624 7462 5813 3400 7940 3008 6684 4609 4632 7787 7710 2816 4810 6083 6854 6830 6303 0 8900 6931 6382 3413 2039 8323
7800 9192 10547 7156 5162 4252 1208 5442 7140 11289 5817 5980 3182 7780 2236 3395 8845 1969 10704 9492 6407 11166 10008 5500 7717 5807 9676 9831 4161 2830 6985 2441 9545 8900 0 9613 8254 9284 8561 8967
10153 8937 4205 8141 4614 6300 8829 7472 3605 3306 7051 3640 6859 5382 7404 6239 9360 7653 2209 3773 3889 5980 632 4704 2657 4327 854 4614 6706 7632 2745 7300 670 6931 9613 0 1360 3661 8720 2009
9235 8287 4400 7242 3301 5024 7472 6369 2640 3992 5993 2280 5522 4675 6044 4884 8627 6293 3001 3667 2778 6053 1802 3452 1769 3124 1649 4511 5445 6307 1486 5943 1414 6382 8254 1360 0 3492 7990 1941
7106 5470 1280 5162 5629 5103 8200 5197 2220 2319 4669 4237 6107 2302 7142 6463 5993 7424 2435 223 5830 2600 3324 3820 2137 5922 4494 1019 5333 6628 4504 6862 3000 3413 9284 3661 3492 0 5371 5348
2061 632 5824 1414 8077 5147 7375 3206 5381 7446 3014 7119 6103 3342 7300 7595 640 7505 7800 5385 9082 4916 8544 5503 6224 8813 9449 4850 4909 5930 8184 6900 8127 2039 8561 8720 7990 5371 0 9903
11060 10217 6100 9090 3811 6451 8400 8062 4525 5315 7738 3448 6691 6606 6900 5608 10538 7106 4218 5502 2624 7833 2630 5008 3701 3201 1300 6356 6894 7513 2158 6906 2601 8323 8967 2009 1941 5348 9903 0
# set of given starting solutions
0 19 27 21 12 32 9 36 15 11 2 34 16 10 3 5 26 24 7 29 35 13 23 18 20 25 6 33 30 39 4 14 37 31 38 8 17 22 1 28 0
0 23 29 3 33 15 20 4 22 5 9 8 13 39 14 19 12 17 31 25 18 36 34 30 16 6 7 26 10 32 37 11 27 1 2 35 21 28 38 24 0
0 19 3 20 39 23 36 11 6 9 32 27 14 29 22 28 8 24 15 31 35 16 17 7 18 21 5 38 25 1 12 13 2 10 4 34 30 33 26 37 0
0 38 27 23 22 39 20 32 1 7 37 34 13 18 8 17 19 21 28 25 12 33 4 35 36 9 14 31 5 26 6 3 30 11 15 10 24 29 16 2 0
0 4 6 34 36 12 38 10 16 17 13 26 3 32 1 2 25 11 23 31 14 19 22 9 20 7 39 37 5 21 24 27 30 15 33 8 29 18 28 35 0
0 12 31 13 10 34 36 26 7 18 3 1 35 24 20 8 17 4 28 5 25 27 23 33 6 38 39 11 15 21 2 30 9 32 29 14 37 19 16 22 0
0 32 14 17 38 11 16 31 2 15 4 28 5 6 9 21 19 35 36 34 18 27 33 7 39 10 24 30 20 12 3 13 8 26 23 25 37 1 29 22 0
0 35 4 28 9 5 16 15 12 34 33 18 7 1 37 32 24 27 21 31 8 17 10 6 20 36 14 19 30 29 13 25 26 23 3 2 39 38 22 11 0
0 2 3 16 14 27 23 19 25 36 37 6 38 7 26 29 1 28 12 20 5 17 11 31 18 15 35 9 4 30 39 13 22 32 10 21 33 34 8 24 0
0 36 25 21 2 9 3 23 19 22 18 7 37 38 12 17 27 28 14 24 33 35 4 5 30 39 10 11 34 8 13 16 1 26 29 15 32 31 20 6 0
0 38 2 27 35 19 32 3 8 39 25 29 18 15 9 13 17 5 33 30 7 1 14 10 36 31 24 22 28 4 23 12 11 6 34 21 20 37 26 16 0
0 37 32 24 6 8 13 27 11 3 16 4 14 9 22 23 5 21 7 2 10 1 39 34 18 25 17 28 36 38 26 35 15 30 12 33 19 29 31 20 0
0 22 35 8 12 5 16 20 10 4 23 11 39 9 2 6 31 21 28 19 13 1 33 18 3 25 15 32 27 38 26 36 17 29 24 37 14 30 7 34 0
0 13 8 32 35 36 6 22 37 16 34 15 19 39 2 30 24 27 26 20 29 7 21 4 25 1 9 31 10 14 33 17 12 11 38 3 5 18 28 23 0
0 16 14 18 9 26 33 39 32 37 7 34 23 19 38 22 24 3 2 25 28 29 30 8 1 27 6 36 15 21 20 35 11 4 31 12 13 5 17 10 0
0 15 14 25 1 35 29 11 9 17 5 28 8 13 39 37 30 21 34 24 10 12 33 19 4 27 7 3 22 36 6 20 2 32 38 23 31 26 16 18 0
0 16 36 10 14 25 31 33 19 6 3 28 7 5 20 8 11 30 2 39 35 12 29 22 24 15 37 4 23 9 1 32 13 26 34 21 17 18 27 38 0
0 30 37 21 23 33 10 12 17 2 39 6 35 15 31 26 16 28 22 38 8 24 14 29 27 19 1 5 3 11 18 36 20 25 7 4 32 13 9 34 0
0 4 13 39 19 14 11 5 32 1 26 25 38 20 16 27 29 37 34 10 9 33 2 12 31 6 8 36 17 24 30 23 21 35 15 3 22 7 28 18 0
0 5 17 3 10 22 19 24 26 21 35 30 16 34 25 37 2 29 6 15 9 28 8 1 4 31 33 32 27 38 13 23 12 7 11 20 39 36 18 14 0
0 31 13 21 5 37 19 2 26 17 10 38 14 1 28 39 8 22 34 6 27 15 12 30 11 4 32 35 9 20 18 3 24 29 16 36 33 23 7 25 0
0 33 39 27 2 36 7 35 25 21 15 16 24 10 1 9 8 3 12 31 23 28 30 4 26 34 18 5 22 6 29 20 38 17 19 32 14 37 11 13 0
0 16 25 31 15 9 30 35 32 23 38 10 19 7 13 12 3 34 21 36 18 20 29 39 24 11 2 27 8 1 14 33 5 37 28 17 22 6 26 4 0
0 36 28 32 26 8 19 3 21 24 37 34 9 13 20 23 38 2 4 25 31 29 17 27 15 1 30 33 35 22 10 12 14 6 7 16 18 5 11 39 0
0 19 33 27 11 25 29 30 8 14 18 38 37 9 31 10 39 4 15 1 23 7 26 5 6 13 24 36 28 17 32 35 16 12 22 3 34 2 21 20 0
0 6 32 29 8 1 20 38 13 27 36 26 14 15 4 35 18 28 10 21 2 34 24 31 12 30 25 22 3 17 7 16 23 9 11 39 37 19 33 5 0
0 10 2 23 14 22 6 20 25 12 8 13 24 31 21 3 29 27 18 30 37 28 15 1 16 26 4 9 7 11 33 5 34 35 19 39 17 38 32 36 0
0 10 33 11 17 21 31 37 9 7 32 38 26 28 3 13 16 14 6 23 35 27 34 36 19 4 25 30 24 2 22 5 12 39 20 18 1 8 15 29 0
0 12 31 10 22 16 27 3 32 30 19 23 29 39 28 18 13 20 34 5 15 21 1 7 11 24 25 6 36 38 8 26 35 14 33 17 4 9 2 37 0
0 36 20 37 30 7 25 16 32 14 33 38 24 11 3 27 29 28 6 10 12 4 22 1 35 2 13 15 34 39 9 31 19 23 18 8 5 21 17 26 0
0 9 15 17 8 7 30 39 29 4 25 18 6 23 28 10 11 5 35 2 31 26 13 3 27 22 1 12 19 21 34 32 20 24 16 36 14 38 37 33 0
0 8 19 31 4 6 25 7 20 16 15 26 2 5 28 33 29 17 36 34 27 12 21 30 23 18 38 39 11 14 3 10 1 35 9 22 24 13 32 37 0
0 17 26 4 29 32 25 10 18 16 33 7 38 37 27 8 22 31 11 35 9 15 12 3 1 34 13 2 30 14 21 6 39 5 24 20 19 36 28 23 0
0 3 34 38 25 30 35 9 11 31 33 16 39 27 8 10 24 19 4 18 2 7 6 23 26 37 17 12 1 29 32 15 20 13 21 14 22 36 5 28 0
0 21 15 29 28 17 9 36 3 34 8 20 12 22 14 31 11 7 37 26 16 24 35 2 25 33 13 4 38 10 19 30 5 27 39 1 6 23 18 32 0
0 27 17 3 15 22 35 33 26 39 38 36 30 4 13 6 31 9 19 1 10 34 28 20 24 14 2 29 8 12 25 11 16 32 18 7 23 21 37 5 0
0 3 15 25 31 19 6 18 39 10 38 35 5 8 26 33 13 4 29 9 28 21 12 22 24 14 20 30 37 32 23 11 16 34 7 1 27 17 36 2 0
0 35 4 15 8 16 17 14 12 32 28 34 5 2 21 39 13 25 11 18 3 20 36 23 19 22 7 37 6 29 10 38 26 33 30 1 31 27 9 24 0
0 32 26 34 9 3 6 27 39 16 7 18 33 30 37 22 21 8 17 29 2 38 35 14 1 19 31 36 28 15 11 23 20 25 10 24 4 13 5 12 0
0 29 26 36 15 25 4 11 23 5 10 16 17 14 18 7 24 19 31 30 3 37 39 13 38 9 35 2 21 22 20 33 6 12 34 8 32 27 1 28 0
0 35 24 27 28 21 26 34 39 32 16 29 19 14 8 13 1 17 20 12 2 33 38 36 15 3 11 37 7 25 4 5 6 22 31 18 10 9 23 30 0
0 24 10 23 30 27 17 12 9 34 6 37 20 15 31 19 29 32 8 18 1 25 33 4 11 13 21 26 38 3 7 16 22 5 28 36 2 39 35 14 0
0 11 3 10 37 7 14 38 28 1 30 35 24 25 34 17 39 15 13 20 16 9 8 18 32 6 23 33 26 12 21 4 36 19 2 29 31 22 5 27 0
0 7 3 29 18 6 15 31 16 39 9 8 33 36 22 14 23 32 4 26 24 25 5 20 38 13 2 1 17 27 21 30 19 35 37 12 28 11 10 34 0
0 33 14 20 13 39 17 27 6 21 31 7 10 11 1 24 4 37 23 3 29 16 26 34 28 12 35 22 5 36 15 18 25 2 32 8 9 38 19 30 0
0 35 28 29 17 6 19 15 9 11 23 4 12 39 7 33 30 24 37 18 36 8 13 1 25 27 14 38 21 5 26 34 16 2 10 31 32 3 22 20 0
0 34 3 1 11 14 30 37 13 39 17 16 7 25 5 27 23 33 35 4 10 36 6 2 21 31 8 29 38 19 15 24 28 26 18 32 20 22 9 12 0
0 24 2 6 30 27 13 29 23 14 5 19 38 35 10 26 36 25 15 21 33 7 9 16 39 8 34 18 3 4 37 11 12 17 1 31 20 32 28 22 0
0 3 24 26 23 17 28 39 27 15 38 14 13 34 33 25 32 21 35 10 37 4 1 31 20 8 16 12 30 9 7 36 18 29 22 6 19 11 2 5 0
0 17 27 7 13 24 12 20 1 21 4 8 35 29 3 33 6 19 37 2 9 11 38 23 15 18 30 28 16 34 32 14 5 26 25 36 22 39 10 31 0
0 23 2 10 17 39 16 30 7 26 35 21 18 36 4 34 8 12 32 20 3 33 24 38 14 27 29 11 15 9 6 5 37 13 22 25 31 1 19 28 0
0 18 3 20 12 37 6 26 11 8 34 38 27 5 2 22 1 23 10 4 17 19 14 16 7 13 9 29 33 21 32 35 39 31 15 36 30 25 24 28 0
0 20 25 10 3 13 15 35 12 38 8 17 33 7 16 24 5 1 26 19 18 32 37 31 21 14 22 11 39 4 29 6 28 36 30 9 23 27 2 34 0
0 10 33 35 26 13 24 37 38 29 5 20 39 16 31 9 4 27 15 6 32 8 22 28 34 7 17 11 1 12 3 30 18 2 36 19 21 23 25 14 0
0 29 24 33 35 26 34 18 5 6 14 4 2 17 15 1 19 20 3 23 9 38 28 22 11 10 36 39 13 27 16 12 21 37 7 30 25 32 31 8 0
0 2 36 32 17 19 1 33 21 7 30 6 13 20 15 12 34 9 35 38 29 27 11 24 31 28 3 5 8 37 14 26 10 18 25 16 39 22 23 4 0
0 1 31 29 25 30 12 24 39 7 32 15 18 5 35 33 19 9 16 10 38 36 4 8 34 27 17 23 3 6 21 28 22 26 20 2 14 11 37 13 0
0 13 14 16 10 38 25 11 18 3 26 30 12 39 19 35 1 27 21 24 22 20 7 33 31 4 6 36 37 23 15 28 8 17 9 2 34 32 29 5 0
0 20 11 4 7 3 29 14 9 13 23 2 21 25 27 18 6 37 32 17 1 16 10 24 22 19 39 15 12 30 38 36 33 35 34 26 8 31 28 5 0
0 7 31 24 26 10 14 28 25 17 1 22 20 27 19 8 18 13 4 6 35 5 37 38 9 3 15 16 33 12 32 11 39 30 34 2 23 36 21 29 0
0 3 5 16 1 19 11 37 9 22 15 23 35 8 12 10 6 32 29 2 34 20 17 14 18 26 4 39 7 31 24 33 36 28 25 38 13 21 30 27 0
0 2 4 28 12 38 6 27 36 33 15 1 26 22 23 17 34 10 35 7 21 24 19 16 5 32 3 18 13 8 20 14 11 9 31 29 39 30 25 37 0
0 25 14 3 11 17 18 6 7 20 36 22 16 10 23 1 38 8 13 26 35 21 4 28 12 31 37 30 9 29 24 19 32 27 33 2 34 5 39 15 0
0 35 29 9 21 28 8 37 23 34 10 33 5 7 6 20 19 1 18 24 22 11 2 38 27 13 30 16 12 32 15 36 4 3 31 26 39 14 17 25 0
0 22 15 24 13 38 3 37 16 9 34 33 11 7 14 21 18 30 26 36 25 28 6 10 12 31 2 27 32 5 23 17 19 1 35 4 39 29 8 20 0
0 33 8 27 11 22 38 28 9 24 5 29 36 10 13 32 23 20 21 16 2 39 34 3 26 14 31 37 6 1 4 12 15 17 19 35 25 7 30 18 0
0 15 38 18 39 12 9 5 6 3 13 1 29 37 32 16 20 14 10 30 34 21 35 25 31 4 19 23 33 2 36 11 28 22 26 7 27 24 17 8 0
0 27 39 33 35 21 23 32 1 18 17 38 6 29 19 34 9 2 14 8 7 26 11 36 3 24 10 4 30 28 15 31 16 20 25 13 12 5 22 37 0
0 39 31 6 14 19 26 29 17 24 11 28 4 18 3 36 35 8 23 7 32 33 38 9 22 1 25 34 2 12 21 15 5 27 10 30 20 16 37 13 0
0 22 3 19 29 16 2 8 13 6 26 21 35 28 9 4 39 20 32 27 37 5 17 38 24 30 10 36 14 25 12 18 31 7 1 34 15 23 11 33 0
0 17 38 3 14 9 10 21 23 32 15 4 22 5 24 20 31 35 16 26 7 1 29 30 19 6 28 25 27 13 36 37 33 2 12 39 11 18 34 8 0
0 5 37 20 14 10 2 33 31 39 1 28 32 18 7 26 22 9 19 25 30 34 27 13 6 16 23 15 21 8 3 12 17 38 11 29 36 4 24 35 0
0 8 20 6 19 34 2 12 37 7 17 5 25 32 3 1 31 13 29 24 4 36 21 28 23 38 16 9 27 39 14 26 10 11 33 18 15 22 30 35 0
0 22 37 25 24 12 5 26 3 13 39 20 23 38 9 29 4 34 31 28 14 33 7 10 27 15 17 36 19 18 30 32 1 2 35 8 11 21 6 16 0
0 33 3 39 11 26 37 9 28 2 13 25 5 8 16 20 38 12 32 31 35 23 19 34 10 29 36 24 14 15 22 27 17 4 6 7 1 30 21 18 0
0 1 8 33 39 29 7 17 12 10 3 36 5 13 30 31 27 21 2 24 6 37 23 26 22 14 11 18 19 4 16 34 28 25 35 32 9 20 38 15 0
0 37 34 12 2 31 27 6 5 33 22 16 21 4 28 10 8 1 7 29 9 24 35 39 30 26 18 17 38 15 11 14 19 36 13 23 25 3 32 20 0
0 36 24 7 3 9 18 16 15 30 8 27 38 22 1 29 20 17 39 28 11 37 21 12 10 19 2 26 34 33 14 5 4 13 31 35 32 25 6 23 0
0 35 13 9 14 17 3 18 15 21 26 39 36 6 20 37 7 12 24 1 10 28 34 38 11 31 32 4 2 29 5 23 8 16 30 25 27 33 22 19 0
0 34 27 12 21 10 24 38 6 9 32 19 39 11 5 26 20 8 29 17 2 22 16 33 25 7 30 37 35 14 3 31 1 28 13 15 23 4 36 18 0
0 15 38 37 8 9 7 5 26 17 21 33 14 4 23 12 35 29 1 6 25 2 39 19 34 32 11 13 31 24 28 3 30 20 22 16 36 27 10 18 0
0 28 5 18 35 30 17 21 26 38 3 11 34 4 9 1 22 32 14 10 8 2 6 7 39 29 12 23 19 20 31 27 25 16 36 15 37 33 24 13 0
0 21 15 32 20 2 1 34 25 17 4 39 12 30 19 38 5 28 7 37 14 35 26 31 27 13 18 3 36 16 11 23 9 22 8 33 24 29 6 10 0
0 14 18 6 34 39 20 13 23 25 31 7 37 30 38 24 19 17 1 21 2 11 35 12 4 9 36 15 5 32 29 16 28 10 26 33 8 27 22 3 0
0 13 26 7 23 37 30 9 8 29 2 3 6 15 16 4 12 33 32 19 38 24 35 39 5 11 1 17 18 31 22 36 10 28 20 34 14 21 25 27 0
0 39 5 34 28 17 25 19 23 37 9 13 32 27 24 35 29 38 1 21 36 16 3 7 26 20 8 4 31 14 6 30 2 22 10 12 11 18 15 33 0
0 17 19 27 33 18 22 32 26 12 29 37 5 2 6 35 24 9 23 20 8 11 3 30 31 36 34 16 21 25 1 10 7 15 39 13 14 38 28 4 0
0 38 3 36 35 6 25 7 8 2 26 21 27 37 20 22 29 28 5 32 17 10 4 24 14 13 19 33 11 39 9 30 12 16 23 1 18 15 31 34 0
0 3 36 13 27 18 38 35 7 10 34 2 5 37 4 24 29 20 21 19 32 15 11 17 31 33 12 1 30 22 8 9 14 6 25 39 26 28 16 23 0
0 18 20 3 32 39 10 16 19 24 34 9 15 37 5 6 7 13 25 28 2 21 26 29 14 36 38 30 22 4 17 31 27 1 12 8 33 23 35 11 0
0 10 23 29 28 20 39 33 11 17 35 12 34 6 32 13 30 18 19 15 16 25 27 7 4 22 36 14 38 1 24 21 31 3 8 26 2 5 37 9 0
0 1 20 6 10 11 35 30 19 26 9 17 13 33 21 34 14 28 4 18 22 15 39 31 25 24 7 38 16 3 32 37 5 36 12 29 27 23 2 8 0
0 26 13 8 10 12 1 17 34 7 19 22 25 11 2 14 31 37 27 29 24 36 32 9 23 33 39 28 21 3 6 5 30 4 18 16 20 38 35 15 0
0 6 31 26 1 32 3 29 27 37 25 22 11 34 12 17 39 13 10 18 21 36 30 8 24 14 9 2 28 19 16 15 38 23 7 35 5 33 20 4 0
0 29 12 4 9 36 33 8 27 5 20 28 6 18 32 37 34 35 10 24 13 23 21 30 25 16 7 3 1 14 26 39 38 19 31 11 2 22 17 15 0
0 11 25 36 19 7 29 1 26 38 9 17 28 33 14 39 30 34 2 12 37 20 32 13 16 3 22 35 18 6 24 23 10 8 5 21 15 27 4 31 0
0 29 7 18 39 17 16 25 24 27 13 21 9 14 22 33 38 5 6 31 35 32 36 28 30 20 4 19 34 2 8 23 3 11 1 10 15 12 26 37 0
0 1 27 2 30 7 29 9 38 26 14 17 8 37 13 16 19 18 28 4 10 22 31 33 32 3 6 15 21 11 24 23 5 34 12 35 39 25 20 36 0
0 17 34 33 20 13 32 9 35 25 36 15 19 31 7 4 10 37 14 38 29 3 6 5 22 24 27 30 18 8 26 16 1 39 23 12 2 21 28 11 0
0 15 25 18 6 8 38 23 37 11 16 31 26 17 19 10 32 21 12 39 7 14 3 36 4 28 29 24 30 2 22 35 27 34 5 20 33 9 13 1 0
0 10 25 1 11 39 7 27 24 22 9 2 30 19 37 21 32 5 33 38 18 36 17 3 4 8 12 16 6 14 20 35 13 34 28 31 15 29 23 26 0
0 8 22 16 4 1 29 9 10 17 36 26 32 33 5 18 39 21 30 13 24 31 11 27 2 14 38 3 12 15 20 23 25 37 19 34 6 7 28 35 0
0 20 1 23 18 34 27 17 16 39 37 8 9 2 13 38 25 29 21 19 30 32 12 31 22 7 3 35 4 33 36 5 15 24 28 10 26 14 11 6 0
0 6 38 17 10 30 12 2 13 9 16 28 31 25 36 18 20 19 27 24 5 22 14 37 8 32 34 26 3 15 39 29 35 11 4 7 33 21 1 23 0
0 25 17 18 16 36 6 35 32 26 3 22 11 28 34 13 37 19 20 31 29 15 33 4 21 27 5 38 39 9 30 12 1 10 8 7 24 23 14 2 0
0 39 35 12 15 33 29 36 2 23 8 16 25 10 18 24 5 22 37 30 20 19 38 31 9 11 21 1 26 6 28 32 34 27 17 14 7 4 13 3 0
0 12 26 10 22 13 32 38 20 36 16 35 2 11 21 27 14 18 9 5 15 4 19 29 24 6 8 30 3 33 23 17 39 1 7 34 37 25 31 28 0
0 25 12 23 20 32 38 30 11 1 29 13 15 6 31 36 28 19 17 3 16 18 37 39 35 14 7 5 33 10 8 22 21 9 24 27 26 4 2 34 0
0 20 27 2 35 28 34 9 29 31 13 30 3 37 25 18 5 19 22 14 16 23 26 1 6 12 38 7 10 32 15 8 36 4 11 39 21 17 33 24 0
0 9 35 37 18 21 27 5 20 26 36 1 30 16 10 8 13 22 6 31 7 19 25 32 34 11 39 24 3 2 14 29 38 12 28 15 17 23 4 33 0
0 21 23 36 5 15 8 14 28 26 20 19 27 31 37 17 6 30 38 13 33 1 2 9 24 7 25 11 18 39 29 4 22 12 32 16 35 34 10 3 0
0 35 11 18 39 38 12 7 36 16 29 33 5 4 20 25 28 6 31 15 1 27 19 23 34 9 14 17 8 22 32 3 30 2 10 21 26 13 37 24 0
0 30 15 2 18 38 13 39 26 10 5 32 29 28 11 33 24 17 23 4 25 36 20 8 37 31 1 14 35 22 3 7 9 34 12 19 16 21 6 27 0
0 29 10 12 20 2 36 30 33 37 14 31 35 25 13 16 6 23 26 4 15 28 24 11 21 1 3 32 27 9 18 22 5 38 19 17 7 39 34 8 0
0 16 1 2 5 28 26 3 29 12 4 11 25 13 24 9 37 8 18 14 39 27 23 22 21 7 15 34 31 35 30 33 10 17 6 32 20 19 38 36 0
0 20 39 9 1 36 6 23 11 17 18 34 31 33 12 4 30 7 16 5 22 29 19 38 8 25 2 37 14 26 35 3 28 15 27 24 32 13 21 10 0
0 33 7 6 13 25 14 4 5 21 10 2 22 1 9 12 37 27 19 16 30 36 23 3 38 26 24 31 11 28 17 18 8 39 32 29 20 35 34 15 0
0 7 27 23 29 2 31 15 17 19 12 6 24 1 18 38 3 11 28 36 20 8 9 4 35 5 13 32 22 33 21 34 16 30 14 26 37 10 39 25 0
0 21 17 29 23 39 35 13 32 28 1 19 24 16 9 14 2 33 12 5 27 26 31 11 20 37 25 15 22 10 6 7 34 4 3 36 38 8 30 18 0
0 29 38 4 15 34 22 13 35 23 18 3 33 37 21 30 11 14 8 6 31 16 9 25 28 17 5 27 39 12 19 10 20 1 26 32 36 2 24 7 0
0 26 39 27 33 20 9 29 11 15 5 34 19 7 31 14 8 2 23 38 1 35 6 25 37 22 30 21 17 13 16 28 24 36 3 10 4 18 32 12 0
0 1 29 32 38 26 33 36 9 19 10 8 7 5 22 25 34 28 30 3 18 37 35 15 17 6 39 16 13 11 21 27 14 24 20 31 2 4 12 23 0
0 18 8 2 38 5 39 37 15 20 28 25 36 31 23 4 10 19 35 24 29 9 30 16 3 32 6 13 11 26 22 27 21 7 1 17 14 12 34 33 0
0 7 11 5 27 18 4 9 26 34 28 29 30 39 22 23 13 33 36 6 21 31 16 25 17 3 32 12 10 2 15 1 14 24 35 19 37 20 8 38 0
0 17 35 4 37 25 10 32 18 3 36 6 33 20 26 7 31 14 2 19 16 12 8 39 34 30 9 27 1 22 38 29 28 21 13 15 11 5 23 24 0
0 3 8 4 37 33 21 7 16 19 39 31 18 9 1 13 6 35 26 5 17 27 10 28 2 34 23 30 12 20 11 14 36 25 29 15 22 24 32 38 0
0 23 8 22 19 29 9 13 20 27 36 2 14 7 31 12 35 21 25 15 16 39 32 24 11 3 33 1 6 28 10 18 37 4 34 26 30 38 5 17 0
0 15 5 9 11 38 25 29 32 24 39 8 34 7 4 28 12 13 6 37 17 26 18 33 20 10 36 23 1 14 19 31 16 2 21 27 3 30 35 22 0
0 9 33 16 1 17 8 20 14 26 38 11 6 25 10 2 12 35 30 29 28 21 18 13 3 37 5 32 19 22 31 27 36 34 24 39 7 23 4 15 0
0 37 24 4 25 29 30 32 20 27 34 31 10 21 18 16 33 35 39 19 6 3 38 1 9 12 17 13 7 36 23 5 11 28 15 8 22 26 14 2 0
0 34 19 10 32 14 30 39 15 35 36 24 4 31 9 28 13 1 33 2 18 8 11 27 38 12 23 21 7 22 29 37 20 16 17 3 26 5 6 25 0
0 31 5 38 2 26 22 28 12 19 8 9 7 35 29 37 27 30 20 33 11 6 18 13 1 15 23 25 24 32 4 17 10 16 39 34 3 21 14 36 0
0 13 11 20 14 10 31 28 34 36 25 35 1 27 9 29 16 32 2 39 8 30 15 37 38 17 3 23 6 33 7 22 18 4 26 21 24 12 19 5 0
0 35 13 24 3 15 18 10 2 29 16 25 17 33 27 36 22 4 26 21 39 34 7 30 32 5 23 19 6 9 37 38 8 31 28 1 12 14 20 11 0
0 26 34 13 14 12 18 15 32 30 23 8 36 21 33 22 10 3 5 2 17 16 11 28 38 6 39 25 37 19 7 20 1 35 4 27 29 31 9 24 0
0 14 2 38 15 34 18 3 26 16 31 22 11 32 7 4 21 17 30 19 28 37 27 1 24 13 39 12 10 6 29 23 5 8 25 20 33 36 9 35 0
0 35 3 21 29 12 6 5 15 11 8 33 22 20 16 23 32 27 17 14 28 25 26 19 4 38 2 31 10 9 30 39 34 37 24 1 36 18 13 7 0
0 34 22 14 29 24 26 17 7 8 10 32 2 12 11 1 38 33 5 6 31 18 39 28 36 27 16 30 20 35 25 4 9 37 3 23 15 19 13 21 0
0 20 18 6 7 32 26 10 27 1 5 2 31 24 33 14 4 29 21 25 37 3 13 16 19 38 36 12 39 35 17 9 15 30 22 23 34 11 8 28 0
0 15 28 36 23 13 7 11 5 32 18 38 22 35 24 2 21 29 10 31 37 25 1 17 34 39 27 16 3 12 30 6 26 4 33 19 14 20 9 8 0
0 21 23 4 32 22 1 19 30 11 38 16 25 34 13 29 26 37 5 6 20 31 14 35 7 15 2 9 12 27 18 28 10 39 24 17 8 3 36 33 0
0 23 35 11 6 19 17 24 34 7 30 28 25 5 22 4 1 36 27 32 20 33 10 29 26 31 3 8 16 37 38 18 12 14 39 21 15 13 9 2 0
0 4 6 36 34 23 25 39 11 16 8 31 12 37 27 15 20 18 33 21 14 13 28 7 9 26 1 24 22 35 29 10 17 5 19 32 2 30 38 3 0
0 10 34 8 21 32 5 7 26 9 1 19 35 24 15 18 2 20 25 17 39 22 36 14 27 30 16 4 37 11 31 33 6 13 29 3 28 23 12 38 0
0 26 21 7 37 17 25 4 36 6 8 2 34 31 11 35 32 24 33 19 1 28 38 29 5 18 9 12 30 15 3 22 13 39 23 10 20 16 27 14 0
0 20 16 17 3 15 21 1 5 35 38 39 22 30 29 18 4 26 19 27 8 9 10 37 32 24 2 31 6 11 25 34 33 28 14 12 13 23 7 36 0
0 22 24 11 31 19 18 7 9 30 28 13 35 36 34 32 39 21 25 23 16 8 10 5 12 3 14 26 20 1 6 29 37 38 33 27 2 4 17 15 0
0 11 23 4 33 1 36 2 34 17 7 39 18 16 26 25 20 13 24 22 21 32 9 19 5 3 31 37 30 8 27 28 35 12 14 15 29 38 10 6 0
0 20 24 25 1 7 15 34 23 16 33 8 22 31 5 35 30 3 26 6 4 11 37 21 10 39 2 32 14 18 12 38 36 9 17 29 19 27 28 13 0
0 5 18 39 20 7 38 25 27 23 3 36 14 30 35 37 8 31 28 33 9 12 17 24 13 11 1 16 19 10 15 4 22 29 21 2 26 6 32 34 0
0 23 33 24 37 18 17 20 3 32 27 19 5 4 1 28 25 22 7 38 2 39 11 6 36 10 15 16 12 13 30 34 21 31 9 8 26 14 35 29 0
0 10 9 30 33 4 28 35 32 15 17 31 24 19 5 12 37 29 38 2 11 8 27 36 1 14 16 39 21 22 18 13 7 6 20 26 25 3 34 23 0
0 1 22 30 32 21 4 28 35 8 3 12 5 11 25 31 36 39 14 17 27 19 18 2 26 33 7 34 37 29 23 16 9 10 13 24 15 20 6 38 0
0 1 38 7 3 27 31 26 25 35 22 19 33 17 37 12 30 36 5 14 29 8 39 2 28 23 6 18 24 20 15 16 21 34 9 4 10 13 32 11 0
0 33 18 13 36 31 3 15 22 34 4 9 8 19 24 25 11 14 26 10 5 27 28 35 16 2 32 21 20 12 37 1 38 6 7 39 17 30 23 29 0
0 12 4 16 26 3 2 32 27 35 28 24 14 18 25 17 9 31 37 23 13 21 29 11 36 34 15 6 1 8 7 10 22 33 39 30 5 20 19 38 0
0 19 11 31 34 2 37 9 13 38 12 18 6 36 22 4 21 24 15 8 27 33 7 26 10 39 1 29 20 5 28 17 30 35 25 16 14 3 23 32 0
0 2 24 17 33 37 31 14 34 11 7 9 32 18 38 29 15 12 1 6 26 22 28 3 16 30 21 36 5 10 19 8 35 25 13 39 4 20 23 27 0
0 37 33 30 31 1 23 14 26 10 5 39 22 28 7 11 2 34 3 21 9 15 8 32 16 35 6 20 38 27 17 19 25 18 4 13 29 12 24 36 0
0 10 13 23 18 16 15 20 8 7 29 9 25 24 39 14 11 4 36 21 33 32 2 30 38 12 26 27 37 3 6 28 35 34 1 19 5 17 31 22 0
0 25 21 26 3 37 33 8 10 31 28 27 29 23 34 14 11 6 32 17 24 38 20 18 13 15 1 22 19 7 5 2 16 35 9 12 4 36 39 30 0
0 6 39 33 13 1 16 30 4 7 5 3 31 34 25 21 26 15 19 24 2 36 18 29 28 23 32 10 11 12 8 27 17 20 14 22 35 37 9 38 0
0 18 16 28 39 38 31 26 32 1 33 15 6 9 14 4 13 11 30 21 22 35 10 34 5 29 12 23 27 36 2 7 24 17 20 19 37 25 8 3 0
0 22 16 24 21 15 10 6 39 18 33 29 31 32 1 27 8 25 37 26 14 34 5 13 19 20 9 35 30 38 2 12 11 17 4 36 28 23 3 7 0
0 8 4 14 22 10 17 12 36 25 19 15 32 2 5 3 30 33 1 37 27 23 18 24 20 39 29 11 9 31 28 21 6 26 16 34 35 13 7 38 0
0 27 38 29 11 32 13 36 1 18 2 35 20 24 3 8 4 17 28 21 16 9 33 30 12 19 31 14 22 10 39 15 5 7 37 34 6 25 26 23 0
0 27 4 18 7 24 20 8 39 19 34 10 12 16 26 1 3 25 6 21 17 33 5 9 32 36 37 22 14 29 31 11 15 13 38 2 23 35 28 30 0
0 28 26 6 20 38 2 19 16 21 7 12 32 27 37 14 15 31 18 25 4 33 11 22 39 29 5 1 10 30 8 34 9 24 36 3 13 23 17 35 0
0 17 25 18 2 31 28 38 9 24 3 39 1 21 16 11 34 35 10 12 27 29 33 7 20 15 14 26 22 13 32 36 37 5 8 6 19 30 4 23 0
0 11 37 21 8 24 6 30 22 39 12 26 35 14 13 32 10 29 5 7 2 28 34 36 19 33 27 9 23 15 3 38 17 20 1 31 16 18 4 25 0
0 18 25 34 36 29 5 14 17 10 12 32 11 13 23 4 7 6 15 33 38 39 9 37 19 20 16 2 24 22 21 3 26 31 30 27 8 1 35 28 0
0 24 38 1 29 30 10 17 8 22 2 15 37 6 33 11 13 3 39 36 5 4 21 25 31 28 32 19 7 35 18 23 12 27 34 26 20 16 9 14 0
0 20 18 7 13 36 28 25 3 2 5 16 30 15 8 11 38 27 29 24 6 33 1 19 26 32 14 22 23 4 17 39 21 34 10 31 37 9 12 35 0
0 20 37 6 13 32 10 7 2 34 1 30 27 28 16 25 14 4 29 18 38 5 23 31 39 35 24 17 21 12 26 15 11 33 9 8 22 3 36 19 0
0 15 7 13 29 34 23 24 27 38 10 31 36 25 8 37 30 19 5 32 26 3 35 4 20 22 33 39 21 6 18 28 9 2 12 14 16 11 1 17 0
0 14 13 19 15 12 2 21 20 9 7 37 34 33 10 39 36 24 4 35 28 17 23 3 26 30 27 8 31 22 1 5 18 16 25 29 38 32 11 6 0
0 8 38 17 13 9 20 34 30 37 16 11 2 19 15 10 28 24 32 7 14 26 5 27 3 39 31 22 1 23 29 18 35 6 25 4 33 21 12 36 0
0 33 30 12 19 27 20 3 11 7 13 29 34 35 37 17 2 10 14 28 16 9 23 25 8 32 31 15 4 36 21 5 39 6 18 1 26 22 38 24 0
0 22 2 36 4 19 21 1 26 28 14 13 34 37 18 10 27 7 30 17 23 35 11 12 38 8 33 24 16 39 31 20 15 9 32 6 5 3 29 25 0
0 33 26 10 11 34 17 29 27 2 24 5 23 37 13 36 18 1 9 38 12 32 14 4 22 20 7 16 3 19 35 15 28 39 6 30 31 25 21 8 0
0 37 22 26 38 24 33 32 18 5 1 14 30 9 7 16 3 4 31 20 23 11 34 27 12 10 25 21 13 8 19 6 17 15 35 39 29 2 36 28 0
0 28 17 21 15 14 9 18 25 35 20 31 8 4 5 24 32 1 38 6 34 23 11 10 12 2 29 22 26 36 39 13 27 19 3 16 37 30 7 33 0
0 38 1 14 27 23 9 15 13 30 33 36 11 26 3 32 8 35 34 25 19 10 29 12 20 37 17 22 7 28 4 21 18 16 24 2 6 31 39 5 0
0 3 22 18 19 29 8 2 38 17 4 10 15 32 34 11 16 24 21 26 31 35 7 12 33 1 9 6 5 20 36 28 14 25 23 30 39 37 27 13 0
0 31 30 15 39 20 25 3 7 13 22 32 27 14 12 8 2 26 9 37 36 10 29 23 5 1 18 6 34 4 24 28 17 19 21 35 33 38 11 16 0
0 12 6 24 23 11 32 7 38 35 2 30 19 8 16 13 4 33 9 5 34 15 36 26 20 3 28 14 17 39 18 22 25 37 10 1 27 29 21 31 0
0 2 27 30 26 11 32 9 31 18 34 36 3 10 19 14 4 22 37 20 25 17 7 29 15 23 1 12 38 33 6 28 13 24 21 35 39 5 8 16 0
0 26 34 25 30 11 38 23 27 35 4 3 5 2 36 13 17 39 32 16 33 21 22 28 10 1 20 8 9 7 12 14 24 19 29 15 18 37 6 31 0
0 35 3 36 1 37 5 14 10 13 26 2 33 18 39 16 25 19 12 32 34 29 11 24 38 8 6 15 21 4 17 20 23 30 27 22 28 31 7 9 0
0 3 15 18 16 10 23 2 36 30 20 6 8 38 1 28 29 37 22 21 12 33 9 17 35 24 39 34 31 26 14 25 19 4 13 5 7 32 27 11 0
0 21 24 11 16 39 3 5 6 29 4 30 35 2 14 23 17 31 32 26 25 33 18 37 38 7 8 1 36 22 20 12 27 28 9 10 13 15 34 19 0
0 5 31 21 37 27 13 15 12 38 26 7 20 23 33 1 22 32 9 18 29 16 24 11 6 39 30 2 4 34 17 35 25 3 19 36 28 10 14 8 0
0 2 1 14 23 13 24 39 7 33 29 9 21 38 28 36 11 17 32 30 5 25 34 19 18 22 27 37 3 31 12 6 4 16 8 10 15 26 20 35 0
0 6 33 4 23 21 16 24 26 30 2 36 13 35 11 15 29 18 39 31 34 20 28 22 1 8 25 12 19 14 27 10 38 9 37 32 5 7 17 3 0
0 6 15 2 13 39 1 7 14 38 27 9 28 30 20 11 36 24 29 21 18 34 8 33 5 37 3 23 16 19 22 12 25 31 17 35 32 26 10 4 0
0 5 16 22 28 1 12 20 30 25 2 23 21 19 3 9 11 26 37 4 18 13 6 8 17 24 27 29 38 10 34 33 39 31 35 36 7 15 32 14 0
0 23 18 28 1 5 2 31 12 36 3 9 4 39 16 34 13 29 25 22 8 20 14 32 15 21 11 24 7 26 10 33 27 38 35 37 6 30 17 19 0
0 1 29 3 12 14 39 15 9 28 32 20 31 5 13 11 21 18 35 24 8 2 19 25 34 23 26 33 10 4 36 17 30 16 38 7 27 6 37 22 0
0 30 32 29 37 10 4 28 39 17 35 31 22 2 8 14 18 9 38 21 27 1 24 3 16 23 26 5 34 20 33 12 13 36 19 25 7 6 11 15 0
0 11 32 18 15 2 27 23 21 3 36 19 8 6 1 20 37 29 39 25 16 17 31 22 35 24 28 34 30 14 4 7 9 10 12 38 26 5 33 13 0
0 30 39 34 16 18 26 37 11 2 33 3 24 19 8 17 5 36 10 32 4 27 1 12 14 38 25 15 7 13 9 35 22 23 21 31 6 28 29 20 0
0 7 32 24 6 9 20 36 13 11 8 27 3 17 2 23 38 16 37 35 30 4 39 28 18 25 29 34 33 22 21 10 19 26 15 1 5 14 12 31 0
0 27 33 9 29 11 30 17 24 25 12 39 31 13 14 23 34 38 22 36 37 2 20 5 4 21 28 16 32 10 26 1 18 6 35 3 8 7 15 19 0
0 37 8 14 4 18 5 2 15 19 27 12 23 35 32 38 16 3 33 21 31 29 34 36 28 22 20 17 10 30 26 7 11 24 13 25 9 6 1 39 0
0 12 13 16 32 24 19 33 25 28 1 5 26 39 9 35 14 18 37 2 11 17 3 8 20 38 7 27 15 21 22 10 6 36 31 4 29 23 30 34 0
0 6 16 11 32 18 4 15 8 29 5 20 14 13 35 10 1 37 9 30 24 25 27 34 26 21 19 17 2 22 23 28 39 36 12 7 31 33 38 3 0
0 23 11 38 20 26 9 25 10 12 17 30 39 19 8 3 22 1 21 28 18 4 24 29 5 27 32 37 16 7 31 36 6 35 15 33 13 34 2 14 0
0 18 1 9 2 19 3 4 20 6 37 34 14 12 16 8 38 31 28 32 22 26 24 10 33 35 30 25 36 7 23 39 27 5 15 17 11 13 29 21 0
0 9 13 25 6 3 37 27 20 26 5 18 16 19 1 2 4 28 12 36 23 31 39 38 22 34 29 17 32 33 21 35 11 10 30 14 7 15 8 24 0
0 38 1 34 7 15 21 27 3 19 10 4 18 16 37 24 29 17 30 25 11 39 26 35 14 31 9 2 20 28 36 6 5 8 33 13 23 12 32 22 0
0 12 14 15 26 2 21 18 33 13 32 36 17 10 25 5 8 38 28 22 39 24 4 31 37 23 16 3 35 20 6 9 34 29 7 1 19 11 30 27 0
0 17 30 2 18 38 5 37 1 35 10 32 7 15 22 25 9 14 6 16 23 13 27 21 31 34 12 26 20 36 8 4 3 24 28 19 29 11 39 33 0
0 31 28 27 16 18 5 34 1 30 9 2 3 13 25 23 8 15 33 19 12 17 29 36 32 26 21 22 6 11 7 14 39 24 38 4 20 35 37 10 0
0 34 37 30 33 11 12 35 5 4 10 19 24 15 17 36 7 3 8 14 38 13 25 2 9 28 16 29 6 21 32 27 23 31 20 22 26 1 18 39 0
0 11 13 4 24 33 22 5 27 39 17 16 19 31 8 36 23 38 14 12 2 21 7 28 32 25 35 18 3 10 15 30 29 1 37 9 20 34 26 6 0
0 23 5 33 39 16 19 4 20 18 10 37 14 9 11 29 26 28 15 17 3 6 1 32 13 12 21 27 38 8 7 34 30 35 36 25 31 2 24 22 0
0 16 34 39 31 32 5 26 27 24 14 10 21 3 11 28 25 15 36 18 2 30 33 6 20 13 37 4 8 29 38 35 7 9 17 22 23 19 12 1 0
0 22 30 9 35 7 19 27 11 34 26 29 38 16 1 37 21 4 3 36 32 17 6 5 8 13 14 23 18 31 39 15 12 2 25 24 10 33 28 20 0
0 32 7 3 12 15 9 19 20 11 34 25 6 31 38 4 37 30 39 24 23 2 36 18 28 14 33 5 1 29 10 13 8 17 27 26 35 21 22 16 0
0 5 13 7 24 17 37 4 12 33 30 2 16 1 3 15 34 38 23 35 18 29 10 20 21 11 22 9 39 6 14 19 28 8 31 27 26 32 25 36 0
0 36 26 31 28 23 1 20 37 6 18 7 17 9 24 33 27 22 38 16 8 19 29 15 25 13 4 10 12 30 34 11 21 39 2 14 3 35 32 5 0
0 5 2 38 28 35 20 18 33 26 7 25 36 8 27 32 30 4 6 34 1 23 21 19 17 14 22 15 13 16 37 31 29 12 3 24 9 39 11 10 0
0 35 21 30 16 23 39 15 34 3 18 37 8 22 38 32 31 26 12 17 5 4 6 28 1 7 10 20 27 13 2 14 19 25 36 33 11 29 9 24 0
0 15 28 35 33 9 14 38 21 13 37 6 25 8 10 5 19 34 30 29 26 32 17 18 2 20 16 27 24 4 36 11 7 22 3 39 1 31 12 23 0
0 26 10 29 17 15 5 13 21 35 38 23 24 28 32 33 8 2 22 36 25 16 27 30 14 19 39 31 37 7 11 3 12 1 18 34 6 9 4 20 0
0 3 22 35 12 21 25 19 34 9 23 14 28 31 13 37 17 16 1 38 2 20 24 36 39 18 11 8 10 15 4 32 7 30 29 5 26 27 6 33 0
0 36 21 18 24 14 15 2 11 1 31 19 26 13 7 28 38 22 9 39 8 32 17 37 25 29 6 5 3 27 16 10 34 35 30 20 12 23 33 4 0
0 37 31 26 21 16 24 22 23 10 12 29 33 38 5 28 2 34 19 9 15 7 11 36 39 1 32 8 35 3 20 17 6 13 18 27 14 25 4 30 0
0 27 10 23 38 2 36 29 33 5 3 34 15 14 18 30 7 28 9 19 37 13 17 35 25 31 1 12 6 8 22 21 39 4 26 32 16 24 20 11 0
0 21 16 5 28 35 7 39 13 27 10 33 23 36 4 18 2 1 19 31 3 30 8 20 26 24 12 29 37 14 6 9 38 32 25 22 17 15 34 11 0
0 26 34 12 18 8 5 4 21 28 37 11 6 17 14 16 24 22 19 23 20 31 3 15 35 36 25 38 33 27 7 1 29 39 10 30 13 9 2 32 0
0 22 7 26 27 3 23 36 31 4 39 14 20 17 24 5 29 38 25 2 13 28 21 12 37 11 16 6 8 18 19 1 9 15 10 34 30 33 35 32 0
0 6 30 7 37 15 27 18 25 33 5 20 16 26 29 35 10 36 38 28 21 3 12 32 24 13 14 17 31 19 8 11 9 39 23 1 2 4 22 34 0
0 17 36 12 16 22 30 27 28 20 10 8 26 2 23 11 35 14 21 1 38 15 19 37 29 9 34 33 31 18 25 4 7 24 6 39 3 32 5 13 0
0 2 18 38 12 30 36 37 20 10 28 7 24 6 3 16 11 15 4 1 33 25 29 39 22 35 31 23 32 9 26 27 21 34 19 13 8 14 17 5 0
0 26 37 1 27 17 14 29 38 36 5 30 19 20 8 33 3 24 32 35 28 6 16 18 25 7 31 9 10 4 34 23 2 11 15 13 21 12 22 39 0
0 37 21 27 11 6 20 10 39 19 14 1 35 3 22 38 31 24 18 26 2 17 5 13 28 23 32 15 34 4 25 8 30 12 16 7 33 29 36 9 0
0 3 5 19 35 17 38 22 16 37 30 33 2 28 32 7 1 24 36 31 15 26 21 8 27 13 34 6 25 4 39 29 20 14 23 10 12 18 11 9 0
0 13 9 8 30 29 28 34 5 7 35 14 3 1 23 18 37 11 16 21 19 10 32 33 25 36 20 26 38 6 17 4 31 2 12 15 24 27 39 22 0
0 36 2 31 13 9 1 8 37 38 27 39 25 35 3 4 33 17 16 24 32 20 26 5 12 18 21 34 29 30 23 6 7 15 14 10 22 19 28 11 0
0 5 22 4 9 3 33 35 31 7 1 23 8 32 20 38 11 21 13 6 28 14 16 36 37 10 18 39 17 29 34 25 24 19 30 27 2 12 15 26 0
0 13 33 3 1 24 32 28 17 11 26 5 2 14 38 12 15 35 39 9 34 20 10 16 4 31 7 29 8 37 21 23 30 25 18 22 36 19 6 27 0
0 38 3 23 32 29 1 15 8 14 33 16 2 11 12 4 21 30 25 27 39 10 6 18 9 7 13 19 28 22 17 31 37 20 24 5 35 26 36 34 0
0 1 16 9 6 15 22 32 18 38 5 7 12 34 4 35 3 28 13 26 27 11 23 21 29 25 2 39 19 8 10 31 14 36 30 20 33 24 37 17 0
0 26 9 2 23 16 32 3 31 12 20 10 30 27 28 33 13 22 11 14 21 36 37 8 15 6 7 38 29 5 24 18 17 4 39 35 1 19 25 34 0
0 14 22 30 1 23 25 10 16 24 39 19 18 12 8 38 29 21 27 28 15 32 6 2 11 26 9 13 17 31 5 35 3 36 20 33 4 37 7 34 0
0 39 20 17 16 5 25 23 36 19 1 12 2 8 24 14 15 26 28 3 29 7 6 27 32 21 30 4 33 35 38 34 37 18 13 10 22 31 9 11 0
0 16 5 21 38 12 23 1 32 36 20 33 4 7 19 14 11 30 37 29 39 27 3 22 17 10 28 15 13 8 35 34 31 25 6 24 18 9 2 26 0
0 14 35 24 21 15 10 19 7 8 23 18 32 3 1 27 2 12 33 31 34 16 28 37 20 38 4 9 11 39 30 29 6 36 26 17 5 13 22 25 0
0 39 20 34 38 32 23 5 1 16 29 13 12 21 24 11 8 10 37 30 7 27 18 9 26 22 33 25 35 17 4 19 6 31 36 28 15 3 2 14 0
0 29 2 36 32 10 34 3 21 33 23 26 22 7 17 25 12 20 6 35 30 16 15 14 8 24 39 28 31 18 11 4 27 37 38 19 9 1 13 5 0
0 16 7 31 39 14 27 20 12 33 24 5 36 8 22 34 38 11 32 9 4 15 1 30 26 28 37 3 35 19 13 29 23 17 25 10 6 18 2 21 0
0 4 27 30 10 39 28 18 7 34 24 21 1 15 36 29 31 26 22 32 12 25 13 9 37 6 3 20 33 11 5 23 8 16 2 38 17 14 19 35 0
0 38 20 13 29 5 8 34 2 24 3 6 35 21 1 39 30 23 22 19 33 26 4 27 14 31 32 7 11 16 10 28 37 12 36 9 15 17 18 25 0
0 19 26 25 11 4 20 32 18 9 12 15 2 7 33 35 10 5 39 36 30 29 22 23 8 21 37 16 38 28 17 34 27 14 6 3 24 31 13 1 0
0 9 23 26 20 8 24 32 22 3 6 28 1 5 21 2 27 12 34 4 19 31 25 17 15 13 18 11 29 35 14 30 37 38 16 36 10 33 39 7 0
0 24 6 9 18 1 12 23 7 10 19 22 25 35 37 31 3 20 27 11 2 26 5 15 17 36 21 28 33 34 16 38 4 13 14 39 32 30 29 8 0
0 27 26 17 30 3 11 39 36 24 12 21 1 28 25 34 2 18 37 5 22 38 10 7 33 13 32 4 6 15 35 29 14 16 31 20 23 19 8 9 0
0 15 13 18 8 29 11 32 30 25 17 35 26 34 10 9 39 28 36 20 33 16 38 12 7 5 21 2 22 27 3 1 19 14 4 23 37 6 24 31 0
0 22 4 36 10 37 35 17 15 33 29 2 7 39 12 27 31 38 18 28 3 9 24 5 30 32 11 26 19 14 34 20 1 8 6 21 25 13 23 16 0
0 9 4 22 3 30 17 32 18 14 36 8 27 10 7 26 15 21 5 31 13 11 28 39 33 37 35 2 38 25 6 20 12 1 29 23 19 24 16 34 0
0 25 6 35 4 5 14 39 32 29 37 13 21 30 1 36 28 23 18 12 7 34 16 27 11 10 17 24 22 31 9 19 8 38 3 2 20 26 33 15 0
0 36 8 33 17 31 26 20 28 37 4 35 34 12 6 21 23 24 10 39 9 38 13 5 25 15 19 14 27 1 32 3 7 29 18 11 22 16 30 2 0
0 38 25 22 18 28 2 12 16 36 39 20 7 10 35 33 8 13 21 24 17 27 29 31 1 5 9 23 37 34 11 4 30 6 14 26 15 32 3 19 0
0 17 27 18 3 2 36 22 28 29 15 24 39 33 10 23 37 14 31 20 4 32 30 9 8 7 5 25 12 38 11 13 34 35 26 19 1 21 16 6 0
0 4 7 25 15 32 33 22 13 23 29 28 35 16 8 36 3 19 9 14 37 6 17 11 31 1 24 20 39 27 2 34 10 21 12 26 30 5 38 18 0
0 16 18 5 39 14 15 23 24 31 26 9 21 38 12 30 33 3 29 19 17 27 13 11 1 2 34 25 28 22 8 6 10 4 32 37 20 7 36 35 0
0 1 38 15 39 32 10 27 21 11 19 13 37 33 7 26 25 28 12 29 17 6 18 8 16 31 24 3 2 30 23 5 4 20 35 34 36 22 9 14 0
0 22 29 21 32 18 17 20 16 11 6 13 4 14 27 37 9 38 31 19 24 23 2 5 15 39 25 8 30 26 35 1 3 28 36 10 34 12 33 7 0
0 12 7 36 17 16 24 18 8 14 13 3 39 15 4 34 31 29 10 30 26 6 32 23 1 22 25 33 19 38 28 35 27 11 5 2 9 37 20 21 0
0 32 36 14 37 10 38 5 16 25 15 35 9 27 33 39 31 2 24 1 30 34 20 18 29 13 3 23 22 19 21 7 26 28 8 12 11 4 17 6 0
0 37 22 12 28 9 31 26 3 5 34 15 30 35 4 21 29 7 13 32 6 19 11 38 18 2 24 25 23 8 17 1 20 10 33 39 14 27 36 16 0
0 20 1 37 21 12 9 22 3 31 14 11 36 29 39 16 28 13 5 25 6 38 33 30 8 4 23 10 26 15 7 35 17 24 34 19 27 2 18 32 0
0 35 2 30 5 37 14 27 34 15 6 24 8 26 3 23 4 25 9 11 29 38 36 17 10 39 1 13 20 7 33 28 21 22 32 18 16 31 19 12 0
0 32 37 35 13 2 11 31 15 21 14 34 23 25 19 29 33 12 38 3 30 26 1 22 16 6 36 8 4 17 27 5 39 24 7 28 18 9 20 10 0
0 29 17 21 37 9 10 15 2 18 3 23 35 20 1 14 24 5 28 27 6 34 19 36 33 13 4 11 31 32 8 39 25 7 26 22 12 30 16 38 0
0 16 9 1 34 13 17 10 27 3 7 28 35 2 29 26 4 39 37 14 11 18 12 15 31 36 19 22 5 30 24 32 33 6 8 25 21 38 23 20 0
0 12 3 24 21 38 39 35 26 4 14 33 10 16 17 7 15 11 32 28 37 8 19 29 27 13 5 9 31 30 20 18 25 1 34 23 36 22 2 6 0
0 34 20 18 5 3 25 12 30 28 39 14 7 6 29 2 9 8 23 13 19 35 37 21 24 22 15 10 26 27 4 1 11 31 17 33 38 32 16 36 0
0 12 20 14 28 32 10 18 38 5 33 22 13 25 16 17 27 19 31 30 24 7 4 34 29 37 2 1 8 35 3 21 6 26 23 39 15 11 9 36 0
0 35 13 29 19 15 24 14 17 3 6 25 33 36 34 32 9 10 38 1 16 28 12 39 22 11 18 30 5 26 7 27 23 31 4 2 21 20 37 8 0
0 16 35 5 21 27 12 34 17 25 37 11 6 1 26 31 30 15 32 9 36 23 18 39 7 2 38 24 8 14 20 29 10 3 19 22 28 13 33 4 0
0 25 2 12 15 33 31 21 16 37 7 10 29 35 39 38 6 14 1 5 19 22 27 3 4 36 26 13 17 8 9 24 30 18 32 34 28 11 23 20 0
0 39 24 32 18 19 1 13 35 15 30 5 29 25 12 10 7 27 31 21 28 4 36 20 34 8 23 16 37 22 14 38 11 3 2 6 17 9 33 26 0
0 24 37 13 31 36 5 11 30 39 2 38 9 21 10 34 23 32 20 3 29 33 7 27 1 15 6 17 28 25 35 16 12 19 14 26 22 4 18 8 0
0 6 36 38 30 8 5 18 21 39 22 10 24 33 27 34 31 2 12 28 37 25 13 9 17 15 23 11 7 20 29 14 32 16 4 19 1 26 35 3 0
