# n n_solutions
60 1000
# n x n distance matrix
0 5408 3360 5456 4341 3640 3921 5069 8840 2200 6040 5707 6928 6236 8503 8095 8547 1697 7445 6562 3623 1897 3535 8022 5220 3162 4750 4569 2968 3383 6466 2334 6118 7741 2860 2475 3330 2860 4846 2570 4494 1300 6013 1077 7150 7397 7615 3911 5445 2549 9700 1603 2102 8130 9013 5277 6228 5643 5092 2785
5408 0 2059 1421 5727 5522 8374 1746 4100 7340 2745 5507 7736 6576 3573 4274 4517 7080 7655 6435 6203 7003 4904 5798 7694 7199 1523 2954 2942 8791 1077 3178 4459 5981 2886 5420 2154 2555 6476 5124 4609 6224 3001 4879 4205 7140 5162 3354 1140 5024 4904 6754 7208 3905 4527 4219 1627 7543 1220 3522
3360 2059 0 2284 4390 3992 6438 2308 5682 5292 3546 4763 6801 5727 5269 5295 5675 5044 6942 5762 4560 5032 3721 6041 6203 5303 1649 2376 1208 6742 3130 1140 4596 6008 1044 3807 282 500 5147 3337 3900 4178 3667 2941 4704 6580 5474 2594 2195 3238 6536 4701 5162 5154 5960 3671 3001 6217 1878 1802
5456 1421 2284 0 4701 4638 7818 3087 3413 7102 4161 4215 6461 5291 3047 3101 3436 7150 6313 5100 5375 7242 5821 4390 6700 6612 707 1802 2561 8772 2024 3124 5818 4560 2617 6072 2195 2729 5414 4494 5731 6000 4410 5196 2823 5768 3758 4410 282 4401 4272 6560 6963 2886 3676 2915 781 6449 412 3001
4341 5727 4390 4701 0 707 3894 6664 7077 4341 7915 1700 2641 1910 7051 5660 6158 5400 3104 2308 1166 6020 7242 4465 2000 2830 4242 2900 3190 6332 6648 3679 8920 3982 3383 6574 4118 4220 761 1772 7856 3701 8052 5056 4382 3101 4318 6726 4909 1802 7825 4130 4220 6037 6935 2236 5315 1838 4627 2640
3640 5522 3992 4638 707 0 3482 6296 7294 3700 7538 2308 3310 2617 7209 5981 6481 4704 3807 3001 761 5315 6621 5011 2213 2334 4101 2886 2785 5691 6500 3162 8431 4569 2954 5905 3733 3758 1280 1077 7283 3006 7655 4382 4742 3805 4801 6200 4816 1118 8077 3452 3573 6296 7211 2549 5315 2280 4504 2193
3921 8374 6438 7818 3894 3482 0 8600 10737 1984 9718 5560 5359 5366 10606 9463 9963 3535 6168 5905 2758 4383 7432 8340 2961 1208 7178 6217 5434 3324 9436 5315 10016 7823 5491 6264 6264 6013 3721 3324 8414 2624 9741 4997 8221 6500 8212 7766 7937 3417 11537 2418 2000 9765 10683 6030 8561 3710 7589 4876
5069 1746 2308 3087 6664 6296 8600 0 5721 7217 1252 6811 8962 7840 5147 6020 6251 6592 9002 7789 6868 6313 3498 7470 8508 7516 2920 4244 3511 8338 2184 3324 2731 7600 3352 4313 2563 2630 7424 5629 2983 6152 1421 4254 5909 8555 6842 1886 2823 5531 6477 6609 7102 5632 6200 5586 3373 8500 2778 4110
8840 4100 5682 3413 7077 7294 10737 5721 0 10332 6328 5846 7815 6760 632 1711 1392 10526 7302 6319 8052 10649 8998 4100 8949 9541 4104 4560 5889 12101 3601 6521 8221 4652 5981 9415 5608 6139 7621 7500 8683 9263 6627 8609 2915 6606 3621 7452 3488 7420 860 9828 10191 1104 640 4846 2683 8464 3807 6222
2200 7340 5292 7102 4341 3700 1984 7217 10332 0 8229 6008 6503 6165 10089 9308 9794 1562 7206 6628 3238 2408 5565 8681 4294 1843 6407 5799 4548 1992 8416 4162 8287 8263 4527 4346 5189 4810 4517 2968 6596 1118 8209 3224 8184 7368 8411 6107 7155 3023 11175 608 141 9479 10396 6053 7881 4936 6795 4123
6040 2745 3546 4161 7915 7538 9718 1252 6328 8229 0 8043 10207 9080 5714 6894 7060 7446 10230 9013 8095 7057 3764 8543 9749 8670 4101 5467 4753 9176 2745 4512 1900 8720 4588 4837 3807 3832 8676 6840 2920 7202 300 5119 6946 9767 7907 2325 3883 6744 7000 7623 8122 6428 6873 6801 4295 9750 3905 5348
5707 5507 4763 4215 1700 2308 5560 6811 5846 6008 8043 0 2247 1077 5941 4272 4753 6958 2193 1000 2865 7505 8143 2780 3176 4527 3996 2580 3721 7999 6239 4428 9343 2282 3944 7692 4482 4770 1920 3214 8575 5277 8232 6236 2973 1835 2701 7323 4477 3206 6514 5748 5881 4753 5597 1300 4632 2624 4294 3361
6928 7736 6801 6461 2641 3310 5359 8962 7815 6503 10207 2247 0 1170 8000 6140 6576 7792 860 1500 3373 8492 9873 4049 2404 4704 6217 4788 5656 8409 8485 6248 11395 3417 5869 9213 6519 6717 2088 4386 10448 6118 10381 7692 4904 1442 4295 9269 6723 4428 8386 6449 6407 6711 7467 3546 6868 1649 6530 5173
6236 6576 5727 5291 1910 2617 5366 7840 6760 6165 9080 1077 1170 0 6906 5119 5578 7300 1252 565 2927 7930 8955 3244 2617 4492 5060 3635 4622 8139 7315 5269 10323 2640 4841 8393 5445 5685 1676 3667 9462 5600 9261 6894 3847 1204 3361 8245 5554 3687 7374 6007 6052 5656 6453 2376 5700 1920 5366 4188
8503 3573 5269 3047 7051 7209 10606 5147 632 10089 5714 5941 8000 6906 0 2061 1860 10197 7542 6500 7970 10280 8477 4459 8973 9401 3753 4390 5586 11808 3001 6171 7610 4972 5658 8947 5220 5742 7639 7324 8121 9002 6013 8209 3114 6859 3929 6912 3080 7240 1334 9567 9948 1392 1252 4850 2280 8532 3420 5966
8095 4274 5295 3101 5660 5981 9463 6020 1711 9308 6894 4272 6140 5119 2061 0 500 9723 5600 4652 6720 9974 8919 2404 7432 8297 3649 3551 5147 11183 4204 5887 8709 2942 5292 9100 5141 5675 6126 6370 8814 8300 7178 8065 1300 4901 1910 7502 3301 6303 2255 8860 9167 670 1334 3440 2647 6894 3505 5333
8547 4517 5675 3436 6158 6481 9963 6251 1392 9794 7060 4753 6576 5578 1860 500 0 10187 6007 5099 7220 10420 9254 2729 7920 8796 4026 4022 5590 11660 4332 6315 8905 3306 5727 9482 5536 6072 6618 6862 9100 8780 7349 8486 1788 5303 2302 7802 3612 6794 1811 9340 9654 632 900 3940 2901 7373 3847 5798
1697 7080 5044 7150 5400 4704 3535 6592 10526 1562 7446 6958 7792 7300 10197 9723 10187 0 8429 7705 4428 848 4328 9464 5724 3310 6444 6177 4640 1746 8127 4031 7200 9121 4545 3041 5024 4545 5731 3748 5414 1700 7375 2340 8723 8500 9108 5178 7142 3765 11385 1360 1581 9790 10683 6735 7924 6306 6789 4390
7445 7655 6942 6313 3104 3807 6168 9002 7302 7206 10230 2193 860 1252 7542 5600 6007 8429 0 1220 4004 9093 10207 3373 3230 5445 6160 4763 5860 9144 8318 6518 11531 2745 6080 9638 6660 6920 2701 4876 10707 6736 10423 8134 4428 707 3705 9481 6586 4904 7815 7105 7102 6207 6906 3440 6630 2469 6435 5437
6562 6435 5762 5100 2308 3001 5905 7789 6319 6628 9013 1000 1500 565 6500 4652 5099 7705 1220 0 3395 8305 9123 2692 3182 4997 4940 3546 4716 8612 7111 5412 10339 2080 4939 8633 5481 5768 2193 4011 9570 6007 9209 7156 3405 854 2846 8323 5371 4019 6905 6438 6511 5215 5984 2220 5442 2483 5215 4338
3623 6203 4560 5375 1166 761 2758 6868 8052 3238 8095 2865 3373 2927 7970 6720 7220 4428 4004 3395 0 5119 6859 5630 1720 1664 4816 3640 3373 5217 7202 3624 8868 5147 3517 6021 4317 4272 1303 1303 7605 2745 8193 4500 5467 4130 5467 6603 5544 1389 8832 3101 3125 7049 7961 3280 6063 2024 5223 2765
1897 7003 5032 7242 6020 5315 4383 6313 10649 2408 7057 7505 8492 7930 10280 9974 10420 848 9093 8305 5119 0 3701 9903 6500 4118 6545 6462 4830 2202 8015 4134 6627 9602 4701 2402 5060 4545 6413 4300 4804 2376 6956 2126 9046 9119 9507 4743 7200 4301 11509 2147 2420 9984 10855 7158 8000 7051 6860 4681
3535 4904 3721 5821 7242 6621 7432 3498 8998 5565 3764 8143 9873 8955 8477 8919 9254 4328 10207 9123 6859 3701 0 9749 8558 6688 5300 6041 4459 5903 5636 3716 2942 9676 4237 1300 3945 3492 7901 5597 1104 4830 3580 2469 8421 9974 9191 1612 5643 5531 9808 5032 5502 8683 9394 7242 6395 8852 5414 4785
8022 5798 6041 4390 4465 5011 8340 7470 4100 8681 8543 2780 4049 3244 4459 2404 2729 9464 3373 2692 5630 9903 9749 0 5825 7294 4623 3721 5403 10662 6086 6203 10195 632 5608 9607 5805 6264 4669 5758 9904 7842 8798 8309 1627 2668 640 8572 4664 5724 4504 8357 8549 3067 3622 2745 4327 5161 4695 5315
5220 7694 6203 6700 2000 2213 2961 8508 8949 4294 9749 3176 2404 2617 8973 7432 7920 5724 3230 3182 1720 6500 8558 5825 0 2451 6228 4900 4997 6107 8636 5323 10581 5240 5162 7669 5945 5950 1334 3023 9323 4159 9861 6161 6132 3635 5852 8321 6906 3106 9656 4365 4220 7877 8746 4123 7310 761 6618 4401
3162 7199 5303 6612 2830 2334 1208 7516 9541 1843 8670 4527 4704 4492 9401 8297 8796 3310 5445 4997 1664 4118 6688 7294 2451 0 5977 5011 4257 3705 8256 4201 9108 6809 4328 5622 5115 4901 2816 2118 7602 1910 8713 4219 7072 5675 7121 6830 6735 2213 10346 1972 1772 8580 9500 4879 7353 3106 6389 3687
4750 1523 1649 707 4242 4101 7178 2920 4104 6407 4101 3996 6217 5060 3753 3649 4026 6444 6160 4940 4816 6545 5300 4623 6228 5977 0 1431 1860 8065 2408 2420 5608 4701 1910 5456 1523 2061 4981 3860 5315 5300 4318 4517 3157 5672 4016 3981 761 3764 4964 5860 6268 3511 4338 2720 1486 6041 412 2325
4569 2954 2376 1802 2900 2886 6217 4244 4560 5799 5467 2580 4788 3635 4390 3551 4022 6177 4763 3546 3640 6462 6041 3721 4900 5011 1431 0 1711 7640 3785 2507 6841 3640 1902 5900 2118 2549 3612 2941 6276 4763 5663 4669 2596 4313 3200 4965 2022 2860 5390 5326 5658 3679 4596 1345 2433 4652 1772 1788
2968 2942 1208 2561 3190 2785 5434 3511 5889 4548 4753 3721 5656 4622 5586 5147 5590 4640 5860 4716 3373 4830 4459 5403 4997 4257 1860 1711 0 6222 4002 800 5748 5261 223 4204 948 1063 3944 2200 4854 3440 4875 2961 4295 5556 4904 3623 2607 2100 6747 4000 4410 5162 6046 2789 3342 5011 2247 608
3383 8791 6742 8772 6332 5691 3324 8338 12101 1992 9176 8000 8409 8139 11808 11183 11660 1746 9144 8612 5217 2202 5903 10662 6107 3705 8065 7640 6222 0 9847 5685 8827 10252 6155 4604 6700 6242 6477 4919 7006 2884 9095 4085 10101 9338 10375 6888 8786 4964 12955 2332 2118 11307 12214 8005 9551 6800 8429 5889
6466 1077 3130 2024 6648 6500 9436 2184 3601 8416 2745 6239 8485 7315 3001 4204 4332 8127 8318 7111 7202 8015 5636 6086 8636 8256 2408 3785 4002 9847 0 4254 4627 6370 3956 6300 3231 3623 7382 6166 5166 7300 3041 5889 4459 7752 5448 4031 1772 6067 4318 7829 8284 3700 4130 4939 1769 8434 2022 4570
2334 3178 1140 3124 3679 3162 5315 3324 6521 4162 4512 4428 6248 5269 6171 5887 6315 4031 6518 5412 3624 4134 3716 6203 5323 4201 2420 2507 800 5685 4254 0 5269 6053 608 3405 1029 700 4404 2340 4201 3046 4588 2184 5080 6260 5703 3047 3111 2247 7381 3577 4030 5859 6723 3569 3894 5440 2758 1081
6118 4459 4596 5818 8920 8431 10016 2731 8221 8287 1900 9343 11395 10323 7610 8709 8905 7200 11531 10339 8868 6627 2942 10195 10581 9108 5608 6841 5748 8827 4627 5269 0 10307 5544 4229 4878 4701 9660 7566 1843 7397 1600 5063 8640 11139 9570 2284 5554 7479 8900 7710 8203 8276 8757 8183 6072 10707 5500 6280
7741 5981 6008 4560 3982 4569 7823 7600 4652 8263 8720 2282 3417 2640 4972 2942 3306 9121 2745 2080 5147 9602 9676 632 5240 6809 4701 3640 5261 10252 6370 6053 10307 0 5474 9453 5756 6184 4123 5385 9902 7472 8962 8101 1972 2039 1044 8579 4841 5360 5100 7969 8134 3590 4204 2501 4601 4560 4825 5102
2860 2886 1044 2617 3383 2954 5491 3352 5981 4527 4588 3944 5869 4841 5658 5292 5727 4545 6080 4939 3517 4701 4237 5608 5162 4328 1910 1902 223 6155 3956 608 5544 5474 0 4001 806 848 4134 2308 4632 3413 4701 2789 4472 5779 5100 3405 2640 2209 6841 3966 4390 5283 6158 3008 3396 5197 2280 761
2475 5420 3807 6072 6574 5905 6264 4313 9415 4346 4837 7692 9213 8393 8947 9100 9482 3041 9638 8633 6021 2402 1300 9607 7669 5622 5456 5900 4204 4604 6300 3405 4229 9453 4001 0 3962 3436 7169 4837 2402 3720 4695 1526 8429 9486 9100 2523 5946 4788 10255 3847 4295 8956 9740 6958 6741 8044 5661 4373
3330 2154 282 2195 4118 3733 6264 2563 5608 5189 3807 4482 6519 5445 5220 5141 5536 5024 6660 5481 4317 5060 3945 5805 5945 5115 1523 2118 948 6700 3231 1029 4878 5756 806 3962 0 538 4876 3114 4162 4071 3935 3001 4500 6300 5246 2865 2140 3014 6466 4606 5055 5032 5860 3400 2941 5948 1802 1552
2860 2555 500 2729 4220 3758 6013 2630 6139 4810 3832 4770 6717 5685 5742 5675 6072 4545 6920 5768 4272 4545 3492 6264 5950 4901 2061 2549 1063 6242 3623 700 4701 6184 848 3436 538 0 4964 3008 3807 3700 3921 2469 5003 6603 5721 2561 2662 2912 6996 4215 4681 5570 6397 3769 3466 6020 2332 1581
4846 6476 5147 5414 761 1280 3721 7424 7621 4517 8676 1920 2088 1676 7639 6126 6618 5731 2701 2193 1303 6413 7901 4669 1334 2816 4981 3612 3944 6477 7382 4404 9660 4123 4134 7169 4876 4964 0 2332 8556 4044 8811 5643 4830 2863 4621 7451 5632 2385 8338 4404 4410 6555 7432 2789 6000 1077 5360 3383
2570 5124 3337 4494 1772 1077 3324 5629 7500 2968 6840 3214 4386 3667 7324 6370 6862 3748 4876 4011 1303 4300 5597 5758 3023 2118 3860 2941 2200 4919 6166 2340 7566 5385 2308 4837 3114 3008 2332 0 6312 2088 6926 3312 5220 4837 5456 5300 4617 100 8324 2600 2830 6585 7506 3088 5239 3255 4272 1603
4494 4609 3900 5731 7856 7283 8414 2983 8683 6596 2920 8575 10448 9462 8121 8814 9100 5414 10707 9570 7605 4804 1104 9904 9323 7602 5315 6276 4854 7006 5166 4201 1843 9902 4632 2402 4162 3807 8556 6312 0 5793 2690 3417 8472 10410 9314 1334 5514 6236 9454 6044 6525 8500 9135 7558 6200 9552 5346 5280
1300 6224 4178 6000 3701 3006 2624 6152 9263 1118 7202 5277 6118 5600 9002 8300 8780 1700 6736 6007 2745 2376 4830 7842 4159 1910 5300 4763 3440 2884 7300 3046 7397 7472 3413 3720 4071 3700 4044 2088 5793 0 7200 2376 7220 6800 7523 5162 6045 2118 10111 565 984 8438 9350 5147 6780 4681 5685 3041
6013 3001 3667 4410 8052 7655 9741 1421 6627 8209 300 8232 10381 9261 6013 7178 7349 7375 10423 9209 8193 6956 3580 8798 9861 8713 4318 5663 4875 9095 3041 4588 1600 8962 4701 4695 3935 3921 8811 6926 2690 7200 0 5063 7206 9972 8163 2213 4134 6830 7300 7605 8105 6718 7170 7003 4569 9883 4140 5462
1077 4879 2941 5196 5056 4382 4997 4254 8608 3224 5119 6236 7692 6894 8209 8065 8486 2340 8134 7156 4500 2126 2469 8309 6161 4219 4517 4669 2961 4085 5889 2184 5063 8101 2789 1526 3001 2469 5643 3312 3417 2376 5063 0 7256 8008 7840 2901 5131 3264 9465 2647 3140 8011 8854 5600 5935 6521 4801 3000
7150 4205 4704 2823 4382 4742 8221 5909 2915 8184 6946 2973 4904 3847 3114 1300 1788 8723 4428 3405 5467 9046 8421 1627 6132 7072 3157 2596 4295 10101 4459 5080 8640 1972 4472 8429 4500 5003 4830 5220 8472 7220 7206 7256 0 3748 989 7138 3087 5161 3544 7769 8044 1811 2624 2193 2701 5597 3162 4365
7397 7140 6580 5768 3101 3805 6500 8555 6606 7368 9767 1835 1442 1204 6859 4901 5303 8500 707 854 4130 9119 9974 2668 3635 5675 5672 4313 5556 9338 7752 6260 11139 2039 5779 9486 6300 6603 2863 4837 10410 6800 9972 8008 3748 0 3001 9152 6046 4850 7111 7211 7255 5514 6202 2969 6037 2884 5920 5189
7615 5162 5474 3758 4318 4801 8212 6842 3621 8411 7907 2701 4295 3361 3929 1910 2302 9108 3705 2846 5467 9507 9191 640 5852 7121 4016 3200 4904 10375 5448 5703 9570 1044 5100 9100 5246 5721 4621 5456 9314 7523 8163 7840 989 3001 0 7981 4031 5412 4110 8052 8276 2549 3201 2376 3687 5235 4071 4866
3911 3354 2594 4410 6726 6200 7766 1886 7452 6107 2325 7323 9269 8245 6912 7502 7802 5178 9481 8323 6603 4743 1612 8572 8321 6830 3981 4965 3623 6888 4031 3047 2284 8579 3405 2523 2865 2561 7451 5300 1334 5162 2213 2901 7138 9152 7981 0 4201 5215 8246 5514 6013 7211 7877 6264 4909 8480 4019 4101
5445 1140 2195 282 4909 4816 7937 2823 3488 7155 3883 4477 6723 5554 3080 3301 3612 7142 6586 5371 5544 7200 5643 4664 6906 6735 761 2022 2607 8786 1772 3111 5554 4841 2640 5946 2140 2662 5632 4617 5514 6045 4134 5131 3087 6046 4031 4201 0 4522 4341 6602 7017 3041 3794 3178 806 6674 360 3086
2549 5024 3238 4401 1802 1118 3417 5531 7420 3023 6744 3206 4428 3687 7240 6303 6794 3765 4904 4019 1389 4301 5531 5724 3106 2213 3764 2860 2100 4964 6067 2247 7479 5360 2209 4788 3014 2912 2385 100 6236 2118 6830 3264 5161 4850 5412 5215 4522 0 8246 2640 2884 6511 7432 3041 5147 3324 4176 1503
9700 4904 6536 4272 7825 8077 11537 6477 860 11175 7000 6514 8386 7374 1334 2255 1811 11385 7815 6905 8832 11509 9808 4504 9656 10346 4964 5390 6747 12955 4318 7381 8900 5100 6841 10255 6466 6996 8338 8324 9454 10111 7300 9466 3544 7111 4110 8246 4341 8246 0 10676 11034 1788 921 5589 3535 9138 4664 7072
1603 6754 4701 6560 4130 3452 2418 6609 9828 608 7623 5748 6449 6007 9567 8860 9340 1360 7105 6438 3101 2147 5032 8357 4365 1972 5860 5326 4000 2332 7829 3577 7710 7969 3966 3847 4606 4215 4404 2600 6044 565 7605 2647 7769 7211 8052 5514 6602 2640 10676 0 500 9002 9915 5679 7340 4947 6242 3606
2102 7208 5162 6963 4220 3573 2000 7102 10191 141 8122 5881 6407 6052 9948 9167 9654 1581 7102 6511 3125 2420 5502 8549 4220 1772 6268 5658 4410 2118 8284 4030 8203 8134 4390 4295 5055 4681 4410 2830 6525 984 8105 3140 8044 7255 8276 6013 7017 2884 11034 500 0 9337 10254 5916 7742 4850 6657 3982
8130 3905 5154 2886 6037 6296 9765 5632 1104 9478 6428 4753 6711 5656 1392 670 632 9790 6207 5215 7049 9984 8683 3067 7877 8580 3511 3679 5162 11307 3700 5859 8276 3590 5283 8956 5032 5570 6555 6585 8500 8438 6718 8011 1811 5514 2549 7211 3041 6511 1788 9002 9337 0 921 3801 2302 7376 3298 5420
9013 4527 5960 3676 6935 7211 10683 6200 640 10395 6873 5597 7467 6453 1252 1334 900 10683 6906 5984 7961 10855 9394 3622 8746 9500 4338 4596 6046 12214 4130 6723 8757 4204 6158 9740 5860 6397 7432 7506 9135 9350 7170 8854 2624 6202 3201 7877 3794 7432 921 9915 10254 921 0 4701 3008 8221 4085 6325
5277 4219 3671 2915 2236 2549 6030 5586 4846 6053 6801 1300 3546 2376 4850 3440 3940 6735 3440 2220 3280 7158 7242 2745 4123 4879 2720 1345 2789 8005 4939 3569 8183 2501 3008 6958 3400 3769 2789 3088 7558 5147 7003 5600 2193 2969 2376 6264 3178 3041 5589 5679 5916 3801 4701 0 3354 3712 3001 2601
6228 1627 3001 781 5315 5315 8561 3373 2683 7881 4295 4632 6868 5700 2280 2647 2901 7924 6630 5442 6063 8000 6395 4327 7310 7353 1486 2433 3342 9551 1769 3894 6072 4601 3396 6741 2941 3466 6000 5239 6200 6780 4569 5935 2701 6037 3687 4909 806 5147 3535 7340 7742 2302 3008 3354 0 7006 1140 3773
5643 7543 6217 6449 1838 2280 3710 8500 8464 4936 9750 2624 1649 1920 8532 6894 7373 6306 2469 2483 2024 7051 8852 5161 761 3106 6041 4652 5011 6800 8434 5440 10707 4560 5197 8044 5948 6020 1077 3255 9552 4681 9883 6521 5597 2884 5235 8480 6674 3324 9138 4947 4850 7376 8221 3712 7006 0 6413 4441
5092 1220 1878 412 4627 4504 7589 2778 3807 6795 3905 4294 6530 5366 3420 3505 3847 6789 6435 5215 5223 6860 5414 4695 6618 6389 412 1772 2247 8429 2022 2758 5500 4825 2280 5661 1802 2332 5360 4272 5346 5685 4140 4801 3162 5920 4071 4019 360 4176 4664 6242 6657 3298 4085 3001 1140 6413 0 2731
2785 3522 1802 3001 2640 2193 4876 4110 6222 4123 5348 3361 5173 4188 5966 5333 5798 4390 5437 4338 2765 4681 4785 5315 4401 3687 2325 1788 608 5889 4570 1081 6280 5102 761 4373 1552 1581 3383 1603 5280 3041 5462 3000 4365 5189 4866 4101 3086 1503 7072 3606 3982 5420 6325 2601 3773 4441 2731 0
# set of given starting solutions
0 53 50 29 46 58 24 30 38 16 43 2 9 55 41 51 42 26 23 47 15 11 44 54 1 39 34 52 31 59 37 56 48 49 18 33 5 32 8 20 45 19 7 12 57 22 13 40 14 10 36 28 3 21 25 6 4 35 17 27 0
0 25 29 43 48 42 58 56 22 33 34 27 11 21 3 50 23 19 52 20 55 24 14 30 53 44 9 2 26 12 18 1 10 54 57 31 45 32 4 39 6 5 17 8 41 46 38 13 37 7 16 40 15 49 35 51 36 28 59 47 0
0 22 50 31 58 46 28 14 23 35 56 12 24 1 13 38 21 18 2 16 45 40 19 43 17 53 44 34 47 11 59 54 55 37 51 41 7 4 3 52 8 42 25 6 32 30 5 48 57 15 33 9 26 39 27 20 36 49 29 10 0
0 29 25 57 43 44 52 2 14 20 18 23 30 10 46 8 48 37 45 3 39 11 26 32 5 41 50 15 19 42 34 51 4 53 58 54 35 6 27 7 28 31 55 36 33 13 56 47 40 38 16 12 17 59 1 21 49 9 24 22 0
0 5 31 57 12 9 15 38 44 37 49 20 32 54 47 42 53 22 34 26 19 30 18 55 41 1 33 7 39 45 43 28 27 52 40 50 3 2 17 36 46 59 16 8 4 58 11 6 29 25 24 21 35 51 48 56 14 23 13 10 0
0 41 43 26 56 58 12 50 36 33 45 10 46 29 16 51 34 9 52 19 1 48 6 14 24 5 44 55 4 7 23 11 49 38 8 37 30 47 17 57 13 39 2 42 35 15 53 25 3 40 18 21 59 22 31 28 32 20 27 54 0
0 51 9 3 22 36 28 2 4 13 52 10 44 24 29 16 48 32 11 19 27 54 58 1 49 50 47 7 39 17 45 12 26 59 37 53 35 5 38 40 20 57 42 46 21 30 56 55 18 25 15 33 41 43 23 8 31 34 14 6 0
0 59 30 25 27 28 10 40 53 16 33 21 50 22 32 9 43 57 35 2 44 37 36 24 4 7 31 38 49 48 19 34 51 13 14 58 1 8 52 39 41 6 15 42 45 55 5 29 11 18 17 47 12 54 26 3 20 56 23 46 0
0 30 43 11 54 50 51 8 47 1 39 19 16 53 4 29 24 49 6 46 34 37 18 22 23 12 14 32 31 9 21 25 57 10 33 13 15 2 7 35 56 45 41 40 3 28 44 20 36 42 38 59 52 27 48 5 58 17 26 55 0
0 5 25 31 20 57 11 52 8 32 49 12 13 4 40 53 47 6 22 19 59 41 10 58 55 2 14 46 28 51 1 50 3 48 21 29 23 43 44 16 39 35 9 7 42 34 30 38 45 37 56 27 54 24 15 18 33 26 36 17 0
0 12 5 1 45 51 52 29 31 21 57 40 59 27 35 15 28 46 18 58 32 7 22 10 26 50 30 41 24 56 20 47 4 3 39 11 36 8 55 42 13 19 2 48 33 16 44 34 53 43 37 49 14 17 38 6 54 9 23 25 0
0 38 17 42 4 21 19 59 11 30 57 8 23 29 7 43 35 22 49 3 58 36 54 9 47 5 44 6 31 52 27 56 24 14 15 13 12 41 45 18 46 39 55 26 51 2 34 32 20 10 16 48 28 1 53 25 33 37 40 50 0
0 17 18 53 12 49 28 13 58 35 40 32 16 9 30 57 52 7 56 5 6 50 43 29 1 10 14 15 42 45 31 55 39 37 23 21 24 46 59 22 47 54 44 8 25 4 2 33 11 3 41 36 19 34 38 27 20 48 26 51 0
0 50 7 5 34 23 1 53 29 42 37 39 33 13 59 43 28 45 27 46 18 36 22 26 47 17 19 30 58 49 25 35 14 2 54 32 24 16 48 6 38 55 56 52 10 44 15 21 41 3 51 9 11 12 40 57 4 31 8 20 0
0 27 41 19 14 31 37 58 48 50 32 56 7 11 5 6 8 13 21 25 34 39 22 59 44 54 35 15 49 40 10 1 16 9 28 42 29 57 52 55 26 3 17 23 2 38 20 18 12 47 4 24 43 46 30 33 53 36 45 51 0
0 12 26 54 51 8 7 24 25 11 56 21 23 53 57 34 16 10 59 48 20 35 50 39 58 31 40 28 22 32 3 13 4 42 41 2 36 52 49 18 17 5 19 46 33 44 43 6 38 1 37 45 15 27 9 14 55 30 29 47 0
0 37 6 51 26 34 5 53 12 56 44 9 24 33 8 3 58 48 47 16 35 18 43 27 50 32 20 21 4 17 36 31 49 11 19 40 22 7 25 1 13 54 57 55 52 39 2 30 15 59 38 29 14 41 23 46 10 28 42 45 0
0 57 8 1 3 19 39 30 48 58 55 37 11 28 20 51 10 5 56 17 32 16 33 14 2 9 13 42 46 4 44 59 47 7 53 50 27 24 25 21 35 31 40 45 18 29 22 26 23 6 41 38 12 36 54 49 43 15 34 52 0
0 9 54 15 57 32 24 40 33 56 43 28 8 27 29 6 37 1 22 46 25 58 36 10 21 48 53 51 30 50 3 5 52 17 55 20 23 12 35 14 26 59 44 34 47 49 42 13 7 39 11 18 4 16 2 45 38 31 19 41 0
0 6 18 46 57 56 59 1 44 34 7 4 38 45 49 48 15 41 55 21 27 58 47 19 8 12 26 33 40 31 2 28 50 17 9 5 39 30 16 32 22 3 35 25 14 53 42 52 36 11 54 23 29 37 10 13 51 43 20 24 0
0 4 21 1 50 15 51 2 5 16 39 8 57 31 41 12 38 33 9 10 45 54 25 24 27 34 56 6 19 36 58 26 49 59 30 44 42 53 52 11 55 17 40 22 3 43 14 32 35 18 47 29 23 46 28 13 37 20 7 48 0
0 48 3 6 45 15 13 31 11 36 5 59 46 21 35 43 19 25 18 40 7 47 8 53 55 20 42 34 26 12 58 4 49 51 57 28 1 39 33 17 22 29 50 2 32 10 37 16 24 41 52 56 14 27 44 54 30 23 38 9 0
0 48 57 3 20 45 10 26 49 15 7 34 33 35 41 30 11 29 22 55 19 39 38 37 52 21 2 44 12 27 40 18 13 59 47 24 14 36 58 28 50 6 25 56 32 8 17 53 43 46 23 42 9 4 31 5 54 51 1 16 0
0 21 34 9 4 27 28 36 19 55 23 12 38 32 56 7 24 59 30 57 16 52 11 29 50 18 31 13 6 51 39 33 8 43 20 48 44 45 15 25 46 1 14 42 58 35 54 26 37 47 2 22 53 40 41 17 49 5 10 3 0
0 16 10 15 53 24 22 1 12 7 43 57 30 33 25 20 17 3 19 59 46 21 32 40 31 13 52 54 29 8 35 23 26 2 36 41 9 58 47 14 51 56 38 6 4 5 55 18 44 42 28 11 39 34 50 37 48 49 45 27 0
0 37 42 33 20 2 16 50 45 47 11 6 32 15 38 57 26 5 25 35 28 21 27 49 52 19 59 4 22 53 13 48 23 40 51 14 18 41 55 7 24 10 54 56 17 3 34 1 8 29 58 43 36 31 9 44 39 12 46 30 0
0 10 1 32 53 35 6 17 16 33 41 19 48 58 4 56 14 30 27 9 37 15 47 38 52 2 50 23 20 49 25 36 55 29 43 59 45 22 8 21 24 54 5 7 51 26 28 46 18 13 12 11 39 34 3 57 42 40 31 44 0
0 48 28 35 21 33 39 34 44 14 52 25 11 36 43 12 6 42 16 37 26 47 24 31 7 17 20 3 40 45 30 38 59 10 2 19 13 56 32 46 29 57 58 23 18 49 22 55 50 27 41 5 51 8 15 9 53 1 54 4 0
0 58 56 34 48 6 4 21 24 51 26 12 11 22 37 18 59 16 42 55 30 28 47 39 1 15 33 7 3 45 50 40 57 46 36 20 27 49 5 54 43 19 32 8 17 9 31 41 35 14 44 38 53 52 10 25 2 13 23 29 0
0 2 51 13 54 1 26 9 17 55 23 22 41 32 57 38 48 11 25 37 5 20 19 18 34 59 46 50 42 49 7 15 30 43 52 47 39 3 21 8 27 6 16 12 35 14 24 33 44 58 53 28 4 40 31 10 56 29 45 36 0
0 44 2 17 45 56 31 28 12 52 15 49 32 7 18 22 43 50 37 6 10 1 9 54 25 11 35 42 48 13 14 3 46 59 23 47 16 58 20 19 8 26 40 57 24 39 4 33 41 29 27 36 38 30 34 55 21 5 53 51 0
0 45 4 54 13 1 18 9 38 5 44 33 26 23 21 53 52 3 59 50 27 14 39 22 16 10 17 29 57 8 31 36 40 15 6 43 2 20 35 7 49 46 37 55 28 58 19 56 42 12 34 11 47 30 32 41 51 48 25 24 0
0 23 47 30 22 17 39 12 13 18 57 26 5 19 44 40 14 9 16 4 45 21 1 46 36 7 27 11 8 41 50 20 42 35 33 56 38 31 52 55 58 37 25 24 53 15 2 51 32 49 10 29 54 34 28 43 3 48 6 59 0
0 10 47 14 23 43 41 24 17 35 37 11 44 26 3 56 48 34 50 59 57 40 28 52 32 42 33 16 36 51 30 53 55 6 21 8 7 25 46 22 12 1 19 2 5 27 54 45 9 58 20 15 38 49 29 18 39 13 31 4 0
0 37 20 42 33 47 54 55 15 35 59 19 10 3 51 56 27 7 50 38 4 11 9 24 18 39 34 5 23 46 40 36 6 29 22 17 16 8 57 52 21 25 58 48 41 31 30 26 43 1 14 32 49 2 28 45 44 13 53 12 0
0 43 15 29 11 49 22 37 41 5 30 4 26 1 33 51 56 32 34 28 3 46 55 13 14 44 2 6 48 40 50 39 9 54 53 24 52 35 18 10 31 58 20 7 17 59 42 8 45 25 27 47 16 19 23 36 38 12 57 21 0
0 30 35 46 6 16 37 1 19 44 39 32 47 43 7 9 27 28 24 12 48 33 17 26 13 4 18 54 10 59 2 21 40 38 15 52 8 22 55 49 5 3 11 23 25 57 36 31 56 58 50 51 34 14 29 42 20 53 45 41 0
0 36 28 50 15 35 45 21 20 53 9 4 49 14 1 8 34 29 5 47 25 58 2 31 27 32 48 26 57 39 54 42 13 46 22 12 18 30 55 16 51 23 59 40 38 33 44 37 41 19 52 11 24 3 56 10 43 6 7 17 0
0 51 44 38 43 33 27 32 22 8 37 17 2 39 45 14 40 25 56 35 18 3 41 28 48 23 10 16 53 29 47 26 20 46 31 58 54 5 11 49 13 1 24 59 30 42 19 34 7 15 21 36 9 52 57 4 50 55 6 12 0
0 52 4 30 24 57 14 31 17 25 58 20 34 36 47 28 49 3 48 43 23 1 18 9 44 51 42 12 56 38 16 45 19 26 35 6 55 11 22 40 10 46 59 21 54 39 50 5 2 8 37 33 7 15 13 29 27 53 41 32 0
0 40 4 5 35 52 42 30 28 50 31 56 37 43 17 49 57 9 19 59 16 58 2 48 55 32 38 34 44 7 22 53 6 39 45 47 54 3 23 12 33 27 15 29 8 41 1 13 26 18 21 24 36 51 46 20 11 25 10 14 0
0 10 56 26 32 39 57 3 2 43 1 13 15 25 5 44 37 18 38 9 29 8 52 21 22 30 54 16 4 40 34 20 48 33 47 59 28 55 41 51 24 11 50 31 49 12 23 35 42 45 19 17 7 14 6 53 36 58 46 27 0
0 32 9 12 27 3 39 14 24 34 45 43 18 15 52 21 57 28 29 1 53 17 5 19 37 54 36 47 48 7 46 25 22 41 50 30 56 20 31 40 58 13 11 10 55 42 26 51 44 23 35 33 38 16 2 6 49 59 8 4 0
0 14 29 33 23 42 26 5 44 35 41 46 40 12 32 51 4 53 49 3 20 36 1 7 24 37 31 58 57 21 50 9 48 8 56 54 45 38 17 15 47 18 25 52 59 16 34 28 27 43 2 6 11 55 22 39 30 13 10 19 0
0 6 1 15 44 27 9 13 20 35 17 52 21 58 51 54 46 36 41 53 37 23 3 32 56 45 42 34 47 2 29 30 43 18 24 8 49 25 57 14 38 7 40 31 39 55 5 16 4 28 12 19 59 33 48 26 22 11 10 50 0
0 27 18 29 54 25 8 26 6 42 4 19 15 55 35 1 52 17 11 3 23 21 38 51 22 58 44 36 9 43 45 33 39 37 30 46 28 59 20 34 7 48 57 10 12 24 40 31 16 56 47 2 13 50 41 5 49 32 53 14 0
0 40 45 27 6 24 58 29 11 44 30 20 18 17 12 50 25 42 53 22 57 13 4 54 41 43 46 36 49 26 32 31 3 7 33 21 35 37 56 38 16 9 52 28 10 55 15 34 48 23 14 5 59 47 19 39 1 51 2 8 0
0 53 19 21 10 5 43 1 11 7 27 51 16 18 4 23 28 50 22 17 15 20 55 48 2 3 25 12 39 36 57 40 56 41 44 38 34 32 52 58 31 37 35 29 59 54 6 13 49 9 46 26 24 42 30 45 8 14 47 33 0
0 41 29 44 8 11 24 21 22 50 27 52 46 13 5 53 26 9 51 28 6 58 14 15 35 33 10 43 30 25 17 47 4 36 3 42 49 39 45 34 48 23 37 12 18 38 55 7 2 57 16 59 40 56 1 32 19 54 31 20 0
0 27 18 10 31 52 17 47 41 28 3 11 39 32 6 20 36 44 49 59 57 35 38 1 48 15 9 42 13 53 5 45 16 33 26 43 37 54 30 2 21 56 51 29 14 34 4 23 19 58 50 8 22 12 40 46 25 24 55 7 0
0 9 26 12 36 10 15 2 56 38 39 42 4 5 21 27 8 14 49 43 33 16 18 57 17 40 30 7 41 52 45 44 22 11 6 59 20 3 35 19 54 37 23 47 31 55 24 46 50 53 25 1 51 34 58 32 13 28 29 48 0
0 3 37 25 11 15 1 5 27 36 4 28 46 14 23 2 40 48 38 22 57 50 51 52 41 59 24 9 54 26 58 16 21 8 20 12 33 55 56 17 7 6 45 44 34 53 35 29 19 18 39 31 49 30 32 42 43 47 13 10 0
0 49 5 52 35 31 55 36 57 34 26 37 29 33 10 6 20 51 23 50 14 24 28 8 1 7 38 48 44 18 39 59 12 17 58 56 32 21 16 30 54 4 22 41 46 15 19 43 3 47 11 13 27 9 45 25 2 42 40 53 0
0 30 52 51 12 55 25 6 26 28 14 50 33 5 44 17 37 32 19 29 18 22 13 9 40 16 47 2 36 21 53 46 43 39 45 24 54 49 1 48 31 57 58 42 34 41 8 27 11 4 10 56 35 15 3 23 7 20 38 59 0
0 46 19 13 16 49 43 12 28 2 20 23 15 11 35 48 31 57 21 44 40 34 58 4 29 30 39 18 32 42 26 6 24 33 50 51 17 36 38 41 10 1 47 14 27 55 25 52 54 56 7 37 59 53 22 45 9 3 8 5 0
0 33 24 59 4 10 43 23 51 50 47 12 22 34 9 3 29 14 40 46 25 17 53 15 28 6 7 21 52 26 48 54 32 39 45 1 57 19 31 58 42 37 55 38 27 18 35 2 16 11 36 30 8 13 49 41 56 5 44 20 0
0 6 11 38 29 31 39 15 40 49 2 28 44 45 43 27 58 23 19 24 56 51 13 53 59 32 25 52 16 37 18 48 34 30 10 4 33 35 1 57 21 42 20 14 8 46 54 7 3 26 55 17 12 22 9 5 41 47 36 50 0
0 4 55 13 54 22 12 29 44 17 41 50 25 11 19 45 32 23 1 47 9 24 33 20 8 46 56 30 34 57 2 3 42 36 28 7 10 40 58 37 51 59 21 43 35 53 26 16 27 5 38 49 48 31 18 39 52 6 14 15 0
0 50 41 21 37 51 9 15 43 47 19 38 8 53 44 16 59 55 49 48 34 45 39 18 24 52 26 14 40 29 28 42 30 36 31 17 32 1 22 4 56 13 6 7 57 20 3 2 10 25 46 33 23 27 12 11 58 35 54 5 0
0 57 18 47 41 11 42 54 46 51 29 6 35 12 23 53 59 24 19 56 49 1 21 5 15 2 58 27 16 9 3 40 38 32 45 13 14 20 26 43 36 31 52 34 39 50 8 22 25 30 17 7 33 48 44 37 4 28 10 55 0
0 2 13 53 31 26 12 27 43 6 18 56 9 1 32 37 34 47 19 57 7 45 17 54 42 5 36 8 41 21 51 3 28 44 52 20 16 39 46 4 59 50 55 58 11 25 33 14 29 49 30 22 38 48 15 23 35 40 10 24 0
0 35 43 20 39 11 6 33 17 57 8 31 5 26 10 1 47 29 50 46 7 28 59 16 37 21 18 22 58 15 2 25 34 12 42 36 27 56 3 38 30 24 14 48 44 9 4 51 45 55 49 53 54 41 23 32 40 52 19 13 0
0 42 16 37 29 25 23 28 39 47 41 49 57 45 2 4 33 21 54 24 18 55 13 22 34 35 53 56 8 59 5 6 10 15 38 20 43 40 3 17 52 1 9 32 48 12 19 26 30 46 51 14 31 58 11 44 27 50 7 36 0
0 38 43 12 52 11 13 41 51 19 29 53 7 49 34 44 33 4 25 39 24 3 31 5 22 8 30 47 58 17 6 50 23 32 15 16 57 28 55 1 48 35 18 14 54 10 2 27 56 9 20 59 46 42 26 45 21 40 36 37 0
0 1 37 25 31 52 56 18 39 27 3 7 22 30 33 14 47 24 55 32 20 11 38 8 42 57 9 19 28 12 53 45 10 17 15 2 29 36 23 51 41 44 13 49 50 5 59 26 54 48 35 6 43 16 34 58 4 40 46 21 0
0 55 19 14 29 49 7 6 36 11 41 38 22 16 17 18 23 51 26 48 9 57 59 42 33 5 28 20 40 47 8 35 12 45 39 50 1 32 34 21 24 58 13 4 37 10 3 2 31 56 46 30 25 27 54 44 53 52 15 43 0
0 52 50 34 11 38 29 46 21 20 33 16 54 23 25 15 39 9 19 59 14 13 32 3 45 4 31 18 56 5 22 8 10 12 7 24 6 58 51 27 35 26 36 53 30 43 1 47 42 48 41 44 2 28 55 37 17 40 57 49 0
0 30 36 52 3 32 23 8 7 1 43 57 41 10 35 20 50 19 46 9 47 33 22 26 18 15 34 21 44 51 29 58 13 17 4 12 54 5 24 45 55 53 6 49 42 14 28 16 39 56 27 37 11 2 59 40 38 25 31 48 0
0 53 43 40 38 22 27 50 6 36 17 48 32 39 57 20 13 23 16 35 7 15 1 29 8 52 30 59 34 3 24 33 37 45 26 14 54 18 49 31 41 2 25 9 58 12 19 28 42 44 21 55 11 51 46 4 10 56 5 47 0
0 39 45 18 4 56 9 55 42 35 11 13 34 28 54 41 49 19 48 27 5 43 12 7 44 59 38 36 53 20 29 31 3 15 30 14 23 51 10 8 47 33 40 1 25 57 24 52 16 21 50 6 2 26 32 22 37 17 58 46 0
0 51 36 27 25 54 22 3 12 13 49 34 19 7 56 44 55 32 39 33 6 18 14 42 53 43 29 30 48 23 11 41 4 37 15 28 9 24 38 17 10 52 8 31 16 45 46 26 50 58 21 1 57 47 5 59 35 20 40 2 0
0 49 28 31 47 55 12 53 38 48 4 35 2 17 11 52 18 14 5 24 27 51 19 10 32 25 30 41 50 20 7 37 56 15 6 40 54 39 34 44 59 58 33 26 36 13 45 22 9 8 42 29 46 57 1 43 21 16 23 3 0
0 36 12 6 20 3 39 29 32 44 49 26 35 28 48 47 30 37 8 34 51 58 59 4 50 53 54 13 15 7 9 16 2 41 24 38 5 10 18 23 56 33 25 14 45 46 55 57 1 21 17 40 27 19 42 43 22 11 31 52 0
0 21 23 5 40 25 34 26 24 29 30 4 33 44 37 43 12 18 55 19 49 38 58 35 39 46 6 16 13 20 32 59 22 15 28 41 3 11 10 2 53 51 48 17 56 57 52 9 47 42 14 8 31 27 50 54 36 7 45 1 0
0 29 45 1 50 36 9 25 53 22 43 34 7 14 55 13 28 8 18 30 59 48 17 41 12 42 44 38 35 16 56 52 23 6 51 27 2 19 40 21 58 57 5 26 32 24 4 39 31 15 46 33 11 37 20 49 54 47 3 10 0
0 36 45 53 32 49 55 56 54 13 24 4 34 11 40 26 59 50 42 6 8 48 58 35 14 33 9 38 7 51 44 29 20 12 3 23 37 10 31 17 16 43 39 28 46 30 18 5 57 25 41 22 15 1 19 2 52 27 21 47 0
0 15 47 6 7 10 55 23 58 5 50 9 3 30 43 11 32 35 4 31 37 28 34 18 45 39 49 40 24 20 1 14 46 36 26 33 12 19 53 59 2 41 38 29 25 44 27 54 16 17 57 13 51 48 42 21 52 56 22 8 0
0 34 59 47 46 18 15 48 1 9 28 49 6 50 5 29 56 31 55 37 58 40 14 43 51 35 38 26 53 42 4 39 33 12 19 52 45 23 16 3 27 24 22 2 8 17 7 10 20 36 21 41 44 30 25 11 13 54 32 57 0
0 38 37 45 51 39 28 41 16 48 27 4 2 42 10 49 1 26 43 8 33 17 35 40 11 57 31 23 46 14 9 7 3 59 54 13 6 55 30 19 47 44 12 52 56 25 18 50 22 58 53 32 29 34 5 15 24 21 36 20 0
0 45 21 48 2 30 56 33 26 43 24 14 15 58 23 36 42 49 57 7 19 47 37 53 8 25 50 39 34 16 20 54 27 55 1 22 3 52 6 40 13 35 11 5 29 12 38 31 4 41 17 46 44 28 59 18 10 32 9 51 0
0 9 12 58 23 33 11 39 16 42 19 37 59 30 32 50 2 38 17 5 26 1 15 57 44 47 56 3 41 51 18 27 34 14 49 35 25 28 21 54 13 55 22 20 40 43 45 7 36 31 48 52 4 53 29 8 6 10 24 46 0
0 44 11 46 54 36 41 58 35 51 49 39 31 1 3 6 33 30 56 38 10 22 52 26 47 19 13 32 57 7 29 21 43 23 55 27 20 2 5 42 4 24 16 15 53 9 25 48 28 18 8 50 14 17 45 59 37 40 12 34 0
0 48 57 16 42 28 1 35 58 17 18 37 52 11 25 49 44 10 8 14 54 7 53 26 19 12 30 32 33 56 21 46 22 43 20 27 34 39 40 41 9 59 55 38 13 23 36 2 31 47 3 5 4 6 51 29 24 45 50 15 0
0 33 58 15 50 53 5 29 55 27 16 41 6 46 14 19 47 7 31 1 20 10 57 30 56 40 48 28 25 35 22 54 59 52 34 24 36 11 45 44 21 39 3 8 42 2 9 13 37 49 43 26 38 17 51 4 32 23 18 12 0
0 36 25 37 29 28 7 21 13 47 18 27 48 32 42 45 51 19 1 34 30 46 8 12 23 52 24 49 38 17 55 44 11 14 53 35 10 54 31 50 9 20 43 15 2 16 6 57 39 33 5 40 56 59 41 4 26 3 22 58 0
0 4 31 20 9 19 44 24 48 25 3 41 46 28 14 35 13 42 2 47 32 17 26 23 59 34 56 10 8 40 33 16 49 53 55 1 12 52 38 15 37 18 22 45 29 57 39 50 58 54 6 7 21 51 11 43 36 30 5 27 0
0 1 37 44 35 9 56 7 24 21 58 29 4 46 50 39 22 40 23 51 30 13 57 32 12 34 47 42 33 11 20 16 15 17 49 43 27 52 26 41 2 3 28 25 14 45 5 55 48 18 8 6 10 53 36 19 38 31 54 59 0
0 46 41 53 2 16 51 26 55 21 12 37 9 27 52 6 50 14 30 32 42 23 17 36 1 13 28 22 48 15 38 7 44 39 59 49 47 5 18 35 24 20 4 54 31 3 57 29 34 58 19 10 45 40 25 56 11 43 33 8 0
0 51 5 33 41 13 56 6 3 18 20 47 40 2 15 43 30 11 10 58 38 21 19 35 50 31 28 27 1 49 59 57 4 37 48 29 17 54 14 7 22 8 52 46 32 25 24 42 26 44 55 23 36 34 9 53 16 39 12 45 0
0 49 39 36 41 19 35 14 47 43 6 45 26 15 25 27 32 56 12 29 28 42 4 52 18 53 5 50 37 30 57 31 33 20 59 54 8 7 1 3 10 34 24 17 23 44 21 16 40 13 9 22 51 58 11 38 46 55 48 2 0
0 12 26 51 6 23 17 46 16 30 55 19 57 1 32 40 33 3 2 8 53 39 44 7 22 49 41 35 47 50 56 5 38 11 29 27 10 21 54 52 14 18 45 25 28 31 42 20 34 13 15 58 4 43 37 59 24 9 36 48 0
0 52 7 59 51 30 33 29 56 35 54 4 19 5 2 17 20 37 41 15 38 21 58 8 6 44 9 11 14 22 1 36 53 23 10 28 48 50 43 57 27 40 42 18 39 3 46 49 24 34 45 12 32 26 13 31 25 55 16 47 0
0 17 53 22 20 27 21 43 41 14 1 18 58 3 55 33 40 52 34 48 12 45 29 37 50 47 44 9 6 38 16 54 7 11 19 8 49 5 10 25 51 4 24 13 28 15 30 39 32 59 23 56 31 46 35 57 42 26 2 36 0
0 15 20 42 31 19 56 3 53 28 13 49 8 44 23 17 58 52 32 9 26 21 35 59 51 47 11 48 16 57 34 33 14 24 22 41 40 36 25 45 38 4 39 2 1 30 6 29 54 46 50 7 18 43 12 5 10 37 55 27 0
0 54 41 30 16 13 7 28 9 2 33 42 45 56 5 47 59 52 50 11 46 51 3 34 53 36 19 39 57 22 32 38 43 20 8 49 55 17 35 24 58 29 18 37 26 6 15 4 1 44 12 31 48 10 40 25 14 21 27 23 0
0 31 37 2 59 14 1 51 12 29 44 17 23 10 19 55 46 47 48 36 11 49 41 52 6 26 45 15 21 54 25 9 50 5 43 35 8 32 3 20 4 28 18 38 53 39 30 16 57 34 13 7 56 22 58 27 40 42 24 33 0
0 17 38 20 56 19 1 34 3 59 42 53 25 12 14 33 5 27 22 55 6 23 31 11 51 26 49 24 16 48 35 13 8 54 32 40 18 52 28 37 45 58 41 30 46 29 9 7 15 10 2 57 50 47 21 36 44 43 4 39 0
0 1 20 4 58 27 38 55 59 13 40 56 36 7 35 5 11 37 24 48 2 42 50 57 32 30 12 23 29 8 28 21 49 54 31 3 25 17 45 10 9 53 43 41 16 44 52 6 19 22 47 18 34 14 26 33 46 15 51 39 0
0 27 13 15 6 16 9 56 5 36 57 12 4 22 2 25 24 50 34 18 38 59 17 30 7 28 3 19 33 51 44 55 46 43 1 14 35 11 52 54 10 39 20 48 42 47 49 58 32 21 53 40 8 26 31 45 29 23 41 37 0
0 30 29 37 44 25 17 11 24 39 13 22 56 28 15 48 41 40 9 52 23 4 58 19 5 14 50 26 35 42 51 57 59 53 33 38 55 18 34 49 32 6 45 1 36 7 54 20 27 31 47 46 2 12 21 3 8 43 16 10 0
0 29 28 5 9 44 37 36 49 33 43 30 51 18 38 7 34 58 42 54 39 40 45 26 19 31 3 14 24 27 4 55 8 16 22 10 52 1 48 47 25 56 12 50 21 46 41 59 17 32 2 15 13 6 11 23 35 53 20 57 0
0 30 10 6 34 51 19 8 24 54 57 44 39 28 11 53 3 33 35 40 5 56 9 31 27 23 47 4 46 7 22 20 12 18 58 13 52 1 42 59 55 14 43 25 29 15 49 16 45 32 37 41 26 21 36 17 2 50 48 38 0
0 25 47 33 35 23 29 12 49 17 4 40 30 56 26 31 20 34 57 1 43 50 21 59 48 19 14 37 16 7 24 32 52 9 46 42 13 54 28 27 6 18 36 5 15 53 58 45 8 55 41 38 22 51 2 3 10 11 39 44 0
0 25 17 43 55 22 3 45 33 36 9 13 23 19 53 59 28 42 18 49 16 50 29 41 15 24 4 48 38 46 6 11 21 57 20 54 10 26 30 37 47 27 7 2 8 12 58 39 51 1 40 56 52 35 32 31 34 44 14 5 0
0 10 16 58 26 6 21 34 55 39 11 41 49 40 19 28 13 17 20 47 45 14 57 48 54 52 7 38 22 27 5 12 9 18 8 31 50 56 35 29 30 42 37 43 24 44 25 4 23 36 46 3 32 53 59 51 2 1 33 15 0
0 8 11 6 17 24 53 7 19 59 21 26 22 13 47 15 28 37 18 50 33 42 29 10 51 14 25 39 5 58 16 55 41 2 56 54 48 32 57 1 27 36 35 46 30 3 31 4 34 20 12 43 45 44 38 49 23 52 9 40 0
0 45 16 32 51 1 24 48 50 18 30 21 59 41 52 27 46 42 38 5 19 4 40 44 26 3 31 10 35 43 29 12 2 33 11 20 13 7 34 54 25 49 17 57 15 56 53 36 6 22 9 8 55 28 58 39 23 14 37 47 0
0 55 51 3 57 43 16 18 50 45 30 36 10 14 9 12 35 31 19 47 56 27 21 26 22 39 40 17 48 41 58 11 13 29 23 15 38 46 1 28 8 25 49 53 4 34 42 2 6 59 5 7 54 32 52 44 20 24 37 33 0
0 17 5 50 49 55 26 53 57 59 46 34 6 31 19 40 8 10 12 39 15 13 7 2 33 43 32 25 28 35 4 27 48 58 22 44 16 47 30 41 9 54 51 45 23 56 20 1 24 11 36 18 37 3 42 14 52 21 38 29 0
0 45 56 37 22 18 28 12 14 19 3 58 4 17 54 52 38 48 49 8 47 24 39 21 59 41 20 50 13 51 7 26 42 40 15 6 10 16 11 57 9 36 55 34 31 46 27 5 32 43 53 35 23 29 25 1 44 30 2 33 0
0 54 24 55 21 17 42 28 34 50 38 20 39 4 23 52 11 36 45 35 13 5 32 57 58 47 22 27 12 56 48 9 16 3 33 37 15 31 7 29 40 6 59 41 8 1 49 19 26 53 25 2 43 46 51 18 44 10 14 30 0
0 16 30 17 25 22 29 32 5 53 40 41 26 12 34 38 1 58 42 39 37 59 7 9 51 35 36 52 14 28 2 21 20 15 3 10 48 44 13 27 18 43 31 57 55 49 24 50 46 23 4 56 33 45 54 47 6 19 11 8 0
0 54 16 37 5 2 32 51 3 18 24 12 28 30 49 56 42 35 6 20 23 7 47 36 9 14 50 10 53 17 11 52 58 55 13 8 26 29 34 45 39 21 15 48 4 59 33 40 31 38 57 19 22 43 46 27 25 41 1 44 0
0 43 3 1 10 23 5 9 7 44 51 14 27 28 21 18 19 16 57 30 8 54 50 39 49 33 46 11 25 41 2 26 29 15 13 17 59 45 56 47 35 20 40 6 55 38 52 32 22 42 53 37 34 48 31 12 36 24 4 58 0
0 57 54 43 12 2 26 44 51 4 39 53 30 52 20 38 33 55 59 23 3 35 7 42 41 9 11 6 58 28 5 24 1 36 40 37 17 34 45 13 21 47 16 46 10 22 19 25 8 32 18 31 48 15 14 56 29 27 49 50 0
0 45 52 59 44 8 48 47 53 25 46 11 1 16 32 49 21 26 40 38 9 7 27 17 36 54 5 33 4 14 57 50 20 10 43 2 19 3 41 29 23 35 18 34 42 51 28 55 31 24 39 58 37 12 22 30 13 15 6 56 0
0 38 30 17 14 31 33 56 35 44 28 34 9 41 32 6 10 47 16 42 2 36 40 12 51 19 24 26 57 50 7 20 49 43 5 46 53 58 39 48 15 3 27 55 11 54 4 1 22 21 25 29 18 52 13 59 23 45 8 37 0
0 5 43 35 15 40 32 51 56 19 11 49 10 38 44 28 33 31 22 26 25 57 18 20 1 4 2 23 27 41 29 24 45 55 46 21 7 17 36 9 48 52 39 58 8 59 50 12 47 54 37 30 13 14 3 16 42 6 34 53 0
0 57 29 39 30 7 48 51 8 11 56 1 9 41 59 27 31 55 20 42 50 34 58 52 15 23 19 25 3 35 16 54 53 45 47 38 13 44 17 12 21 32 46 26 14 10 4 2 40 6 5 49 33 43 37 22 28 36 24 18 0
0 54 57 14 37 7 44 39 56 42 6 34 17 26 24 41 5 2 48 10 50 12 53 8 28 18 46 20 45 29 22 58 13 1 32 33 36 19 55 47 52 49 38 25 15 21 4 27 43 3 59 30 9 23 31 11 35 16 51 40 0
0 21 3 8 1 37 6 27 41 18 35 12 52 49 34 15 13 56 42 9 20 4 45 32 7 59 16 40 11 17 14 30 39 54 57 33 28 50 22 53 38 23 51 58 31 43 19 36 24 44 46 5 48 26 2 25 29 47 10 55 0
0 57 26 55 14 48 31 32 50 39 36 16 38 45 41 51 43 47 33 37 18 13 34 30 53 10 52 5 54 24 4 27 28 22 59 56 25 17 40 44 15 8 20 58 42 46 11 21 23 1 49 19 3 9 29 35 12 6 2 7 0
0 26 10 16 34 32 18 57 45 35 14 40 13 53 8 19 30 11 33 20 6 1 51 39 17 4 15 7 43 47 38 24 56 12 3 41 31 49 37 48 23 22 59 28 42 5 36 46 2 44 52 55 21 50 54 27 25 9 29 58 0
0 21 49 47 9 20 13 56 16 14 37 44 43 58 24 18 39 38 17 57 27 30 15 8 55 31 51 48 5 6 3 25 53 50 54 45 42 36 32 23 46 7 22 29 34 41 4 40 12 26 1 19 10 2 28 11 35 33 59 52 0
0 20 40 24 23 22 47 26 41 25 31 42 30 38 59 19 43 18 51 16 28 15 2 27 53 6 10 7 34 14 48 1 54 55 17 49 11 45 3 44 8 4 39 46 29 57 36 21 33 5 12 56 32 50 13 52 58 37 9 35 0
0 15 31 16 22 28 40 48 9 26 23 50 43 20 49 6 29 21 10 17 37 58 12 45 4 52 34 5 14 54 55 39 41 47 25 27 42 7 30 51 8 56 57 33 36 18 38 2 19 11 13 3 59 35 44 24 1 53 32 46 0
0 56 8 44 38 16 4 26 52 3 46 24 30 42 12 37 6 14 17 23 13 35 7 1 34 31 18 29 50 5 27 51 45 53 9 55 59 47 40 28 21 54 48 39 15 58 11 19 2 57 49 43 10 33 20 41 32 25 22 36 0
0 42 47 41 53 35 22 6 14 2 32 45 24 1 36 55 48 51 7 33 9 29 59 44 15 25 34 40 27 26 30 17 18 23 31 52 39 10 21 38 4 37 54 12 20 58 13 43 46 19 8 11 50 49 56 3 16 57 28 5 0
