# n n_solutions
60 1000
# n x n distance matrix
0 100 4603 4903 1529 2647 4026 5255 2729 3981 4604 8414 3420 5096 4564 1140 223 6198 5968 4750 583 4684 4627 4123 4933 5635 2816 8437 7138 2801 3860 5682 4627 2220 6945 1702 8367 5173 1931 7683 5900 4701 1104 6977 3612 5300 2600 1843 4326 2647 2549 2692 3420 7324 4876 5047 5322 608 6122 6074
100 0 4686 4883 1513 2745 4052 5220 2683 3935 4609 8343 3500 5000 4517 1170 200 6181 5883 4802 500 4712 4638 4215 4838 5547 2716 8372 7158 2884 3832 5594 4527 2140 6997 1780 8409 5108 1838 7605 5800 4763 1204 7021 3546 5243 2601 1910 4410 2745 2594 2641 3342 7317 4780 4992 5280 707 6060 5980
4603 4686 0 5280 5797 2418 3087 6146 5103 5770 4118 10340 1208 9574 6161 5092 4801 6021 8914 2051 4876 3140 3858 4200 9437 8800 7208 10046 5011 1802 5021 8800 8658 5748 3413 2915 5008 7316 6499 10042 10042 1421 3817 3785 6200 7106 3800 2863 282 2418 2716 5208 6519 6437 9351 6791 6484 4060 7912 10599
4903 4883 5280 0 6338 5607 2193 905 2418 1581 1216 5119 4580 7324 1442 6041 5080 1303 4438 3471 4527 2319 1513 8000 7306 4565 5408 4775 3255 4596 1104 4517 5608 3590 4657 4356 5300 2563 5557 5000 6859 4052 5331 4272 2523 2158 2416 4049 5188 5607 3264 2531 3190 2531 7134 1897 1300 4964 2800 8347
1529 1513 5796 6338 0 3522 5554 6596 4026 5249 6119 9340 4685 4601 5818 721 1315 7641 6648 6216 1811 6209 6151 4101 4400 6236 2773 9457 8667 4045 5261 6303 4742 3176 8406 3052 9861 6226 1700 8495 5797 6104 1979 8469 4695 6440 4110 3264 5514 3522 4049 3956 4326 8805 4404 6224 6609 1835 7206 5433
2647 2745 2418 5607 3522 0 3757 6293 4337 5408 4750 10154 1603 7736 5940 2801 2789 6711 8127 3605 3106 4205 4606 2418 7568 7884 5458 10020 6609 1140 4891 7912 7200 4472 5573 1431 7156 6896 4560 9615 8514 3214 1615 5813 5462 6850 3342 1664 2147 0 2343 4385 5536 7514 7518 6545 6518 2039 7710 8697
4026 4052 3087 2193 5554 3757 0 3067 2745 2927 1063 7280 2475 7930 3201 5048 4244 3041 6151 1414 3900 670 860 6171 7851 6139 5663 6964 3125 2641 2109 6118 6551 3820 3264 2816 4465 4400 5385 7057 7925 1910 4001 3124 3605 4119 1640 2507 3001 3757 1603 2884 4114 3757 7714 3811 3420 3820 4883 8993
5255 5220 6146 905 6596 6293 3067 0 2570 1400 2121 4220 5385 6977 948 6390 5408 1442 3671 4373 4808 3224 2418 8644 6985 3860 5277 3900 3911 5341 1442 3801 5162 3601 5510 4967 6037 1802 5600 4101 6325 4947 5830 5096 2256 1341 2983 4675 6041 6293 3969 2647 2912 2729 6802 1140 412 5412 1902 7964
2729 2683 5103 2418 4026 4337 2745 2570 0 1252 2662 5860 4011 5234 1835 3847 2863 3705 3863 4071 2247 3342 2842 6481 5173 3705 3088 5799 5333 3687 1315 3712 3807 1208 6000 2906 7076 2580 3140 5277 5188 4396 3465 5805 1140 2617 1315 2692 4900 4337 2402 141 1431 4949 5024 2343 2600 2983 3465 6293
3981 3935 5770 1581 5249 5408 2927 1400 1252 0 2370 4750 4808 5745 583 5098 4114 2720 3224 4341 3492 3352 2640 7648 5730 3228 3905 4622 4810 4609 824 3201 4036 2202 5950 4000 6780 1552 4201 4301 5315 4804 4686 5643 943 1442 2102 3744 5608 5408 3231 1300 1612 4016 5556 1140 1360 4220 2302 6767
4604 4609 4118 1216 6119 4750 1063 2121 2662 2370 0 6334 3535 7874 2473 5700 4809 1984 5508 2256 4356 1104 300 7168 7824 5571 5744 5977 2683 3661 1581 5536 6311 3858 3584 3668 4459 3667 5664 6203 7640 2846 4785 3275 3220 3313 2009 3352 4049 4750 2469 2801 3828 2816 7669 3026 2507 4517 4004 8927
8414 8343 10340 5119 9340 10154 7280 4220 5860 4750 6334 0 9493 7382 4247 9417 8486 4904 2941 8590 7849 7433 6628 12340 7513 3448 6977 707 7481 9347 5371 3352 5578 6228 9500 8736 9650 3280 7823 1100 5900 9167 9295 9008 4816 3312 6847 8490 10218 10154 7959 5841 5032 5578 7316 3623 3860 8785 2459 8005
3420 3500 1208 4580 4685 1603 2475 5385 4011 4808 3535 9493 0 8366 5255 4000 3623 5516 7863 2022 3671 2778 3330 3860 8229 7716 6000 9259 5069 640 4123 7723 7473 4570 3981 1720 5557 6360 5300 9109 8852 1612 2720 4210 5134 6203 2745 1655 948 1603 1612 4104 5400 6158 8143 5887 5682 2900 7038 9391
5096 5000 9574 7324 4601 7736 7930 6977 5234 5745 7874 7382 8366 0 6037 5208 4947 8407 4504 9140 4716 8558 8072 8702 223 4001 2370 7823 10500 7799 6360 4101 1923 4110 11193 6685 12310 5508 3178 6296 1720 9319 6139 11031 4802 5977 6325 6711 9310 7736 7049 5093 4134 9704 223 5980 6723 5700 6296 1063
4564 4517 6161 1442 5818 5940 3201 948 1835 583 2473 4247 5255 6037 0 5679 4695 2370 3036 4601 4071 3535 2765 8207 6041 3130 4341 4080 4686 5100 1140 3087 4243 2729 6040 4545 6741 1204 4716 3883 5448 5108 5263 5685 1315 948 2607 4280 6016 5940 3712 1878 1964 3667 5860 632 806 4801 1788 7032
1140 1170 5092 6041 721 2801 5048 6390 3847 5098 5700 9417 4000 5208 5679 0 984 7334 6841 5608 1612 5688 5703 3535 5015 6463 3201 9481 8173 3360 5000 6521 5154 3189 7787 2416 9269 6220 2137 8631 6296 5458 1280 7877 4661 6381 3712 2657 4810 2801 3492 3801 4386 8448 5003 6139 6446 1236 7184 6082
223 200 4801 5080 1315 2789 4244 5408 2863 4114 4809 8486 3623 4947 4695 984 0 6378 5990 4973 640 4904 4837 4143 4780 5643 2701 8526 7354 3000 4026 5693 4554 2267 7168 1910 8590 5262 1772 7733 5803 4920 1204 7200 3701 5408 2801 2061 4522 2789 2772 2817 3471 7516 4729 5162 5462 761 6220 5913
6198 6181 6021 1303 7641 6711 3041 1442 3705 2720 1984 4904 5516 8407 2370 7334 6378 0 5000 4031 5830 2884 2193 9126 8409 5239 6621 4410 2657 5640 2400 5173 6603 4850 4601 5546 4838 3182 6835 5069 7762 4664 6578 4104 3640 2690 3668 5232 5981 6711 4390 3811 4308 1300 8229 2549 1769 6236 2996 9402
5968 5883 8914 4438 6648 8127 6151 3671 3863 3224 5508 2941 7863 4504 3036 6841 5990 5000 0 7565 5385 6551 5797 10064 4617 509 4104 3324 7579 7550 4044 412 2646 3758 9075 6705 9706 1878 5032 1923 3201 8022 6977 8709 2729 2332 5124 6525 8728 8127 6251 3785 2600 6155 4418 2548 3275 6441 2140 5234
4750 4802 2051 3471 6216 3605 1414 4373 4071 4341 2256 8590 2022 9140 4601 5608 4973 4031 7565 0 4780 1170 1964 5869 9042 7550 6811 8228 3067 2501 3522 7531 7871 5047 2195 3195 3668 5803 6378 8429 9257 640 4396 2280 5000 5503 2830 2954 2080 3605 2220 4204 5478 4386 8920 5200 4751 4385 6239 10200
583 500 4876 4527 1811 3106 3900 4808 2247 3492 4356 7849 3671 4716 4071 1612 640 5830 5385 4780 0 4569 4414 4701 4569 5053 2376 7886 6964 3087 3452 5100 4104 1640 6963 1969 8324 4622 1640 7105 5408 4808 1649 6946 3061 4770 2353 2024 4606 3106 2561 2193 2842 7000 4494 4527 4846 1118 5580 5727
4684 4712 3140 2319 6209 4205 670 3224 3342 3352 1104 7433 2778 8558 3535 5688 4904 2884 6551 1170 4569 0 806 6592 8485 6580 6312 7060 2501 3067 2529 6552 7128 4455 2662 3400 3801 4738 6053 7306 8490 1788 4604 2475 4114 4404 2302 3101 3114 4205 2209 3482 4664 3383 8345 4110 3611 4455 5108 9620
4627 4638 3858 1513 6151 4606 860 2418 2842 2640 300 6628 3330 8072 2765 5703 4837 2193 5797 1964 4414 806 0 7023 8015 5852 5907 6264 2563 3498 1835 5818 6543 4022 3310 3590 4242 3962 5777 6503 7881 2563 4738 3023 3466 3612 2061 3275 3801 4606 2376 2983 4060 2915 7864 3324 2807 4501 4304 9128
4123 4215 4200 8000 4101 2418 6171 8644 6481 7648 7168 12340 3860 8702 8207 3535 4143 9126 10064 5869 4701 6592 7023 0 8500 9750 6726 12267 8928 3534 7217 9794 8658 6306 7605 3679 9204 9060 5671 11704 9830 5375 3088 7940 7545 9078 5663 3969 4004 2418 4743 6500 7478 9928 8505 8786 8841 3623 9935 9513
4933 4838 9437 7306 4400 7568 7851 6985 5173 5730 7824 7513 8229 223 6041 5015 4780 8409 4617 9042 4569 8485 8015 8500 0 4110 2247 7940 10462 7655 6324 4210 2002 4031 11112 6538 12249 5554 3008 6432 1920 9208 5966 10960 4788 6016 6236 6574 9170 7568 6933 5032 4118 9708 200 6008 6741 5536 6363 1166
5635 5547 8800 4565 6236 7884 6139 3860 3705 3228 5571 3448 7716 4001 3130 6463 5643 5239 509 7550 5053 6580 5852 9750 4110 0 3640 3832 7766 7368 4052 100 2137 3453 9154 6476 9861 2061 4596 2416 2751 7976 6670 8814 2601 2549 5000 6315 8602 7884 6107 3612 2353 6438 3911 2720 3482 6132 2505 4751
2816 2716 7208 5408 2773 5458 5663 5277 3088 3905 5744 6977 6000 2370 4341 3201 2701 6621 4104 6811 2376 6312 5907 6726 2247 3640 0 7223 8421 5442 4346 3720 1969 1886 8909 4332 10104 4242 1077 6020 3114 6963 3905 8786 3026 4609 4031 4346 6946 5458 4687 2952 2402 7912 2147 4500 5124 3423 5197 3413
8437 8372 10046 4775 9457 10020 6964 3900 5799 4622 5977 707 9259 7823 4080 9481 8527 4410 3324 8228 7886 7060 6264 12267 7940 3832 7223 0 6926 9158 5162 3733 5968 6300 9008 8621 9079 3264 8006 1676 6412 8823 9263 8500 4826 3189 6685 8360 9940 10020 7769 5798 5131 4981 7741 3482 3577 8769 2334 8502
7138 7158 5011 3255 8667 6609 3125 3911 5333 4810 2683 7481 5069 10500 4686 8173 7354 2657 7579 3067 6964 2501 2563 8928 10462 7766 8421 6926 0 5474 4140 7709 8845 6536 2325 5900 2184 5713 8338 7720 10113 3624 7105 1746 5738 5247 4617 5602 5099 6609 4709 5470 6389 2022 10300 5047 4304 6945 5646 11542
2801 2884 1802 4596 4045 1140 2641 5341 3687 4609 3661 9347 640 7799 5100 3360 3000 5640 7550 2501 3087 3067 3498 3534 7655 7368 5442 9158 5474 0 3996 7382 6987 4110 4560 1118 6118 6146 4701 8895 8354 2184 2080 4751 4827 6037 2507 1118 1526 1140 1389 3765 5024 6395 7576 5724 5603 2267 6888 8814
3860 3832 5021 1104 5261 4891 2109 1442 1315 824 1581 5371 4123 6360 1140 5000 4026 2400 4044 3522 3452 2529 1835 7217 6324 4052 4346 5162 4140 3996 0 4025 4742 2500 5142 3538 6030 2308 4455 5021 6060 4000 4390 4854 1640 2088 1555 3252 4876 4891 2607 1431 2262 3634 6161 1772 1627 3981 2915 7402
5682 5594 8800 4517 6303 7912 6118 3801 3712 3201 5536 3352 7723 4101 3087 6521 5693 5173 412 7531 5100 6552 5818 9794 4210 100 3720 3733 7709 7382 4025 0 2236 3492 9118 6499 9811 2000 4669 2325 2846 7963 6711 8772 2600 2483 5000 6334 8605 7912 6113 3622 2376 6365 4011 2662 3420 6174 2418 4850
4627 4527 8658 5608 4742 7200 6551 5162 3807 4036 6311 5578 7473 1923 4243 5154 4554 6603 2646 7871 4104 7128 6543 8658 2002 2137 1969 5968 8845 6987 4742 2236 0 2912 9790 5930 10770 3605 3046 4522 1392 8154 5731 9560 3111 4085 5056 5869 8417 7200 5977 3671 2483 7889 1802 4114 4876 5215 4373 2823
2220 2140 5748 3590 3176 4472 3820 3601 1208 2202 3858 6228 4570 4110 2729 3189 2267 4850 3758 5047 1640 4455 4022 6306 4031 3453 1886 6300 6536 4110 2500 3492 2912 0 7083 3106 8232 3052 2000 5467 4301 5277 3220 6930 1523 3269 2220 3001 5510 4472 3067 1077 1204 6118 3894 3067 3535 2683 4031 5173
6945 6997 3413 4657 8406 5573 3264 5510 6000 5950 3584 9500 3981 11193 6040 7787 7168 4601 9075 2195 6963 2662 3310 7605 11112 9154 8909 9008 2325 4560 5142 9118 9790 7083 0 5371 1600 7212 8542 9575 11151 2376 6555 583 6760 6815 4879 5142 3601 5573 4410 6140 7324 4301 10977 6552 5922 6573 7397 12256
1702 1780 2915 4356 3052 1431 2816 4967 2906 4000 3668 8736 1720 6685 4545 2416 1910 5546 6705 3195 1969 3400 3590 3679 6538 6476 4332 8621 5900 1118 3538 6499 5930 3106 5371 0 6862 5470 3584 8183 7283 3052 1216 5470 4031 5440 1984 316 2641 1431 1216 2954 4123 6484 6462 5140 5162 1220 6300 7696
8367 8409 5008 5300 9861 7156 4465 6037 7076 6780 4459 9650 5557 12310 6741 9269 8590 4838 9706 3668 8324 3801 4242 9204 12249 9861 10104 9079 2184 6118 6030 9811 10770 8232 1600 6862 0 7828 9847 9904 12088 3945 8064 1392 7669 7378 6103 6612 5200 7156 5818 7217 8287 4110 12100 7158 6440 8040 7818 13368
5173 5108 7316 2563 6226 6896 4400 1802 2580 1552 3667 3280 6360 5508 1204 6220 5262 3182 1878 5803 4622 4738 3962 9060 5554 2061 4242 3264 5713 6146 2308 2000 3605 3052 7212 5470 7828 0 4870 2751 4632 6303 6020 6835 1562 500 3640 5235 7158 6896 4775 2561 1931 4404 5360 670 1421 5517 984 6425
1931 1838 6499 5557 1700 4560 5385 5600 3140 4201 5664 7823 5300 3178 4716 2137 1772 6835 5032 6378 1640 6053 5777 5671 3008 4596 1077 8006 8338 4701 4455 4669 3046 2000 8542 3584 9847 4870 0 6920 4159 6438 2961 8487 3452 5166 3758 3661 6225 4560 4172 3026 2941 8088 2961 5000 5522 2529 5852 4143
7683 7605 10042 5000 8495 9614 7057 4101 5277 4301 6203 1100 9109 6296 3883 8631 7733 5069 1923 8429 7105 7306 6503 11704 6432 2416 6020 1676 7720 8895 5021 2325 4522 5467 9575 8183 9904 2751 6920 0 4801 8967 8626 9124 4167 2942 6390 7962 9895 9614 7526 5235 4263 5950 6236 3255 3700 8102 2200 6906
5900 5800 10042 6859 5797 8514 7925 6325 5188 5315 7640 5900 8852 1720 5448 6296 5803 7762 3201 9257 5408 8490 7881 9830 1920 2751 3114 6412 10113 8354 6060 2846 1392 4301 11151 7283 12088 4632 4159 4801 0 9546 7000 10904 4420 5131 6447 7236 9798 8514 7368 5053 3827 9021 1769 5220 6000 6500 5239 2109
4701 4763 1421 4052 6104 3214 1910 4947 4396 4804 2846 9167 1612 9319 5108 5458 4920 4664 8022 640 4808 1788 2563 5375 9208 7976 6963 8823 3624 2184 4000 7963 8154 5277 2376 3052 3945 6303 6438 8967 9546 0 4204 2601 5393 6029 3101 2860 1476 3214 2280 4522 5824 5020 9097 5721 5315 4272 6789 10373
1104 1204 3817 5331 1979 1615 4001 5830 3465 4686 4785 9295 2720 6139 5263 1280 1204 6578 6977 4396 1649 4604 4738 3088 5966 6670 3905 9263 7105 2080 4390 6711 5731 3220 6555 1216 8064 6020 2961 8626 7000 4204 0 6676 4482 6082 2915 1503 3535 1615 2400 3465 4390 7592 5922 5805 5964 538 6929 7088
6977 7021 3785 4272 8469 5813 3124 5096 5805 5643 3275 9008 4210 11031 5685 7877 7200 4104 8709 2280 6946 2475 3023 7940 10960 8814 8786 8500 1746 4751 4854 8772 9560 6930 583 5470 1392 6835 8487 9124 10904 2601 6676 0 6489 6419 4763 5220 3945 5813 4428 5946 7080 3736 10818 6168 5508 6648 6963 12093
3612 3546 6200 2523 4695 5462 3605 2256 1140 943 3220 4816 5134 4802 1315 4661 3701 3640 2729 5000 3061 4114 3466 7545 4788 2601 3026 4826 5738 4827 1640 2600 3111 1523 6760 4031 7669 1562 3452 4167 4420 5393 4482 6489 0 1746 2402 3827 6007 5462 3522 1077 670 4939 4614 1552 2102 3969 2523 5824
5300 5243 7106 2158 6440 6850 4119 1341 2617 1442 3313 3312 6203 5977 948 6381 5408 2690 2332 5503 4770 4404 3612 9078 6016 2549 4609 3189 5247 6037 2088 2483 4085 3269 6815 5440 7378 500 5166 2942 5131 6029 6082 6419 1746 0 3535 5186 6964 6850 4651 2624 2236 3905 5824 316 943 5597 860 6907
2600 2601 3800 2416 4110 3342 1640 2983 1315 2102 2009 6847 2745 6325 2607 3712 2801 3668 5124 2830 2353 2302 2061 5663 6236 5000 4031 6685 4617 2507 1555 5000 5056 2220 4879 1984 6103 3640 3758 6390 6447 3101 2915 4763 2402 3535 0 1697 3605 3342 1140 1431 2745 4738 6107 3224 3182 2570 4390 7387
1843 1910 2863 4049 3264 1664 2507 4675 2692 3744 3352 8490 1655 6711 4280 2657 2061 5232 6525 2954 2024 3101 3275 3969 6574 6315 4346 8360 5602 1118 3252 6334 5869 3001 5142 316 6612 5235 3661 7962 7236 2860 1503 5220 3827 5186 1697 0 2600 1664 905 2751 3962 6168 6488 4882 4879 1431 6046 7736
4326 4410 282 5188 5514 2147 3001 6041 4900 5608 4049 10218 948 9310 6016 4810 4522 5981 8728 2080 4606 3114 3801 4004 9170 8602 6946 9940 5099 1526 4876 8605 8417 5510 3601 2641 5200 7158 6225 9895 9798 1476 3535 3945 6007 6964 3605 2600 0 2147 2501 5000 6306 6453 9087 6648 6369 3780 7779 10331
2647 2745 2418 5607 3522 0 3757 6293 4337 5408 4750 10154 1603 7736 5940 2801 2789 6711 8127 3605 3106 4205 4606 2418 7568 7884 5458 10020 6609 1140 4891 7912 7200 4472 5573 1431 7156 6896 4560 9614 8514 3214 1615 5813 5462 6850 3342 1664 2147 0 2343 4385 5536 7514 7518 6545 6518 2039 7710 8697
2549 2594 2716 3264 4049 2343 1603 3969 2402 3231 2469 7959 1612 7049 3712 3492 2772 4390 6251 2220 2561 2209 2376 4743 6933 6107 4687 7769 4709 1389 2607 6113 5977 3067 4410 1216 5818 4775 4172 7526 7368 2280 2400 4428 3522 4651 1140 905 2501 2343 0 2500 3805 5281 6826 4338 4220 2256 5500 8099
2692 2641 5208 2531 3956 4385 2884 2647 141 1300 2801 5841 4104 5093 1878 3801 2817 3811 3785 4204 2193 3482 2983 6500 5032 3612 2952 5798 5470 3765 1431 3622 3671 1077 6140 2954 7217 2561 3026 5235 5053 4522 3465 5946 1077 2624 1431 2751 5000 4385 2500 0 1315 5062 4883 2360 2657 2973 3465 6152
3420 3342 6519 3190 4326 5536 4114 2912 1431 1612 3828 5032 5400 4134 1964 4386 3471 4308 2600 5478 2842 4664 4060 7478 4118 2353 2402 5131 6389 5024 2262 2376 2483 1204 7324 4123 8287 1931 2941 4263 3827 5824 4390 7080 670 2236 2745 3962 6306 5536 3805 1315 0 5608 3944 2102 2729 3858 2915 5161
7324 7317 6437 2531 8805 7514 3757 2729 4949 4016 2816 5578 6158 9704 3667 8448 7516 1300 6155 4386 7000 3383 2915 9928 9708 6438 7912 4981 2022 6395 3634 6365 7889 6118 4301 6484 4110 4404 8088 5950 9021 5020 7592 3736 4939 3905 4738 6168 6453 7514 5281 5062 5608 0 9527 3801 3023 7299 4060 10693
4876 4780 9351 7134 4404 7518 7714 6802 5024 5556 7669 7316 8143 223 5860 5003 4729 8229 4418 8920 4494 8345 7864 8505 200 3911 2147 7741 10300 7576 6161 4011 1802 3894 10977 6462 12100 5360 2961 6236 1769 9097 5922 10818 4614 5824 6107 6488 9087 7518 6826 4883 3944 9527 0 5818 6555 5481 6166 1280
5047 4992 6791 1897 6224 6545 3811 1140 2343 1140 3026 3623 5887 5980 632 6139 5162 2549 2548 5200 4527 4110 3324 8786 6008 2720 4500 3482 5047 5724 1772 2662 4114 3067 6552 5140 7158 670 5000 3255 5220 5721 5805 6168 1552 316 3224 4882 6648 6545 4338 2360 2102 3801 5818 0 781 5326 1166 6935
5322 5280 6484 1300 6609 6518 3420 412 2600 1360 2507 3860 5682 6723 806 6446 5462 1769 3275 4751 4846 3611 2807 8841 6741 3482 5124 3577 4304 5603 1627 3420 4876 3535 5922 5162 6440 1421 5522 3700 6000 5315 5964 5508 2102 943 3182 4879 6369 6518 4220 2657 2729 3023 6555 781 0 5522 1500 7692
608 707 4060 4964 1835 2039 3820 5412 2983 4220 4517 8785 2900 5700 4801 1236 761 6236 6441 4385 1118 4455 4501 3623 5536 6132 3423 8769 6945 2267 3981 6174 5215 2683 6573 1220 8040 5517 2529 8102 6500 4272 538 6648 3969 5597 2570 1431 3780 2039 2256 2973 3858 7299 5481 5326 5522 0 6438 6672
6122 6060 7912 2800 7206 7710 4883 1902 3465 2302 4004 2459 7038 6296 1788 7184 6220 2996 2140 6239 5580 5108 4304 9935 6363 2505 5197 2334 5646 6888 2915 2418 4373 4031 7397 6300 7818 984 5852 2200 5239 6789 6929 6963 2523 860 4390 6046 7779 7710 5500 3465 2915 4060 6166 1166 1500 6438 0 7156
6074 5980 10599 8347 5433 8697 8993 7964 6293 6767 8927 8005 9391 1063 7032 6082 5913 9402 5234 10200 5727 9620 9128 9513 1166 4751 3413 8502 11542 8814 7402 4850 2823 5173 12256 7696 13368 6425 4143 6906 2109 10373 7088 12093 5824 6907 7387 7736 10331 8697 8099 6152 5161 10693 1280 6935 7692 6672 7156 0
# set of given starting solutions
0 14 29 13 46 36 22 43 57 47 19 15 54 9 37 31 27 11 50 24 5 30 17 33 42 1 8 7 51 20 2 32 53 6 4 45 25 16 55 18 3 40 23 52 34 35 21 44 58 28 10 38 26 48 39 56 49 59 12 41 0
0 17 28 43 38 59 8 18 34 36 12 50 13 42 58 35 45 26 24 46 7 40 14 4 15 31 56 19 39 3 37 27 41 23 47 20 44 6 48 33 21 52 57 32 16 9 49 25 54 1 10 51 2 11 29 55 30 5 22 53 0
0 30 46 41 11 14 9 54 32 21 37 2 17 40 47 45 44 31 55 56 4 25 50 19 59 18 28 35 13 29 12 22 52 38 48 51 27 24 53 16 20 1 23 10 33 8 36 6 49 26 58 39 57 15 34 42 3 7 43 5 0
0 45 48 15 43 59 54 40 28 31 53 11 50 17 57 12 2 41 33 23 1 9 22 42 26 21 3 56 58 49 47 52 25 8 19 38 18 32 46 27 4 6 44 7 20 30 55 5 16 36 14 34 13 35 29 39 37 10 51 24 0
0 1 6 48 2 42 49 39 46 7 18 31 4 8 5 3 43 24 27 56 21 19 50 54 33 53 11 20 58 57 38 13 59 10 22 52 51 15 28 26 9 25 47 23 29 16 34 44 14 30 35 40 36 45 55 32 12 41 37 17 0
0 38 31 3 39 13 18 44 2 30 40 52 47 11 34 6 33 50 51 19 59 54 58 9 36 46 45 23 16 29 12 43 5 22 35 7 37 21 42 14 24 15 10 48 57 53 32 41 25 4 1 28 56 49 27 17 8 26 20 55 0
0 44 4 9 43 55 35 10 25 41 34 15 27 21 38 20 29 5 50 7 33 37 48 54 56 14 47 51 8 57 32 49 16 42 13 1 11 53 23 36 3 26 52 24 19 58 18 22 40 17 12 6 45 30 39 31 59 28 46 2 0
0 42 12 26 58 21 43 2 23 19 47 18 53 34 52 38 46 39 54 59 27 9 36 25 11 29 8 15 41 14 7 13 57 35 48 6 28 40 44 56 45 30 49 37 50 55 3 10 24 16 1 22 20 32 51 17 4 5 31 33 0
0 34 27 6 59 19 17 24 36 11 39 4 32 54 51 12 15 30 16 14 40 18 35 50 3 37 38 28 41 55 42 25 47 56 52 45 46 22 1 20 57 10 21 8 43 2 9 53 13 33 5 29 49 31 44 48 26 23 58 7 0
0 19 5 3 11 29 26 52 47 23 42 6 46 1 55 50 56 54 45 57 9 40 27 21 8 48 4 17 58 20 14 10 7 43 16 37 12 41 35 25 28 15 59 44 34 22 49 24 36 53 33 30 31 18 39 51 13 2 38 32 0
0 54 53 30 24 32 50 52 10 39 41 16 56 48 49 6 23 43 5 47 14 20 44 42 51 12 4 9 57 18 26 15 7 13 3 21 25 11 31 55 8 1 38 58 45 17 35 29 34 59 46 2 40 36 33 37 28 27 19 22 0
0 30 53 47 16 54 57 10 58 39 4 34 12 24 17 6 50 32 31 11 26 7 27 9 56 5 18 35 22 37 52 1 29 13 55 42 51 44 59 21 25 28 38 20 14 43 33 49 19 23 8 2 3 41 46 15 36 48 40 45 0
0 14 1 47 22 56 35 26 25 50 11 39 23 18 52 7 19 41 10 51 15 45 43 38 17 59 58 28 6 4 34 5 48 54 30 36 20 13 27 37 24 42 44 46 31 2 8 55 53 40 33 49 12 3 57 32 29 9 16 21 0
0 27 6 14 54 43 53 2 13 40 9 37 20 25 3 17 8 39 22 45 16 18 35 10 26 11 32 48 49 50 31 15 28 4 1 42 58 41 12 56 51 7 44 47 38 59 55 19 36 24 29 21 34 5 33 57 23 52 46 30 0
0 52 43 18 55 47 2 9 54 1 59 51 16 53 48 24 15 13 37 8 31 28 46 33 27 20 17 34 19 42 44 45 5 35 7 38 32 4 56 3 50 41 14 39 30 11 12 49 22 26 10 21 6 57 29 58 25 36 23 40 0
0 2 19 8 16 12 13 9 40 25 44 42 3 4 39 54 45 17 34 36 38 14 18 59 32 47 52 29 5 58 57 11 24 51 43 35 10 20 49 53 27 26 28 46 41 23 55 6 7 1 37 33 31 48 15 56 50 21 30 22 0
0 51 40 20 12 23 54 21 56 15 55 33 2 34 1 46 6 48 3 29 36 22 16 37 31 26 42 57 50 4 13 32 58 7 39 8 41 43 17 53 35 11 5 47 25 38 44 19 59 45 18 27 30 52 24 28 49 9 14 10 0
0 12 47 6 2 45 37 16 43 50 44 56 4 48 22 25 27 14 5 57 35 23 20 8 40 41 30 9 24 38 7 49 36 29 51 58 13 1 42 3 55 31 15 18 26 46 19 59 32 39 17 21 11 52 10 54 53 34 33 28 0
0 40 54 52 46 7 36 28 57 19 50 38 15 20 3 56 29 41 9 59 42 35 31 37 18 17 13 43 30 53 49 4 51 14 48 45 47 5 27 39 8 1 44 22 16 12 32 21 2 6 26 58 34 23 11 25 24 55 10 33 0
0 8 39 25 6 12 18 19 38 9 31 50 48 58 22 24 42 51 23 3 44 43 33 7 54 55 34 13 36 40 5 41 49 52 11 2 10 1 56 20 35 16 32 15 45 37 14 30 47 26 21 53 17 28 59 46 57 4 27 29 0
0 25 29 28 5 54 41 45 23 48 3 8 30 50 34 15 9 55 46 47 57 7 21 31 38 18 37 40 10 49 51 13 58 4 1 42 59 14 2 44 19 32 27 33 53 6 52 35 22 56 39 11 12 36 26 20 17 24 16 43 0
0 8 36 59 46 1 37 19 31 21 55 48 7 52 14 39 27 45 53 40 58 34 11 33 54 18 4 42 44 56 35 2 3 43 17 47 12 32 50 13 5 29 25 49 41 6 57 23 16 51 15 9 28 38 22 26 20 30 24 10 0
0 21 18 6 30 11 33 58 47 26 48 44 10 31 34 7 24 38 17 20 49 12 41 2 5 59 42 23 35 32 43 55 25 3 56 57 29 46 9 27 36 19 1 28 39 22 15 16 53 14 45 50 51 13 40 52 8 54 37 4 0
0 2 57 32 51 11 38 17 55 39 3 29 28 8 58 59 4 46 33 50 56 5 41 43 35 45 25 49 53 18 26 48 27 52 42 23 44 12 34 47 16 14 24 15 31 54 19 36 40 22 20 6 10 13 21 1 7 37 30 9 0
0 9 53 34 36 59 15 54 30 14 38 29 39 23 8 57 11 51 42 17 35 33 26 22 28 10 1 24 25 41 45 6 58 13 7 19 48 16 18 56 47 2 44 31 50 12 4 21 32 5 46 55 37 43 40 52 49 27 20 3 0
0 51 46 7 47 48 11 35 43 27 1 20 21 54 52 42 6 40 58 18 49 24 25 23 9 17 31 53 16 41 34 3 13 15 4 12 59 57 10 29 26 30 14 36 19 55 22 32 5 33 45 28 39 38 37 44 50 2 56 8 0
0 33 24 29 17 19 48 28 58 34 45 22 3 9 56 35 38 36 51 20 14 23 5 49 4 1 10 54 30 15 6 41 32 50 53 26 12 25 59 11 57 7 13 31 52 2 16 27 44 43 55 47 21 46 40 8 42 37 39 18 0
0 16 48 12 58 44 6 51 46 13 4 47 31 57 8 55 25 53 1 18 22 40 5 26 56 27 41 50 35 37 42 38 59 39 11 52 14 34 9 36 3 17 24 29 20 19 21 15 28 45 43 54 30 7 49 2 10 33 23 32 0
0 45 43 23 40 42 8 55 41 1 15 10 38 14 28 32 39 6 36 59 13 29 34 37 31 50 46 33 54 48 53 2 9 25 30 58 16 5 20 21 12 18 35 44 56 19 27 7 11 52 3 22 49 24 51 4 17 57 47 26 0
0 2 46 35 40 42 22 19 10 54 36 50 52 23 1 32 57 6 13 49 43 5 7 15 4 53 20 18 21 59 58 25 27 33 9 28 41 51 16 14 12 56 34 8 26 30 11 39 37 17 45 47 29 38 3 24 48 44 55 31 0
0 21 12 25 4 50 14 45 47 39 51 34 16 48 3 38 5 26 32 15 11 2 41 1 33 30 8 18 7 55 17 6 31 29 28 53 43 10 37 54 19 59 36 49 24 56 35 9 57 22 13 40 42 23 27 20 52 44 58 46 0
0 2 26 44 1 54 20 23 45 15 46 13 22 41 7 56 14 29 16 48 40 34 9 53 50 19 33 32 17 11 35 59 8 42 21 47 57 10 38 49 6 43 51 12 30 24 55 28 39 4 25 52 5 27 3 58 31 18 37 36 0
0 13 31 23 37 48 53 14 7 9 33 16 1 40 52 26 55 21 59 22 3 11 34 45 6 44 42 41 36 25 46 38 39 47 49 5 58 12 54 17 10 30 20 50 32 19 56 57 18 43 51 24 8 28 4 27 35 15 29 2 0
0 22 48 46 19 16 41 25 49 28 35 33 55 34 20 50 40 37 54 43 12 9 6 1 3 24 42 38 4 13 52 27 36 5 58 21 45 53 2 39 32 56 47 11 7 8 44 30 26 51 17 31 59 14 18 15 29 57 10 23 0
0 44 56 26 12 58 6 7 39 53 27 31 29 30 2 15 42 1 4 37 3 24 17 46 18 41 21 52 13 38 22 50 32 51 11 54 10 35 34 33 59 14 25 28 49 45 40 20 48 47 57 23 43 55 19 8 5 16 9 36 0
0 31 26 7 40 55 25 49 46 48 47 22 5 37 2 58 45 43 42 10 57 19 29 41 9 39 12 38 23 21 11 33 59 18 13 17 20 30 34 8 35 53 27 56 52 50 24 15 44 6 51 28 36 14 1 54 16 3 32 4 0
0 8 51 54 31 11 6 45 48 23 39 56 17 24 28 15 9 33 44 5 4 19 10 53 50 3 18 46 27 16 42 38 26 47 43 41 55 57 13 21 22 25 32 34 20 49 30 35 2 14 1 36 59 37 58 52 29 40 7 12 0
0 57 17 59 47 14 56 4 49 43 58 42 38 20 50 19 33 24 54 31 29 8 53 51 30 9 45 5 35 7 34 3 27 13 37 39 28 1 15 2 48 12 32 6 10 18 41 22 25 40 23 11 16 52 36 21 46 55 26 44 0
0 50 43 23 53 41 44 3 10 49 19 7 42 17 47 58 31 15 29 16 8 11 14 30 12 54 34 25 56 9 1 48 18 59 35 5 20 21 52 13 37 38 6 2 36 45 26 57 28 40 46 55 33 27 51 22 4 32 39 24 0
0 10 31 35 48 30 52 8 41 46 57 56 29 58 50 25 55 37 28 6 9 5 49 32 47 12 33 16 13 11 14 38 42 34 51 3 53 36 21 18 54 1 39 22 44 26 59 7 45 15 43 19 17 4 23 20 2 27 24 40 0
0 27 3 34 41 9 25 30 39 10 55 37 19 51 18 23 28 31 15 43 54 42 49 24 36 5 32 52 12 53 8 7 44 58 45 4 40 2 50 26 21 6 13 17 29 35 57 56 48 47 59 14 46 33 16 38 1 22 20 11 0
0 8 55 30 6 37 44 54 5 28 1 24 57 10 29 16 53 33 46 17 14 41 40 52 11 15 58 32 31 36 48 9 3 19 35 50 49 22 23 56 13 27 34 45 39 12 21 18 43 25 26 47 4 38 2 20 42 51 59 7 0
0 34 3 7 38 56 27 26 45 10 51 8 48 28 50 41 2 14 35 29 18 4 55 44 59 5 17 39 58 13 54 43 33 22 37 12 47 20 36 19 52 9 6 49 31 21 25 53 23 40 30 46 24 15 11 16 1 32 42 57 0
0 38 22 6 41 8 11 35 37 29 13 33 45 19 47 16 49 25 3 12 55 30 10 57 20 52 34 59 51 18 50 2 43 36 5 7 54 17 42 48 27 23 40 32 1 46 21 28 58 53 31 24 26 39 4 9 15 56 44 14 0
0 2 29 7 19 37 33 25 13 58 9 24 40 21 39 32 27 18 30 42 23 4 22 10 46 31 54 51 38 50 34 55 1 41 57 48 5 8 6 52 59 35 28 16 20 36 47 11 56 12 15 43 17 3 53 14 45 26 44 49 0
0 28 54 29 46 59 6 45 57 52 8 39 49 31 47 27 25 3 16 32 26 56 7 11 33 58 30 48 42 10 14 21 1 24 55 4 34 35 13 9 20 51 12 44 23 43 2 36 19 18 41 53 15 17 50 37 5 38 22 40 0
0 18 53 52 15 26 57 41 31 6 12 33 51 23 30 29 50 4 34 25 42 9 44 49 37 54 11 39 22 46 17 5 10 20 16 48 55 27 7 58 24 36 40 8 35 3 21 19 13 43 28 32 59 14 47 38 2 45 1 56 0
0 25 39 12 48 15 10 26 1 40 30 28 9 38 45 17 58 56 6 50 54 22 52 35 19 57 36 13 42 33 29 18 55 31 34 46 49 32 53 7 5 11 47 37 16 2 59 3 21 23 14 27 51 43 8 41 24 4 44 20 0
0 35 7 15 51 27 40 25 18 46 48 26 53 52 39 21 41 45 33 19 8 10 32 43 49 23 47 5 55 56 29 59 12 17 9 57 4 6 28 31 22 34 38 3 42 37 20 58 13 16 2 30 14 36 24 44 11 50 54 1 0
0 30 14 40 21 8 17 20 4 15 32 38 27 59 28 25 50 34 33 29 55 6 53 16 10 22 43 13 52 54 11 41 42 45 24 51 26 37 5 23 39 31 18 44 7 47 48 2 58 35 56 36 1 46 12 57 9 49 19 3 0
0 36 6 29 32 1 17 49 3 58 46 39 14 31 44 54 40 57 45 24 11 8 28 48 21 25 43 9 23 5 53 35 55 18 7 20 16 51 10 33 38 52 41 27 34 42 50 2 26 13 30 22 19 59 4 12 56 47 37 15 0
0 22 50 33 39 28 19 54 41 11 21 55 58 18 30 49 16 59 15 40 47 43 25 1 42 48 53 45 10 6 31 27 35 20 56 2 24 12 44 26 46 8 14 32 36 9 37 23 38 5 17 13 57 7 29 34 4 51 3 52 0
0 2 40 46 25 26 16 30 48 18 54 7 51 29 20 41 58 43 38 15 37 23 35 36 17 19 5 12 31 32 34 39 44 3 24 22 45 8 10 56 50 53 33 11 47 28 55 6 9 4 42 13 21 57 49 59 27 52 1 14 0
0 17 24 8 48 10 5 2 47 43 27 28 21 9 7 54 46 52 40 42 41 19 26 34 14 45 25 58 35 37 44 53 12 1 18 29 13 55 33 36 38 20 6 59 15 56 50 51 49 3 31 4 32 11 30 22 39 16 57 23 0
0 48 36 15 22 19 38 29 40 54 21 45 7 47 28 39 56 41 17 49 18 34 37 5 9 52 10 58 23 2 27 16 26 6 32 4 24 35 14 43 25 42 50 12 3 20 51 44 57 33 55 30 8 1 11 13 59 46 53 31 0
0 53 7 19 35 59 49 46 24 13 43 56 50 45 23 57 52 8 25 22 5 39 30 14 9 48 54 17 16 3 15 58 37 26 18 27 51 31 2 28 20 38 40 10 42 44 32 29 11 36 12 21 55 4 1 6 34 47 41 33 0
0 41 26 32 12 10 54 38 14 31 36 35 9 52 58 23 46 50 1 28 17 22 30 44 5 57 13 42 7 56 45 39 8 59 47 33 55 4 37 19 25 40 51 16 48 3 49 29 27 2 15 20 24 43 6 53 18 34 11 21 0
0 38 5 51 52 32 18 4 30 23 58 59 37 16 46 31 14 6 43 22 19 24 44 25 54 47 8 39 55 17 20 33 7 53 36 40 57 12 10 15 34 13 1 29 27 56 3 28 21 41 42 45 11 35 49 48 2 50 9 26 0
0 54 16 59 5 39 58 25 12 40 47 41 53 9 51 1 49 48 13 55 8 33 6 15 50 11 32 42 27 34 18 46 30 26 43 37 3 45 52 4 20 10 35 36 21 14 44 57 22 31 17 7 56 28 29 38 2 23 19 24 0
0 28 13 22 47 18 56 33 27 30 37 44 57 39 59 21 12 41 19 23 58 1 10 38 55 2 42 20 36 45 46 35 43 34 52 50 51 24 48 31 40 29 14 53 5 17 49 16 9 8 6 25 54 26 3 15 4 32 11 7 0
0 57 4 44 59 23 40 48 20 43 8 47 3 52 26 18 58 19 36 14 24 10 1 34 37 32 21 50 5 35 56 30 31 11 13 17 12 51 46 16 53 42 29 33 38 41 45 6 27 28 15 25 2 49 7 55 39 9 54 22 0
0 11 44 26 8 22 36 12 1 31 41 25 7 56 15 35 38 27 10 17 5 46 40 21 29 45 37 49 39 34 43 13 59 42 33 6 53 9 28 24 19 48 52 32 14 51 18 16 3 4 20 54 30 58 23 57 47 2 55 50 0
0 42 24 20 43 1 19 52 16 17 49 29 21 33 3 57 32 15 39 36 47 51 8 7 12 25 37 56 31 53 34 26 59 44 41 46 22 40 45 18 2 35 11 6 54 14 38 58 23 28 4 9 48 27 30 5 50 13 55 10 0
0 31 14 18 25 12 17 37 41 29 50 43 23 45 30 34 9 49 3 42 46 55 27 16 53 36 2 57 19 59 39 52 20 38 44 54 47 51 35 15 32 24 11 7 6 21 56 22 28 1 4 10 8 33 13 40 58 26 5 48 0
0 42 32 41 49 51 38 2 59 4 25 12 46 33 29 5 50 18 21 23 45 34 20 56 27 55 57 26 47 17 16 28 52 39 48 54 30 1 10 9 8 22 36 6 7 14 53 13 11 40 44 19 31 24 37 35 3 43 58 15 0
0 31 9 4 58 13 34 16 8 30 49 7 52 40 6 29 57 54 2 48 37 24 15 53 28 41 42 32 11 35 14 36 10 22 45 50 23 46 51 33 59 3 20 18 19 1 43 12 38 5 44 27 56 47 39 21 17 26 55 25 0
0 27 25 31 16 11 18 52 5 12 33 13 39 58 2 22 59 43 29 9 19 23 17 42 38 57 3 1 32 10 36 28 14 51 47 45 37 40 34 30 21 6 50 49 20 24 56 26 44 48 7 15 55 54 53 4 35 46 41 8 0
0 54 57 14 28 3 48 11 38 59 24 12 26 50 18 41 25 45 7 44 40 2 37 58 34 6 17 49 51 39 5 52 4 29 30 21 35 22 20 43 9 33 19 55 32 56 10 53 42 15 23 16 27 8 31 47 1 46 36 13 0
0 6 2 38 32 31 9 8 30 49 46 1 33 45 44 23 15 56 20 27 14 39 13 58 41 35 12 4 36 37 54 26 29 22 34 3 10 51 18 42 43 28 52 48 24 5 55 50 7 53 16 40 17 59 57 21 25 19 11 47 0
0 25 1 34 5 33 27 48 6 19 12 49 59 51 31 29 17 2 58 18 4 26 57 40 21 3 41 35 8 7 11 46 44 24 9 37 45 20 16 50 43 22 42 47 55 23 30 53 36 39 14 52 10 38 15 28 56 54 32 13 0
0 57 30 45 3 7 8 44 56 2 36 11 21 23 50 33 38 52 54 47 15 24 28 19 39 58 29 55 31 12 49 32 48 53 34 41 40 43 46 4 18 37 13 5 6 14 10 16 59 9 25 35 42 17 22 26 20 1 51 27 0
0 5 47 6 23 2 48 35 7 1 44 34 9 57 36 59 28 26 51 24 50 21 15 33 22 58 53 29 10 39 37 32 46 30 42 14 3 13 12 20 43 55 38 19 45 25 52 11 27 17 8 4 18 56 54 16 49 31 40 41 0
0 38 6 41 18 5 24 39 28 59 4 50 19 1 42 58 32 22 51 14 49 23 2 9 27 45 26 11 3 29 21 20 48 52 57 10 54 7 8 44 15 40 31 35 55 17 37 56 33 36 12 13 43 16 25 30 53 34 46 47 0
0 50 57 21 58 44 29 30 24 6 15 37 55 26 34 23 51 54 1 27 7 36 3 32 47 56 17 4 43 13 53 20 22 14 9 10 16 12 5 35 8 45 19 25 46 40 18 11 28 52 38 39 41 31 42 49 59 2 48 33 0
0 27 45 14 52 11 8 28 53 23 9 18 51 2 10 55 12 36 17 48 7 15 24 26 19 21 54 20 50 29 31 5 4 33 47 43 25 39 34 57 38 49 56 13 37 3 58 32 44 46 40 1 35 22 59 16 41 42 6 30 0
0 14 41 49 20 45 31 24 48 46 56 1 51 38 5 16 7 53 9 54 32 17 36 28 34 6 25 30 13 42 8 4 43 19 29 52 40 18 10 59 35 2 26 27 44 37 15 11 57 47 58 3 55 23 33 12 21 50 22 39 0
0 53 8 11 51 29 26 12 6 27 36 48 57 59 38 37 42 33 34 47 3 21 45 32 28 49 40 50 16 46 20 5 24 58 18 30 14 31 4 56 15 1 41 25 7 44 43 35 9 39 23 19 52 54 13 22 17 2 55 10 0
0 25 33 38 8 59 20 52 57 13 58 36 41 50 23 10 2 35 40 34 42 47 1 49 15 48 12 45 56 4 22 21 19 30 7 37 6 54 5 18 39 29 46 14 43 51 11 3 31 26 9 16 32 24 55 27 17 28 44 53 0
0 32 56 23 57 34 10 28 14 49 21 18 5 30 12 38 33 52 41 54 35 40 47 7 6 45 9 29 22 11 24 19 17 25 16 42 50 59 4 58 2 13 20 8 27 48 26 44 36 53 15 51 3 43 1 37 55 46 31 39 0
0 54 57 9 5 38 51 39 40 53 52 7 44 48 10 3 2 1 33 49 58 8 13 23 26 47 15 56 29 18 55 59 20 46 32 24 14 19 41 50 37 16 34 21 25 31 17 36 11 30 6 4 45 43 27 22 28 42 12 35 0
0 22 32 39 3 48 33 21 43 16 1 42 47 27 11 58 12 6 49 40 8 19 9 54 37 59 56 53 46 2 24 57 31 10 55 51 36 17 13 25 45 29 41 44 35 23 15 30 38 26 20 14 5 4 34 28 18 52 50 7 0
0 31 39 16 5 43 49 53 15 18 51 36 48 44 46 25 12 55 56 24 50 34 11 32 33 27 59 30 57 22 2 21 20 38 26 42 23 28 4 8 45 29 7 13 58 41 14 9 3 37 17 47 10 40 1 52 6 19 35 54 0
0 6 4 23 10 16 15 29 49 2 14 1 50 56 41 20 37 47 8 26 9 33 5 19 25 31 21 52 38 24 28 42 46 36 45 44 59 3 40 27 32 34 55 48 30 12 35 11 7 54 43 53 22 39 13 17 18 57 51 58 0
0 43 36 1 46 21 31 59 54 47 13 25 30 8 49 26 14 58 39 3 11 35 34 16 53 28 38 27 24 45 50 55 9 56 17 20 12 44 22 32 6 51 41 4 29 33 10 48 5 23 2 15 57 42 37 52 18 7 19 40 0
0 44 53 56 2 27 24 22 36 59 46 11 1 6 12 3 55 8 30 39 26 33 40 34 45 48 28 42 13 47 32 50 49 7 43 41 21 20 18 16 37 51 31 54 52 35 10 58 4 5 15 17 57 23 38 25 29 9 14 19 0
0 18 32 5 14 2 4 29 47 9 23 50 31 7 15 46 58 53 48 40 36 27 26 59 38 28 56 43 41 33 35 6 44 52 45 55 51 34 16 19 21 49 12 3 1 39 37 25 13 22 11 17 30 20 8 10 57 54 42 24 0
0 18 51 5 50 36 4 53 35 38 13 14 24 57 48 6 3 15 45 22 33 44 29 27 30 34 9 16 39 46 11 21 31 54 58 8 17 59 23 10 56 26 19 2 20 41 52 28 12 40 43 42 49 7 1 25 47 32 55 37 0
0 26 21 46 58 19 45 5 24 55 15 37 23 11 20 59 35 51 17 32 53 14 36 9 13 22 33 38 40 34 16 25 56 42 29 49 48 1 31 3 44 43 18 52 6 28 12 2 30 54 7 39 47 27 57 10 41 50 8 4 0
0 52 4 40 15 46 44 50 33 47 12 30 48 29 3 9 21 27 25 20 42 5 10 22 11 36 38 59 43 54 31 57 13 19 23 32 35 56 41 17 24 53 39 16 34 51 58 1 14 45 7 18 55 37 2 6 28 8 26 49 0
0 59 8 16 2 11 56 1 40 39 3 45 37 9 34 43 50 30 15 13 20 23 53 14 31 18 27 17 28 42 29 49 32 24 46 55 26 41 21 54 52 58 47 44 19 36 4 5 6 22 48 25 51 33 7 35 57 38 12 10 0
0 23 40 20 6 29 1 39 7 41 56 48 43 54 19 2 58 55 9 5 18 3 44 22 42 46 35 30 4 28 49 27 59 15 34 45 47 31 11 17 32 38 25 16 8 33 14 50 37 12 26 36 24 57 10 21 13 53 51 52 0
0 55 4 23 10 18 41 33 57 2 38 26 21 29 45 13 22 3 6 54 17 12 5 42 31 20 37 36 35 14 44 49 11 15 24 59 9 50 51 56 19 52 1 28 27 40 46 7 39 53 32 8 30 58 34 48 16 25 47 43 0
0 1 51 57 54 33 35 42 40 16 17 58 48 14 2 53 25 19 13 46 3 59 7 6 24 50 52 36 56 26 10 22 45 15 38 32 43 49 29 39 47 27 44 11 9 37 18 8 23 5 20 55 4 31 30 12 34 21 28 41 0
0 40 35 38 43 9 41 14 29 24 45 44 42 5 54 25 6 39 36 7 52 46 30 49 58 28 22 50 31 11 2 34 17 20 21 56 27 4 13 8 18 16 47 37 3 23 53 57 33 1 12 15 32 19 48 55 51 59 26 10 0
0 33 5 3 7 46 17 43 23 15 55 4 29 10 1 24 37 18 57 35 45 8 54 44 16 47 27 12 48 39 56 36 42 38 31 14 52 6 40 21 50 59 51 26 41 13 25 19 22 9 20 30 32 2 58 28 49 53 11 34 0
0 37 2 45 17 18 16 48 46 9 41 52 13 25 7 32 12 20 8 27 55 31 5 38 33 23 11 26 6 43 54 4 24 42 10 50 59 39 36 19 44 35 3 47 40 1 58 49 53 29 30 51 28 34 57 22 15 14 56 21 0
0 11 39 15 13 51 1 16 18 7 46 5 59 44 8 22 41 49 55 33 50 9 42 20 58 35 29 48 26 2 28 30 24 32 45 17 40 27 10 3 43 31 34 23 57 4 12 19 56 36 38 21 14 52 37 47 6 53 54 25 0
0 11 24 30 8 5 49 42 19 45 40 50 44 58 37 35 6 10 29 56 12 33 1 18 52 25 31 43 39 27 21 15 7 26 14 54 53 13 16 51 47 32 4 20 48 2 23 46 28 3 41 9 36 22 17 38 55 34 59 57 0
0 1 11 59 48 50 55 54 53 27 14 21 16 20 39 17 51 40 57 22 4 2 45 8 3 18 56 31 15 5 36 32 25 58 23 49 19 28 30 47 34 10 29 41 35 7 46 9 12 33 26 43 24 42 44 38 52 13 6 37 0
0 28 31 46 40 47 14 10 26 48 37 32 59 12 56 51 38 22 44 18 5 45 50 33 15 36 6 3 35 49 58 9 13 43 57 23 4 34 16 24 30 29 7 1 27 41 25 21 52 53 55 39 8 11 54 17 19 20 2 42 0
0 2 34 50 12 4 19 7 8 42 54 40 47 56 43 3 26 13 20 38 52 49 41 10 25 30 39 55 15 45 5 11 35 44 59 48 37 27 22 6 23 28 17 57 36 51 21 1 58 31 9 14 16 29 32 24 53 18 33 46 0
0 20 44 33 15 7 9 48 36 39 35 41 42 58 19 22 55 34 56 25 6 1 31 10 11 18 23 43 53 14 49 13 2 21 5 46 47 32 51 30 3 37 50 40 45 8 27 28 38 16 54 52 59 57 12 26 17 24 4 29 0
0 55 26 37 7 52 47 39 41 42 20 46 28 53 25 5 45 44 31 6 56 49 51 38 2 17 19 48 23 22 35 15 13 10 30 34 36 9 18 3 32 27 40 24 16 1 21 4 57 12 59 54 29 33 50 43 58 8 11 14 0
0 33 43 1 55 31 39 58 45 19 12 56 9 54 37 13 42 6 17 2 38 40 18 8 36 11 4 7 41 10 32 44 21 50 53 24 29 20 59 22 16 5 47 57 46 23 52 48 15 25 49 26 28 30 35 14 27 3 34 51 0
0 44 31 16 52 7 5 59 45 25 15 54 46 49 39 30 19 57 23 32 50 9 41 14 1 10 42 20 8 38 40 28 22 13 27 3 18 36 4 21 17 33 51 2 26 58 56 43 6 29 53 12 55 34 47 24 11 35 37 48 0
0 48 30 53 19 17 52 39 28 10 16 46 12 54 57 25 44 50 55 24 20 13 23 33 36 11 41 58 18 35 5 51 49 45 7 59 15 9 38 1 21 37 31 3 14 47 22 4 56 43 29 27 8 42 26 40 34 2 32 6 0
0 3 40 7 25 56 6 45 12 23 57 34 58 26 54 27 24 46 11 29 28 55 42 39 17 4 51 30 59 5 36 13 50 43 52 8 21 14 20 47 16 44 33 48 18 10 32 2 37 31 19 15 1 53 49 41 22 35 38 9 0
0 2 10 56 35 47 29 34 7 36 55 41 48 16 11 25 51 24 14 12 58 59 42 8 31 21 46 9 4 40 54 53 50 43 20 17 37 27 52 3 23 22 1 32 28 38 49 30 44 57 15 39 45 6 13 5 19 26 18 33 0
0 40 5 50 28 6 27 56 39 23 48 16 2 10 1 19 41 30 53 47 34 3 22 18 38 54 46 59 8 11 26 21 36 24 9 12 25 17 14 15 7 49 29 45 55 13 51 37 31 4 42 20 44 33 43 35 58 32 52 57 0
0 27 36 38 23 20 37 24 28 29 55 21 12 41 18 7 47 34 46 10 40 17 58 43 4 54 50 35 19 9 13 42 1 16 6 26 22 33 45 49 39 53 56 14 2 59 57 48 3 52 30 11 32 44 8 31 51 15 25 5 0
0 59 22 53 33 11 18 32 2 12 10 8 28 56 1 27 45 48 13 46 35 40 30 31 44 58 25 9 37 47 41 51 16 38 15 42 43 54 17 7 21 24 3 20 34 19 50 55 6 57 4 49 14 36 39 23 26 52 29 5 0
0 33 22 7 37 57 32 41 13 46 48 38 28 44 21 19 3 10 29 16 11 1 52 6 2 30 40 25 56 27 4 55 18 31 12 49 26 5 39 47 17 43 20 45 24 59 34 35 8 23 36 58 42 54 51 9 50 14 53 15 0
0 23 5 57 59 6 10 41 21 26 40 34 53 33 43 9 19 54 15 32 51 7 24 16 39 38 58 22 35 30 8 49 28 17 14 31 52 36 55 25 56 2 50 1 13 27 18 44 42 12 46 20 11 48 47 3 37 4 29 45 0
0 28 19 3 15 53 49 29 47 31 38 25 2 32 30 35 21 57 40 18 48 20 5 42 9 54 27 51 37 4 17 58 55 36 22 46 45 24 6 10 11 33 52 50 16 59 1 34 7 13 44 39 8 12 23 43 56 41 14 26 0
0 35 43 59 20 49 37 15 21 14 9 24 23 58 54 2 18 27 38 46 4 53 55 47 19 16 34 50 28 42 29 11 33 40 5 32 12 48 17 25 51 56 6 1 31 52 41 30 7 26 36 22 3 45 8 44 39 10 13 57 0
0 52 33 11 54 43 18 7 17 20 58 12 53 32 51 3 2 29 42 34 45 50 5 24 19 30 56 59 4 41 22 1 44 38 8 36 25 49 6 15 14 37 39 23 57 27 46 40 9 55 10 28 16 31 47 13 35 48 26 21 0
0 19 21 25 20 9 15 29 5 7 36 42 44 41 50 47 56 59 53 33 10 48 40 13 45 27 26 17 2 1 49 43 46 4 55 23 31 37 38 54 16 28 51 30 39 34 24 22 14 6 57 11 35 32 12 52 8 18 58 3 0
0 50 3 6 34 46 12 40 19 47 48 58 17 30 39 9 26 2 23 35 22 54 59 27 55 29 37 20 10 1 49 44 53 18 5 25 7 8 31 51 52 13 16 24 14 33 57 32 36 11 42 43 38 21 45 4 28 15 56 41 0
0 45 23 37 9 58 35 43 20 49 48 28 44 56 26 50 39 34 54 40 22 31 53 52 16 55 36 4 6 38 33 19 11 14 15 30 57 42 24 3 59 1 13 17 8 21 41 10 7 18 32 12 27 25 29 47 2 51 46 5 0
0 49 23 30 37 21 50 15 25 20 58 6 5 41 4 14 3 38 7 11 45 52 22 27 40 53 12 44 47 8 13 31 43 17 10 32 16 9 19 55 54 26 42 28 18 33 51 56 29 24 34 59 39 1 48 46 2 35 57 36 0
0 28 1 17 27 45 13 30 5 20 54 37 26 18 52 21 49 36 4 40 8 31 29 55 9 41 53 43 57 32 7 16 39 19 46 34 10 50 14 2 38 23 6 33 3 51 12 59 22 11 44 35 15 24 42 47 56 48 58 25 0
0 2 53 48 34 10 8 16 46 28 11 50 19 30 25 4 57 15 13 14 26 36 32 54 5 40 44 42 55 52 51 12 39 37 24 29 43 49 9 23 59 17 41 6 33 3 47 22 38 1 35 58 27 7 56 18 45 21 31 20 0
0 22 5 18 29 58 44 45 4 48 3 37 1 54 26 56 34 13 39 28 41 16 33 43 11 32 51 53 24 52 6 12 50 14 19 38 10 40 8 36 2 30 23 15 31 25 46 55 21 57 17 35 27 49 59 20 42 47 9 7 0
0 30 15 10 25 45 39 51 1 14 31 3 38 12 29 41 21 47 11 6 8 19 55 54 18 32 7 9 36 5 23 59 4 22 56 37 24 40 42 16 13 43 17 46 28 50 52 34 48 35 26 49 33 20 44 27 57 58 53 2 0
0 50 20 9 49 44 28 3 24 42 54 36 53 41 15 48 19 14 31 37 1 18 57 17 52 10 59 7 13 21 25 45 11 47 40 51 29 33 27 2 5 26 39 22 30 34 38 4 46 23 58 6 12 32 8 35 43 16 56 55 0
0 35 22 18 52 40 9 12 49 8 27 5 13 21 42 51 15 20 28 57 50 54 47 3 33 56 34 10 24 58 48 1 44 59 23 30 4 45 43 38 19 46 6 25 14 55 29 39 41 11 32 16 37 17 36 31 7 26 2 53 0
0 54 32 6 27 26 33 40 56 48 16 18 43 36 4 25 53 30 55 14 42 21 2 24 3 17 34 11 12 22 38 29 39 47 10 9 35 20 52 46 8 7 5 58 49 41 13 28 50 51 19 59 1 23 31 15 44 57 45 37 0
0 16 27 6 12 35 55 5 4 41 58 28 11 32 30 10 36 50 44 33 42 47 48 57 26 20 22 59 49 8 23 31 37 45 51 19 9 46 56 24 54 25 3 53 52 2 14 43 13 1 40 7 21 15 17 34 39 38 18 29 0
