# n n_solutions
40 1000
# n x n distance matrix
0 8683 8471 7473 9534 2061 7430 8720 5303 5015 9765 4201 10889 5178 10820 8228 8130 6040 5353 3584 7402 7565 10294 4916 4464 7400 9265 5824 8937 10123 4879 4997 11800 12549 9674 7217 1315 11182 10682 9915
8683 0 1100 8500 905 7125 2360 5768 4838 9234 6440 4695 5432 8041 5671 989 2580 8586 3962 5315 9709 4313 4428 4360 4220 2325 4923 7602 3939 2012 5166 7151 7433 7302 2600 2080 8646 4716 4400 4512
8471 1100 0 9202 1345 7117 3140 6711 5283 9625 7446 4317 6526 8499 6760 1931 3534 9126 4295 5346 10340 5161 5522 3807 4101 1414 5946 8154 4964 3036 5546 7605 8515 8402 3700 1341 8602 5813 5500 5590
7473 8500 9202 0 9291 5707 6140 3612 4219 3047 4060 7655 6207 2308 5921 7521 6090 1581 5269 5700 1403 4294 6338 8377 6670 9245 4837 1700 5412 8377 4204 2601 5830 6957 7244 8809 6264 7211 6835 5841
9534 905 1345 9291 0 8015 3176 6389 5728 10124 6963 5478 5700 8919 5976 1788 3255 9442 4866 6207 10530 5044 4712 5060 5080 2758 5437 8458 4465 1900 6063 8032 7748 7481 2846 2640 9533 4825 4589 4884
2061 7125 7117 5707 8015 0 5571 6661 3264 3801 7710 3264 8845 3522 8767 6530 6216 4440 3453 1811 5903 5521 8280 4118 3026 6281 7212 4011 6920 8352 2831 3125 9741 10489 7787 6001 1529 9183 8683 7886
7430 2360 3140 6140 3176 5571 0 3640 2701 7040 4491 4188 4205 5797 4317 1389 806 6276 2118 3847 7357 2024 3310 4308 3255 3613 3101 5292 2220 2828 3101 4924 5921 6140 2247 3178 7082 4022 3551 3132
8720 5768 6711 3612 6389 6661 3640 0 3584 5946 1077 6972 2668 4701 2435 4802 3190 4609 4159 5608 5015 1711 2729 7406 5869 7242 1236 3862 2000 5080 3935 4188 3080 3905 3883 6800 7851 3601 3224 2236
5303 4838 5283 4219 5728 3264 2701 3584 0 4396 4661 3622 5586 3219 5522 3981 3157 3860 1063 2024 5162 2262 5021 4244 2549 5091 3969 2906 3661 5508 447 2325 6624 7280 4729 4669 4664 5936 5437 4622
5015 9234 9625 3047 10124 3801 7040 5946 4396 0 6708 6720 8602 1303 8381 8367 7333 1486 5331 4742 2473 5807 8452 7566 6044 9211 7009 2088 7244 9751 4085 2121 8660 9706 8802 8832 3705 9393 8944 7962
9765 6440 7446 4060 6963 7710 4491 1077 4661 6708 0 8023 2236 5522 1910 5515 3921 5292 5217 6685 5433 2707 2692 8428 6923 8102 1526 4664 2505 5448 5008 5108 2051 3001 4252 7668 8861 3383 3130 2280
4201 4695 4317 7655 5478 3264 4188 6972 3622 6720 8023 0 8319 5990 8377 4482 4992 6860 2815 2024 8323 5336 7479 860 1104 3200 6957 6083 6264 6420 3492 5235 9808 10215 6303 3026 4560 8209 7737 7244
10889 5432 6526 6207 5700 8845 4205 2668 5586 8602 2236 8319 0 7338 360 4701 3420 7277 5742 7465 7602 3324 1004 8509 7294 7510 1664 6514 2059 3900 6014 6754 2061 1941 2863 7125 10182 1220 1166 1077
5178 8041 8499 2308 8919 3522 5797 4701 3219 1303 5522 5990 7338 0 7130 7147 6053 921 4219 3966 2404 4504 7158 6800 5173 8200 5728 860 5941 8471 2968 894 7521 8523 7505 7800 3956 8101 7648 6670
10820 5671 6760 5921 5976 8767 4317 2435 5522 8381 1910 8377 360 7130 0 4904 3551 7034 5745 7440 7310 3264 1264 8602 7334 7700 1555 6296 2118 4204 5941 6576 1772 1838 3132 7306 10076 1580 1500 1204
8228 989 1931 7521 1788 6530 1389 4802 3981 8367 5515 4482 4701 7147 4904 0 1612 7654 3200 4729 8746 3324 3705 4327 3801 2816 4016 6670 3036 1941 4341 6264 6637 6618 2024 2451 8059 4148 3765 3712
8130 2580 3534 6090 3255 6216 806 3190 3157 7333 3921 4992 3420 6053 3551 1612 0 6428 2778 4548 7382 1802 2507 5107 4045 4229 2451 5457 1503 2418 3590 5215 5200 5360 1581 3811 7707 3220 2745 2353
6040 8586 9126 1581 9442 4440 6276 4609 3860 1486 5292 6860 7277 921 7034 7654 6428 0 4904 4837 1486 4751 7224 7655 6000 8927 5742 984 6103 8829 3679 1640 7206 8276 7792 8514 4785 8149 7723 6726
5353 3962 4295 5269 4866 3453 2118 4159 1063 5331 5217 2815 5742 4219 5745 3200 2778 4904 0 1780 6224 2563 5024 3324 1711 4031 4248 3962 3701 4924 1252 3328 7057 7566 4338 3612 4964 5872 5375 4701
3584 5315 5346 5700 6207 1811 3847 5608 2024 4742 6685 2024 7465 3966 7440 4729 4548 4837 1780 0 6306 4188 6788 2842 1341 4623 5907 4085 5448 6578 1726 3220 8631 9235 6090 4301 3337 7648 7150 6444
7402 9709 10340 1403 10530 5903 7357 5015 5162 2473 5433 8323 7602 2404 7310 8746 7382 1486 6224 6306 0 5608 7741 9106 7433 10253 6239 2280 6791 9714 5044 3088 7116 8271 8602 9829 6113 8614 8238 7243
7565 4313 5161 4294 5044 5521 2024 1711 2262 5807 2707 5336 3324 4504 3264 3324 1802 4751 2563 4188 5608 0 2817 5721 4244 5571 1720 3811 1486 4110 2690 3748 4494 5047 3041 5126 6881 3757 3269 2385
10294 4428 5522 6338 4712 8280 3310 2729 5021 8452 2692 7479 1004 7158 1264 3705 2507 7224 5024 6788 7741 2817 0 7614 6489 6519 1503 6378 1360 2952 5464 6484 3036 2915 1868 6140 9679 948 500 500
4916 4360 3807 8377 5060 4118 4308 7406 4244 7566 8428 860 8509 6800 8602 4327 5107 7655 3324 2842 9106 5721 7614 0 1708 2549 7256 6847 6484 6222 4177 6020 10119 10435 6268 2469 5375 8276 7826 7433
4464 4220 4101 6670 5080 3026 3255 5869 2549 6044 6923 1104 7294 5173 7334 3801 4045 6000 1711 1341 7433 4244 6489 1708 0 3289 5887 5162 5235 5730 2469 4360 8728 9170 5456 2983 4501 7262 6780 6226
7400 2325 1414 9245 2758 6281 3613 7242 5091 9211 8102 3200 7510 8200 7700 2816 4229 8927 4031 4623 10253 5571 6519 2549 3289 0 6675 7993 5731 4337 5249 7324 9408 9433 4805 447 7694 6942 6576 6500
9265 4923 5946 4837 5437 7212 3101 1236 3969 7009 1526 6957 1664 5728 1555 4016 2451 5742 4248 5907 6239 1720 1503 7256 5887 6675 0 4924 984 3962 4386 5107 2863 3328 2758 6251 8527 2408 2002 1004
5824 7602 8154 1700 8458 4011 5292 3862 2906 2088 4664 6083 6514 860 6296 6670 5457 984 3962 4085 2280 3811 6378 6847 5162 7993 4924 0 5203 7864 2765 905 6661 7665 6846 7574 4661 7316 6873 5885
8937 3939 4964 5412 4465 6920 2220 2000 3661 7244 2505 6264 2059 5941 2118 3036 1503 6103 3701 5448 6791 1486 1360 6484 5235 5731 984 5203 0 3080 4104 5217 3705 3956 1886 5314 8321 2282 1788 1000
10123 2012 3036 8377 1900 8352 2828 5080 5508 9751 5448 6420 3900 8471 4204 1941 2418 8829 4924 6578 9714 4110 2952 6222 5730 4337 3962 7864 3080 0 5921 7632 5961 5608 1204 4081 9876 2942 2751 3220
4879 5166 5546 4204 6063 2831 3101 3935 447 4085 5008 3492 6014 2968 5941 4341 3590 3679 1252 1726 5044 2690 5464 4177 2469 5249 4386 2765 4104 5921 0 2080 6997 7683 5166 4841 4219 6381 5883 5060
4997 7151 7605 2601 8032 3125 4924 4188 2325 2121 5108 5235 6754 894 6576 6264 5215 1640 3328 3220 3088 3748 6484 6020 4360 7324 5107 905 5217 7632 2080 0 7150 8080 6700 6920 3894 7432 6964 6008
11800 7433 8515 5830 7748 9741 5921 3080 6624 8660 2051 9808 2061 7521 1772 6637 5200 7206 7057 8631 7116 4494 3036 10119 8728 9408 2863 6661 3705 5961 6997 7150 0 1200 4904 9002 10912 3162 3220 2927
12549 7302 8402 6957 7481 10489 6140 3905 7280 9706 3001 10215 1941 8523 1838 6618 5360 8276 7566 9235 8271 5047 2915 10435 9170 9433 3328 7665 3956 5608 7683 8080 1200 0 4704 9055 11738 2668 2906 3008
9674 2600 3700 7244 2846 7787 2247 3883 4729 8802 4252 6303 2863 7505 3132 2024 1581 7792 4338 6090 8602 3041 1868 6268 5456 4805 2758 6846 1886 1204 5166 6700 4904 4704 0 4464 9284 2137 1800 2059
7217 2080 1341 8809 2640 6001 3178 6800 4669 8832 7668 3026 7125 7800 7306 2451 3811 8514 3612 4301 9829 5126 6140 2469 2983 447 6251 7574 5314 4081 4841 6920 9002 9055 4464 0 7443 6596 6216 6103
1315 8646 8602 6264 9533 1529 7082 7851 4664 3705 8861 4560 10182 3956 10076 8059 7707 4785 4964 3337 6113 6881 9679 5375 4501 7694 8527 4661 8321 9876 4219 3894 10912 11738 9284 7443 0 10600 10101 9265
11182 4716 5813 7211 4825 9183 4022 3601 5936 9393 3383 8209 1220 8101 1580 4148 3220 8149 5872 7648 8614 3757 948 8276 7262 6942 2408 7316 2282 2942 6381 7432 3162 2668 2137 6596 10600 0 500 1431
10682 4400 5500 6835 4589 8683 3551 3224 5437 8944 3130 7737 1166 7648 1500 3765 2745 7723 5375 7150 8238 3269 500 7826 6780 6576 2002 6873 1788 2751 5883 6964 3220 2906 1800 6216 10101 500 0 1000
9915 4512 5590 5841 4884 7886 3132 2236 4622 7962 2280 7244 1077 6670 1204 3712 2353 6726 4701 6444 7243 2385 500 7433 6226 6500 1004 5885 1000 3220 5060 6008 2927 3008 2059 6103 9265 1431 1000 0
# set of given starting solutions
0 32 15 11 23 2 31 34 28 21 39 30 38 22 25 17 13 18 12 19 35 4 33 26 24 36 29 8 3 20 9 5 10 37 14 1 27 16 6 7 0
0 26 13 12 29 1 17 23 3 5 15 16 14 18 11 22 28 32 31 33 35 39 10 2 27 24 30 8 9 4 6 38 36 25 21 34 37 19 7 20 0
0 28 36 21 22 33 10 7 13 39 26 16 9 25 38 31 1 23 20 37 18 12 15 30 24 11 14 34 35 19 6 5 32 4 27 29 17 3 8 2 0
0 22 8 12 9 7 1 31 14 5 13 34 10 37 36 39 17 19 38 30 25 21 24 2 11 15 28 26 6 32 3 18 27 23 35 16 4 20 33 29 0
0 13 26 25 16 29 21 22 3 30 11 8 17 1 4 10 24 35 32 2 12 5 27 20 9 7 38 23 15 37 31 18 34 39 14 19 33 6 28 36 0
0 17 14 12 21 19 23 33 20 37 29 2 38 26 9 36 3 25 30 39 5 31 13 35 7 24 11 34 27 10 8 15 1 18 28 22 4 32 6 16 0
0 22 14 3 1 8 39 24 31 23 38 30 9 19 33 18 16 37 25 11 36 4 26 5 20 27 28 12 7 21 6 34 29 17 2 15 35 32 10 13 0
0 21 29 30 10 20 31 8 22 34 24 25 1 19 6 18 5 3 17 35 23 11 16 14 26 38 4 12 9 37 7 15 33 39 36 27 28 13 32 2 0
0 39 22 37 31 13 30 19 6 36 28 11 9 38 5 24 16 33 18 23 10 29 25 20 15 17 26 4 35 8 21 12 34 3 7 1 2 32 27 14 0
0 35 34 12 6 28 9 15 16 11 8 21 2 29 36 24 25 7 22 14 27 4 38 18 39 31 26 13 19 3 1 30 20 37 5 17 23 10 33 32 0
0 17 23 6 13 10 4 36 2 37 14 31 27 28 25 19 3 20 32 8 29 24 34 12 26 22 7 18 30 16 1 35 38 21 39 11 15 9 33 5 0
0 37 12 34 4 22 18 14 27 35 21 3 17 1 8 32 7 26 5 33 31 2 11 30 13 29 20 15 25 9 23 10 28 36 38 39 16 19 24 6 0
0 26 24 16 19 28 9 11 25 39 38 18 35 5 36 33 23 12 4 20 32 1 34 31 22 8 15 7 14 13 6 17 10 37 30 29 2 21 27 3 0
0 15 3 10 7 29 23 24 6 37 12 18 30 22 26 2 14 35 17 27 39 13 11 1 33 16 19 38 20 9 32 21 28 5 36 25 31 8 4 34 0
0 3 34 22 23 21 19 8 32 17 33 6 5 4 15 37 7 1 14 11 24 18 20 35 16 2 36 28 12 13 29 25 39 27 31 38 26 10 30 9 0
0 6 25 9 29 28 15 12 27 10 4 22 11 20 33 18 35 34 5 26 30 37 3 2 16 13 24 8 19 38 23 31 21 36 39 14 32 17 1 7 0
0 13 35 38 27 1 4 10 2 9 24 14 25 15 33 8 22 29 26 19 30 11 6 17 32 7 31 20 28 16 12 23 3 18 36 21 5 39 37 34 0
0 19 31 12 36 35 29 17 27 25 20 18 5 34 28 22 6 10 37 24 21 38 33 23 26 9 11 30 14 4 13 16 32 3 15 2 39 1 7 8 0
0 8 34 1 30 11 2 33 21 23 12 19 5 36 18 38 31 28 17 29 24 3 16 15 10 27 25 13 9 22 4 14 39 35 32 7 26 37 20 6 0
0 31 37 19 9 11 14 13 7 28 24 34 16 22 21 10 15 20 35 6 2 27 25 8 18 29 4 32 38 17 30 23 12 3 33 26 36 39 5 1 0
0 15 28 19 14 7 35 9 33 16 26 22 6 12 24 36 37 10 23 8 2 39 32 29 3 34 38 31 27 13 18 21 11 17 25 30 4 20 5 1 0
0 17 8 37 15 26 38 33 18 22 23 10 6 24 7 20 9 36 11 28 19 13 4 21 27 39 5 29 1 2 3 25 12 35 14 34 30 32 31 16 0
0 3 13 6 18 1 17 26 32 11 16 37 28 34 9 25 20 10 4 29 12 22 8 23 30 36 33 24 38 19 5 2 35 39 14 15 7 31 21 27 0
0 23 5 32 24 7 12 16 25 22 26 21 39 14 18 29 4 20 17 38 3 31 8 13 28 10 37 30 19 6 36 33 11 35 34 15 1 27 2 9 0
0 26 14 2 8 7 36 3 22 12 35 4 5 27 9 18 24 13 15 11 17 19 32 30 6 10 28 23 34 31 39 20 33 38 1 16 29 37 21 25 0
0 13 25 8 19 28 1 12 26 4 15 9 17 3 21 20 39 10 35 7 14 11 34 37 29 27 31 24 16 38 6 32 30 2 33 36 22 23 18 5 0
0 36 19 32 21 20 2 1 39 25 16 17 18 28 33 4 12 14 35 23 26 8 34 6 37 24 9 13 27 11 5 30 15 22 10 38 29 3 7 31 0
0 34 9 2 10 31 33 12 5 22 25 24 15 19 30 17 8 35 14 39 21 29 1 26 38 3 18 6 27 11 28 36 7 32 4 13 16 20 23 37 0
0 6 8 1 5 19 31 35 29 23 24 25 2 10 28 15 21 27 38 34 12 9 32 20 17 33 3 26 14 39 18 30 4 13 16 37 11 22 7 36 0
0 7 2 12 21 25 26 13 28 3 6 8 10 17 14 11 18 24 30 39 20 34 27 16 1 35 31 36 23 37 9 33 32 4 5 38 19 29 15 22 0
0 39 27 10 13 22 26 33 14 20 30 18 25 38 35 15 28 12 2 6 32 24 31 3 34 1 19 36 29 16 9 21 37 17 5 8 11 4 7 23 0
0 37 38 6 33 19 28 32 16 29 10 1 24 13 21 30 5 35 23 22 26 14 12 11 9 25 34 2 15 20 4 31 8 27 18 36 7 17 39 3 0
0 27 30 31 15 32 18 23 2 21 11 8 14 13 39 16 10 12 19 37 20 3 33 22 9 24 1 26 5 34 4 7 17 29 36 25 28 38 35 6 0
0 15 1 28 34 27 21 11 38 31 32 5 10 7 12 24 19 13 33 14 23 6 2 26 29 8 9 36 20 16 4 22 3 39 25 18 30 35 17 37 0
0 17 3 10 8 11 37 35 21 36 27 39 13 9 12 1 34 6 32 29 28 26 24 16 4 15 23 14 25 2 33 38 31 7 20 18 22 5 30 19 0
0 6 19 8 2 29 13 35 25 30 5 24 34 39 22 21 4 1 26 17 33 28 31 7 10 32 9 20 11 16 18 12 27 37 14 15 38 23 3 36 0
0 33 2 17 8 30 6 16 19 24 4 25 36 28 10 34 9 11 13 31 15 35 3 37 20 1 14 23 32 38 5 26 21 39 29 27 7 12 18 22 0
0 6 24 34 12 1 29 36 35 5 9 4 38 14 3 2 28 31 30 23 25 32 27 18 8 33 37 17 26 13 21 16 15 7 20 11 39 22 10 19 0
0 12 2 4 5 8 3 14 23 22 24 31 37 20 6 33 11 32 35 15 26 28 1 27 18 29 39 34 19 13 7 25 16 21 36 10 9 30 17 38 0
0 31 8 25 33 10 34 7 4 19 3 11 15 2 12 32 20 35 39 21 36 1 17 23 26 14 22 27 38 30 9 18 29 16 5 28 13 37 6 24 0
0 19 10 11 8 38 9 22 20 18 33 13 25 17 28 6 7 21 1 35 23 34 2 31 30 12 14 37 27 15 39 4 24 32 5 29 26 16 36 3 0
0 9 22 23 29 20 39 36 34 19 4 38 18 6 13 14 21 2 7 3 27 32 12 31 10 24 25 5 26 1 15 35 16 33 37 8 17 11 30 28 0
0 1 32 34 17 30 18 29 6 4 19 20 16 25 39 12 31 13 22 15 35 14 10 33 9 7 8 27 3 21 37 2 36 24 23 5 38 28 11 26 0
0 9 4 31 5 25 17 7 27 39 13 2 19 16 10 37 34 23 14 6 18 32 21 11 26 20 8 29 24 28 3 15 30 38 22 36 33 35 12 1 0
0 38 5 23 15 26 19 10 9 22 13 21 17 20 27 7 14 4 30 25 36 16 39 2 6 8 35 28 32 34 11 3 12 18 29 1 37 31 33 24 0
0 25 30 15 31 14 10 36 12 35 26 2 33 7 21 22 3 17 6 39 19 11 32 13 23 28 5 34 38 24 27 20 18 8 29 9 16 37 4 1 0
0 5 26 14 30 27 16 11 18 4 22 10 39 20 33 9 32 25 38 21 36 35 23 28 2 6 19 34 24 37 31 8 7 3 1 12 17 29 13 15 0
0 5 7 29 28 30 16 17 22 8 36 12 10 13 39 32 20 34 38 1 6 2 21 26 25 4 19 27 35 3 23 33 11 15 9 18 14 37 24 31 0
0 18 3 27 7 30 23 24 14 5 31 35 34 39 4 29 16 15 19 38 21 1 36 2 25 22 33 6 17 32 12 13 20 28 26 10 8 9 37 11 0
0 34 23 32 17 16 38 28 10 8 21 30 4 15 20 36 27 9 29 22 13 1 39 35 14 26 11 5 24 25 3 12 2 31 37 18 7 19 33 6 0
0 21 20 37 16 19 11 34 4 22 8 3 32 2 33 27 5 25 28 39 31 35 29 13 30 24 9 26 12 1 38 17 23 6 14 7 18 10 36 15 0
0 7 10 36 32 31 8 3 23 38 19 34 35 26 21 39 11 13 27 33 20 22 12 25 29 5 9 24 6 14 17 15 4 2 18 30 37 16 1 28 0
0 9 30 28 38 24 13 3 15 4 31 16 18 33 17 34 2 11 37 14 20 32 39 25 23 27 35 1 29 26 19 36 6 22 5 8 12 10 7 21 0
0 35 1 39 14 33 26 25 29 11 36 20 27 24 3 16 12 2 22 21 32 10 5 8 30 34 18 4 17 6 13 37 23 38 19 9 28 7 31 15 0
0 23 17 24 7 36 31 38 15 5 2 12 14 3 22 30 1 21 29 10 34 9 16 39 8 33 26 25 19 6 28 27 32 4 37 11 35 13 20 18 0
0 31 3 6 15 12 25 20 9 7 28 5 39 33 34 35 32 8 14 10 17 24 27 21 36 37 1 30 2 13 4 26 18 23 22 29 38 16 19 11 0
0 4 7 20 1 33 14 36 9 5 23 8 25 37 34 32 31 22 13 38 28 2 26 27 11 29 6 18 24 19 17 15 30 35 21 16 3 12 10 39 0
0 35 17 38 29 13 26 30 18 10 37 7 32 11 12 23 9 3 31 39 2 6 24 1 4 14 28 36 21 15 27 5 20 22 8 33 25 16 19 34 0
0 25 11 30 22 34 8 20 1 29 26 2 10 19 36 32 14 9 37 31 38 5 13 28 7 3 24 6 4 16 18 17 35 39 12 21 33 23 15 27 0
0 21 31 14 18 6 36 37 11 39 12 28 29 35 13 7 33 23 17 19 2 10 26 8 32 15 24 9 38 3 5 1 30 22 25 16 27 34 20 4 0
0 3 27 19 20 4 30 37 26 25 16 2 31 39 33 21 36 1 10 8 38 14 15 23 34 11 18 5 35 7 28 12 9 32 17 6 22 24 29 13 0
0 16 38 36 6 17 39 7 2 34 19 5 10 32 15 30 25 26 23 29 24 8 27 28 22 33 31 11 9 35 18 37 1 14 20 13 4 3 21 12 0
0 1 20 24 11 37 35 8 10 19 12 25 17 28 14 38 39 3 31 30 6 7 13 34 32 36 15 21 22 9 5 26 33 18 2 23 27 4 16 29 0
0 20 14 27 38 39 10 28 1 11 7 25 8 31 2 17 26 9 29 23 30 34 3 16 12 33 35 21 22 36 4 19 15 6 13 5 18 24 32 37 0
0 10 27 13 16 26 33 29 22 36 31 37 11 39 23 34 21 32 25 20 35 19 8 15 24 9 17 2 5 14 1 30 6 18 3 28 4 7 38 12 0
0 19 1 10 30 37 32 6 31 22 16 4 2 26 29 11 5 13 34 28 9 15 12 17 33 14 35 20 8 25 27 36 38 18 39 24 21 3 7 23 0
0 7 20 26 16 22 21 34 14 28 12 31 10 4 32 18 27 25 39 15 36 3 33 6 9 23 8 1 24 30 17 19 2 5 35 29 37 13 11 38 0
0 9 24 35 28 21 4 18 19 22 8 14 39 36 23 5 32 31 12 2 16 30 1 29 34 25 3 17 7 37 38 27 15 11 33 13 6 10 20 26 0
0 1 2 7 36 37 5 8 39 13 6 4 3 38 23 22 26 31 34 21 9 20 24 29 15 17 30 11 25 28 32 35 12 19 27 10 18 16 33 14 0
0 32 24 28 37 30 5 25 4 35 36 10 12 27 14 20 6 39 23 21 11 8 15 2 17 26 33 29 22 31 7 3 18 16 19 38 1 9 13 34 0
0 31 24 29 23 11 32 16 35 20 28 19 39 4 14 33 38 10 8 27 18 25 21 12 34 37 17 15 2 5 22 7 36 13 1 9 6 26 30 3 0
0 26 16 18 28 11 39 1 34 9 36 4 35 17 30 7 2 22 25 13 20 8 33 38 3 6 14 15 19 12 23 24 27 5 21 10 29 32 37 31 0
0 4 39 14 16 8 23 10 32 33 5 37 27 17 3 34 22 25 15 11 38 29 31 2 19 26 20 24 36 18 1 9 28 21 6 12 7 35 13 30 0
0 16 27 14 29 12 36 26 23 9 1 22 8 32 34 17 28 15 4 2 25 24 6 31 20 33 35 11 7 21 39 10 18 37 38 5 19 3 30 13 0
0 17 34 32 35 13 16 30 1 10 11 18 4 37 29 33 3 27 25 7 36 12 38 15 26 28 21 39 8 31 6 14 20 19 2 24 5 9 22 23 0
0 27 15 19 36 25 9 29 8 13 37 10 22 7 17 6 5 23 34 21 4 32 39 14 11 1 28 38 35 3 2 33 31 20 30 26 24 16 18 12 0
0 26 18 29 11 7 15 21 25 9 13 23 30 38 16 34 8 10 17 4 36 1 22 35 14 27 24 19 6 33 31 32 12 5 3 20 37 2 39 28 0
0 39 4 10 5 16 13 12 38 32 25 7 35 6 36 28 1 37 11 21 18 31 29 17 2 9 3 27 34 20 30 8 19 22 23 33 14 26 24 15 0
0 26 8 22 12 20 38 35 32 5 2 30 14 11 28 25 18 24 37 36 4 21 31 1 17 15 9 27 3 23 29 10 19 13 34 39 33 7 16 6 0
0 18 22 35 28 32 26 9 20 8 4 39 37 25 17 2 29 1 7 31 14 21 13 11 34 19 30 6 12 5 36 24 23 38 16 33 27 15 10 3 0
0 5 27 29 4 35 23 28 39 9 11 10 15 7 2 30 32 34 1 25 24 14 19 13 36 22 3 33 26 31 17 12 16 18 21 8 20 37 6 38 0
0 20 7 35 12 26 30 21 33 11 29 9 36 16 34 18 4 22 1 15 2 14 3 37 19 8 28 39 38 5 13 25 32 17 6 31 24 23 10 27 0
0 16 8 1 28 17 31 24 6 20 26 9 3 39 33 27 11 19 14 5 38 36 34 22 23 12 29 32 21 30 15 25 37 7 13 35 18 2 4 10 0
0 35 19 16 17 31 39 12 30 2 14 10 6 15 13 3 11 7 38 1 18 33 9 24 36 34 25 37 32 27 4 5 23 29 8 21 28 26 20 22 0
0 2 25 3 35 37 16 17 9 31 13 36 33 32 7 14 28 26 19 15 12 20 29 6 38 39 22 4 34 18 11 24 5 27 21 10 8 23 30 1 0
0 21 9 7 13 1 18 24 10 25 34 39 22 14 33 30 37 23 3 29 36 5 32 27 28 20 19 26 2 12 35 15 16 8 6 17 11 31 38 4 0
0 6 27 7 30 16 5 3 33 35 12 8 17 2 23 37 29 14 10 20 34 39 31 36 11 21 22 28 1 13 26 15 18 38 4 25 24 19 9 32 0
0 31 27 15 8 28 38 35 6 30 13 14 24 7 11 17 16 34 4 9 12 18 33 22 37 19 25 5 23 1 10 3 2 26 21 36 32 20 29 39 0
0 2 28 23 8 14 32 38 21 34 26 11 39 29 33 4 24 18 7 6 19 22 12 13 36 30 35 37 15 16 17 25 9 20 10 1 31 27 5 3 0
0 26 28 39 6 35 7 14 31 23 9 37 20 15 27 22 32 38 33 4 24 5 36 34 10 30 13 3 21 11 25 19 17 29 2 16 18 12 1 8 0
0 2 14 6 31 11 12 16 25 34 7 32 19 4 23 17 24 9 30 20 36 33 5 29 1 37 27 26 8 35 38 22 39 15 13 10 28 21 18 3 0
0 7 15 18 8 19 4 25 9 26 14 29 6 31 2 32 34 1 36 3 38 11 5 39 28 17 10 21 27 12 20 23 35 16 22 33 30 37 13 24 0
0 19 11 21 24 32 23 3 12 31 25 33 36 18 34 1 26 9 17 8 15 2 22 28 10 7 16 30 14 37 6 4 29 39 5 35 13 20 38 27 0
0 26 31 27 25 23 34 17 28 10 22 11 14 9 19 2 38 5 15 18 4 21 16 30 7 12 39 36 8 35 24 13 20 1 33 29 3 37 32 6 0
0 15 14 12 10 2 38 1 20 27 30 8 25 29 37 11 22 19 18 33 4 6 35 9 39 21 28 3 13 24 17 16 36 23 7 32 31 26 34 5 0
0 21 30 35 26 39 34 36 25 29 1 33 22 10 23 6 2 20 32 4 13 8 11 14 28 38 7 15 12 31 18 16 24 17 27 3 37 9 19 5 0
0 26 37 11 18 38 36 19 6 30 31 34 12 9 10 17 2 13 28 33 1 29 32 27 7 15 22 21 20 25 24 16 8 14 4 23 35 39 3 5 0
0 8 20 6 3 5 11 31 22 23 13 2 35 10 30 21 15 29 39 38 36 16 24 25 32 9 28 12 19 1 34 33 37 26 18 7 27 17 4 14 0
0 38 12 13 17 27 20 7 18 26 37 3 5 28 8 22 34 35 21 11 6 33 30 31 2 36 39 15 4 29 14 10 23 24 1 16 19 9 32 25 0
0 37 3 26 18 31 16 14 20 36 28 33 27 17 24 23 12 22 1 10 7 30 2 13 21 25 9 34 32 39 29 38 35 19 4 11 15 8 5 6 0
0 3 7 34 24 23 38 14 25 4 22 36 31 32 17 9 6 37 30 28 26 18 8 19 15 33 35 20 1 39 21 2 29 27 10 16 11 12 5 13 0
0 2 13 32 22 10 21 31 15 18 23 9 4 3 11 36 37 39 5 28 8 27 24 19 33 6 30 14 25 34 12 38 16 35 1 26 29 7 20 17 0
0 35 25 13 38 6 9 1 31 36 12 16 3 28 24 26 19 4 23 39 32 11 22 18 37 15 7 27 30 34 33 17 20 5 29 2 10 8 14 21 0
0 3 28 6 14 24 34 15 38 31 30 9 18 8 33 25 22 32 7 11 1 29 12 35 26 19 16 23 36 39 17 10 2 27 21 37 5 20 4 13 0
0 27 33 4 1 10 31 7 23 34 19 39 17 24 30 29 32 14 15 3 16 18 9 13 5 20 38 8 12 26 36 28 25 2 22 37 35 21 11 6 0
0 22 18 10 26 17 3 7 4 5 1 16 8 38 35 21 34 31 32 30 15 36 25 13 9 28 20 6 29 19 11 33 14 2 37 12 23 27 39 24 0
0 1 7 22 33 26 27 24 16 21 31 8 2 5 28 32 13 38 34 35 25 17 11 39 30 19 6 15 10 23 12 3 9 36 18 29 4 20 14 37 0
0 18 1 33 29 19 31 2 14 26 12 20 28 32 5 17 36 16 3 10 24 37 15 23 30 7 4 6 35 21 27 8 38 22 34 39 9 13 11 25 0
0 21 28 22 13 1 6 26 23 36 35 32 7 16 4 19 25 10 39 11 27 30 8 38 9 31 5 2 20 34 15 29 17 14 37 33 3 12 18 24 0
0 20 14 11 27 19 18 28 9 33 2 12 39 21 17 7 29 22 1 32 38 31 8 4 10 15 24 34 36 13 35 6 25 26 37 30 23 16 5 3 0
0 20 24 39 3 26 30 36 14 33 5 1 17 29 9 22 12 13 2 27 23 31 25 10 4 19 15 38 34 28 21 16 32 6 7 37 8 11 35 18 0
0 18 28 37 15 6 25 5 31 29 20 32 19 27 7 1 13 26 23 33 36 22 35 16 24 34 39 38 11 17 30 12 14 8 2 21 4 3 9 10 0
0 18 24 9 23 6 33 12 4 17 8 21 29 3 34 15 5 26 1 28 14 39 2 27 36 13 19 22 31 20 35 32 25 38 7 30 16 37 10 11 0
0 6 28 9 20 36 13 14 24 18 29 30 34 5 11 15 39 4 23 1 22 8 35 2 37 31 25 33 27 12 32 38 26 3 21 19 10 17 16 7 0
0 27 35 12 28 5 26 31 3 24 1 13 15 11 4 8 21 36 9 34 38 18 22 14 33 10 29 7 32 30 39 23 16 25 17 19 6 37 2 20 0
0 36 30 18 29 31 21 12 5 32 4 17 34 7 2 23 8 10 28 19 6 22 33 26 9 11 24 39 35 20 37 27 25 1 16 15 38 3 14 13 0
0 2 36 35 12 9 1 4 10 5 23 24 29 15 8 18 27 39 26 33 14 22 21 6 16 25 17 31 28 32 34 20 37 38 3 7 19 30 11 13 0
0 9 4 26 34 22 1 25 17 11 20 15 23 18 21 10 29 35 13 31 39 7 38 14 19 12 8 5 36 27 33 24 37 6 2 16 32 30 28 3 0
0 23 39 22 27 11 1 34 19 16 14 18 31 20 21 29 2 25 33 30 8 12 6 38 3 9 37 26 10 32 17 15 7 24 13 36 5 35 4 28 0
0 1 18 38 6 37 33 21 17 8 29 15 32 27 10 23 3 25 31 4 20 5 14 28 16 13 19 36 26 12 39 9 24 30 22 35 2 7 34 11 0
0 6 34 35 36 14 20 8 38 32 33 24 16 28 13 25 19 10 23 27 7 3 1 30 17 37 15 18 5 2 11 21 12 4 22 9 29 31 39 26 0
0 10 39 6 5 27 25 35 38 32 16 1 7 15 36 21 9 3 12 19 17 31 22 13 33 30 37 18 29 2 28 34 20 11 26 24 23 4 14 8 0
0 36 15 26 9 27 34 4 11 28 19 8 33 20 17 13 7 10 31 21 6 37 22 16 18 35 29 3 23 25 2 12 39 24 5 30 38 1 32 14 0
0 24 37 33 29 20 15 23 19 31 35 11 32 17 26 22 16 6 38 14 3 5 8 1 28 18 30 4 10 34 12 9 36 39 27 7 21 2 25 13 0
0 9 4 27 15 23 19 13 21 22 32 16 17 35 12 25 1 34 10 18 5 7 37 29 20 33 24 11 6 8 2 36 26 31 3 28 38 30 39 14 0
0 11 28 21 25 33 34 26 29 4 31 24 17 6 39 22 7 23 27 14 9 32 18 8 13 2 10 19 20 12 38 30 5 15 16 1 35 3 37 36 0
0 35 26 14 1 34 18 22 29 39 7 9 13 32 23 25 38 36 11 10 33 21 6 12 27 15 31 8 3 30 37 4 20 28 24 19 16 5 17 2 0
0 29 34 19 32 23 13 6 7 37 12 26 21 3 2 38 20 39 17 18 8 5 30 28 35 36 31 10 14 15 25 24 16 11 27 22 1 33 4 9 0
0 4 11 19 34 15 16 36 13 33 5 3 18 38 1 20 9 22 6 17 10 21 29 35 28 8 12 25 7 30 31 2 39 23 26 37 14 24 27 32 0
0 20 25 18 23 19 34 2 17 28 6 9 35 15 3 7 13 8 10 38 29 14 4 12 21 24 27 32 37 16 22 31 5 11 30 1 33 26 36 39 0
0 26 20 38 9 11 34 27 25 10 2 12 19 30 17 13 35 32 16 29 22 18 6 5 23 33 36 21 7 39 4 15 24 1 8 28 37 14 31 3 0
0 9 30 2 12 13 27 14 31 7 21 22 29 37 19 17 35 25 11 23 5 33 6 15 39 34 26 20 16 28 10 3 32 4 1 18 38 24 8 36 0
0 4 6 28 24 1 20 29 5 15 19 38 30 31 26 21 7 18 16 14 39 23 34 3 13 33 12 17 22 9 10 37 36 27 2 8 32 25 35 11 0
0 38 14 30 33 10 23 28 27 24 35 32 20 9 17 31 5 37 8 7 22 34 26 13 39 36 19 4 21 15 12 6 29 11 16 3 1 2 25 18 0
0 23 37 34 8 6 11 25 35 31 38 18 30 26 20 21 13 9 5 10 12 36 4 29 15 19 24 17 2 1 32 14 39 22 3 16 33 27 28 7 0
0 20 26 30 19 13 36 5 21 12 9 1 27 33 31 14 23 2 3 29 4 39 16 24 11 8 35 22 6 38 25 37 18 10 15 32 34 28 17 7 0
0 9 15 33 18 10 12 23 26 16 14 13 19 3 37 7 28 17 30 6 21 20 22 25 24 11 1 27 34 31 5 2 38 35 39 36 8 4 32 29 0
0 27 3 34 21 2 29 10 14 24 5 33 1 38 25 39 13 19 20 28 23 7 35 9 31 6 22 18 30 26 15 4 11 8 16 36 17 37 32 12 0
0 6 38 26 37 21 22 35 27 8 12 1 15 33 31 14 24 30 34 11 23 13 4 16 19 17 28 7 18 20 36 9 25 29 10 39 3 2 5 32 0
0 28 29 21 38 33 20 7 36 25 6 14 31 4 27 24 23 3 13 17 8 2 11 34 22 10 39 5 16 32 12 1 30 37 26 9 15 18 19 35 0
0 32 19 10 16 4 20 33 1 37 28 6 5 21 26 12 39 30 23 11 15 34 25 14 31 18 22 8 36 2 38 7 17 13 9 35 27 24 3 29 0
0 4 28 3 16 18 27 9 8 30 10 38 20 2 22 6 37 21 13 11 39 7 14 33 25 19 26 36 23 5 31 12 15 24 1 32 17 34 29 35 0
0 6 1 25 7 13 32 23 20 27 31 38 10 34 33 24 8 9 30 36 12 28 21 19 11 15 4 37 3 5 16 35 18 29 39 14 2 17 22 26 0
0 36 9 4 2 28 15 25 5 23 13 32 38 39 21 1 37 24 6 11 17 27 8 29 3 12 14 26 30 16 33 19 35 22 10 34 20 7 18 31 0
0 25 17 19 1 20 37 26 24 10 11 9 4 33 14 32 30 15 2 21 22 38 12 27 7 16 8 35 36 18 5 39 31 6 13 34 28 3 23 29 0
0 28 7 16 35 4 26 1 14 11 27 9 18 22 37 21 19 15 24 39 23 2 13 10 31 6 34 33 17 25 12 32 30 5 20 38 8 3 29 36 0
0 36 4 35 37 18 23 9 2 32 1 17 29 5 20 38 3 21 30 34 24 12 27 11 31 10 22 15 8 33 25 13 6 16 14 28 7 39 19 26 0
0 34 37 31 5 20 29 36 22 33 39 25 10 18 26 30 6 2 13 3 1 28 7 24 4 27 21 23 35 19 8 32 38 17 16 9 11 12 15 14 0
0 28 19 4 38 13 14 37 27 21 9 12 31 20 24 16 36 18 29 17 6 7 33 15 30 11 5 39 35 8 3 34 22 26 10 32 25 1 23 2 0
0 7 14 28 19 1 30 12 29 21 27 23 38 10 2 4 26 22 20 32 31 24 5 11 34 16 15 39 36 6 13 25 17 35 37 3 8 18 9 33 0
0 7 17 9 10 30 27 20 32 35 33 18 26 8 24 21 12 16 37 25 31 23 2 39 34 15 3 36 6 22 29 4 19 5 38 28 13 14 1 11 0
0 25 5 27 35 9 20 8 7 16 14 17 30 31 15 38 37 32 12 21 1 13 2 29 24 3 33 11 28 10 23 34 22 26 4 18 19 39 36 6 0
0 14 28 31 38 39 6 20 10 4 18 5 37 7 19 21 15 11 34 23 22 29 35 16 26 1 8 30 3 32 36 12 27 33 9 2 24 13 17 25 0
0 1 37 16 9 29 14 31 19 12 20 4 34 8 35 24 23 28 3 7 26 10 38 30 15 32 13 2 22 5 25 39 17 33 11 21 36 27 18 6 0
0 28 38 22 8 3 25 20 36 35 17 2 34 32 1 29 15 5 12 4 33 9 26 10 16 27 37 30 31 39 14 21 24 7 18 6 23 11 13 19 0
0 8 36 3 6 16 1 30 19 37 34 31 38 22 25 11 35 14 13 33 26 15 32 23 17 20 18 24 28 4 2 7 9 39 21 10 5 12 29 27 0
0 22 24 3 10 39 20 18 9 34 37 30 27 21 31 14 13 17 19 2 36 4 8 12 35 6 33 28 26 16 38 23 11 5 25 32 1 15 7 29 0
0 28 36 18 7 6 21 22 29 13 31 11 3 26 5 38 35 30 24 34 33 32 17 12 9 2 14 20 8 27 25 10 23 1 4 19 39 37 16 15 0
0 29 12 16 24 5 35 21 9 10 34 33 20 2 13 17 3 6 15 36 1 38 23 19 25 37 7 39 11 26 27 18 14 31 4 30 32 8 28 22 0
0 34 31 3 35 26 27 39 36 8 17 22 4 5 25 6 9 19 30 11 15 12 33 7 32 14 21 10 29 16 23 18 24 1 20 2 37 38 28 13 0
0 3 17 34 6 38 14 31 19 33 32 27 20 23 25 2 26 11 22 15 10 13 39 7 12 18 35 1 9 28 21 5 37 16 30 24 29 8 4 36 0
0 24 19 5 13 1 32 27 16 37 36 38 22 29 6 7 35 15 18 12 39 30 25 9 34 2 3 31 20 17 23 21 4 28 33 11 26 14 10 8 0
0 34 35 6 25 5 31 7 12 22 26 32 30 29 11 9 33 20 27 15 24 18 28 13 19 2 17 37 21 1 4 23 10 39 14 8 16 3 36 38 0
0 15 22 28 37 24 33 9 35 20 19 3 4 34 23 30 1 12 31 14 18 6 16 2 39 8 10 13 38 36 26 21 29 17 5 7 32 25 11 27 0
0 26 9 20 11 22 29 19 8 33 37 1 31 28 7 17 21 32 38 18 30 12 35 23 13 6 34 39 25 3 36 5 27 24 4 16 15 10 2 14 0
0 9 21 17 20 34 39 28 36 19 32 33 4 35 15 26 6 31 7 38 12 22 24 16 27 2 29 25 13 14 3 18 5 11 37 23 1 30 10 8 0
0 33 26 9 27 14 2 28 30 3 34 20 19 1 29 22 23 12 10 16 6 37 39 17 25 35 38 13 5 32 11 21 15 24 36 4 7 18 8 31 0
0 22 13 21 37 14 6 24 8 7 15 36 17 33 11 16 10 25 30 38 5 29 2 32 1 20 4 9 18 3 39 35 12 26 23 34 28 31 27 19 0
0 13 19 23 16 5 39 14 21 7 27 32 4 10 36 11 6 29 38 8 15 9 25 26 30 33 31 2 35 24 17 37 3 18 28 20 22 34 1 12 0
0 38 34 26 4 31 25 21 27 8 29 19 36 9 33 23 39 22 11 6 3 30 13 24 12 2 35 5 16 32 17 15 37 14 7 1 18 28 20 10 0
0 32 39 20 13 38 2 7 6 34 10 19 30 23 35 18 15 12 1 25 4 33 14 5 31 27 17 37 8 11 9 3 24 22 21 28 36 26 16 29 0
0 24 34 21 3 38 4 10 18 16 17 27 12 25 26 11 33 22 31 39 1 30 2 19 13 20 23 6 8 5 28 9 36 14 37 7 32 29 15 35 0
0 1 10 35 6 13 18 8 23 27 33 31 7 15 38 9 39 14 16 36 19 34 37 3 25 17 2 28 4 26 12 24 5 30 11 32 20 21 29 22 0
0 12 9 7 38 32 4 36 37 23 3 10 20 8 21 29 18 33 31 14 5 30 28 27 6 13 17 1 22 39 15 35 34 11 25 19 2 24 26 16 0
0 12 32 10 34 25 8 5 9 38 26 1 23 6 39 16 21 30 36 24 15 13 28 18 3 2 14 22 27 33 37 31 29 17 7 11 35 4 19 20 0
0 23 27 13 33 28 8 14 17 32 11 36 4 20 6 1 21 34 22 31 30 5 9 10 19 25 38 15 3 2 7 16 29 37 18 12 26 39 24 35 0
0 21 31 12 30 24 39 36 32 28 35 34 20 38 7 33 1 23 3 26 14 11 16 6 17 5 18 13 10 27 19 8 15 37 2 22 29 9 25 4 0
0 13 28 29 2 12 21 35 9 4 17 32 20 31 11 15 7 37 25 18 3 16 26 8 38 39 34 6 24 27 1 30 33 22 5 19 14 23 36 10 0
0 31 33 28 4 34 14 17 24 23 19 20 26 10 2 11 7 30 9 36 13 6 32 12 38 15 16 25 35 3 18 8 37 39 21 1 5 27 29 22 0
0 19 28 36 22 30 25 18 31 20 34 39 24 33 8 27 29 12 11 5 21 3 37 16 15 23 13 38 4 1 2 6 7 32 35 10 17 14 26 9 0
0 20 10 24 5 36 2 19 16 32 23 30 18 33 25 15 21 3 8 39 37 28 35 13 26 34 17 7 14 4 12 31 1 9 27 6 22 11 29 38 0
0 30 20 27 17 23 28 21 4 10 16 3 11 1 9 15 29 36 8 33 18 35 5 13 22 12 2 38 26 25 14 34 7 39 37 19 31 6 24 32 0
0 37 17 11 12 13 20 26 9 15 39 8 30 1 28 31 2 4 25 33 24 35 6 22 21 18 16 34 7 3 14 32 5 10 23 36 38 29 27 19 0
0 39 23 18 15 1 20 28 30 11 36 6 38 3 25 21 16 8 22 34 9 29 4 26 19 10 33 27 7 5 13 32 35 17 37 12 2 31 14 24 0
0 13 20 7 34 17 36 21 5 6 11 19 39 37 3 24 27 10 16 8 23 12 29 22 4 38 35 28 15 2 14 33 1 18 30 26 32 31 25 9 0
0 26 12 7 6 19 31 37 24 27 9 5 25 20 21 38 2 36 23 14 4 30 16 1 22 29 28 17 18 10 39 13 32 8 15 3 11 34 33 35 0
0 7 24 35 5 37 29 11 10 34 38 22 23 6 2 36 20 39 21 30 25 8 27 31 17 26 18 3 12 19 9 32 33 16 1 28 15 4 14 13 0
0 35 4 8 38 19 6 23 33 32 22 5 17 13 20 11 26 12 24 27 36 29 9 10 31 25 15 39 14 1 2 7 30 34 18 37 16 28 3 21 0
0 4 15 7 32 18 16 25 27 31 5 1 6 3 37 11 29 9 17 30 28 34 19 10 12 38 36 24 8 26 20 23 21 22 35 33 14 13 39 2 0
0 22 19 23 35 29 38 12 7 17 8 9 18 33 13 21 31 20 36 30 10 15 37 39 2 24 11 6 5 14 26 34 16 28 32 1 4 25 27 3 0
0 31 17 10 18 37 20 29 25 22 15 12 8 4 5 24 38 14 7 16 28 39 27 2 34 35 13 1 32 21 36 9 23 26 3 11 30 19 6 33 0
0 39 2 24 28 9 35 1 26 37 15 7 23 8 19 36 13 22 5 4 16 32 6 30 18 34 31 33 12 38 10 11 25 3 17 29 14 27 20 21 0
0 11 37 21 25 9 10 3 29 27 12 34 31 28 39 14 35 20 8 30 36 24 22 6 16 32 26 17 19 5 13 15 2 4 33 23 38 18 7 1 0
0 15 36 26 3 9 20 7 19 34 10 14 21 11 1 32 31 16 29 23 27 6 8 2 37 25 22 5 12 33 4 38 18 28 39 24 13 17 30 35 0
0 36 16 3 22 27 37 11 19 15 8 38 17 32 7 35 39 13 31 21 28 1 6 2 18 29 33 26 9 23 14 24 20 34 12 5 10 4 30 25 0
0 30 23 2 31 3 19 26 15 11 32 29 14 20 22 33 12 17 35 10 13 27 37 4 21 38 34 8 18 6 5 7 28 9 36 16 1 24 25 39 0
0 1 21 10 9 16 8 37 14 7 33 3 32 30 15 20 38 11 28 6 18 22 13 24 4 35 27 23 36 31 12 39 17 26 5 25 29 2 34 19 0
0 10 24 17 36 21 8 37 2 16 29 38 1 35 30 39 14 23 9 7 27 15 13 22 19 12 6 4 25 28 18 31 3 32 33 26 20 11 5 34 0
0 5 36 11 35 2 10 29 20 14 8 23 1 21 12 18 3 37 39 13 22 15 31 17 25 34 4 19 30 16 27 28 26 33 9 38 32 7 6 24 0
0 18 2 6 28 27 16 24 1 9 32 22 8 10 25 12 17 31 34 19 35 29 14 7 13 20 39 4 38 11 21 36 15 23 30 37 33 3 5 26 0
0 23 18 20 9 21 1 13 3 34 15 19 6 24 31 4 38 14 7 39 36 30 25 10 28 33 16 11 32 8 29 26 12 17 27 35 37 2 5 22 0
0 5 11 38 17 23 28 19 8 25 36 21 3 35 32 16 18 1 12 37 34 2 14 9 27 26 29 20 13 10 6 22 7 30 4 31 33 24 39 15 0
0 18 1 21 4 35 37 5 17 13 9 29 19 23 33 11 15 6 25 28 3 10 12 34 20 31 38 16 36 2 27 22 7 30 8 24 39 14 32 26 0
0 13 21 22 35 8 4 12 23 38 37 10 26 3 33 24 9 34 19 16 6 17 11 7 20 28 36 18 5 1 27 31 39 25 29 14 15 2 32 30 0
0 37 8 1 27 35 25 10 7 14 13 4 36 3 32 20 38 17 26 2 30 22 9 31 15 11 18 12 34 6 33 21 39 28 23 19 24 16 5 29 0
0 37 10 4 25 26 6 33 23 22 1 24 3 39 18 16 30 5 21 13 38 15 20 17 34 29 35 9 36 32 14 7 27 28 12 31 8 2 11 19 0
0 26 34 9 19 4 11 14 29 21 28 15 37 17 13 6 33 20 36 38 27 23 1 18 25 39 5 7 12 8 10 2 16 32 30 24 35 22 31 3 0
0 30 22 4 11 29 14 16 33 31 37 28 1 27 18 5 7 17 2 19 32 34 9 15 25 23 10 39 26 8 13 38 6 20 12 3 24 35 36 21 0
0 20 31 15 10 5 21 28 2 32 18 30 9 24 22 33 35 34 29 19 4 11 26 3 14 36 6 13 12 16 23 8 38 1 37 39 7 27 25 17 0
0 24 35 39 6 4 14 22 30 23 33 9 15 2 10 25 7 21 37 34 18 16 3 31 19 5 17 13 38 8 12 28 1 27 36 26 32 11 29 20 0
0 28 21 39 13 30 34 17 3 38 6 10 5 35 8 1 24 12 36 29 16 37 9 26 15 20 7 11 18 25 32 27 31 2 14 23 33 19 22 4 0
0 31 19 23 5 36 18 25 7 20 26 28 2 8 3 16 4 15 35 11 17 39 10 12 1 6 34 24 22 21 37 32 29 14 33 13 38 27 9 30 0
0 21 3 17 32 11 28 30 20 13 9 27 4 7 18 22 16 26 8 25 23 5 24 31 37 12 1 35 34 36 2 29 14 6 33 15 38 19 10 39 0
0 32 33 24 9 14 35 36 12 37 7 13 19 8 26 23 39 38 17 5 3 34 15 18 16 1 21 11 28 10 29 4 22 2 20 27 31 30 6 25 0
0 10 12 24 5 34 32 35 29 31 9 26 16 20 17 28 38 27 4 39 6 14 23 36 8 13 22 7 37 15 33 1 3 2 18 19 30 11 25 21 0
0 15 24 5 33 17 28 8 37 34 6 30 7 25 1 14 10 20 38 2 12 3 35 19 13 16 4 26 21 11 39 32 27 22 9 18 23 31 36 29 0
0 39 34 13 26 3 10 14 16 37 29 5 2 12 38 19 11 17 36 25 4 22 1 21 7 28 18 20 15 24 35 32 30 31 6 8 23 33 9 27 0
0 36 39 23 1 31 7 20 33 19 32 26 28 13 15 14 38 34 16 24 29 35 21 4 10 27 25 18 6 11 3 17 8 22 2 9 5 12 37 30 0
0 4 38 33 27 15 29 1 36 28 30 35 21 16 9 34 5 8 26 18 10 17 24 22 3 23 39 7 31 19 37 14 25 12 20 6 13 11 32 2 0
0 18 5 2 32 9 26 20 38 1 28 8 33 21 24 15 27 11 30 35 7 16 25 12 13 10 34 36 3 29 6 31 4 14 39 23 19 17 37 22 0
0 29 16 5 21 14 6 35 39 22 30 13 24 9 36 15 34 33 11 17 26 27 1 28 2 19 25 37 38 3 12 8 7 18 20 32 23 4 31 10 0
0 3 39 28 29 21 16 34 12 15 8 2 11 17 38 35 13 30 37 7 20 1 5 27 9 25 36 23 14 19 32 6 26 4 24 22 33 10 31 18 0
0 11 36 25 8 1 5 6 12 3 31 29 21 30 35 13 16 32 17 2 38 9 14 19 27 7 23 24 22 33 26 10 39 4 18 20 37 28 15 34 0
0 36 29 7 14 31 3 17 11 23 6 24 12 28 13 20 30 38 16 35 25 34 10 15 5 1 9 2 18 39 4 8 21 26 37 19 27 22 33 32 0
0 25 11 28 2 17 9 13 33 37 4 15 1 19 20 5 27 6 8 36 24 21 10 18 30 39 16 3 31 34 22 12 29 26 14 38 35 23 7 32 0
0 5 28 20 7 29 35 12 32 25 17 3 21 16 22 14 39 33 11 15 18 6 37 8 27 30 34 26 10 23 13 9 31 2 4 1 36 38 19 24 0
0 38 5 19 21 35 22 14 26 23 16 8 11 13 30 7 4 29 17 36 20 33 24 34 28 25 2 39 27 15 37 31 6 10 18 3 9 1 32 12 0
0 39 16 6 36 13 9 30 32 23 28 14 15 11 20 18 29 21 38 26 4 3 25 35 5 17 19 31 2 24 37 22 7 8 27 10 1 33 12 34 0
0 3 37 32 25 12 24 34 38 36 18 2 8 22 19 23 33 9 26 15 29 17 11 10 31 27 21 5 4 39 6 30 7 35 20 1 14 16 13 28 0
0 38 33 31 19 34 7 1 4 22 14 25 17 30 16 26 8 3 36 32 28 15 37 10 5 11 23 21 6 29 35 9 2 12 13 24 18 27 39 20 0
0 33 19 37 31 10 3 27 25 21 24 20 8 4 17 36 35 23 34 30 29 16 28 9 5 1 26 12 11 7 32 22 39 38 13 15 18 2 14 6 0
0 12 8 36 18 1 20 27 15 22 13 21 37 32 17 24 35 33 26 2 28 14 11 39 19 10 5 9 34 7 16 30 4 6 38 25 23 31 29 3 0
0 9 11 2 34 15 35 30 12 17 23 5 21 39 22 38 14 7 27 4 28 1 36 20 24 19 6 16 33 8 26 37 32 25 29 18 10 13 3 31 0
0 2 13 16 32 15 36 11 27 5 28 7 34 31 1 20 35 9 4 21 14 10 6 37 12 3 8 26 19 38 22 33 29 25 17 39 30 18 24 23 0
0 37 22 8 32 5 23 34 35 1 14 12 2 24 39 38 31 19 9 33 3 18 30 26 25 4 13 36 28 16 7 29 6 11 20 15 27 17 21 10 0
0 10 2 24 36 12 15 32 22 14 39 4 28 20 38 5 26 7 17 13 19 21 1 31 25 29 33 27 35 6 11 3 34 30 18 8 37 23 9 16 0
0 37 20 21 17 34 8 12 7 36 14 4 9 27 24 32 28 10 19 26 11 29 6 23 38 30 35 3 31 13 33 25 18 15 16 39 22 2 1 5 0
0 25 39 17 35 12 2 26 16 38 33 27 10 5 37 8 23 1 18 15 14 3 36 29 20 30 19 22 21 31 4 13 7 6 34 24 28 32 11 9 0
0 15 11 20 19 13 38 32 25 29 4 39 7 16 22 27 34 31 17 1 9 3 35 8 23 5 14 2 37 21 36 30 24 10 12 33 28 18 26 6 0
0 30 34 7 12 16 24 3 4 29 1 13 28 33 19 36 8 17 25 14 18 27 39 37 11 26 21 9 5 23 38 6 32 31 2 10 20 22 15 35 0
0 20 1 23 33 38 25 30 5 2 4 11 6 18 3 31 28 26 15 24 37 21 16 32 36 29 17 13 8 34 9 14 10 19 12 35 27 22 7 39 0
0 9 5 14 4 3 32 29 6 21 34 18 36 8 39 17 28 25 1 37 16 7 26 27 13 10 30 24 19 23 38 31 12 11 20 22 15 33 35 2 0
0 38 35 3 21 28 10 19 29 14 31 17 9 33 6 12 36 32 25 26 15 39 18 16 2 20 24 4 23 22 5 11 27 8 1 37 7 34 30 13 0
0 18 17 32 12 9 16 25 6 29 31 38 30 2 14 34 22 5 33 24 3 1 28 15 4 37 11 10 27 36 19 8 39 20 26 7 23 13 35 21 0
0 29 33 9 13 20 32 28 21 37 31 12 19 38 6 39 23 25 10 14 36 8 17 16 34 22 27 4 15 11 30 7 5 26 35 2 3 18 24 1 0
0 15 4 5 25 7 31 27 28 38 34 19 37 39 20 2 17 12 6 30 10 29 13 16 11 35 32 18 23 14 3 9 33 26 21 22 36 1 8 24 0
0 11 27 17 39 1 36 34 18 2 32 31 28 13 22 21 8 19 12 7 38 16 4 3 37 15 23 33 6 10 24 26 30 9 35 14 29 20 5 25 0
0 4 7 37 2 23 29 39 11 36 34 38 16 3 24 8 26 14 27 28 17 19 20 21 32 35 1 6 15 12 22 10 5 31 18 9 30 13 25 33 0
0 15 17 12 38 37 28 39 32 24 31 20 16 11 27 9 21 18 26 10 5 3 34 30 23 35 13 8 36 19 25 4 22 6 29 33 7 1 2 14 0
0 19 12 38 9 17 10 8 27 16 15 14 21 37 4 30 22 39 25 1 24 2 7 5 28 35 20 11 3 26 31 32 34 18 36 13 29 33 23 6 0
0 32 39 26 10 1 34 6 36 4 2 30 37 21 29 31 5 3 9 33 25 20 19 14 12 8 23 28 27 13 38 24 18 11 16 15 17 35 7 22 0
0 34 39 35 11 3 8 18 32 22 33 12 5 23 10 14 27 9 24 25 15 38 2 20 19 21 16 17 7 36 13 26 4 28 1 29 31 30 6 37 0
0 16 32 3 28 27 22 37 23 6 17 8 14 36 18 39 7 4 31 19 38 30 33 15 21 29 9 2 20 11 34 25 35 13 10 12 1 24 5 26 0
0 23 39 12 7 9 14 29 13 6 15 24 16 38 26 28 21 30 4 20 1 10 5 34 8 22 17 37 11 18 32 36 35 31 2 27 3 19 25 33 0
0 6 21 17 20 25 35 19 16 36 8 12 2 28 23 18 26 22 24 29 3 10 7 39 13 15 33 14 11 4 32 27 34 31 5 37 38 30 1 9 0
0 14 34 16 17 6 3 23 22 28 24 36 38 29 1 8 9 2 10 32 33 30 31 4 20 5 25 37 13 27 11 7 39 15 19 18 35 21 12 26 0
0 32 9 11 15 34 31 29 19 37 17 2 18 25 13 36 30 7 20 23 21 35 1 16 27 4 33 24 22 5 26 10 38 28 39 3 14 6 12 8 0
0 18 33 14 10 7 6 29 27 23 12 13 28 22 31 24 34 15 17 30 39 36 8 37 35 4 20 32 19 16 25 9 26 3 11 5 2 38 21 1 0
0 7 23 28 2 24 18 32 19 13 11 3 35 15 14 6 10 37 36 38 22 16 5 30 8 1 39 31 21 29 4 17 12 34 20 33 25 27 9 26 0
0 33 25 3 21 15 11 10 24 18 32 16 27 29 35 38 7 19 9 22 20 4 28 34 17 1 31 14 36 39 23 30 2 37 5 12 8 13 26 6 0
0 4 32 31 7 3 23 6 16 26 21 30 34 35 14 36 33 28 39 5 8 27 38 29 2 11 9 25 15 19 37 1 22 20 10 17 13 24 12 18 0
0 36 38 5 21 27 9 30 37 10 32 12 3 31 14 8 6 39 34 20 17 26 29 15 1 18 7 22 16 28 13 4 24 19 35 25 23 11 2 33 0
0 22 33 10 13 17 4 36 25 7 15 18 11 38 8 34 39 30 32 26 29 9 5 14 16 27 24 21 3 6 19 12 31 28 1 37 23 20 35 2 0
0 16 32 33 31 11 27 37 22 12 36 23 15 38 26 19 21 4 1 35 8 3 25 9 20 29 17 13 34 6 14 10 18 24 2 7 28 5 30 39 0
0 23 3 18 34 5 21 6 33 27 22 8 25 17 16 38 1 7 30 36 2 11 13 14 26 4 12 19 10 35 31 24 15 39 37 28 32 20 9 29 0
0 18 17 7 12 19 5 30 37 26 33 2 39 25 34 21 24 1 23 15 4 8 38 28 22 32 16 14 36 3 35 10 27 6 20 29 31 13 11 9 0
0 11 1 35 10 33 4 38 2 32 36 8 7 17 37 25 28 27 20 23 12 29 13 9 5 19 26 31 3 30 22 15 39 14 16 34 18 6 24 21 0
0 38 3 27 16 11 20 7 28 26 19 31 30 35 8 6 22 5 10 17 32 4 33 24 29 12 15 14 36 13 21 18 34 2 37 25 39 9 23 1 0
0 39 34 4 33 8 2 31 19 15 1 38 14 18 17 32 26 28 7 10 21 3 11 36 13 6 27 25 20 24 22 12 16 30 5 29 23 35 37 9 0
0 29 22 4 13 15 14 19 9 11 3 36 12 17 1 8 33 27 38 28 10 2 31 7 23 20 30 37 26 35 6 34 16 21 25 18 39 5 24 32 0
0 25 7 24 6 11 36 20 26 12 30 31 35 16 14 9 17 37 22 5 13 23 15 34 38 10 4 28 39 19 2 18 32 21 3 29 27 8 1 33 0
0 7 6 28 24 15 29 21 36 2 8 16 35 23 22 11 14 13 34 4 10 33 20 31 38 17 19 37 5 32 39 1 18 26 25 27 9 12 3 30 0
0 24 36 3 17 32 12 19 31 25 8 7 20 39 2 21 38 11 30 15 29 23 34 26 33 16 14 13 35 18 4 5 22 9 1 37 10 28 27 6 0
0 15 23 27 1 3 26 35 33 22 30 12 14 20 16 32 18 9 4 13 21 36 6 19 11 37 31 8 39 2 29 25 5 24 17 28 10 34 38 7 0
0 27 16 20 19 22 17 36 4 31 26 25 39 11 18 37 14 34 7 5 30 21 9 10 15 29 3 12 13 28 35 33 32 24 38 1 23 8 6 2 0
0 35 1 25 32 9 19 12 5 24 6 39 18 30 20 11 31 37 34 17 27 21 8 33 15 22 10 29 7 38 14 28 2 23 3 26 36 13 4 16 0
0 9 38 16 18 36 27 12 31 26 37 33 1 30 6 15 29 22 11 8 17 2 19 13 24 7 28 10 39 32 5 21 20 23 35 4 34 14 25 3 0
0 30 29 13 3 39 19 5 16 26 11 27 14 37 4 17 8 23 36 24 33 22 15 28 18 25 34 21 1 9 31 6 38 12 10 35 20 2 7 32 0
0 16 5 18 30 31 8 6 32 38 23 24 29 17 35 28 25 2 12 4 20 22 9 3 21 15 36 11 26 27 39 7 14 10 37 19 34 1 33 13 0
0 4 29 20 13 34 11 36 37 32 39 15 1 2 16 24 27 7 14 5 6 19 10 26 8 30 33 23 35 18 9 21 31 25 28 17 3 22 12 38 0
0 23 12 16 37 1 18 21 32 8 19 7 26 27 24 28 34 4 3 2 20 10 11 38 35 17 39 33 6 13 29 25 30 9 15 36 14 31 5 22 0
0 33 16 25 1 32 37 6 35 10 13 26 11 28 18 29 31 20 27 39 12 7 30 36 5 3 14 17 24 15 38 2 34 23 4 8 21 19 9 22 0
0 2 26 10 19 24 38 35 14 12 39 27 31 11 22 21 28 5 20 37 9 15 23 25 4 16 17 34 8 33 13 29 1 6 18 30 36 3 32 7 0
0 26 34 10 7 9 15 3 6 4 38 2 39 27 17 29 37 20 11 21 5 36 14 8 12 19 32 23 16 30 25 24 33 18 1 35 31 13 22 28 0
0 38 36 29 19 14 11 3 26 25 4 33 31 21 28 22 15 7 24 35 27 16 39 13 10 32 37 23 18 30 9 20 1 6 5 8 2 34 17 12 0
