# n n_solutions
60 1000
# n x n distance matrix
0 6228 3330 824 5948 8161 8134 5124 12088 7920 7764 1392 6545 7302 5514 2640 5679 8982 6488 9000 6972 4295 9090 5768 6594 5024 5984 9280 5818 6708 2459 4280 6083 3538 5147 7409 6797 3104 9035 4162 6082 4753 9126 7186 7502 4099 8148 1552 316 1772 10264 4973 6826 3201 7611 6264 5700 3324 3956 7061
6228 0 8612 6003 9402 10396 5333 8819 8910 4925 8800 7500 5411 8993 728 7518 5825 9304 6351 10500 8168 6407 6412 2952 4792 7200 7424 5141 6044 7809 7473 4560 2118 4294 8237 3301 2402 7399 10933 2640 5882 6403 7218 7083 9411 6296 10978 5869 5920 7900 7805 2687 8354 3956 8462 2500 8028 2906 2624 1140
3330 8612 0 2941 3238 5727 8508 2500 11985 8450 6105 2193 6573 5366 7981 1104 5370 7462 5964 6830 5440 3535 9178 7034 6964 3679 4669 10088 5385 5326 1140 4883 7700 4601 3001 8614 8315 1486 6648 6053 5780 3996 8800 6378 5385 3443 5403 2785 3465 2061 10020 6500 5131 4726 6103 7716 3883 5886 6001 9154
824 6003 2941 0 5255 7397 7427 4438 11345 7234 6946 1529 5780 6500 5315 2061 4876 8158 5678 8205 6152 3471 8354 5188 5869 4210 5162 8653 5008 5885 1910 3538 5597 2842 4393 6842 6296 2416 8260 3710 5283 3929 8348 6369 6711 3275 7433 728 707 1923 9500 4438 6012 2594 6789 5738 4904 3125 3551 6736
5948 9402 3238 5255 0 2500 7302 824 10008 7402 3360 5215 5408 2483 8940 3354 4242 4675 4404 3667 2954 3001 7611 6963 6040 2308 2707 9100 4119 3036 3551 4876 7839 5140 1166 8200 8254 2846 3420 6800 4509 3101 6896 4414 2343 3106 2220 4695 5946 5200 8065 6799 2549 5597 3498 7689 1700 7286 6902 9570
8161 10396 5727 7397 2500 0 6957 3238 8697 7186 2039 7605 5420 1442 10076 5700 4609 2886 4304 1272 2332 4337 6888 7592 6139 3443 2973 8764 4404 2662 5900 5920 8513 6466 3014 8421 8741 5103 921 8000 4661 4134 5913 3862 1000 4518 1019 6746 8104 7632 6906 7710 2061 7032 2376 8261 2600 8819 8184 10293
8134 5333 8508 7427 7302 6957 0 7170 4031 412 4939 8761 1964 5577 5500 7559 3200 4780 2900 6488 4707 4997 1118 2816 1581 5178 4600 1824 3255 4455 7653 3905 3301 4596 6350 2118 2942 7026 7111 4569 2844 4588 1931 3104 6016 5069 7857 6811 7856 9080 2517 3640 5080 4981 4588 2901 5603 5961 4884 4588
5124 8819 2500 4438 824 3238 7170 0 10151 7224 3753 4404 5223 2941 8321 2531 4004 5108 4316 4332 3201 2500 7596 6525 5800 2002 2692 8926 3920 3190 2729 4365 7368 4527 824 7863 7833 2024 4159 6191 4328 2716 6984 4477 2906 2563 3041 3894 5125 4404 8185 6276 2831 4940 3820 7253 1700 6579 6268 9061
12088 8910 11985 11345 10008 8697 4031 10151 0 4338 6815 12586 5586 7692 9240 11166 6670 5830 6021 7710 7057 8481 3000 6802 5500 8352 7470 3805 6621 6985 11292 7810 7116 8560 9347 5651 6572 10560 8409 8586 6248 8000 3190 5682 8028 8605 9716 10688 11822 12872 1972 7648 7467 8987 6580 6735 8452 9973 8899 7930
7920 4925 8450 7234 7402 7186 412 7224 4338 0 5189 8602 2002 5787 5103 7473 3224 5108 3026 6774 4904 4972 1503 2469 1486 5223 4716 1702 3305 4632 7558 3744 2906 4393 6411 1708 2531 6964 7382 4248 2901 4589 2340 3324 6229 5028 8065 6640 7636 8930 2906 3310 5263 4742 4833 2507 5703 5635 4561 4176
7764 8800 6105 6946 3360 2039 4939 3753 6815 5189 0 7558 3546 894 8575 5700 3001 1360 2475 1702 800 3501 4850 5889 4263 2745 1800 6735 2778 1118 5886 4588 6801 5288 3106 6521 6935 5032 2220 6621 2920 3106 3900 1886 1216 3701 3006 6228 7631 7689 4949 6158 984 5894 360 6506 2236 7653 6854 8557
1392 7500 2193 1529 5215 7605 8761 4404 12586 8602 7558 0 7000 6963 6800 1910 5966 8859 6720 8583 6800 4304 9626 6670 7184 4846 5869 10084 6060 6592 1711 4860 7116 4254 4638 8325 7810 2549 8514 5239 6389 4802 9501 7324 7085 4134 7433 1972 1649 400 10688 5946 6580 4085 7467 7244 5360 4601 5080 8260
6545 5411 6573 5780 5408 5420 1964 5223 5586 2002 3546 7000 0 3982 5314 5660 1236 3894 1118 5234 3088 3046 2640 2459 721 3224 2745 3704 1303 2773 5768 2282 3328 3087 4409 3001 3394 5100 5762 3701 900 2624 2594 1702 4429 3130 6224 5108 6296 7291 3720 2961 3401 3605 3189 3000 3712 5015 4000 5044
7302 8993 5366 6500 2483 1442 5577 2941 7692 5787 894 6963 3982 0 8700 5069 3182 2193 2865 1726 894 3178 5608 6161 4700 2319 1612 7397 2973 1220 5263 4579 7082 5189 2376 6982 7300 4414 1972 6657 3220 2879 4716 2473 447 3373 2280 5803 7200 7060 5805 6312 640 5777 1118 6824 1612 7564 6859 8861
5514 728 7981 5315 8940 10076 5500 8321 9241 5103 8575 6800 5314 8700 0 6896 5575 9178 6171 10262 7905 5966 6606 2886 4753 6794 7106 5536 5798 7545 6841 4172 2200 3801 7780 3589 2668 6815 10660 2140 5682 6010 7324 6935 9104 5841 10606 5217 5208 7200 8009 2418 8060 3400 8248 2600 7637 2200 2059 1780
2640 7518 1104 2061 3354 5700 7559 2531 11166 7473 5700 1910 5660 5069 6896 0 4500 7026 5165 6674 4965 2690 8292 5953 5993 3052 4081 9082 4545 4788 200 3832 6603 3505 2729 7550 7224 670 6606 4949 4920 3182 8005 5672 5178 2561 5572 1749 2692 1992 9219 5400 4716 3622 5635 6627 3478 4833 4903 8050
5679 5825 5370 4876 4242 4609 3200 4004 6670 3224 3001 5966 1236 3182 5575 4500 0 3765 824 4687 2343 1835 3807 2983 1802 2002 1700 4925 223 1984 4622 1702 3904 2501 3200 3984 4167 3911 5108 3640 424 1392 3538 1603 3612 1941 5300 4167 5462 6228 4737 3162 2549 3100 2682 3661 2570 4767 3889 5684
8982 9304 7462 8158 4675 2886 4780 5108 5830 5108 1360 8859 3894 2193 9178 7026 3765 0 3036 1910 2061 4687 4386 6352 4548 4016 3008 6449 3551 2280 7208 5458 7220 6228 4465 6652 7220 6356 2607 7376 3544 4242 3289 2247 2385 4883 3905 7432 8828 9007 4119 6777 2332 6835 1392 6879 3584 8532 7640 8905
6488 6351 5964 5678 4404 4304 2900 4316 6021 3026 2475 6720 1118 2865 6171 5165 824 3036 0 4177 1972 2475 3289 3420 1835 2376 1700 4709 670 1655 5303 2501 4327 3313 3492 4117 4468 4545 4675 4341 509 1984 2842 806 3312 2617 5107 4964 6276 6965 4060 3757 2284 3904 2126 4031 2707 5532 4609 6082
9000 10500 6830 8205 3667 1272 6488 4332 7710 6774 1702 8583 5234 1726 10262 6674 4687 1910 4177 0 2370 4903 6229 7591 5946 4044 3289 8234 4465 2729 6872 6216 8503 6870 3945 8183 8627 6040 700 8275 4622 4588 5166 3546 1503 5099 2195 7516 8908 8649 6029 7848 2308 7467 2051 8206 3301 9246 8496 10257
6972 8168 5440 6152 2954 2332 4707 3201 7057 4904 800 6800 3088 894 7905 4965 2343 2061 1972 2370 0 2701 4801 5303 3807 1964 1000 6530 2126 360 5147 3848 6224 4522 2475 6089 6420 4295 2765 5905 2343 2308 3981 1612 1341 2901 3162 5433 6835 6946 5124 5500 412 5124 670 5954 1562 6894 6126 7998
4295 6407 3535 3471 3001 4337 4997 2500 8481 4972 3501 4304 3046 3178 5966 2690 1835 4687 2475 4903 2701 0 5642 4026 3492 894 1702 6649 1860 2418 2828 1878 4870 2193 1835 5408 5336 2080 5092 3828 2247 500 5315 3023 3478 200 4701 2745 4143 4522 6529 3801 2617 2720 3323 4753 1749 4494 3959 6579
9090 6412 9177 8354 7611 6888 1118 7596 3000 1503 4850 9626 2640 5608 6606 8292 3807 4386 3289 6229 4801 5642 0 3929 2500 5664 4924 2126 3801 4617 8405 4816 4409 5560 6772 3140 4011 7717 6896 5664 3400 5188 1140 3214 6020 5745 7851 7707 8823 9924 1403 4743 5203 5990 4527 4010 5943 7056 5980 5608
5768 2952 7034 5188 6963 7592 2816 6525 6802 2469 5889 6670 2459 6161 2886 5953 2983 6352 3420 7591 5303 4026 3929 0 1868 4661 4661 3538 3189 4951 5984 2209 921 2473 5818 1655 1315 5603 8062 1802 2973 3862 4501 4134 6594 3981 8266 4716 5464 7038 5315 860 5531 2594 5544 728 5412 3176 2109 2701
6594 4792 6964 5869 6040 6139 1581 5800 5500 1486 4263 7184 721 4700 4753 5993 1802 4548 1835 5946 3807 3492 2500 1868 0 3800 3420 3157 1923 3488 6082 2334 2683 3061 5000 2282 2690 5478 6481 3337 1552 3125 2765 2404 5147 3544 6935 5240 6325 7500 3757 2500 4114 3498 3905 2332 4356 4707 3649 4360
5024 7200 3679 4210 2308 3443 5178 2002 8352 5223 2745 4846 3224 2319 6794 3052 2002 4016 2376 4044 1964 894 5664 4661 3800 0 1029 6925 1923 1746 3224 2640 5546 3061 1204 5903 5946 2385 4205 4666 2334 806 5162 2701 2596 1077 3828 3501 4904 5008 6381 4548 1802 3605 2624 5385 860 5385 4816 7294
5984 7424 4669 5162 2707 2973 4600 2692 7470 4716 1800 5869 2745 1612 7106 4081 1700 3008 1700 3289 1000 1702 4924 4661 3420 1029 0 6407 1523 728 4253 2968 5580 3584 1878 5664 5866 3413 3584 5047 1868 1315 4295 1788 2000 1902 3605 4440 5842 6037 5500 4738 984 4178 1627 5353 1019 5960 5247 7360
9280 5141 10088 8653 9100 8764 1824 8926 3805 1702 6735 10084 3704 7397 5536 9082 4925 6449 4709 8234 6530 6649 2126 3538 3157 6925 6407 0 5007 6279 9154 5280 3550 5830 8113 2024 2906 8602 8876 5307 4603 6280 3264 4924 7833 6694 9676 8112 8981 10431 3176 4384 6904 6080 6389 3220 7400 6621 5597 4130
5818 6044 5385 5008 4119 4404 3255 3920 6621 3305 2778 6060 1303 2973 5798 4545 223 3551 670 4465 2126 1860 3801 3189 1923 1923 1523 5007 0 1769 4674 1910 4110 2700 3106 4143 4356 3940 4891 3862 412 1389 3465 1414 3405 1984 5110 4294 5608 6312 4675 3383 2343 3301 2459 3860 2433 4981 4110 5889
6708 7809 5326 5885 3036 2662 4455 3190 6985 4632 1118 6592 2773 1220 7545 4788 1984 2280 1655 2729 360 2418 4617 4951 3488 1746 728 6279 1769 0 4964 3492 5872 4176 2420 5770 6080 4118 3124 5547 2000 2000 3860 1403 1664 2617 3453 5162 6561 6754 5032 5140 632 4780 905 5608 1500 6545 5769 7648
2459 7473 1140 1910 3551 5900 7653 2729 11292 7558 5886 1711 5768 5263 6841 200 4622 7208 5303 6872 5147 2828 8405 5984 6082 3224 4253 9154 4674 4964 0 3889 6612 3522 2927 7592 7243 854 6806 4925 5044 3324 8138 5825 5375 2690 5770 1655 2523 1802 9350 5408 4903 3605 5817 6647 3668 4753 4866 8030
4280 4560 4883 3538 4876 5920 3905 4365 7810 3744 4588 4860 2282 4579 4172 3832 1702 5458 2501 6216 3848 1878 4816 2209 2334 2640 2968 5280 1910 3492 3889 0 3008 824 3712 3733 3522 3423 6551 2080 2009 1843 4876 3300 4964 1802 6435 2906 4022 5186 5990 1923 3944 1403 4301 2927 3470 3080 2282 4701
6083 2118 7700 5597 7839 8513 3301 7368 7116 2906 6801 7116 3328 7082 2200 6603 3904 7220 4327 8503 6224 4870 4409 921 2683 5546 5580 3550 4110 5872 6612 3008 0 3100 6685 1526 721 6312 8980 1923 3889 4742 5135 5021 7515 4808 9183 5217 5769 7500 5812 1204 6452 3059 6453 400 6313 3111 2163 1780
3538 4294 4601 2842 5140 6466 4596 4527 8560 4393 5288 4254 3087 5189 3801 3505 2501 6228 3313 6870 4522 2193 5560 2473 3061 3061 3584 5830 2700 4176 3522 824 3100 0 3982 4110 3721 3224 7155 1664 2828 2332 5679 4104 5547 2051 6888 2282 3264 4606 6774 1902 4568 608 5021 3125 3920 2376 1769 4632
5147 8237 3001 4393 1166 3014 6350 824 9347 6411 3106 4638 4409 2376 7780 2729 3200 4465 3492 3945 2475 1835 6772 5818 5000 1204 1878 8113 3106 2420 2927 3712 6685 3982 0 7102 7116 2102 3901 5640 3512 1964 6173 3666 2451 1941 3087 3764 5099 4707 7378 5635 2140 4455 3124 6545 921 6171 5748 8409
7409 3301 8614 6842 8200 8421 2118 7863 5651 1708 6521 8325 3001 6982 3589 7550 3984 6652 4117 8183 6089 5408 3140 1655 2282 5903 5664 2024 4143 5770 7592 3733 1526 4110 7102 0 921 7156 8741 3330 3807 5147 4048 4640 7429 5400 9213 6369 7102 8692 4517 2441 6395 4248 6161 1204 6552 4609 3606 2473
6797 2402 8315 6296 8254 8741 2942 7833 6572 2531 6935 7810 3394 7300 2668 7224 4167 7220 4468 8627 6420 5336 4011 1315 2690 5946 5866 2906 4356 6080 7243 3522 721 3721 7116 921 0 6900 9143 2641 4080 5154 4850 5093 7741 5295 9466 5894 6484 8190 5403 1868 6685 3736 6579 600 6670 3820 2884 1700
3104 7399 1486 2416 2846 5103 7026 2024 10560 6964 5032 2549 5100 4414 6815 670 3911 6356 4545 6040 4295 2080 7717 5603 5478 2385 3413 8602 3940 4118 854 3423 6312 3224 2102 7156 6900 0 6000 4780 4326 2561 7387 5024 4539 1972 5044 1920 3101 2656 8605 5124 4049 3448 4965 6300 2816 4854 4775 7844
9035 10933 6648 8260 3420 921 7111 4159 8409 7382 2220 8514 5762 1972 10660 6606 5108 2607 4675 700 2765 5092 6896 8062 6481 4205 3584 8876 4891 3124 6806 6551 8980 7155 3901 8741 9143 6000 0 8627 5091 4833 5846 4104 1615 5281 1627 7595 8967 8547 6726 8261 2607 7738 2580 8700 3395 9526 8831 10748
4162 2640 6053 3710 6800 8000 4569 6191 8586 4248 6621 5239 3701 6657 2140 4949 3640 7376 4341 8275 5905 3828 5664 1802 3337 4666 5047 5307 3862 5547 4925 2080 1923 1664 5640 3330 2641 4780 8627 0 3832 3894 6100 5141 7044 3701 8489 3405 3848 5629 7021 943 6020 1334 6315 2140 5517 1392 316 3106
6082 5882 5780 5283 4509 4661 2844 4328 6248 2901 2920 6389 900 3220 5682 4920 424 3544 509 4622 2343 2247 3400 2973 1552 2334 1868 4603 412 2000 5044 2009 3889 2828 3512 3807 4080 4326 5091 3832 0 1788 3114 1315 3661 2360 5412 4579 5860 6652 4313 3264 2607 3412 2580 3612 2816 5024 4100 5658
4753 6403 3996 3929 3101 4134 4588 2716 8000 4589 3106 4802 2624 2879 6010 3182 1392 4242 1984 4588 2308 500 5188 3862 3125 806 1315 6280 1389 2000 3324 1843 4742 2332 1964 5147 5154 2561 4833 3894 1788 0 4826 2523 3220 670 4596 3201 4589 5021 6044 3744 2280 2906 2901 4588 1627 4694 4060 6488
9126 7218 8800 8348 6896 5913 1931 6984 3190 2340 3900 9501 2594 4716 7324 8005 3538 3289 2842 5166 3981 5315 1140 4501 2765 5162 4295 3264 3465 3860 8138 4876 5135 5679 6173 4048 4850 7387 5846 6100 3114 4826 0 2507 5103 5448 6902 7660 8883 9766 1220 5234 4393 6184 3605 4738 5292 7472 6413 6514
7186 7083 6378 6369 4414 3862 3104 4477 5682 3324 1886 7324 1702 2473 6935 5672 1603 2247 806 3546 1612 3023 3214 4134 2404 2701 1788 4924 1414 1403 5825 3300 5021 4104 3666 4640 5093 5024 4104 5141 1315 2523 2507 0 2912 3190 4753 5646 6989 7544 3712 4531 2002 4701 1526 4701 2785 6338 5412 6746
7502 9411 5385 6711 2343 1000 6016 2906 8028 6229 1216 7085 4429 447 9104 5178 3612 2385 3312 1503 1341 3478 6020 6594 5147 2596 2000 7833 3405 1664 5375 4964 7515 5547 2451 7429 7741 4539 1615 7044 3661 3220 5103 2912 0 3668 1843 6029 7416 7158 6165 6726 1063 6126 1500 7262 1811 7914 7240 9294
4099 6296 3443 3275 3106 4518 5069 2563 8605 5028 3701 4134 3130 3373 5841 2561 1941 4883 2617 5099 2901 200 5745 3981 3544 1077 1902 6694 1984 2617 2690 1802 4808 2051 1941 5400 5295 1972 5281 3701 2360 670 5448 3190 3668 0 4860 2549 3945 4360 6659 3716 2816 2561 3522 4707 1923 4326 3820 6500
8148 10978 5403 7433 2220 1019 7857 3041 9716 8065 3006 7433 6224 2280 10606 5572 5300 3905 5107 2195 3162 4701 7851 8266 6935 3828 3605 9676 5110 3453 5770 6435 9183 6888 3087 9213 9466 5044 1627 8489 5412 4596 6902 4753 1843 4860 0 6835 8132 7406 7915 8297 2823 7420 3324 8958 2973 9183 8644 10962
1552 5869 2785 728 4695 6746 6811 3894 10688 6640 6228 1972 5108 5803 5217 1749 4167 7432 4964 7516 5433 2745 7707 4716 5240 3501 4440 8112 4294 5162 1655 2906 5217 2282 3764 6369 5894 1920 7595 3405 4579 3201 7660 5646 6029 2549 6835 0 1403 2325 8823 4026 5303 2158 6067 5316 4219 3101 3301 6500
316 5920 3465 707 5946 8104 7856 5125 11822 7636 7631 1649 6296 7200 5208 2692 5462 8828 6276 8908 6835 4143 8823 5464 6325 4904 5842 8981 5608 6561 2523 4022 5769 3264 5099 7102 6484 3101 8967 3848 5860 4589 8883 6989 7416 3945 8132 1403 0 2039 10012 4664 6706 2906 7466 5953 5608 3014 3640 6746
1772 7900 2061 1923 5200 7632 9080 4404 12872 8930 7688 400 7291 7060 7200 1992 6228 9007 6965 8649 6946 4522 9924 7038 7500 5008 6037 10431 6312 6754 1802 5186 7500 4606 4707 8692 8190 2656 8547 5629 6652 5021 9766 7544 7158 4360 7406 2325 2039 0 10962 6324 6705 4459 7615 7621 5470 5000 5474 8657
10264 7805 10020 9500 8065 6906 2517 8185 1972 2906 4949 10688 3720 5805 8009 9219 4737 4119 4060 6029 5124 6529 1403 5315 3757 6381 5500 3176 4675 5032 9349 5990 5812 6774 7378 4517 5403 8605 6726 7021 4313 6044 1220 3712 6165 6659 7915 8823 10012 10962 0 6113 5536 7247 4687 5413 6488 8411 7337 6972
4973 2687 6500 4438 6799 7710 3640 6276 7648 3310 6158 5946 2961 6312 2418 5400 3162 6777 3757 7848 5500 3801 4743 860 2500 4548 4738 4384 3383 5140 5408 1923 1204 1902 5635 2441 1868 5124 8261 943 3264 3744 5234 4531 6726 3716 8297 4026 4664 6324 6113 0 5672 1868 5830 1300 5360 2325 1252 2785
6826 8354 5131 6012 2549 2061 5080 2831 7467 5263 984 6580 3401 640 8060 4716 2549 2332 2284 2308 412 2617 5203 5531 4114 1802 984 6904 2343 632 4903 3944 6452 4568 2140 6395 6685 4049 2607 6020 2607 2280 4393 2002 1063 2816 2823 5303 6706 6705 5536 5672 0 5162 989 6200 1252 6944 6226 8232
3201 3956 4726 2594 5597 7032 4981 4940 8987 4742 5894 4085 3605 5777 3400 3622 3100 6835 3904 7467 5124 2720 5990 2594 3498 3605 4178 6080 3301 4780 3605 1403 3059 608 4455 4248 3736 3448 7738 1334 3412 2906 6184 4701 6126 2561 7420 2158 2906 4459 7247 1868 5162 0 5629 3162 4465 1788 1341 4428
7611 8462 6103 6789 3498 2376 4588 3820 6580 4833 360 7467 3189 1118 8248 5635 2682 1392 2126 2051 670 3323 4527 5544 3905 2624 1627 6389 2459 905 5817 4301 6453 5021 3124 6161 6579 4965 2580 6315 2580 2901 3605 1526 1500 3522 3324 6067 7466 7615 4687 5830 989 5629 0 6155 2220 7376 6555 8206
6264 2500 7716 5738 7689 8261 2901 7253 6735 2507 6506 7244 3000 6824 2600 6627 3661 6879 4031 8206 5954 4753 4010 728 2332 5385 5353 3220 3860 5608 6647 2927 400 3125 6545 1204 600 6300 8700 2140 3612 4588 4738 4701 7262 4707 8958 5316 5953 7621 5413 1300 6200 3162 6155 0 6126 3405 2408 2051
5700 8028 3883 4904 1700 2600 5603 1700 8452 5703 2236 5360 3712 1612 7637 3478 2570 3584 2707 3301 1562 1749 5943 5412 4356 860 1019 7400 2433 1500 3668 3470 6313 3920 921 6552 6670 2816 3395 5517 2816 1627 5292 2785 1811 1923 2973 4219 5608 5470 6488 5360 1252 4465 2220 6126 0 6243 5672 8077
3324 2906 5886 3125 7286 8819 5961 6579 9973 5635 7653 4601 5015 7564 2200 4833 4767 8532 5532 9246 6894 4494 7056 3176 4707 5385 5960 6621 4981 6545 4753 3080 3111 2376 6171 4609 3820 4854 9526 1392 5024 4694 7472 6338 7914 4326 9183 3101 3014 5000 8411 2325 6944 1788 7376 3405 6243 0 1077 3764
3956 2624 6001 3551 6902 8184 4884 6268 8899 4561 6854 5080 4000 6859 2059 4903 3889 7640 4609 8496 6126 3959 5980 2109 3649 4816 5247 5597 4110 5769 4866 2282 2163 1769 5748 3606 2884 4775 8831 316 4100 4060 6413 5412 7240 3820 8644 3301 3640 5474 7337 1252 6226 1341 6555 2408 5672 1077 0 3201
7061 1140 9154 6736 9570 10293 4588 9061 7930 4176 8557 8260 5044 8861 1780 8050 5684 8905 6082 10257 7998 6579 5608 2701 4360 7294 7360 4130 5889 7648 8030 4701 1780 4632 8409 2473 1700 7844 10748 3106 5658 6488 6514 6746 9294 6500 10962 6500 6746 8657 6972 2785 8232 4428 8206 2051 8077 3764 3201 0
# set of given starting solutions
0 9 36 37 6 47 43 3 29 22 5 32 2 38 28 10 52 18 24 4 21 57 20 48 16 51 25 56 50 26 46 59 34 1 55 30 35 58 17 42 53 33 8 14 11 39 23 54 44 45 19 15 7 41 12 40 27 31 49 13 0
0 57 58 31 39 37 47 51 4 38 20 34 8 19 17 10 46 45 22 48 53 44 9 24 18 28 23 15 6 32 54 33 40 55 11 13 12 42 21 56 50 59 29 30 36 14 52 41 7 16 1 49 3 25 26 35 2 43 27 5 0
0 3 56 28 1 2 6 20 43 59 48 26 41 33 35 27 34 10 4 55 9 44 21 39 58 14 8 5 37 23 54 31 49 47 46 25 24 15 45 51 30 22 19 38 36 40 18 7 29 12 32 53 16 13 52 50 11 42 17 57 0
0 3 28 45 8 40 34 49 39 51 7 52 47 58 24 11 29 9 16 48 50 4 18 2 56 57 53 20 5 21 35 41 36 1 22 25 13 44 30 32 54 26 19 14 42 23 31 33 27 12 37 10 46 15 43 38 17 6 59 55 0
0 42 35 21 11 45 8 51 13 48 46 50 32 7 34 19 33 49 12 28 29 25 54 47 38 5 41 40 36 20 24 22 57 27 44 53 1 16 43 14 56 23 58 18 10 15 2 52 6 55 31 4 17 39 59 3 30 9 26 37 0
0 15 24 26 18 55 44 13 58 2 16 47 48 33 31 45 21 41 12 57 11 28 36 3 50 9 37 17 54 46 51 43 8 56 7 4 22 30 27 5 6 38 19 32 52 39 25 10 40 20 14 53 42 23 35 1 34 29 59 49 0
0 8 33 40 42 10 4 59 6 49 29 51 57 19 14 5 27 52 28 45 22 21 12 20 26 30 17 32 23 54 9 25 16 55 31 35 39 58 2 48 3 56 34 13 38 47 53 15 1 7 44 43 36 50 46 18 11 24 41 37 0
0 11 22 21 23 24 54 18 56 13 51 47 44 48 50 31 42 6 25 57 2 15 49 55 34 3 5 39 35 30 1 28 4 14 17 59 37 20 7 10 26 29 52 38 58 33 27 36 40 41 46 32 8 16 12 9 45 43 53 19 0
0 16 18 53 17 10 14 45 29 47 7 50 42 5 12 33 15 4 31 37 41 8 2 11 46 23 35 59 20 9 3 30 26 44 51 43 28 39 27 32 55 34 1 49 40 36 48 57 19 21 56 6 58 38 52 13 24 22 54 25 0
0 17 36 47 40 26 51 22 19 57 23 53 52 12 21 8 43 28 58 45 10 1 20 24 7 48 50 11 30 4 13 34 6 29 31 3 9 42 35 16 54 38 49 59 5 32 15 55 2 33 18 14 25 37 44 46 27 56 41 39 0
0 18 38 4 59 49 10 47 26 29 56 27 37 36 40 22 34 53 17 14 39 51 19 32 24 8 54 30 50 1 9 45 48 58 57 11 2 35 41 28 23 31 3 33 42 16 7 13 6 21 20 12 52 55 43 44 25 46 5 15 0
0 23 13 45 39 52 33 2 27 55 53 58 44 14 8 22 38 17 25 12 42 4 18 19 7 56 9 29 36 20 41 50 35 31 59 46 6 15 32 47 49 30 11 57 16 40 3 37 28 10 5 21 43 1 24 48 26 51 34 54 0
0 57 51 58 48 7 14 12 10 41 35 29 38 34 4 28 18 19 53 46 39 9 16 30 33 31 11 36 40 5 22 52 23 43 55 54 32 56 26 6 13 44 3 49 47 17 42 2 59 25 45 50 1 37 27 8 15 24 20 21 0
0 26 15 41 43 50 19 1 53 45 47 20 57 27 11 8 35 30 7 44 28 24 31 54 18 21 23 52 55 51 56 46 38 4 13 37 16 6 33 42 40 14 58 32 29 39 5 17 9 25 34 48 49 3 10 22 12 59 2 36 0
0 25 45 56 35 11 2 41 40 17 22 26 52 20 49 33 38 4 53 28 1 42 14 24 32 8 36 50 23 58 57 13 44 31 3 51 48 29 5 10 55 37 47 39 9 43 6 34 7 12 16 15 19 46 59 18 27 21 30 54 0
0 53 16 30 1 39 51 35 28 20 26 14 45 21 13 34 42 32 2 57 11 4 33 7 38 23 55 56 43 49 29 52 48 37 12 17 6 47 9 46 41 44 22 54 36 19 24 10 31 15 18 27 40 58 50 8 59 25 5 3 0
0 11 8 30 51 22 39 36 3 13 9 27 6 16 4 44 19 40 41 55 20 12 53 45 34 35 26 21 7 2 37 15 38 57 5 42 54 1 56 52 25 14 59 31 49 10 58 43 28 24 48 29 50 47 18 32 46 33 23 17 0
0 25 41 27 4 15 44 14 17 52 54 43 5 39 58 40 38 12 16 6 48 19 37 50 56 55 46 18 20 42 31 1 7 9 8 49 22 13 26 10 36 3 11 47 32 28 57 34 29 33 30 59 35 45 2 24 51 53 23 21 0
0 32 13 39 2 36 5 44 34 55 28 20 58 19 4 42 38 45 30 8 35 41 26 33 47 46 57 27 52 21 53 51 50 25 29 11 40 31 22 3 56 6 43 18 59 54 10 9 48 7 14 24 1 23 49 16 12 37 15 17 0
0 3 5 58 47 6 22 7 57 50 46 13 32 25 35 34 45 44 15 23 36 1 49 9 52 17 24 10 14 37 59 43 4 16 8 29 18 11 54 33 28 51 48 53 42 20 27 12 56 39 19 55 2 41 30 21 40 26 38 31 0
0 40 51 8 14 3 38 25 6 12 44 23 37 46 30 42 24 4 56 5 11 28 7 17 32 2 9 55 27 50 45 29 33 36 34 1 48 39 13 57 19 10 20 41 53 59 58 49 47 21 15 26 54 22 35 16 52 18 31 43 0
0 34 52 18 5 4 33 14 10 55 28 43 41 26 15 2 19 59 50 24 49 39 16 44 37 36 56 38 12 53 22 42 35 30 21 25 13 8 23 11 46 58 57 6 3 17 54 40 29 1 47 51 45 9 31 20 48 27 7 32 0
0 11 25 52 43 22 45 59 51 17 19 24 1 33 30 57 8 31 4 27 9 56 18 39 14 26 23 53 16 7 49 21 32 44 54 40 12 2 41 42 46 29 38 47 36 37 58 15 6 34 50 13 55 48 5 20 35 28 3 10 0
0 46 25 27 24 1 22 18 16 52 58 57 33 48 7 53 35 41 42 56 2 3 39 44 20 4 14 12 13 32 23 9 10 43 6 55 49 8 50 47 19 36 15 51 40 29 21 28 11 17 59 31 54 5 38 30 26 34 37 45 0
0 54 11 22 55 21 27 2 58 33 8 13 9 39 45 52 30 40 51 17 5 15 28 23 6 38 26 47 36 49 7 24 43 56 59 34 44 35 31 57 3 32 16 1 18 25 20 37 14 19 42 50 48 41 4 53 12 29 10 46 0
0 59 58 48 27 50 33 12 9 36 45 38 25 2 28 39 42 3 1 7 43 11 32 5 31 6 26 14 57 16 54 49 44 17 56 30 34 21 41 51 10 46 4 20 18 52 55 35 37 15 29 13 53 19 40 8 23 47 24 22 0
0 38 20 18 6 34 9 10 5 37 40 25 16 8 7 59 55 32 17 41 19 47 28 45 3 26 2 49 42 23 58 53 1 35 33 36 13 29 21 31 4 44 15 30 11 12 24 14 52 27 54 48 46 56 57 39 22 51 50 43 0
0 3 43 59 2 26 21 6 25 49 37 40 19 30 29 20 8 51 14 58 16 9 45 18 38 41 42 55 33 11 56 24 32 7 1 28 48 5 10 53 39 34 4 23 22 27 47 46 57 17 54 15 35 36 12 44 13 31 50 52 0
0 25 19 39 33 18 24 50 37 32 55 28 8 4 35 31 21 36 27 22 43 30 7 17 53 11 38 45 10 12 16 44 2 58 46 29 41 14 56 5 3 9 13 40 59 51 1 54 6 15 48 57 26 42 23 47 52 20 49 34 0
0 52 21 6 57 2 23 33 29 48 55 14 28 45 30 8 25 49 10 27 46 37 36 58 18 16 20 12 26 40 47 3 44 13 34 50 15 32 11 39 19 59 38 9 53 51 43 7 35 56 22 42 4 41 1 31 54 17 5 24 0
0 32 19 26 37 9 59 41 55 10 49 43 53 16 34 15 51 52 14 11 42 5 33 47 20 8 36 21 24 35 54 45 29 23 40 6 27 39 22 56 2 4 30 57 48 31 44 58 7 17 46 13 3 50 28 25 12 38 18 1 0
0 8 41 38 32 47 53 14 15 16 23 35 57 30 27 2 25 20 21 55 48 28 33 43 18 17 39 26 4 9 58 19 12 51 31 46 56 5 3 11 45 42 44 1 29 6 49 7 10 37 13 40 22 36 54 52 24 59 50 34 0
0 24 22 18 39 20 58 15 23 19 42 46 6 1 56 34 47 32 35 57 44 43 30 13 52 45 7 31 21 51 55 8 4 50 38 25 49 14 48 3 5 33 26 41 9 59 53 2 16 28 37 54 11 36 40 29 17 27 10 12 0
0 23 45 52 20 44 42 28 43 1 41 15 34 27 31 8 32 57 40 10 14 47 4 2 22 12 17 36 39 25 50 18 16 21 29 54 59 5 58 24 46 30 19 35 55 7 48 56 37 53 11 26 9 13 33 49 38 3 6 51 0
0 33 23 36 55 10 2 27 5 48 34 4 39 42 50 7 51 44 26 17 24 22 49 15 40 11 12 19 38 29 53 58 57 41 3 21 28 35 47 46 25 59 13 14 56 37 43 6 1 18 16 8 31 45 52 30 54 20 9 32 0
0 13 59 19 9 38 21 39 25 30 22 14 20 41 52 51 56 26 6 50 2 35 29 58 32 49 45 10 36 46 40 4 16 28 11 33 24 43 42 12 44 1 54 7 18 53 34 3 48 23 37 27 31 15 55 17 5 47 57 8 0
0 40 18 19 45 58 46 28 22 10 49 15 32 31 33 37 48 59 9 55 24 11 42 4 3 50 41 25 13 27 7 35 29 20 2 34 12 56 54 21 1 26 52 57 44 53 36 43 38 6 30 5 39 16 23 8 17 47 14 51 0
0 23 33 16 17 49 42 53 30 38 6 52 19 4 1 45 20 43 28 51 18 32 35 24 58 22 40 44 26 59 9 41 21 54 7 47 8 10 25 46 5 55 3 37 2 12 15 57 27 36 50 48 31 56 14 29 34 13 39 11 0
0 31 8 4 51 19 1 44 22 11 52 50 56 20 28 12 26 40 24 18 49 37 35 14 58 9 10 23 3 54 42 16 36 45 29 33 53 46 15 21 2 27 39 55 17 13 41 7 47 6 34 5 59 57 38 43 25 30 32 48 0
0 7 13 46 25 10 26 42 45 52 27 32 3 14 49 31 33 22 38 1 18 15 34 48 39 21 57 40 59 20 53 29 30 23 12 36 55 37 6 16 51 8 11 56 47 19 50 43 44 5 17 54 28 24 58 35 41 2 4 9 0
0 33 26 30 15 19 49 9 16 5 36 34 56 54 27 25 4 23 43 14 55 3 22 28 48 11 46 42 1 35 29 12 13 53 32 57 45 7 10 47 18 51 52 2 50 21 38 44 31 39 40 24 58 17 20 59 41 37 8 6 0
0 5 27 31 12 7 58 45 53 32 21 19 13 1 3 42 33 18 15 43 52 6 16 59 29 10 37 14 28 57 24 25 54 20 49 30 55 36 17 38 4 22 35 40 23 41 9 26 34 2 47 51 44 39 56 46 50 48 11 8 0
0 9 13 12 37 26 48 31 54 6 34 5 46 21 23 56 22 32 59 47 42 57 16 55 10 27 2 29 25 43 17 50 8 49 36 53 3 33 15 19 39 52 45 24 20 58 7 11 38 4 44 1 51 30 28 41 40 14 35 18 0
0 44 32 26 58 47 59 10 1 49 51 57 45 41 52 43 42 4 55 46 37 39 2 11 29 28 24 36 38 17 23 6 22 15 34 12 9 48 16 20 3 25 14 54 19 50 5 56 7 31 18 13 8 27 33 30 35 40 53 21 0
0 29 41 2 25 21 14 38 48 52 20 58 15 54 57 33 50 28 16 23 56 5 9 30 4 13 7 19 34 59 35 37 1 8 42 3 27 31 11 53 36 40 18 10 12 22 39 45 44 46 24 17 32 47 6 51 55 43 26 49 0
0 41 34 14 56 24 47 43 46 49 11 4 30 52 59 55 21 44 3 29 2 28 42 32 6 40 15 1 48 37 51 36 31 25 26 5 33 57 23 8 13 50 58 12 39 22 17 45 38 54 20 16 27 10 7 18 35 53 9 19 0
0 36 25 33 55 53 23 4 6 7 26 38 12 10 19 18 16 2 28 29 56 39 3 5 17 52 32 59 37 54 24 44 43 34 21 51 8 50 1 58 40 13 48 35 45 49 22 14 20 42 9 27 41 46 15 57 11 30 31 47 0
0 21 49 48 1 45 53 13 35 2 47 27 52 32 44 7 11 39 55 3 14 46 17 41 38 19 22 43 23 50 9 33 31 37 57 25 42 29 28 54 56 4 34 10 12 58 15 40 8 6 36 18 26 30 59 51 24 5 16 20 0
0 58 38 10 33 24 57 43 45 15 3 23 27 8 12 46 5 7 34 48 17 28 35 19 30 1 21 25 37 11 56 31 16 50 14 52 26 6 32 54 59 41 2 39 22 40 44 47 18 55 4 49 29 9 20 53 42 13 51 36 0
0 54 5 49 22 31 19 3 26 51 12 17 18 57 27 20 40 15 35 36 4 21 2 45 43 32 1 10 37 16 29 25 50 23 28 47 33 14 9 7 39 30 55 44 8 52 53 34 42 38 46 56 41 59 13 24 48 58 6 11 0
0 53 37 17 56 4 34 21 13 18 24 19 47 20 8 50 10 57 54 40 29 52 2 16 22 46 5 33 48 6 11 3 39 49 12 15 32 45 59 27 58 36 26 31 43 44 55 9 42 38 25 7 35 41 28 30 1 51 14 23 0
0 38 59 4 41 9 34 28 49 12 21 5 48 18 50 56 16 52 7 23 51 24 55 39 2 58 33 32 44 19 53 27 46 35 45 14 8 43 3 20 15 13 40 47 29 30 1 26 57 37 6 25 11 54 31 42 36 22 10 17 0
0 35 4 51 40 59 46 23 41 7 22 44 26 8 13 3 20 5 57 31 53 19 16 52 43 54 56 45 18 58 10 11 17 32 34 15 47 12 29 37 55 42 36 1 48 21 25 50 14 30 28 9 33 49 39 24 27 38 6 2 0
0 52 15 12 5 28 1 31 50 33 24 43 44 7 46 59 2 58 34 55 47 51 16 22 56 45 30 36 57 14 27 8 42 41 11 6 35 4 13 37 21 20 9 39 32 53 49 38 40 25 54 19 18 29 3 10 23 17 48 26 0
0 1 44 56 32 18 30 10 16 49 48 27 11 36 39 19 55 34 14 40 13 35 21 8 47 45 37 22 38 29 25 7 12 52 53 3 43 42 5 23 46 9 41 24 59 31 33 2 50 57 17 6 26 58 54 15 28 20 4 51 0
0 37 24 12 14 28 43 4 34 53 35 20 44 16 21 29 46 2 52 13 19 6 40 5 1 42 31 56 33 11 55 51 3 27 38 41 10 59 47 26 32 17 18 15 23 50 58 36 39 22 57 8 30 48 7 54 49 25 45 9 0
0 26 15 49 42 58 20 57 17 59 33 28 29 31 51 43 39 37 48 5 24 9 55 1 19 14 44 41 10 2 56 30 32 4 13 50 22 27 23 3 8 12 54 52 11 21 46 16 47 25 38 34 7 18 53 36 35 40 45 6 0
0 46 3 43 30 23 25 41 22 53 33 37 58 49 42 13 32 38 28 10 20 19 17 56 9 47 11 51 16 26 14 34 44 45 5 55 35 31 2 39 54 15 50 27 18 59 40 57 12 7 4 29 21 24 36 48 8 6 52 1 0
0 42 22 13 51 41 44 20 52 1 48 19 55 39 10 23 6 7 14 49 31 30 3 21 28 4 35 40 45 16 17 54 46 11 32 34 12 24 38 26 5 2 33 57 27 29 47 43 15 36 56 37 59 18 50 53 9 58 8 25 0
0 56 14 34 9 21 24 38 6 45 47 22 17 2 57 19 16 54 25 58 8 39 20 7 26 37 27 51 12 55 35 10 31 48 36 32 44 53 33 50 28 30 4 23 1 52 43 5 42 3 15 18 41 29 59 13 40 46 11 49 0
0 32 29 1 18 31 34 28 15 14 45 4 52 37 19 55 58 46 48 51 40 17 10 59 5 23 47 30 33 6 56 21 50 42 49 25 43 2 26 16 20 7 54 22 11 8 44 13 38 57 39 27 3 41 12 53 9 35 24 36 0
0 38 32 48 53 25 41 58 1 31 50 28 57 40 13 8 7 55 59 10 26 11 35 9 39 2 56 12 36 54 15 52 33 23 17 27 34 19 16 21 24 37 22 49 42 30 4 14 44 47 3 43 18 45 20 29 6 46 5 51 0
0 35 34 42 44 48 22 6 14 53 49 40 28 12 57 18 2 8 1 46 59 32 25 11 23 41 13 24 33 39 17 29 20 58 9 55 16 51 31 4 38 10 43 21 7 52 27 3 26 50 45 56 15 54 36 30 47 19 5 37 0
0 9 19 1 35 54 8 6 26 12 48 29 41 3 53 16 32 21 59 17 11 44 37 42 49 36 55 39 31 2 47 10 20 25 51 7 15 14 30 13 57 34 56 24 23 46 38 18 28 33 52 4 50 45 5 22 58 40 27 43 0
0 53 12 37 49 24 47 36 28 5 40 15 18 26 25 32 1 54 10 3 22 27 39 35 33 44 52 55 11 48 42 43 21 4 13 7 58 51 6 30 2 31 17 45 9 14 19 38 59 41 56 57 34 23 46 16 29 20 50 8 0
0 37 41 35 12 10 26 22 44 19 49 59 56 58 53 11 46 29 32 13 33 4 47 2 8 15 5 55 48 24 9 28 36 51 40 38 50 25 30 45 34 31 1 3 6 57 43 14 20 23 42 52 16 27 54 21 7 18 39 17 0
0 58 5 29 10 47 25 48 21 4 13 51 39 42 50 15 38 52 3 8 55 56 16 45 32 14 59 37 43 26 54 46 28 6 33 19 53 7 23 49 17 11 12 44 35 20 24 2 34 40 27 18 9 31 57 41 22 36 1 30 0
0 41 37 22 49 34 44 59 20 7 32 9 38 16 25 43 46 52 11 26 53 12 47 58 13 51 17 36 1 50 3 14 15 55 31 39 48 4 18 45 40 30 23 5 6 56 8 29 24 21 28 19 35 42 57 2 10 27 33 54 0
0 29 40 42 18 36 21 57 30 7 20 52 8 24 39 3 10 2 41 13 14 27 31 5 11 38 55 37 51 28 26 49 17 50 12 4 6 15 33 54 46 53 32 35 19 25 58 45 23 43 44 59 47 1 16 48 34 9 56 22 0
0 30 29 43 17 42 27 11 24 36 23 28 25 48 52 56 18 45 5 12 57 58 51 44 54 50 10 47 14 21 26 53 13 4 1 49 55 3 6 22 8 2 41 16 39 46 7 40 38 20 19 31 32 33 9 37 59 35 34 15 0
0 14 28 57 2 7 19 10 8 46 40 44 39 51 27 52 42 4 56 29 11 53 12 58 49 20 32 35 37 45 55 26 47 17 54 36 21 3 15 23 50 22 16 24 48 41 59 38 1 9 31 6 34 33 43 13 18 5 25 30 0
0 42 59 46 52 29 48 39 31 4 47 24 55 58 16 11 13 36 49 20 38 40 28 7 45 21 10 50 23 9 22 51 2 6 57 54 30 43 41 25 44 19 37 12 15 3 8 1 26 35 34 56 53 14 27 33 32 17 5 18 0
0 41 34 49 20 29 9 32 10 44 21 6 37 13 14 17 19 5 57 3 40 46 25 38 4 33 50 30 48 35 16 55 1 56 26 28 18 43 15 59 2 22 42 7 31 54 8 27 12 23 24 36 39 11 52 53 45 47 51 58 0
0 15 39 17 43 12 1 46 23 55 27 19 38 31 10 51 7 9 4 57 14 48 50 3 18 11 30 6 32 42 33 28 2 45 26 54 44 24 58 22 25 49 53 20 36 47 41 8 52 59 16 29 40 37 34 56 35 13 5 21 0
0 41 2 24 18 9 6 30 10 53 46 19 26 57 28 55 50 42 1 38 27 11 39 5 20 34 54 37 44 48 56 59 35 14 33 58 16 25 21 15 40 51 3 47 22 49 52 36 29 8 7 45 13 4 43 23 32 17 12 31 0
0 4 13 46 17 48 27 33 35 14 37 23 47 22 52 9 28 3 1 31 2 6 50 55 56 16 44 26 7 38 25 42 36 32 11 15 18 45 39 43 34 20 10 58 8 19 30 24 29 54 57 5 51 53 40 49 12 21 41 59 0
0 18 42 31 57 13 20 4 45 40 37 48 36 52 12 44 28 39 17 55 26 34 43 16 9 46 38 2 11 35 15 53 30 51 19 49 59 8 32 6 50 47 23 27 25 58 56 1 24 29 3 33 14 54 41 10 22 21 5 7 0
0 18 22 32 19 53 43 39 27 7 16 44 37 52 6 59 12 14 13 26 3 17 54 41 46 1 2 28 10 55 29 48 33 57 56 5 4 50 36 38 35 11 51 30 9 40 42 34 24 45 47 25 15 23 20 8 49 31 58 21 0
0 26 24 48 15 1 4 18 59 29 19 40 56 10 34 3 32 36 55 7 49 43 20 2 22 54 41 30 28 38 51 16 53 33 14 6 23 42 12 17 44 27 25 57 8 35 21 13 9 11 58 37 31 52 50 39 46 45 47 5 0
0 12 54 22 38 31 10 41 36 42 24 33 17 46 51 18 58 53 15 59 14 34 48 28 9 16 47 20 3 7 25 26 37 13 1 55 44 43 56 5 57 40 29 50 21 32 52 23 35 11 8 49 6 19 4 30 2 45 39 27 0
0 30 10 49 43 37 35 26 8 57 51 4 25 58 21 53 2 24 31 11 6 5 59 20 36 17 14 45 48 12 16 44 3 7 19 18 27 38 9 22 32 34 33 55 1 29 28 46 56 50 47 41 15 13 39 52 42 23 40 54 0
0 35 38 16 18 4 34 32 49 51 22 29 42 48 7 45 41 54 46 37 21 10 47 14 58 15 53 6 40 56 24 52 26 8 36 33 31 5 17 3 44 2 28 39 23 27 50 30 13 25 19 11 9 55 43 1 57 12 59 20 0
0 23 58 21 46 18 16 55 40 29 25 26 59 49 36 12 39 9 11 4 38 51 43 22 35 19 30 20 33 44 32 45 53 54 24 47 31 56 15 28 14 57 17 10 42 2 6 34 50 37 5 1 27 7 3 13 41 52 8 48 0
0 42 41 13 49 2 37 33 17 22 27 12 36 56 30 59 6 58 53 32 24 51 15 11 47 43 57 19 9 34 26 10 3 7 45 31 5 21 8 55 16 50 18 25 40 23 1 48 52 39 54 4 35 44 14 29 38 46 28 20 0
0 17 59 9 33 39 1 47 36 16 37 43 10 49 25 20 23 45 50 31 11 18 44 40 2 55 52 27 56 22 13 42 6 54 24 57 15 30 32 7 58 26 12 46 19 8 3 28 41 38 21 34 35 29 4 48 53 14 51 5 0
0 33 38 55 4 21 2 13 35 42 44 41 7 9 10 15 40 6 52 16 48 31 28 12 19 1 20 23 45 29 11 39 37 34 59 51 24 30 46 5 57 25 22 54 14 43 58 18 49 3 47 53 27 8 26 32 17 56 36 50 0
0 27 11 52 34 48 2 15 50 44 16 35 6 14 54 5 40 8 12 30 1 23 56 38 59 51 10 37 26 22 19 49 58 13 3 45 53 17 29 4 9 42 18 7 25 21 43 46 28 31 47 33 20 57 41 24 55 36 39 32 0
0 51 23 32 31 55 1 4 39 15 22 43 6 13 19 17 11 8 14 38 59 16 47 49 37 28 10 42 41 18 56 45 34 9 21 58 52 50 26 29 40 7 33 53 27 48 3 5 12 25 20 54 24 46 35 44 36 30 2 57 0
0 56 7 27 32 16 1 48 11 50 24 9 29 57 6 39 19 15 4 47 13 23 25 42 8 36 54 2 22 14 28 21 31 40 20 33 51 38 34 53 10 12 3 37 59 46 44 5 45 43 18 41 49 35 58 30 52 26 17 55 0
0 55 32 12 16 9 2 34 28 13 3 58 48 11 37 46 31 19 10 7 15 18 30 50 27 17 47 6 5 54 40 24 56 29 41 14 25 49 26 38 42 53 52 36 33 59 21 4 23 51 39 45 20 35 57 8 1 22 44 43 0
0 38 37 9 45 48 40 32 54 44 23 34 52 6 39 12 17 15 33 46 26 58 53 28 10 29 41 35 57 7 5 14 16 13 47 20 25 31 2 50 43 51 49 42 30 36 59 27 18 4 11 1 3 24 55 21 22 19 56 8 0
0 21 47 13 5 52 36 30 54 51 45 34 6 24 33 38 15 39 17 31 10 19 58 32 23 49 11 16 48 53 28 40 29 50 12 37 57 55 42 41 9 26 18 4 8 44 35 46 22 14 43 2 20 7 27 56 1 25 3 59 0
0 46 4 11 58 9 29 25 21 26 14 33 53 42 10 36 43 50 15 56 3 57 59 39 1 35 13 49 47 34 54 24 8 16 22 28 12 19 23 5 45 55 7 37 17 2 44 32 41 30 38 20 31 18 52 27 48 6 51 40 0
0 22 38 16 58 42 11 20 59 36 24 19 10 2 27 41 57 3 55 44 53 15 23 12 6 21 47 4 39 13 30 35 43 34 52 46 31 5 32 14 18 17 40 1 9 54 51 28 37 33 7 45 8 48 29 26 25 56 49 50 0
0 57 35 40 24 20 37 28 33 50 10 54 42 16 41 15 43 56 46 1 23 48 55 14 2 8 45 17 53 32 7 5 51 38 29 18 25 39 47 44 22 34 31 52 4 59 19 12 6 3 9 13 21 49 58 11 26 36 30 27 0
0 23 11 10 15 13 57 56 51 38 44 46 22 27 21 25 20 33 35 14 18 55 34 42 59 5 58 53 4 32 19 2 47 26 54 28 49 43 48 41 40 31 24 30 8 1 50 12 39 52 29 45 3 6 36 9 17 37 7 16 0
0 43 36 11 49 1 24 33 23 20 53 3 40 30 4 41 8 13 44 45 16 29 56 25 18 19 46 14 9 26 27 17 35 22 39 31 2 57 54 15 47 58 42 5 52 50 34 6 59 37 10 48 28 7 38 21 12 32 55 51 0
0 48 19 6 10 53 7 18 44 27 46 4 45 52 1 8 30 20 23 43 36 41 2 5 13 33 50 28 31 9 58 16 35 14 17 51 34 25 56 38 21 37 47 3 55 26 32 12 29 42 57 54 15 59 24 40 39 49 11 22 0
0 52 31 13 48 40 36 53 14 59 10 1 22 44 3 56 24 58 35 17 28 47 42 45 30 19 9 50 39 7 34 2 26 16 32 11 51 49 4 46 25 18 54 12 5 43 15 37 8 27 29 6 20 55 21 57 23 33 38 41 0
0 24 31 37 48 38 42 20 13 11 6 14 7 32 53 55 51 50 34 21 8 56 2 27 12 33 17 9 1 22 23 45 25 59 16 5 39 52 30 43 40 29 28 44 41 58 35 46 19 15 10 54 49 47 57 26 3 18 4 36 0
0 56 38 20 8 4 36 6 55 26 7 24 18 12 10 54 48 3 53 13 23 35 15 42 51 32 37 16 59 19 17 46 57 49 31 47 58 21 25 29 9 2 5 27 11 52 28 41 40 34 39 22 30 33 43 45 44 14 50 1 0
0 46 47 40 2 32 22 57 52 30 6 10 1 20 29 21 36 33 31 56 43 51 11 15 24 3 5 9 48 49 44 41 4 39 35 37 58 17 50 45 25 26 27 55 34 28 54 8 59 13 38 16 12 14 19 53 7 18 42 23 0
0 29 21 16 33 32 26 24 25 52 50 13 35 31 30 37 3 7 42 45 10 12 46 51 38 53 59 44 39 18 57 17 9 27 48 5 19 8 49 55 22 47 36 40 11 56 28 1 15 6 41 4 54 58 20 34 14 43 2 23 0
0 38 23 53 7 12 37 49 39 36 17 5 6 50 42 15 45 43 21 28 58 4 13 20 41 46 40 30 25 8 1 51 3 48 57 9 32 19 56 54 55 2 16 14 33 34 29 59 10 24 47 22 18 26 11 52 27 44 35 31 0
0 35 14 21 10 53 20 33 26 45 9 51 58 59 18 37 38 11 30 39 27 15 57 8 49 7 41 46 2 40 29 32 19 31 12 5 23 43 16 4 1 6 48 56 47 13 54 44 24 50 22 17 34 55 36 42 28 52 3 25 0
0 30 9 5 4 36 35 11 41 6 1 21 46 38 37 32 26 42 7 20 25 15 43 49 34 8 12 24 47 55 40 58 57 14 52 22 31 56 3 17 44 27 50 18 16 13 39 51 59 53 33 29 28 2 54 23 10 48 19 45 0
0 57 9 21 44 27 19 25 38 11 29 30 42 54 18 24 31 23 56 3 15 13 32 40 17 2 14 6 53 41 1 12 16 49 34 51 50 20 58 26 22 4 39 59 33 46 10 28 47 37 5 36 35 52 43 45 7 48 8 55 0
0 10 9 49 6 12 19 38 56 22 32 18 31 23 59 39 26 36 47 52 43 29 17 45 5 58 34 25 3 57 54 2 16 28 35 40 13 30 15 44 1 7 4 42 33 46 50 11 24 8 53 14 48 20 41 51 55 27 37 21 0
0 31 58 37 19 56 54 30 3 21 29 32 55 40 2 57 25 42 11 47 18 6 8 45 44 12 20 51 41 34 26 23 24 1 35 48 49 33 36 7 59 10 39 46 28 9 5 43 52 17 50 4 14 15 22 53 27 16 13 38 0
0 16 51 35 15 59 26 46 9 47 19 38 30 11 25 57 44 14 32 3 48 45 20 34 5 22 8 7 49 56 53 17 33 37 54 12 24 28 2 36 55 4 29 27 39 52 50 1 41 23 10 40 18 42 21 31 6 58 43 13 0
0 42 14 11 48 9 32 2 59 13 16 34 26 15 33 57 50 17 19 12 54 38 4 58 29 22 5 55 28 1 7 30 45 3 44 35 43 52 20 25 23 56 41 47 53 36 40 49 18 37 24 27 31 39 10 21 46 51 6 8 0
0 5 15 34 31 24 18 49 10 46 7 8 32 54 30 59 20 51 11 44 55 57 6 12 58 2 42 14 13 56 16 48 33 45 4 50 36 17 3 19 9 1 37 39 52 26 23 41 43 53 22 38 47 21 35 40 27 28 29 25 0
0 36 55 12 31 10 56 5 16 18 43 17 6 35 20 40 9 52 59 25 48 53 30 15 27 51 47 28 46 11 3 41 44 57 54 50 21 49 7 34 4 2 22 58 13 26 45 39 14 1 33 38 32 29 42 8 24 23 37 19 0
0 16 18 2 43 39 10 32 17 42 6 41 11 46 22 23 13 33 25 49 53 35 19 24 36 4 8 1 7 15 54 51 59 40 29 44 50 52 20 30 48 3 9 12 21 34 27 57 55 37 45 47 31 26 38 5 56 58 28 14 0
0 8 19 42 35 2 22 15 7 58 33 24 36 25 43 28 38 52 54 27 20 13 49 26 29 51 18 21 14 16 55 45 5 10 40 12 46 48 9 17 37 39 53 34 57 4 41 59 47 30 56 31 23 44 50 11 1 6 32 3 0
0 58 34 44 20 36 42 11 21 49 50 27 29 48 16 35 2 25 8 23 7 28 57 5 14 19 26 55 13 4 47 12 15 52 1 41 31 37 33 54 9 30 56 22 32 10 43 39 53 24 40 51 45 17 46 3 59 38 18 6 0
0 50 49 41 1 38 36 39 23 20 7 58 54 55 19 46 43 13 15 26 17 53 30 9 10 8 18 59 51 24 52 57 32 48 2 25 5 6 33 16 29 47 40 34 28 4 22 12 44 27 45 14 37 3 11 21 31 35 42 56 0
0 28 16 22 53 15 4 59 33 38 46 13 58 25 44 36 18 43 29 31 35 41 51 47 40 24 27 39 19 17 55 45 3 50 7 26 56 9 10 14 6 54 20 11 21 23 12 34 32 42 37 2 1 52 8 57 49 30 5 48 0
0 6 12 20 51 55 53 24 34 44 35 17 43 1 7 40 41 46 38 56 13 2 33 10 5 26 54 23 16 18 4 50 42 9 25 11 39 3 48 36 28 58 52 15 59 30 31 45 49 27 57 8 22 14 29 21 19 32 37 47 0
0 38 19 31 17 15 44 49 48 28 41 25 56 21 11 45 2 13 32 58 3 8 27 37 40 30 5 26 34 14 59 42 18 51 20 57 29 53 54 24 12 10 35 7 55 23 22 6 16 33 39 43 36 9 1 52 4 50 47 46 0
0 15 25 1 54 39 33 42 24 49 14 47 13 7 17 43 45 31 40 19 22 8 59 5 29 12 32 48 16 23 38 26 37 50 10 20 55 27 34 58 4 28 41 3 56 57 9 51 53 35 2 44 6 52 21 18 11 46 36 30 0
0 13 8 9 48 52 2 53 22 16 18 25 54 21 10 51 39 44 14 49 43 42 19 4 41 47 35 15 55 40 7 23 58 59 38 31 5 26 11 20 46 32 27 29 1 57 12 24 56 37 33 3 45 50 6 30 34 28 17 36 0
0 42 35 41 25 40 23 5 31 22 51 58 28 18 44 24 4 33 49 37 29 45 9 57 20 16 56 10 53 54 21 26 52 12 6 47 36 43 55 11 7 50 19 34 14 32 38 13 3 30 59 46 27 2 15 48 1 39 8 17 0
0 26 22 4 53 9 50 37 16 20 24 45 42 14 6 33 34 57 43 15 23 56 18 13 48 39 59 41 46 55 40 31 17 3 21 30 27 49 11 8 12 58 29 44 54 47 52 35 32 51 36 10 7 1 5 25 38 28 2 19 0
0 42 41 18 17 13 52 22 1 24 59 21 29 4 32 30 6 25 44 43 31 11 55 39 28 27 10 5 45 8 57 15 34 36 16 23 14 48 35 51 2 54 40 20 58 33 47 26 3 53 38 37 49 12 7 46 19 56 9 50 0
0 42 54 55 35 23 22 32 33 46 1 4 31 10 50 45 25 48 36 2 29 47 38 18 27 30 34 9 49 7 39 52 20 19 28 57 17 40 8 44 51 53 16 14 26 5 12 56 37 59 41 58 24 21 15 6 13 3 43 11 0
0 22 57 39 48 17 44 41 9 58 45 7 29 27 32 10 8 52 59 50 20 33 12 56 54 36 4 15 25 2 23 14 46 37 53 3 13 21 34 35 38 43 6 51 19 49 18 26 24 55 1 40 42 47 5 31 11 16 28 30 0
0 55 9 36 51 21 56 58 52 53 17 24 16 44 22 2 39 38 54 6 40 34 41 28 29 19 26 27 33 13 8 57 23 7 14 3 35 18 5 10 12 46 42 11 30 43 49 37 48 25 50 32 20 45 47 15 31 59 1 4 0
