# n n_solutions
40 1000
# n x n distance matrix
0 4178 5315 7545 2385 4788 3832 3041 2884 6312 2570 5360 2906 3328 5414 6400 4110 3623 6307 3383 8036 8297 7111 8417 4220 4810 3716 6536 5557 5103 1341 5300 5295 4589 6600 3701 3832 5756 7111 5292
4178 0 2002 4716 3383 3811 1004 4887 5573 2640 2523 4716 2118 3478 1860 4177 4275 4588 4569 806 5373 4579 3383 6200 4030 2088 3041 2475 6171 1431 2846 1979 1392 2473 3088 2126 7144 3577 3383 3894
5315 2002 0 2716 5200 5803 3006 6723 5707 3860 4365 6706 2469 5434 3401 2284 6264 6525 6428 2529 6879 2983 4384 7829 6029 700 5035 1726 5200 632 4031 3640 2773 4428 4360 1802 8765 5412 4384 2441
7545 4716 2716 0 7844 8500 5720 9360 7017 6135 7034 9400 4664 8139 5903 1341 8980 9219 9009 5217 9154 2154 6440 10184 8745 2879 7751 3310 5147 3301 6400 6181 5277 7102 6612 3858 11229 7990 6440 2641
2385 3383 5200 7844 0 2416 2545 1523 5162 4623 860 2983 3501 943 3801 6987 1780 1529 3956 2683 5787 7961 5375 6074 1843 4972 1414 5825 7353 4741 2061 3584 3940 2531 4780 4210 3841 3522 5375 6200
4788 3811 5803 8500 2416 0 2828 2828 7465 3420 2403 905 5053 1486 2954 7975 1170 1964 1552 3544 3500 7980 3962 3668 824 5869 1131 5700 9264 5200 4172 2640 3448 1431 3324 5536 5384 1431 3962 7528
3832 1004 3006 5720 2545 2828 0 4000 5724 2501 1702 3733 2549 2507 1603 5147 3275 3624 3721 848 4801 5500 3301 5515 3026 3041 2039 3301 6794 2433 2601 1552 1486 1565 2844 2830 6377 2780 3301 4753
3041 4887 6723 9360 1523 2828 4000 0 5916 5798 2370 2942 4925 1664 5060 8472 1700 905 4300 4204 6312 9466 6488 6338 2009 6484 2332 7300 8489 6260 3306 4801 5303 3584 5859 5671 2600 4220 6488 7623
2884 5573 5707 7017 5162 7465 5724 5916 0 8149 5080 8133 3505 6082 7280 5685 6935 6500 8905 4972 10420 8450 8926 10960 7000 5021 6341 7343 3201 5821 3328 7273 6942 6935 8544 3931 6129 8198 8926 4382
6312 2640 3860 6135 4623 3420 2501 5798 8149 0 3929 4118 4753 4134 900 6105 4455 5122 3157 3178 3041 5000 800 4049 4101 4313 3466 2863 8741 3264 5102 1044 1252 2220 500 4716 8372 2247 800 6223
2570 2523 4365 7034 860 2403 1702 2370 5080 3929 0 3162 2863 1236 3067 6228 2184 2209 3827 1838 5470 7102 4707 5905 2102 4177 1272 4967 6935 3891 1769 2886 3138 2022 4143 3505 4675 3195 4707 5522
5360 4716 6706 9400 2983 905 3733 2942 8133 4118 3162 0 5909 2051 3764 8880 1300 2039 1486 4438 3517 8829 4560 3405 1140 6774 1923 6551 10084 6100 4904 3448 4295 2308 3940 6419 5323 1920 4560 8420
2906 2118 2469 4664 3501 5053 2549 4925 3505 4753 2863 5909 0 4099 3935 3605 5044 5015 6200 1702 7340 5440 5501 8062 4933 1910 3992 3929 4263 2404 1746 3996 3510 4045 5189 806 6574 5307 5501 2701
3328 3478 5434 8139 943 1486 2507 1664 6082 4134 1236 2051 4099 0 3405 7406 948 1118 3036 2927 4925 8005 4828 5154 921 5323 670 5780 8139 4904 2884 3140 3687 1922 4204 4726 4248 2701 4828 6747
5414 1860 3401 5903 3801 2954 1603 5060 7280 900 3067 3764 3935 3405 0 5685 3860 4455 3114 2308 3546 5080 1700 4441 3522 3744 2758 2816 8027 2773 4204 316 632 1581 1264 3982 7600 2102 1700 5640
6400 4177 2284 1341 6987 7975 5147 8472 5685 6105 6228 8880 3605 7406 5685 0 8300 8437 8697 4501 9141 3206 6560 10107 8105 2109 7106 3538 3901 2915 5348 5923 5056 6649 6603 2816 10163 7684 6560 1303
4110 4275 6264 8980 1780 1170 3275 1700 6935 4455 2184 1300 5044 948 3860 8300 0 806 2600 3801 4617 8709 5060 4652 360 6203 1236 6447 9080 5706 3807 3560 4254 2280 4420 5656 4220 2600 5060 7678
3623 4588 6525 9219 1529 1964 3624 905 6500 5122 2209 2039 5015 1118 4455 8437 806 0 3401 4002 5423 9123 5768 5433 1140 6378 1702 6896 8860 6008 3573 4172 4780 2906 5131 5700 3420 3383 5768 7705
6307 4569 6428 9009 3956 1552 3721 4300 8905 3157 3827 1486 6200 3036 3114 8697 2600 3401 0 4548 2039 8122 3401 2118 2308 6648 2594 5900 10463 5797 5580 2828 3733 2163 2846 6551 6774 1019 3401 8452
3383 806 2529 5217 2683 3544 848 4204 4972 3178 1838 4438 1702 2927 2308 4501 3801 4002 4548 0 5640 5300 3962 6363 3605 2402 2607 3264 5946 2059 2061 2325 2002 2385 3572 2012 6378 3623 3962 3984
8036 5373 6879 9154 5787 3500 4801 6312 10420 3041 5470 3517 7340 4925 3546 9141 4617 5423 2039 5640 0 7826 2765 1100 4304 7280 4373 5852 11536 6268 7116 3394 4140 3492 2549 7496 8811 2280 2765 9183
8297 4579 2983 2154 7961 7980 5500 9466 8450 5000 7102 8829 5440 8005 5080 3206 8709 9123 8122 5300 7826 0 5063 8910 8415 3551 7484 2280 7100 3264 7003 5393 4535 6552 5408 4716 11666 7144 5063 4328
7111 3383 4384 6440 5375 3962 3301 6488 8926 800 4707 4560 5501 4829 1700 6560 5060 5768 3401 3962 2765 5063 0 3847 4700 4904 4158 3130 9403 3828 5902 1824 1992 2906 640 5412 9077 2640 0 6801
8417 6200 7829 10184 6074 3668 5515 6338 10960 4049 5905 3405 8062 5154 4441 10107 4652 5433 2118 6363 1100 8910 3847 0 4393 8183 4701 6896 12306 7206 7632 4243 5060 4060 3573 8297 8705 2780 3847 10067
4220 4030 6029 8745 1843 824 3026 2009 7000 4101 2102 1140 4933 921 3522 8105 360 1140 2308 3605 4304 8415 4700 4393 0 6000 1000 6146 9035 5458 3801 3220 3935 1941 4060 5510 4560 2247 4700 7531
4810 2088 700 2879 4972 5869 3041 6484 5021 4313 4177 6774 1910 5323 3744 2109 6203 6378 6648 2402 7280 3551 4904 8183 6000 0 5000 2418 4561 1081 3580 3944 3140 4560 4810 1166 8386 5646 4904 1910
3716 3041 5035 7751 1414 1131 2039 2332 6341 3466 1272 1923 3992 670 2758 7106 1236 1702 2594 2607 4373 7484 4158 4701 1000 5000 0 5232 8163 4472 3041 2483 3080 1252 3534 4535 4918 2109 4158 6551
6536 2475 1726 3310 5825 5700 3301 7300 7343 2863 4967 6551 3929 5780 2816 3538 6447 6896 5900 3264 5852 2280 3130 6896 6146 2418 5232 0 6894 1529 5197 3125 2256 4272 3324 3413 9617 4904 3130 4071
5557 6171 5200 5147 7353 9264 6794 8489 3201 8741 6935 10084 4263 8139 8027 3901 9080 8860 10463 5946 11536 7100 9403 12306 9035 4561 8163 6894 0 5635 5292 8146 7500 8308 9220 4045 9202 9567 9403 2863
5103 1431 632 3301 4741 5200 2433 6260 5821 3264 3891 6100 2404 4904 2773 2915 5706 6008 5797 2059 6268 3264 3828 7206 5458 1081 4472 1529 5635 0 3780 3008 2147 3811 3764 1900 8402 4780 3828 2973
1341 2846 4031 6400 2061 4172 2601 3306 3328 5102 1769 4904 1746 2884 4204 5348 3807 3573 5580 2061 7116 7003 5902 7632 3801 3580 3041 5197 5292 3780 0 4130 4019 3624 5433 2549 4830 4876 5902 4373
5300 1979 3640 6181 3584 2640 1552 4801 7273 1044 2886 3448 3996 3140 316 5923 3560 4172 2828 2325 3394 5393 1824 4243 3220 3944 2483 3125 8146 3008 4130 0 905 1280 1303 4103 7357 1811 1824 5824
5295 1392 2773 5277 3940 3448 1486 5303 6942 1252 3138 4295 3510 3687 632 5056 4254 4780 3733 2002 4140 4535 1992 5060 3935 3140 3080 2256 7500 2147 4019 905 0 2024 1720 3466 7780 2716 1992 5044
4589 2473 4428 7102 2531 1431 1565 3584 6935 2220 2022 2308 4045 1922 1581 6649 2280 2906 2163 2385 3492 6552 2906 4060 1941 4560 1252 4272 8308 3811 3624 1280 2024 0 2284 4390 6170 1280 2906 6315
6600 3088 4360 6612 4780 3324 2844 5859 8544 500 4143 3940 5189 4204 1264 6603 4420 5131 2846 3572 2549 5408 640 3573 4060 4810 3534 3324 9220 3764 5433 1303 1720 2284 0 5186 8452 2024 640 6720
3701 2126 1802 3858 4210 5536 2830 5671 3931 4716 3505 6419 806 4726 3982 2816 5656 5700 6551 2012 7496 4716 5412 8297 5510 1166 4535 3413 4045 1900 2549 4103 3466 4390 5186 0 7379 5603 5412 2022
3832 7144 8765 11229 3841 5384 6377 2600 6129 8372 4675 5323 6574 4248 7600 10163 4220 3420 6774 6378 8811 11666 9076 8705 4560 8386 4918 9617 9202 8402 4830 7357 7780 6170 8452 7379 0 6800 9076 9108
5756 3577 5412 7990 3522 1431 2780 4220 8198 2247 3195 1920 5307 2701 2102 7684 2600 3383 1019 3623 2280 7144 2640 2780 2247 5646 2109 4904 9567 4780 4876 1811 2716 1280 2024 5603 6800 0 2640 7470
7111 3383 4384 6440 5375 3962 3301 6488 8926 800 4707 4560 5501 4828 1700 6560 5060 5768 3401 3962 2765 5063 0 3847 4700 4904 4158 3130 9403 3828 5902 1824 1992 2906 640 5412 9076 2640 0 6801
5292 3894 2441 2641 6200 7528 4753 7623 4382 6223 5522 8420 2701 6747 5640 1303 7678 7705 8452 3984 9183 4328 6801 10067 7531 1910 6551 4071 2863 2973 4373 5824 5044 6315 6720 2022 9108 7470 6801 0
# set of given starting solutions
0 10 31 3 36 22 5 34 28 33 32 11 24 38 7 1 17 25 12 18 26 15 19 4 21 2 9 16 39 13 6 37 8 14 23 27 29 30 35 20 0
0 2 8 25 9 39 13 30 32 36 11 33 37 38 5 28 27 1 26 31 15 23 17 35 6 10 19 20 14 3 4 16 29 7 22 24 12 21 18 34 0
0 36 7 35 8 20 25 34 21 28 9 33 1 4 10 3 37 15 30 5 18 16 23 39 24 2 6 38 22 19 27 32 14 17 31 26 12 13 11 29 0
0 13 30 8 38 20 34 5 16 10 22 3 11 6 14 28 32 26 31 37 7 12 29 25 15 27 39 35 2 21 33 24 9 1 36 18 19 23 4 17 0
0 19 7 23 3 8 10 20 25 17 33 11 24 12 4 6 37 36 9 31 2 1 5 32 26 39 18 15 13 28 30 27 14 21 22 29 38 34 16 35 0
0 1 12 29 14 5 37 16 24 4 21 17 6 31 25 33 36 7 22 3 20 35 2 39 8 23 19 28 18 10 9 27 15 34 30 38 32 26 13 11 0
0 8 22 32 36 6 4 31 16 10 33 2 26 39 35 18 19 1 25 28 30 23 24 21 27 11 29 5 14 37 9 15 12 20 7 34 38 3 17 13 0
0 31 25 15 14 28 8 12 5 17 33 19 10 29 32 38 20 16 9 7 6 2 13 30 22 23 36 35 18 26 21 37 11 24 3 34 1 39 4 27 0
0 36 35 22 12 19 38 9 7 34 37 14 6 17 10 13 39 24 16 18 30 21 2 8 26 29 27 28 11 31 5 1 3 15 4 23 32 25 33 20 0
0 35 28 9 13 25 37 23 11 12 16 4 19 15 31 33 3 27 34 14 20 22 30 1 8 36 24 26 5 2 18 32 21 10 38 6 17 29 39 7 0
0 22 32 25 18 2 31 23 39 37 33 21 9 29 15 35 13 3 4 10 30 6 26 24 16 27 34 20 28 12 8 36 17 1 11 14 7 5 38 19 0
0 15 7 23 14 29 8 13 18 5 19 2 4 24 9 16 10 1 30 12 3 21 25 31 22 37 28 38 27 36 17 34 33 20 32 11 26 35 39 6 0
0 15 3 18 2 39 28 6 38 29 14 8 23 30 35 32 17 31 25 5 37 26 36 11 24 19 13 9 20 10 16 1 21 4 34 33 27 7 12 22 0
0 17 18 6 16 10 33 11 27 24 21 35 20 32 5 31 23 30 25 19 34 38 8 4 13 26 3 29 39 12 15 1 37 2 14 28 22 9 36 7 0
0 13 39 29 33 38 24 10 26 31 35 19 22 20 17 32 14 2 28 36 23 16 9 11 18 21 4 3 7 6 1 34 12 30 37 5 25 15 8 27 0
0 16 17 3 31 4 14 30 19 36 35 2 27 38 39 33 37 29 5 26 28 32 18 20 34 8 10 11 7 23 15 21 6 1 25 12 24 22 9 13 0
0 15 14 22 19 37 4 35 11 30 32 39 33 21 27 17 23 3 1 7 20 24 26 29 9 31 38 8 28 2 6 10 12 18 16 34 5 25 36 13 0
0 37 24 8 18 27 39 23 9 21 33 34 17 32 31 3 13 15 10 5 35 6 19 7 29 1 36 25 16 2 14 20 28 22 4 26 11 30 38 12 0
0 27 10 23 7 37 6 18 33 16 21 5 29 34 9 19 32 35 20 24 4 39 22 2 28 38 31 36 11 26 30 12 14 1 15 13 8 3 17 25 0
0 9 22 3 18 19 13 33 35 24 12 26 2 4 23 32 39 30 34 17 8 6 7 10 20 36 37 31 11 28 1 15 21 27 14 29 5 38 16 25 0
0 25 12 13 35 8 28 14 32 5 27 39 21 23 9 16 11 22 2 6 26 33 17 18 20 1 7 10 24 31 38 15 36 29 37 19 30 3 4 34 0
0 22 34 4 35 10 37 28 15 33 31 18 38 32 14 29 19 39 13 25 8 26 30 3 27 11 2 36 23 21 9 12 20 24 17 16 5 1 7 6 0
0 5 9 15 25 21 38 34 12 13 29 24 7 17 11 3 20 30 37 14 22 8 16 33 23 6 32 39 27 4 26 10 31 35 36 1 28 2 18 19 0
0 16 12 7 9 20 28 38 4 30 18 23 32 36 35 27 13 17 21 31 14 39 8 37 2 1 6 11 3 19 5 29 15 10 25 34 33 22 26 24 0
0 1 4 5 31 17 34 35 25 22 16 36 20 38 10 32 19 7 23 28 12 15 39 9 6 14 2 26 21 8 29 30 37 13 3 33 11 18 27 24 0
0 34 28 13 19 7 32 36 2 39 23 9 8 26 37 35 20 30 11 1 24 29 38 12 3 16 25 10 22 33 17 5 15 21 14 31 27 4 18 6 0
0 12 36 20 24 28 19 31 34 6 29 25 9 21 18 3 14 1 8 27 33 16 15 32 2 30 35 17 4 22 37 10 23 7 5 13 39 26 11 38 0
0 25 20 2 9 29 27 10 36 1 8 3 39 7 17 34 13 6 4 12 15 11 22 14 30 37 33 21 32 24 23 16 19 31 5 28 18 38 26 35 0
0 3 20 33 38 2 14 15 25 26 4 34 21 12 18 19 9 11 17 22 35 29 23 31 16 32 28 1 5 37 27 7 36 30 8 24 6 13 39 10 0
0 30 2 38 25 9 18 5 16 29 1 14 34 3 4 10 20 24 39 12 11 19 35 32 15 13 33 8 36 6 21 26 27 28 31 17 7 23 37 22 0
0 16 28 32 11 9 29 18 22 24 25 5 12 34 17 21 31 23 6 30 36 14 26 2 3 27 39 20 10 8 37 33 7 35 13 38 15 4 1 19 0
0 5 18 1 6 11 2 20 26 30 9 38 25 17 16 28 22 23 37 15 27 29 13 12 35 7 32 19 33 3 14 10 36 31 8 24 39 34 4 21 0
0 13 35 36 30 18 28 33 6 26 9 23 2 11 21 8 34 37 10 38 17 31 29 1 20 12 15 5 32 7 16 19 24 14 39 25 4 27 3 22 0
0 18 9 30 2 33 32 26 22 23 29 11 25 3 10 31 21 7 19 5 13 24 35 38 17 12 20 4 15 34 16 36 39 27 6 1 14 37 28 8 0
0 1 10 39 18 26 37 28 14 19 2 25 30 36 13 4 21 15 24 9 22 34 17 33 27 8 3 11 5 23 6 12 7 31 20 38 35 16 32 29 0
0 32 2 34 37 26 17 15 12 39 28 33 18 10 13 9 8 25 27 4 24 3 23 14 31 7 6 16 19 21 1 30 36 35 38 29 5 11 20 22 0
0 32 13 11 2 21 36 29 33 1 9 27 16 22 8 20 17 24 18 5 37 30 39 31 26 14 4 3 34 25 15 35 23 6 28 38 12 10 19 7 0
0 16 3 26 38 2 11 32 28 19 13 37 7 1 15 29 24 14 31 39 20 27 9 33 22 10 23 6 21 35 18 4 17 34 12 5 36 8 30 25 0
0 8 20 25 2 30 23 18 15 26 32 22 37 1 33 3 5 11 4 21 13 24 28 36 17 7 31 12 6 35 19 14 10 29 9 34 27 16 39 38 0
0 14 37 4 28 39 30 31 20 21 16 2 25 9 33 26 12 34 32 3 8 5 6 29 1 23 38 13 7 27 19 22 10 36 17 18 24 35 15 11 0
0 5 12 31 6 27 34 35 26 23 16 13 32 29 9 19 2 20 7 21 22 36 37 33 38 8 1 17 39 15 18 24 28 4 30 3 14 10 25 11 0
0 10 13 32 9 5 34 2 4 39 20 12 27 31 26 7 18 1 24 38 3 22 29 19 17 15 30 28 14 21 35 25 8 33 23 36 6 16 37 11 0
0 28 3 25 16 38 18 26 9 19 39 23 31 34 13 5 6 4 7 27 37 32 1 29 36 17 2 21 35 24 8 30 12 11 14 10 20 33 15 22 0
0 15 27 36 28 3 14 1 5 22 10 30 24 13 9 2 19 6 34 4 21 16 35 25 37 20 26 23 33 17 31 12 11 38 8 39 18 32 29 7 0
0 3 37 28 17 38 11 8 20 39 31 36 32 15 22 14 9 13 21 33 19 5 30 24 4 10 29 18 12 26 2 35 23 6 27 1 25 34 16 7 0
0 20 9 32 28 30 19 39 33 23 22 38 25 11 35 4 12 16 29 27 31 21 10 18 34 26 6 36 1 2 37 17 5 13 7 3 15 24 8 14 0
0 7 9 21 18 39 13 19 35 38 1 12 11 4 30 3 36 32 5 27 26 25 10 2 17 33 24 22 23 16 29 6 34 14 28 8 20 31 15 37 0
0 35 26 10 27 18 12 19 6 38 25 17 9 22 14 39 33 15 30 11 8 23 24 29 7 37 5 36 28 21 34 32 1 31 4 3 16 20 13 2 0
0 19 33 23 5 9 8 36 28 15 17 27 31 26 16 37 32 38 24 30 10 2 6 7 3 35 12 29 11 22 13 14 20 25 21 18 39 1 34 4 0
0 29 21 6 31 39 15 22 32 5 24 30 34 37 19 36 33 23 9 38 25 2 16 10 7 1 4 20 8 3 11 28 18 27 12 14 13 26 35 17 0
0 11 32 20 31 30 17 26 9 29 36 10 27 35 25 19 2 3 5 34 16 1 28 24 13 23 14 6 12 33 39 7 15 21 22 8 18 38 37 4 0
0 35 1 31 4 7 17 22 32 18 15 37 9 11 25 38 12 34 8 13 21 23 14 39 36 33 19 28 6 20 27 29 5 3 16 24 2 26 30 10 0
0 29 16 24 17 27 21 37 34 19 25 5 20 15 8 7 4 30 38 14 13 26 12 11 22 10 2 36 35 33 6 3 32 28 1 18 31 39 9 23 0
0 31 16 33 29 9 39 28 1 26 37 24 23 6 35 19 8 18 25 17 10 21 3 14 36 27 11 2 20 38 30 5 12 32 15 13 34 7 22 4 0
0 14 27 11 8 35 3 26 28 21 19 23 30 5 37 33 15 6 38 34 16 18 22 9 10 17 31 24 1 29 25 20 36 12 32 2 7 4 13 39 0
0 38 5 7 39 16 27 34 14 19 18 3 33 6 13 24 31 36 17 26 8 37 32 12 9 28 10 21 4 1 30 35 22 2 23 15 29 25 11 20 0
0 27 39 35 20 30 36 23 34 11 32 19 37 14 24 13 21 16 10 22 15 5 2 1 3 9 28 38 12 6 8 17 31 4 7 29 26 18 33 25 0
0 3 38 21 28 18 24 34 29 22 14 27 25 8 15 9 35 16 2 20 11 32 37 23 17 12 13 6 1 36 7 10 19 26 5 31 33 4 39 30 0
0 36 22 9 25 14 21 24 19 29 39 31 18 4 34 1 33 17 27 23 12 16 2 37 11 15 5 6 30 35 7 38 3 26 10 28 8 13 20 32 0
0 29 19 14 34 11 32 39 18 15 30 16 10 9 24 2 5 38 22 25 17 37 33 4 7 21 6 12 1 27 35 8 13 20 23 28 3 26 31 36 0
0 1 17 36 5 12 2 37 26 7 20 16 33 35 8 9 6 21 27 34 28 18 31 25 39 13 19 14 30 11 24 22 10 3 4 29 23 15 38 32 0
0 2 24 29 13 33 39 11 32 34 18 26 30 7 38 31 35 6 20 14 36 4 37 9 5 23 10 1 19 15 25 3 17 28 27 16 12 22 21 8 0
0 20 35 5 7 29 6 21 30 9 31 15 23 17 10 32 11 28 22 18 38 34 1 19 39 14 33 16 13 8 27 4 3 37 26 12 25 36 2 24 0
0 17 29 6 1 4 26 5 7 30 12 36 2 39 15 18 13 33 16 32 3 31 19 22 25 10 37 21 24 8 14 34 27 20 23 28 11 35 9 38 0
0 39 33 1 19 31 2 24 29 9 7 13 37 28 8 10 27 18 30 38 16 6 11 26 32 12 20 25 4 23 17 34 14 21 15 35 5 22 36 3 0
0 25 39 12 14 37 32 36 3 7 33 21 27 1 6 29 31 13 9 35 8 11 17 38 19 15 28 20 26 30 23 18 2 4 34 24 22 5 10 16 0
0 27 14 16 17 15 33 18 28 7 2 1 39 9 36 29 21 35 25 22 8 5 31 3 26 34 37 12 24 11 19 6 32 13 10 20 30 4 23 38 0
0 12 38 8 37 16 29 21 3 33 17 27 5 9 28 36 4 14 31 13 2 10 15 39 11 34 35 19 25 30 26 32 18 24 6 7 22 20 23 1 0
0 38 36 2 34 32 20 27 33 4 9 29 1 5 13 12 10 23 35 6 21 11 30 28 17 3 15 8 24 31 22 19 26 25 16 37 14 18 39 7 0
0 23 27 2 19 26 35 24 25 31 29 3 22 30 14 18 36 20 32 17 7 15 37 12 1 6 13 16 9 11 8 28 4 5 39 21 34 38 10 33 0
0 12 23 22 4 39 16 28 9 8 27 3 17 34 26 29 33 1 19 11 35 2 25 30 32 24 10 20 38 14 7 15 21 6 37 18 5 31 36 13 0
0 5 19 6 34 14 31 23 30 38 28 7 2 22 27 10 33 18 36 1 25 13 17 16 29 12 37 8 20 4 26 24 35 21 3 11 32 15 9 39 0
0 9 24 2 4 35 30 34 16 5 18 12 27 21 28 6 37 7 13 38 17 26 32 11 36 19 14 33 10 20 23 39 29 31 22 25 15 1 8 3 0
0 11 3 10 21 20 37 1 36 33 27 18 38 28 23 14 19 4 17 24 8 13 22 5 2 35 39 6 30 34 16 31 26 15 7 25 32 29 12 9 0
0 8 38 12 32 9 2 33 14 27 22 35 1 3 17 29 23 26 25 24 13 18 10 11 31 37 39 19 20 15 7 36 34 28 30 4 16 5 6 21 0
0 16 18 27 13 7 28 35 8 19 37 10 22 33 24 4 38 39 25 17 15 31 21 12 5 2 20 26 11 23 32 34 6 14 1 30 36 3 9 29 0
0 16 28 11 39 30 3 5 29 21 9 26 8 12 7 38 17 37 34 6 10 22 15 1 27 2 20 14 33 36 23 25 19 24 35 31 18 4 13 32 0
0 28 23 29 27 10 39 35 26 5 34 9 8 19 32 36 30 1 2 31 22 12 6 33 16 38 14 20 4 21 24 13 7 11 18 37 15 17 3 25 0
0 21 10 9 22 39 7 28 15 32 25 19 5 26 1 16 30 33 38 36 29 6 3 37 35 14 11 31 20 27 17 23 18 8 13 4 12 34 24 2 0
0 16 27 8 9 33 4 20 39 19 31 17 35 2 29 23 36 1 14 15 34 11 25 28 32 22 10 26 18 30 12 37 3 13 7 6 24 21 38 5 0
0 36 34 33 9 2 17 19 37 23 26 35 13 38 20 14 24 4 31 28 27 5 25 30 11 10 21 7 6 1 3 22 12 18 16 39 15 32 29 8 0
0 14 19 22 12 26 32 18 29 13 36 21 24 25 20 23 3 2 39 6 38 4 28 35 27 5 33 34 16 10 31 11 7 8 37 9 17 30 15 1 0
0 4 38 13 18 7 30 36 31 23 19 10 17 16 15 5 22 24 14 12 3 34 6 27 1 35 26 33 28 20 32 21 37 8 39 9 2 11 25 29 0
0 25 14 13 11 35 2 21 32 18 28 17 37 12 23 22 30 3 1 31 33 26 9 16 36 24 19 20 8 7 6 5 34 39 10 4 29 27 15 38 0
0 26 10 13 5 3 6 19 36 20 37 4 30 15 29 33 34 16 38 11 17 25 23 22 31 24 8 27 12 28 32 18 39 1 2 9 35 21 14 7 0
0 28 15 13 39 10 32 31 36 22 17 25 3 12 8 27 35 23 24 21 1 4 19 29 16 33 7 30 2 14 18 37 20 9 5 34 6 26 38 11 0
0 30 34 36 15 31 35 24 39 9 14 8 38 11 6 5 37 17 22 1 4 25 33 3 29 2 20 19 7 28 26 18 16 32 23 10 13 21 12 27 0
0 9 33 2 27 6 24 31 23 14 34 28 21 11 16 18 37 19 13 10 15 32 8 38 17 12 5 36 26 35 7 39 4 29 20 25 22 1 3 30 0
0 4 1 23 35 12 34 15 28 22 7 3 18 10 16 5 9 37 33 31 11 6 13 25 29 32 36 39 21 14 19 30 38 2 26 27 17 20 8 24 0
0 16 17 12 9 5 22 23 8 32 18 20 3 19 28 38 39 37 13 4 2 24 36 26 25 31 34 6 33 30 11 27 15 14 10 21 29 35 7 1 0
0 1 12 8 29 34 17 33 7 32 31 26 9 25 20 13 39 23 2 3 19 37 14 35 38 21 15 30 18 16 6 4 5 11 28 22 24 36 27 10 0
0 15 33 14 18 17 27 35 2 4 34 13 36 3 28 39 37 1 10 30 16 7 29 23 6 38 32 21 8 19 20 12 31 11 22 5 9 26 24 25 0
0 15 28 21 26 13 30 14 17 20 37 3 39 5 27 32 12 22 33 24 7 16 19 34 38 2 1 10 9 36 11 8 31 18 6 25 23 29 35 4 0
0 33 14 12 31 27 2 7 24 23 6 8 22 1 30 38 32 9 36 35 15 3 28 19 4 11 29 21 5 39 26 18 20 25 10 37 13 17 34 16 0
0 35 18 5 38 2 4 32 3 20 15 34 30 10 39 26 22 14 6 19 31 28 1 36 33 27 8 17 13 23 16 21 37 12 9 24 25 29 7 11 0
0 12 5 8 25 38 15 1 18 16 19 29 6 17 3 4 13 7 35 26 10 30 34 21 27 14 24 31 37 28 32 23 36 22 9 2 33 11 20 39 0
0 1 26 5 4 14 11 10 15 34 38 2 39 21 7 22 8 12 37 24 16 25 33 17 9 28 30 13 6 20 35 3 18 36 23 32 29 31 19 27 0
0 31 19 38 29 27 32 34 35 18 23 24 16 10 22 30 11 36 14 13 7 15 17 33 9 2 26 28 6 39 3 37 5 12 8 4 1 21 20 25 0
0 21 30 31 17 32 9 10 28 33 19 20 15 6 3 39 18 35 5 36 8 7 4 24 29 12 38 11 23 14 26 25 16 27 13 34 1 22 37 2 0
0 2 17 26 5 32 22 4 14 30 12 38 23 8 15 28 25 20 11 33 7 10 1 36 18 31 21 19 37 29 35 9 6 13 24 27 3 16 39 34 0
0 2 14 35 4 13 8 25 31 20 18 24 33 38 37 27 21 32 19 28 36 5 26 6 7 17 34 23 39 11 30 15 29 16 22 3 1 10 12 9 0
0 34 19 10 4 39 1 22 3 26 11 36 16 30 2 20 8 15 23 35 29 6 33 14 17 28 32 24 21 27 9 7 5 31 18 13 37 25 12 38 0
0 21 37 19 35 34 11 5 18 31 23 4 1 25 39 3 10 38 6 2 12 15 32 14 27 20 28 22 36 29 16 17 33 13 26 24 30 8 9 7 0
0 26 32 29 12 8 3 7 1 24 21 13 11 36 2 30 18 37 17 19 28 20 38 10 35 22 9 25 14 27 34 16 39 5 15 23 31 33 4 6 0
0 23 24 38 5 19 37 36 7 9 4 31 22 28 12 11 27 2 10 15 29 33 13 34 21 17 16 32 6 8 30 1 35 39 20 14 18 26 25 3 0
0 21 24 33 18 3 14 7 6 1 39 23 9 25 37 31 4 8 11 17 28 26 15 10 36 2 34 38 20 13 19 27 16 32 5 22 35 12 30 29 0
0 3 33 36 9 16 30 27 32 10 34 4 17 29 31 8 13 39 35 12 21 7 2 20 1 19 38 11 15 6 22 26 25 18 28 14 24 37 5 23 0
0 17 15 35 6 31 28 26 23 10 8 11 22 38 39 2 30 14 4 7 21 27 36 1 37 32 34 18 5 19 33 3 24 12 13 9 25 16 20 29 0
0 35 25 24 28 10 30 17 33 38 7 27 20 8 11 3 1 18 22 2 12 14 4 21 6 32 16 26 19 9 15 36 29 39 23 37 5 34 13 31 0
0 17 8 5 26 18 13 23 16 35 32 6 20 24 28 15 1 19 36 7 21 39 25 30 2 38 11 31 29 22 9 34 12 10 27 33 14 3 37 4 0
0 15 38 28 21 39 29 8 33 13 14 10 30 22 9 6 7 37 1 25 34 27 12 11 24 4 18 20 35 2 5 32 16 26 19 17 3 36 31 23 0
0 38 2 31 9 6 25 7 11 22 29 15 39 30 14 28 32 10 27 23 8 37 35 3 24 18 34 4 33 21 20 13 19 17 16 1 12 5 36 26 0
0 32 14 5 2 15 28 13 29 35 7 22 10 8 25 37 31 23 36 39 26 17 34 38 20 9 33 27 21 11 3 19 1 30 12 18 6 16 24 4 0
0 1 37 24 15 9 38 21 22 39 6 11 3 25 30 2 32 26 27 16 18 35 13 14 10 33 28 5 12 8 7 34 29 4 20 36 17 31 19 23 0
0 32 24 6 18 19 21 30 39 5 27 2 20 16 36 11 14 38 22 37 35 28 33 8 13 34 10 9 31 15 12 25 29 7 26 17 4 23 3 1 0
0 23 4 18 30 28 33 24 11 25 7 13 8 22 16 2 38 5 36 34 35 17 32 14 10 29 39 26 21 37 31 6 12 27 19 3 1 15 9 20 0
0 15 3 24 4 34 1 2 29 10 23 33 11 16 31 22 37 20 5 39 12 25 30 21 35 6 9 19 36 32 38 27 28 8 14 13 18 7 26 17 0
0 1 36 19 18 8 9 31 22 24 15 34 35 32 14 26 12 38 28 11 39 17 3 7 37 10 33 2 5 4 29 16 21 30 25 6 23 20 13 27 0
0 8 35 27 10 22 2 38 34 19 39 13 33 3 9 30 29 14 37 6 12 36 7 21 5 4 25 32 18 20 24 28 1 15 11 17 31 23 16 26 0
0 30 1 9 36 26 18 12 25 24 16 10 37 3 6 39 2 21 14 29 13 8 4 31 23 5 7 28 19 22 11 15 35 34 17 32 38 20 27 33 0
0 17 29 5 10 1 37 6 14 20 26 11 36 22 7 3 27 8 19 34 25 31 15 18 13 32 28 24 35 23 30 9 21 33 38 4 2 12 16 39 0
0 17 6 4 11 27 28 20 32 30 15 10 8 14 7 33 37 3 34 18 21 22 16 1 12 24 36 39 2 35 31 25 5 29 38 13 19 9 26 23 0
0 34 25 33 3 6 15 7 24 30 5 20 10 12 23 37 13 38 17 31 8 2 35 21 4 36 32 16 9 1 22 14 28 11 26 19 39 29 27 18 0
0 7 1 28 14 38 36 37 12 16 34 4 27 26 20 18 13 6 19 21 22 9 10 35 24 32 23 39 5 31 29 8 33 3 17 11 30 25 15 2 0
0 8 39 33 28 13 15 11 1 25 36 30 29 20 3 18 38 27 32 26 14 22 35 10 2 4 17 12 37 24 5 19 9 21 34 7 6 31 23 16 0
0 31 18 19 38 5 35 17 10 27 22 23 13 34 25 11 20 14 16 24 12 33 15 37 2 3 1 30 6 32 21 9 7 28 8 26 4 39 29 36 0
0 5 37 19 17 38 1 36 20 6 10 39 29 12 16 11 25 18 32 33 13 28 23 2 9 7 34 4 31 24 3 22 30 8 27 35 14 15 21 26 0
0 21 24 28 32 22 29 4 15 6 37 2 33 17 20 35 12 18 9 16 30 7 13 39 5 26 31 1 38 3 10 14 25 19 27 23 11 8 34 36 0
0 19 10 29 16 38 6 32 25 3 13 20 2 17 27 24 30 14 1 35 15 36 18 7 34 23 22 31 37 28 8 12 26 9 39 5 4 21 33 11 0
0 34 37 24 39 27 8 22 32 20 5 3 25 16 6 35 2 23 9 31 29 17 33 21 30 28 38 12 7 13 19 18 15 14 11 10 26 4 1 36 0
0 16 17 27 6 23 9 15 21 8 14 7 26 37 25 30 32 29 35 4 24 19 1 5 18 20 38 39 12 13 10 34 2 33 28 3 11 36 31 22 0
0 4 23 2 21 15 31 28 25 6 7 34 16 14 26 3 22 32 11 12 38 8 9 1 35 27 5 36 37 39 24 30 29 17 18 13 33 10 19 20 0
0 39 34 22 7 33 1 36 18 13 12 3 10 23 29 5 28 35 38 15 26 31 17 2 25 11 32 30 4 6 9 14 16 21 37 24 27 8 19 20 0
0 5 17 22 16 38 30 26 39 27 1 18 11 31 10 28 7 15 13 29 12 6 3 32 33 23 37 4 8 24 36 14 21 34 35 25 19 2 9 20 0
0 39 34 36 8 18 17 9 16 7 4 19 15 25 2 23 6 3 29 10 35 31 13 20 5 1 12 21 22 24 14 38 30 26 33 27 37 11 28 32 0
0 39 33 20 8 30 6 10 18 19 4 11 29 9 28 22 7 15 5 38 24 16 23 32 3 35 17 14 13 25 36 27 21 37 1 12 34 31 2 26 0
0 36 29 12 10 39 23 38 19 3 37 30 15 20 11 8 34 32 21 22 1 26 27 33 31 28 6 5 18 17 4 25 14 9 24 7 2 35 13 16 0
0 20 1 24 11 33 34 8 5 28 13 19 4 35 2 15 36 39 38 29 26 12 27 18 16 7 6 32 3 31 37 17 25 23 21 14 9 22 30 10 0
0 12 21 25 30 34 27 15 31 5 16 28 22 26 8 29 17 7 36 6 20 13 3 23 1 11 4 18 24 32 35 19 10 2 39 38 33 9 14 37 0
0 23 22 9 14 25 13 15 19 7 37 11 24 30 16 29 27 36 26 1 28 31 20 6 34 12 8 4 2 38 33 18 21 3 35 39 32 10 5 17 0
0 29 21 15 33 12 16 38 30 24 32 34 1 9 22 20 14 27 17 5 23 6 10 7 8 3 31 13 2 4 25 19 28 37 26 36 11 39 18 35 0
0 2 18 1 4 10 17 6 3 37 24 31 8 14 27 22 38 28 30 25 15 16 39 21 13 36 9 5 34 11 20 19 32 33 29 23 35 12 26 7 0
0 13 36 12 30 26 25 32 8 31 38 14 33 15 16 27 19 17 11 2 1 7 24 5 39 35 34 29 23 20 6 9 18 37 3 4 21 10 28 22 0
0 17 35 10 27 15 29 25 26 28 24 7 23 12 4 20 33 1 21 30 11 18 3 39 5 19 37 22 6 8 9 16 38 2 14 34 36 13 32 31 0
0 4 6 5 24 8 28 33 23 12 35 9 37 38 7 27 19 15 11 1 36 16 34 25 26 3 20 39 14 30 21 22 18 32 13 2 31 10 29 17 0
0 30 38 10 32 4 18 23 8 27 28 37 11 25 6 36 26 22 1 2 15 9 31 20 7 19 34 17 33 29 14 13 16 21 12 3 35 24 5 39 0
0 33 15 6 36 17 8 37 1 7 34 11 30 5 32 27 21 4 35 3 12 9 29 23 25 38 13 14 39 18 20 26 10 19 2 16 22 31 24 28 0
0 15 16 20 17 31 5 29 11 3 37 38 27 35 10 32 30 14 22 36 19 39 18 4 1 33 28 34 8 12 9 25 24 13 21 7 2 26 23 6 0
0 30 34 28 22 39 17 16 20 11 13 18 5 25 9 24 27 19 26 23 1 32 15 37 12 38 4 8 35 33 7 6 14 29 31 2 21 3 36 10 0
0 35 19 6 14 15 16 29 25 12 24 22 34 37 36 32 23 8 11 20 17 39 2 21 3 5 30 4 13 28 27 38 1 10 26 7 9 18 31 33 0
0 28 31 9 17 32 14 23 18 34 16 39 26 33 3 15 25 1 36 21 13 5 27 12 11 22 29 37 20 30 8 7 35 4 10 19 6 38 2 24 0
0 23 33 25 17 10 30 14 29 3 36 7 15 38 2 13 4 39 35 21 5 9 8 6 28 27 11 12 34 26 18 37 1 31 20 19 16 24 22 32 0
0 13 37 32 2 31 12 10 24 21 5 9 1 8 33 36 35 29 23 4 19 18 22 39 6 3 16 11 17 14 7 15 27 26 28 20 25 30 38 34 0
0 6 24 12 38 37 1 20 34 11 25 14 9 26 36 5 15 23 7 22 32 33 17 3 18 21 39 19 28 4 16 35 27 10 13 31 30 2 29 8 0
0 22 5 9 21 16 38 8 30 19 24 23 34 14 11 32 26 7 18 1 3 29 6 35 13 10 28 12 27 17 25 20 4 37 2 15 33 39 31 36 0
0 31 27 8 1 10 22 2 28 14 34 18 13 21 25 6 38 5 39 9 32 24 23 11 37 29 16 4 3 20 35 17 12 7 30 15 33 19 26 36 0
0 5 36 19 17 16 2 30 20 22 35 13 33 26 6 12 27 3 18 38 4 11 25 37 28 32 8 7 9 23 21 29 34 10 24 15 14 31 39 1 0
0 27 13 3 9 10 37 32 29 4 31 26 39 18 15 17 30 21 24 6 20 11 25 1 7 34 23 22 8 35 28 16 12 14 33 38 36 2 5 19 0
0 22 21 17 7 13 6 14 25 31 23 1 10 30 29 11 33 35 3 4 26 16 5 36 27 37 39 12 18 38 24 2 19 8 34 32 9 15 28 20 0
0 39 26 13 37 9 7 20 24 8 12 23 18 14 30 6 11 3 27 5 4 25 22 16 35 28 17 34 21 2 29 31 36 33 32 15 10 19 1 38 0
0 11 13 30 15 34 39 8 9 23 14 25 38 7 37 5 18 3 6 35 10 29 26 1 21 4 24 22 12 36 2 16 19 28 20 32 27 17 33 31 0
0 6 20 12 23 2 18 10 36 4 35 39 22 25 16 30 24 31 27 19 17 38 7 1 15 37 8 3 14 29 34 28 9 32 21 33 11 13 26 5 0
0 27 32 37 11 33 7 34 35 5 10 12 14 30 22 29 28 9 21 36 26 16 8 39 4 19 3 15 2 23 1 31 25 18 13 24 17 20 38 6 0
0 17 19 20 7 35 29 5 13 10 27 39 26 28 34 21 24 8 15 36 32 18 9 23 22 25 33 2 37 4 38 6 16 31 11 14 30 3 1 12 0
0 18 29 34 6 9 14 17 3 2 4 12 28 37 31 23 22 36 19 1 8 20 25 10 32 35 7 30 5 33 39 27 21 26 38 15 16 13 24 11 0
0 12 6 1 23 7 33 28 31 13 18 37 24 8 10 20 14 9 19 29 15 5 16 25 4 26 39 22 30 21 11 17 32 3 35 38 2 36 34 27 0
0 17 19 16 1 30 31 28 4 2 5 22 23 6 33 8 29 18 32 9 35 38 3 26 24 15 14 13 12 25 39 36 21 20 11 34 27 7 37 10 0
0 22 9 27 38 11 32 21 26 37 34 30 1 14 36 29 7 5 20 17 23 15 19 28 6 10 31 24 8 4 39 25 16 13 33 3 18 2 35 12 0
0 34 2 29 24 21 18 20 26 17 25 31 15 30 37 1 28 13 7 8 9 4 33 36 32 19 22 27 3 11 12 23 5 14 39 10 38 6 16 35 0
0 12 6 28 39 2 7 1 5 32 11 36 8 16 34 10 26 33 22 31 4 30 3 27 19 23 9 25 38 14 18 35 15 17 20 29 24 21 37 13 0
0 1 23 9 25 24 10 26 28 15 38 18 8 11 14 7 39 21 16 5 2 29 34 4 12 17 6 30 27 37 31 19 35 22 32 3 36 33 20 13 0
0 17 31 36 21 24 32 15 34 12 33 28 11 3 9 2 26 7 29 6 25 14 38 13 20 23 30 4 37 27 18 19 39 1 10 5 35 16 8 22 0
0 26 7 21 9 27 22 33 6 37 39 14 19 29 15 16 24 28 10 36 8 2 31 32 11 25 34 18 12 3 17 38 30 35 20 5 23 1 4 13 0
0 6 35 4 14 9 34 24 8 20 28 18 12 37 13 11 7 21 32 22 36 1 29 5 39 31 15 23 10 3 17 19 30 26 25 38 16 33 27 2 0
0 17 34 11 4 6 16 14 39 15 28 3 5 35 19 21 1 8 18 32 23 13 37 36 29 24 33 25 22 27 30 20 10 31 26 7 38 9 12 2 0
0 10 8 9 29 2 38 32 18 31 30 16 33 35 6 36 1 34 13 22 24 20 15 7 3 5 14 19 25 37 23 28 27 11 39 26 12 21 4 17 0
0 10 14 36 37 3 38 9 27 35 13 6 23 26 33 12 32 22 31 1 17 39 2 20 8 25 16 5 30 7 28 29 11 34 4 24 21 18 19 15 0
0 39 35 22 36 34 1 13 7 25 9 5 2 19 26 12 16 18 38 3 10 17 20 6 32 23 30 29 37 33 8 31 24 14 15 28 21 11 4 27 0
0 3 20 25 8 19 18 1 39 36 33 5 24 14 6 29 4 32 23 28 31 16 7 2 34 37 10 12 35 21 15 38 27 13 30 17 9 11 26 22 0
0 17 10 5 14 6 31 39 36 29 7 15 16 1 34 25 23 18 8 11 35 3 26 4 13 9 27 24 32 30 12 37 2 21 19 22 38 33 20 28 0
0 1 12 39 17 33 38 7 32 25 27 34 21 19 6 15 31 22 13 37 29 10 9 18 14 2 5 8 35 30 20 28 11 26 4 3 16 23 36 24 0
0 30 16 26 3 37 20 35 17 14 2 22 33 12 34 6 13 39 10 27 15 23 19 9 31 29 24 21 38 36 28 11 18 5 8 4 1 32 7 25 0
0 32 19 4 14 27 20 22 28 35 16 25 29 17 10 36 8 15 1 9 12 37 23 38 26 39 24 30 31 34 7 3 5 11 33 6 13 2 21 18 0
0 11 34 14 21 19 26 27 13 32 17 29 7 36 6 9 8 18 16 31 22 37 3 4 2 20 12 38 39 28 24 23 10 1 33 25 5 15 35 30 0
0 31 10 1 37 18 17 15 26 2 3 36 35 5 33 20 13 22 16 23 4 7 34 24 32 28 21 6 9 11 19 12 14 8 27 38 39 29 30 25 0
0 8 4 14 38 6 27 7 23 1 2 28 22 30 37 18 35 20 21 36 17 26 34 32 16 15 11 25 29 12 13 5 19 10 9 33 39 3 31 24 0
0 34 11 33 28 1 12 14 24 31 15 5 20 7 38 29 4 36 9 25 17 30 27 22 3 21 13 26 19 23 39 8 6 32 10 35 37 18 16 2 0
0 36 26 16 14 25 7 21 5 31 23 13 30 29 3 37 18 27 28 2 10 24 22 1 17 34 35 15 11 12 32 20 8 39 33 6 4 9 19 38 0
0 4 19 20 6 25 22 38 8 37 11 12 21 33 30 14 1 9 18 39 3 2 24 28 7 23 36 34 16 17 15 31 13 27 5 10 35 32 26 29 0
0 19 7 25 6 34 33 12 11 23 32 26 30 31 5 28 36 24 27 38 35 9 10 15 14 29 3 2 4 8 21 13 1 16 39 18 22 17 20 37 0
0 14 29 10 37 32 13 5 1 11 19 6 22 21 36 18 7 9 15 31 34 24 39 30 4 33 2 17 28 16 23 26 20 3 38 35 25 8 12 27 0
0 38 27 29 20 4 5 28 7 12 34 14 8 31 36 6 30 24 17 32 39 22 21 35 25 1 26 16 2 10 11 15 19 9 18 33 13 3 23 37 0
0 2 20 22 13 30 9 38 3 6 39 12 1 33 21 34 32 15 26 17 23 7 8 27 14 31 16 37 25 28 29 35 24 4 10 19 36 11 5 18 0
0 32 22 39 20 12 21 13 37 10 28 17 23 9 15 24 7 2 4 8 31 26 30 29 5 33 16 27 18 6 34 1 19 38 25 3 14 11 35 36 0
0 18 39 12 8 33 34 36 16 5 1 22 25 37 23 38 3 27 4 15 31 14 29 2 10 9 32 20 30 26 17 21 19 11 6 35 7 24 13 28 0
0 35 33 31 5 17 22 28 39 12 16 38 10 14 18 13 1 9 6 21 32 4 2 36 27 37 26 23 3 11 7 25 29 20 24 34 15 30 8 19 0
0 1 6 39 18 9 16 33 15 11 20 4 24 26 25 7 35 30 22 5 38 34 19 28 27 23 32 31 13 37 21 10 2 14 3 8 29 12 36 17 0
0 9 13 34 7 12 5 8 10 37 38 36 22 28 20 17 24 14 33 16 18 31 23 2 4 11 15 1 25 32 30 27 35 21 6 3 29 19 39 26 0
0 23 30 10 13 19 27 1 35 34 37 6 29 7 8 3 26 14 20 17 15 4 16 28 36 5 31 21 38 9 39 11 18 22 25 2 33 12 24 32 0
0 1 32 39 23 16 28 24 22 21 20 5 31 19 14 17 36 18 10 9 38 3 34 2 37 6 26 29 30 4 35 13 12 33 8 11 25 15 7 27 0
0 35 33 38 36 14 18 22 15 7 39 12 34 25 26 29 19 6 23 3 16 9 11 20 30 21 31 4 8 37 1 10 32 28 2 17 24 27 13 5 0
0 36 37 33 21 13 10 9 20 2 8 11 17 12 27 22 4 15 39 29 34 24 19 35 7 26 18 23 32 3 28 38 5 31 16 25 30 6 1 14 0
0 7 35 11 19 14 1 18 37 39 25 5 9 24 30 16 27 4 3 12 8 6 10 32 23 2 15 34 36 22 21 13 28 20 17 26 33 38 31 29 0
0 22 34 35 33 36 5 6 29 30 3 8 20 32 26 14 19 12 24 38 11 25 16 23 1 4 28 17 9 39 15 37 13 21 2 27 31 7 18 10 0
0 23 7 16 12 22 29 21 30 35 3 33 28 39 13 11 2 24 37 20 14 1 10 18 19 32 8 34 17 15 9 38 36 5 31 26 27 6 4 25 0
0 23 9 35 30 25 5 37 2 27 13 20 22 14 21 39 17 7 1 6 32 16 11 26 33 29 31 38 36 12 28 24 4 3 34 19 8 10 15 18 0
0 3 14 16 13 15 24 1 36 37 33 29 8 9 6 39 17 23 5 26 2 10 19 28 20 31 4 34 25 12 11 30 38 22 35 27 21 7 18 32 0
0 9 30 22 11 23 28 10 39 19 38 15 18 32 3 12 36 31 34 24 26 13 2 21 7 17 14 16 27 33 1 20 35 37 25 6 4 5 29 8 0
0 1 12 32 14 37 4 11 27 19 2 7 21 38 20 25 34 33 3 6 9 24 29 10 18 16 5 23 28 31 39 36 22 15 35 8 30 26 13 17 0
0 19 12 3 21 24 1 28 18 10 20 35 25 15 2 37 30 39 9 14 38 27 16 31 13 4 23 17 26 5 22 34 11 8 6 36 32 29 33 7 0
0 29 4 15 12 17 25 19 16 18 5 33 21 39 8 37 35 1 20 36 11 6 7 14 13 27 32 10 38 2 22 31 34 24 23 30 26 3 9 28 0
0 12 24 23 35 2 22 36 39 11 10 4 28 17 20 26 33 3 27 37 7 19 8 9 13 5 34 38 21 16 31 32 14 29 18 25 1 15 30 6 0
0 31 12 35 17 9 5 18 33 30 37 21 14 38 19 4 34 2 8 11 28 32 24 7 13 22 6 39 15 1 10 3 23 25 20 27 29 26 16 36 0
0 5 8 7 17 39 13 29 37 30 4 16 9 20 18 34 27 3 2 32 10 33 1 21 11 15 36 35 23 12 6 24 25 31 28 26 38 19 22 14 0
0 20 7 34 23 30 6 11 33 36 3 8 10 37 17 32 39 25 5 24 14 19 22 13 21 28 38 18 26 16 12 4 31 27 35 1 15 29 9 2 0
0 3 32 17 38 1 5 36 28 39 15 35 19 24 18 9 16 11 31 4 29 37 33 6 20 22 26 23 34 7 14 10 30 21 13 2 25 27 8 12 0
0 34 23 12 32 10 2 25 8 4 27 16 35 9 37 17 20 26 21 15 31 38 3 14 18 19 36 24 5 39 6 33 30 11 7 22 13 29 28 1 0
0 8 32 38 1 18 9 23 6 27 37 2 12 15 11 24 29 4 34 31 20 14 21 3 17 26 22 30 28 10 7 5 13 36 25 33 16 19 35 39 0
0 23 1 7 6 28 5 2 12 4 8 3 29 15 36 10 38 25 20 39 13 17 34 18 16 35 27 9 21 37 33 24 19 22 30 32 14 31 11 26 0
0 29 30 27 5 33 6 4 31 22 19 15 11 14 9 16 25 18 3 32 8 38 1 12 17 26 21 39 36 37 10 24 35 2 13 23 34 7 20 28 0
0 37 9 2 39 16 8 21 33 24 26 15 14 35 23 10 13 20 3 32 38 31 7 17 27 4 19 12 5 28 18 11 30 36 29 22 25 1 6 34 0
0 33 38 25 2 14 13 8 20 4 17 35 36 3 5 32 24 12 18 39 22 29 7 10 9 6 26 30 28 31 19 37 34 11 21 23 15 16 1 27 0
0 6 37 17 27 4 26 30 10 25 32 9 20 29 36 35 5 38 13 19 24 18 11 21 15 7 23 2 39 33 16 3 28 14 22 8 1 31 12 34 0
0 19 15 3 11 23 2 10 4 6 29 32 20 12 26 21 25 5 14 36 39 37 28 7 38 31 35 8 24 13 27 22 17 9 30 1 16 33 18 34 0
0 23 8 6 37 29 14 33 31 12 4 15 32 28 25 13 7 10 26 24 5 1 9 22 3 16 17 34 36 21 35 38 30 27 19 11 2 20 18 39 0
0 28 7 38 37 25 15 26 32 34 22 19 10 30 17 5 33 11 31 29 13 4 14 8 20 24 16 18 9 12 23 27 6 1 21 39 35 36 2 3 0
0 15 32 1 25 9 20 18 29 12 38 4 17 30 6 33 23 24 37 27 2 13 3 36 26 10 28 11 19 16 5 14 21 31 35 39 34 8 22 7 0
0 24 29 5 26 10 35 9 17 28 1 11 25 32 21 23 2 12 33 7 13 34 39 4 18 19 15 27 8 20 22 16 37 38 31 14 3 6 30 36 0
0 22 10 2 4 25 32 12 33 19 38 27 20 7 9 30 26 5 18 21 31 23 37 8 6 14 39 28 15 36 17 1 13 16 24 29 3 34 35 11 0
0 15 13 22 32 38 11 36 3 20 35 31 8 2 24 18 37 9 6 30 19 4 7 17 28 33 12 14 23 1 25 39 16 10 21 29 5 26 34 27 0
0 24 23 29 18 6 2 36 4 27 7 26 31 38 15 12 1 28 11 10 13 37 25 5 14 39 16 9 8 22 21 17 30 3 34 19 32 35 33 20 0
0 16 5 14 13 7 29 15 8 31 18 34 25 11 37 32 4 38 22 35 24 19 36 33 10 28 2 21 12 1 27 3 6 39 17 9 30 23 26 20 0
0 28 27 24 17 23 3 11 32 10 33 14 38 36 16 13 34 1 8 35 21 5 19 9 15 30 2 37 29 18 6 26 20 12 7 25 39 4 22 31 0
0 33 39 14 8 13 19 7 9 20 38 31 15 36 27 34 26 29 35 18 24 30 10 23 12 16 6 2 32 5 22 4 25 28 3 37 17 1 21 11 0
0 1 39 25 23 2 32 8 18 15 29 26 14 38 16 13 31 24 5 6 21 12 36 19 3 7 4 9 33 30 20 34 27 35 17 28 10 22 11 37 0
0 15 28 2 31 29 32 17 24 13 9 26 7 18 1 8 22 34 30 25 6 14 3 16 4 10 12 35 37 36 21 5 19 27 38 33 23 20 11 39 0
0 15 6 18 32 2 12 10 20 5 24 27 26 29 9 34 23 33 11 1 37 16 7 25 3 39 19 8 14 4 22 13 31 35 28 38 30 17 36 21 0
0 37 39 5 19 15 11 33 4 28 18 23 38 36 14 34 35 16 13 26 1 24 21 17 10 22 7 25 3 32 30 2 6 12 20 29 9 27 8 31 0
0 33 15 25 35 34 2 1 6 26 19 30 20 23 22 14 7 24 31 28 16 29 32 9 21 37 8 3 11 5 12 18 36 27 13 17 39 10 4 38 0
0 35 14 21 23 36 28 26 27 24 22 9 32 34 5 18 19 1 2 39 17 29 6 12 3 16 25 37 7 30 11 10 31 15 4 38 13 33 8 20 0
0 35 7 3 13 24 8 6 38 1 26 10 2 32 37 36 39 17 21 31 28 30 12 11 14 29 23 27 5 25 18 19 16 9 34 22 15 20 33 4 0
0 27 2 38 29 26 10 3 37 23 13 21 11 30 8 17 20 39 5 33 4 15 14 12 25 28 16 35 6 24 1 18 32 34 7 9 19 31 36 22 0
0 39 32 20 36 28 31 24 9 17 16 2 15 11 30 22 10 26 6 19 3 18 21 38 12 29 34 27 5 13 25 1 37 35 23 7 8 33 14 4 0
0 16 1 26 25 19 11 12 21 34 28 17 33 38 7 22 36 37 39 6 31 2 15 30 20 13 18 32 24 29 10 9 27 14 4 3 8 35 5 23 0
0 25 29 5 20 2 3 15 19 26 22 18 11 13 9 12 14 36 23 34 24 17 39 35 6 32 21 33 7 8 10 28 38 4 37 31 27 16 30 1 0
0 14 24 16 9 38 15 17 20 26 25 33 29 6 4 39 21 1 30 27 35 22 34 18 13 23 7 3 8 36 28 10 37 11 2 31 32 12 5 19 0
0 25 14 24 20 31 30 26 15 18 32 28 38 9 29 11 4 35 22 23 21 16 10 2 19 13 34 39 36 6 12 17 8 27 33 3 1 7 5 37 0
0 35 13 10 15 4 20 5 23 32 38 16 26 18 1 24 36 33 2 27 25 6 28 30 14 19 12 3 22 39 29 21 17 37 11 34 9 7 8 31 0
0 16 29 12 30 23 37 4 5 6 19 22 1 15 24 7 2 25 10 32 35 13 8 3 34 14 20 33 17 31 38 28 39 27 9 26 36 18 11 21 0
0 5 24 2 3 11 20 9 27 21 18 10 33 26 22 34 29 23 25 38 4 28 16 37 14 39 15 8 17 30 35 36 12 1 7 31 13 32 19 6 0
0 17 32 7 5 4 35 13 20 38 2 9 25 22 11 21 37 24 12 16 39 23 30 3 27 18 15 19 29 34 1 31 33 26 10 8 14 6 28 36 0
0 25 32 17 11 2 15 18 34 12 10 30 35 36 19 1 33 22 4 27 16 9 29 8 31 6 37 23 3 28 24 26 5 14 13 38 20 7 21 39 0
0 5 24 10 22 31 14 23 28 3 18 13 29 6 12 38 25 15 33 34 16 17 30 20 2 19 32 4 39 37 11 35 26 8 27 7 21 1 36 9 0
0 35 34 36 1 29 4 13 23 28 22 6 20 27 26 17 9 37 21 31 25 7 10 3 19 2 30 32 14 5 12 33 39 16 18 8 38 11 15 24 0
0 1 24 30 8 26 39 19 4 23 10 22 29 3 31 14 25 6 28 27 15 35 2 36 33 21 37 34 17 20 7 11 5 38 18 12 16 32 9 13 0
0 13 20 34 3 5 1 24 36 31 6 27 29 15 7 32 10 23 16 28 26 8 17 9 2 21 18 19 38 11 33 37 30 12 4 22 25 35 39 14 0
0 4 30 1 6 9 33 10 20 32 3 39 15 36 8 37 35 25 17 18 7 27 14 31 12 26 29 24 23 21 5 22 34 16 28 38 11 19 2 13 0
0 12 30 17 38 6 11 37 34 14 3 33 2 32 36 10 4 35 26 27 16 23 39 8 15 13 18 21 24 1 29 7 31 22 9 5 28 19 25 20 0
0 27 22 19 24 35 16 14 5 7 26 23 18 20 32 30 21 3 34 28 31 29 39 36 4 33 10 13 11 2 9 12 17 38 8 15 37 1 25 6 0
0 13 28 7 4 3 10 14 8 17 20 36 15 25 1 2 16 29 19 6 22 12 37 23 39 35 26 9 30 31 24 38 11 18 27 33 32 34 21 5 0
0 5 8 9 32 21 3 1 14 37 11 7 39 6 4 30 34 31 2 20 12 36 13 26 29 24 35 19 23 10 38 33 27 17 15 22 28 18 25 16 0
0 22 7 24 34 28 1 2 9 31 36 13 5 11 10 18 15 6 8 32 39 37 16 14 26 4 29 17 27 30 38 20 25 33 23 35 21 19 3 12 0
0 3 18 14 21 6 20 11 33 10 32 37 23 22 17 9 5 15 4 13 2 25 26 24 35 16 29 39 28 12 34 30 19 27 1 38 8 31 36 7 0
0 3 33 32 38 20 19 23 34 37 17 2 14 10 4 26 21 15 25 39 28 13 22 36 18 31 29 6 7 35 24 27 8 30 9 16 11 1 5 12 0
0 38 4 27 15 19 6 11 10 16 31 14 22 9 2 1 32 12 39 35 20 26 3 21 25 34 8 33 36 23 13 24 29 37 28 18 17 7 30 5 0
0 6 9 18 32 31 33 2 11 1 3 4 12 15 24 23 10 17 22 35 36 29 19 37 8 21 28 7 34 16 39 14 25 20 38 27 30 13 26 5 0
0 2 22 27 17 9 25 7 31 20 32 11 36 23 35 30 15 13 1 8 14 26 3 28 33 5 6 37 34 24 10 16 38 19 39 18 21 4 12 29 0
0 10 31 17 22 37 38 7 5 25 15 20 35 2 34 27 23 33 19 11 29 12 39 14 13 16 18 4 8 1 9 6 24 28 21 26 3 30 36 32 0
0 38 30 18 23 17 31 10 11 22 13 4 20 29 3 25 21 14 32 35 19 8 39 26 15 33 36 6 12 37 24 28 9 16 27 1 7 5 2 34 0
0 9 11 32 26 16 21 27 4 5 15 39 6 19 20 38 8 2 1 7 30 3 12 25 24 10 17 29 34 33 18 14 28 22 35 23 31 13 37 36 0
0 28 34 30 37 17 18 21 33 9 29 15 6 13 31 10 24 26 39 16 5 23 4 8 3 12 14 20 27 1 32 35 22 38 11 19 7 25 36 2 0
0 2 16 11 26 29 38 20 33 37 12 1 21 28 30 8 7 34 31 15 17 4 32 25 22 14 3 13 19 35 18 10 39 24 5 9 6 27 23 36 0
0 8 16 11 18 2 12 25 7 9 38 33 32 27 36 5 31 4 21 14 37 24 39 10 17 35 15 13 3 22 28 6 34 26 23 30 20 19 1 29 0
0 14 24 16 18 27 8 38 21 19 7 39 9 30 33 28 4 3 34 32 17 11 22 12 36 10 25 26 20 15 2 1 6 37 5 29 31 13 35 23 0
0 5 26 11 10 1 24 14 21 9 7 30 16 15 25 38 37 28 29 4 36 3 32 22 20 23 39 18 8 13 34 6 19 27 2 31 12 33 17 35 0
0 28 1 22 3 34 15 25 30 18 20 26 24 38 23 2 5 14 9 12 31 37 16 6 19 7 10 33 8 27 39 17 13 32 35 29 4 11 36 21 0
0 4 20 12 35 9 25 19 6 28 32 11 5 31 1 15 23 14 16 36 29 17 2 7 8 24 3 34 13 27 22 39 26 33 18 37 30 10 38 21 0
0 16 8 27 6 23 39 32 36 7 1 10 9 17 22 3 33 26 28 19 25 18 14 13 5 30 35 24 20 21 37 12 31 4 2 38 11 34 29 15 0
0 26 15 2 36 3 5 1 23 38 9 6 34 33 16 13 28 17 11 18 14 30 12 27 37 29 32 22 10 20 19 25 31 8 24 4 39 21 7 35 0
0 29 6 3 10 16 24 14 12 15 30 20 26 1 25 5 2 35 7 23 18 39 9 22 37 31 28 8 27 36 11 33 13 4 34 19 32 17 38 21 0
0 16 17 38 7 3 12 28 15 8 33 29 27 4 22 18 31 21 24 30 36 25 6 1 32 2 5 34 13 39 10 14 19 9 35 20 26 37 23 11 0
0 13 10 16 1 24 23 20 36 19 9 30 12 5 27 11 38 31 8 35 32 21 18 29 37 7 17 25 3 6 22 4 2 15 28 14 39 33 34 26 0
0 32 14 30 17 5 15 21 13 9 6 22 1 4 7 11 27 8 18 28 20 36 35 2 24 34 3 39 16 10 19 29 38 33 25 37 26 12 31 23 0
0 2 38 18 34 23 5 22 30 7 16 27 12 19 39 1 35 29 3 17 4 21 15 36 28 26 25 31 6 8 37 9 13 32 20 33 11 14 10 24 0
0 37 30 38 6 21 12 31 23 20 29 10 7 16 14 5 13 3 26 39 9 8 22 36 27 1 15 17 2 19 25 11 32 34 24 35 18 4 33 28 0
0 18 13 20 27 38 9 37 17 4 6 30 26 35 36 16 19 7 21 28 31 1 29 24 12 8 15 23 3 10 32 14 11 34 5 22 33 25 39 2 0
