# n n_solutions
60 1000
# n x n distance matrix
0 8640 3401 8209 5462 10153 3640 5714 860 4016 6789 1526 6020 6794 4455 3605 3337 4201 1843 4229 4304 5508 6555 3046 8100 5590 7399 7382 5300 6262 989 2500 9700 4580 6040 8544 6228 2580 7826 5234 3905 7433 10089 5420 3360 4368 6923 6242 8280 2800 2102 3067 6627 2607 5385 707 5277 7470 2061 1442
8640 0 10043 2002 5661 8913 9089 6519 7983 5825 7872 8363 4326 7738 4254 10080 9660 10682 8720 10217 4770 10272 5280 6572 2308 4404 11097 5728 3820 8523 7787 8098 8967 4609 11327 7414 12376 7324 1166 7500 4743 1923 8813 6963 5614 4272 3992 8850 7592 6000 9529 9021 2475 9861 10264 9002 10607 10199 7045 7278
3401 10043 0 8947 5044 8300 1200 4709 4119 4253 4972 2213 6203 5044 5940 223 412 824 5223 893 5280 2360 6082 3482 8732 5909 4272 6606 7602 4085 4143 1979 7747 7083 2668 7061 2885 2758 8988 3705 5672 8372 8263 4201 5993 6161 7021 3891 6693 4341 1315 1029 7632 854 2220 3945 1969 4669 5141 4341
8209 2002 8947 0 4123 6911 7877 4879 7705 4716 6074 7592 2801 5936 3811 8944 8542 9489 8713 8969 3945 8796 3500 5632 316 3041 9402 3807 4410 6824 7505 7116 6972 5053 9859 5434 11000 6389 1118 5946 4428 854 6811 5375 5728 4079 2202 7169 5632 5414 8668 7920 1612 8918 8809 8700 9200 8431 7003 7011
5462 5661 5044 4123 0 5131 3889 921 5353 1500 2501 4295 1345 2400 2961 5000 4632 5478 6720 4924 2118 4675 1118 2416 3860 1300 5458 1923 5024 2915 5186 3505 4830 5069 5738 3360 6881 2983 4500 1843 3324 3764 5047 1303 4788 3492 2012 3220 3224 3111 5100 4060 3224 5215 4686 6126 5080 4648 5303 4841
10153 8913 8300 6911 5131 0 7201 4534 10253 6560 3413 8720 5630 3383 7962 8134 7970 8228 11666 7653 7206 6413 4438 7286 6606 5961 5423 3573 9867 4215 10111 7741 600 10072 7117 1788 8405 7582 7900 4940 8411 7211 100 4742 9912 8499 5295 4427 1920 8200 9042 7694 7200 8900 6530 10857 7021 4301 10384 9841
3640 9089 1200 7877 3889 7201 0 3512 4177 3264 3827 2158 5099 3889 5140 1118 806 1612 5470 1131 4386 1910 4903 2662 7647 4837 3764 5408 6977 3001 4143 1414 6664 6555 2667 5894 3383 2061 8000 2507 4973 7349 7158 3001 5578 5437 5887 2860 5536 3716 1910 583 6640 1700 1802 4295 1843 3883 5000 4201
5714 6519 4709 4879 921 4534 3512 0 5738 2059 1603 4386 2195 1513 3820 4627 4304 5021 7144 4438 2942 3966 1476 2758 4596 2213 4579 1900 5907 2012 5589 3478 4161 5903 5021 2842 6226 3138 5353 1118 4123 4604 4459 538 5515 4341 2690 2332 2617 3689 5000 3805 4114 5024 3996 6407 4429 3733 5860 5307
860 7983 4119 7705 5353 10253 4177 5738 0 3858 6965 2022 5724 6952 3900 4310 4000 4936 1421 4900 3905 6082 6400 2983 7623 5281 7930 7271 4517 6551 200 2879 9835 3773 6702 8579 6987 2720 7233 5420 3306 6900 10183 5517 2555 3733 6609 6576 8348 2404 2863 3634 6100 3372 5967 1019 5913 7892 1204 707
4016 5825 4253 4716 1500 6560 3264 2059 3858 0 3573 3000 2102 3511 2088 4272 3858 4860 5220 4393 1208 4614 2549 1004 4522 1726 5869 3413 4158 3601 3689 2404 6212 4001 5630 4816 6585 1711 4743 2300 2200 4118 6481 2061 3478 2531 3000 3805 4640 1640 3981 3224 3383 4205 4579 4661 4860 5308 3828 3342
6789 7872 4972 6074 2501 3413 3827 1603 6965 3573 0 5326 3640 141 5423 4827 4617 5024 8386 4428 4539 3452 2594 4081 5768 3748 3397 2408 7510 1019 6841 4341 2920 7496 4396 2109 5700 4252 6711 1555 5707 5950 3361 1523 7051 5941 3894 1360 1726 5147 5635 4295 5565 5515 3535 7496 4031 2360 7256 6628
1526 8363 2213 7592 4295 8720 2158 4386 2022 3000 5326 0 5100 5341 4118 2376 2022 3036 3324 2915 3668 4060 5412 2002 7433 4709 5920 6168 5522 4750 2002 989 8246 4940 4701 7169 5096 1315 7409 3780 3720 6896 8660 4031 3807 4220 6000 4720 6879 2385 1204 1612 6103 1640 3945 2220 3901 5948 2942 2137
6020 4326 6203 2801 1345 5630 5099 2195 5724 2102 3640 5100 0 3517 2420 6184 5793 6708 6977 6177 1886 6014 1216 3100 2555 447 6774 2061 4237 4205 5536 4472 5457 4477 7076 3860 8200 3811 3162 3188 2969 2420 5536 2640 4524 2941 905 4527 3863 3324 6067 5186 1931 6258 6020 6621 6403 5909 5384 5107
6794 7738 5044 5936 2400 3383 3889 1513 6952 3511 141 5341 3517 0 5333 4903 4684 5115 8373 4517 4455 3569 2459 4049 5630 3634 3538 2267 7416 1140 6824 4360 2906 7414 4522 2022 5824 4244 6579 1562 5629 5818 3328 1476 6989 5854 3758 1486 1649 5099 5679 4346 5440 5571 3649 7500 4143 2500 7220 6603
4455 4254 5940 3811 2961 7962 5140 3820 3900 2088 5423 4118 2420 5333 0 6010 5586 6652 4924 6262 905 6664 3535 2483 3748 2024 7955 4441 2102 5621 3700 3962 7724 2118 7653 6174 8521 3182 3373 4341 632 3000 7872 4001 2140 538 3124 5854 6109 1746 5300 4951 2202 5661 6618 4904 6860 7354 3228 3201
3605 10080 223 8944 5000 8134 1118 4627 4310 4272 4827 2376 6184 4903 6010 0 424 670 5433 670 5326 2140 6020 3538 8723 5903 4049 6518 7710 3921 4328 2061 7576 7206 2451 6923 2720 2831 9013 3600 5762 8386 8099 4110 6132 6247 6989 3716 6551 4440 1529 1063 7655 1077 2000 4159 1746 4459 5315 4512
3337 9660 412 8542 4632 7970 806 4304 4000 3858 4617 2022 5793 4684 5586 424 0 1081 5178 900 4903 2236 5671 3114 8325 5503 4159 6203 7294 3757 4004 1640 7424 6800 2707 6694 3101 2408 8598 3313 5341 7975 7930 3800 5738 5825 6609 3584 6332 4022 1341 640 7240 989 2102 3929 1941 4459 4964 4159
4201 10682 824 9489 5478 8228 1612 5021 4936 4860 5024 3036 6708 5115 6652 670 1081 0 6007 600 5946 1941 6456 4172 9259 6449 3753 6887 8375 4060 4964 2720 7653 7876 1969 7133 2061 3482 9601 3945 6420 8958 8200 4491 6802 6902 7484 3807 6747 5103 2100 1702 8241 1603 1802 4716 1414 4325 5965 5165
1843 8720 5223 8713 6720 11666 5470 7144 1421 5220 8386 3324 6977 8373 4924 5433 5178 6007 0 6067 5107 7349 7738 4386 8668 6530 9234 8626 5000 7961 1555 4248 11253 4197 7877 9982 8002 4140 8109 6841 4295 7876 11595 6935 3106 4638 7838 7975 9758 3671 3911 4904 7102 4404 7227 1303 7119 9261 1711 1886
4229 10217 893 8969 4924 7653 1131 4438 4900 4393 4428 2915 6177 4517 6262 670 900 600 6067 0 5517 1486 5882 3780 8732 5936 3383 6296 8062 3471 4904 2416 7083 7605 1811 6537 2282 3138 9121 3354 6074 8462 7624 3905 6578 6545 6935 3228 6152 4788 2184 1392 7762 1746 1345 4805 1077 3841 5854 5048
4304 4770 5280 3945 2118 7206 4386 2942 3905 1208 4539 3668 1886 4455 905 5326 4903 5946 5107 5517 0 5818 2842 1802 3811 1442 7060 3763 3006 4716 3710 3328 6935 2961 6826 5420 7746 2555 3757 3436 1208 3228 7119 3100 2720 1403 2731 4949 5322 1513 4792 4263 2435 5100 5780 4850 6046 6449 3498 3257
5508 10272 2360 8796 4675 6413 1910 3966 6082 4614 3452 4060 6014 3569 6664 2140 2236 1941 7349 1486 5818 0 5437 4301 8527 5872 1923 5646 8636 2433 6053 3300 5824 8296 1063 5514 2284 3847 9127 2860 6612 8414 6395 3440 7397 7038 6640 2109 5108 5457 3577 2451 7798 3190 141 6135 608 2385 6902 6107
6555 5280 6082 3500 1118 4438 4903 1476 6400 2549 2594 5412 1216 2459 3535 6020 5671 6456 7738 5882 2842 5437 0 3511 3201 1523 5903 921 5440 3330 6226 4617 4244 5636 6489 2657 7702 4100 4122 2594 4022 3361 4346 2012 5560 4070 1303 3679 2647 4080 6207 5124 3041 6303 5470 7209 5905 4939 6248 5852
3046 6572 3482 5632 2416 7286 2662 2758 2983 1004 4081 2002 3100 4049 2483 3538 3114 4172 4386 3780 1802 4301 3511 0 5457 2707 5813 4338 4346 3860 2831 1526 6888 4002 5239 5597 6045 761 5547 2600 2325 4976 7213 2580 3201 2778 4001 3981 5374 1200 3036 2475 4204 3310 4237 3712 4428 5445 3176 2561
8100 2308 8732 316 3860 6606 7647 4596 7623 4522 5768 7433 2555 5630 3748 8723 8325 9259 8668 8732 3811 8527 3201 5457 0 2823 9104 3492 4500 6529 7424 6926 6661 5110 9590 5119 10741 6209 1360 5672 4373 921 6506 5099 5724 4052 1910 6876 5316 5300 8489 7707 1581 8727 8542 8609 8940 8127 6963 6935
5590 4404 5909 3041 1300 5961 4837 2213 5281 1726 3748 4709 447 3634 2024 5903 5503 6449 6530 5936 1442 5872 1523 2707 2823 0 6753 2418 3929 4215 5092 4123 5756 4114 6931 4178 8015 3436 3255 3106 2549 2549 5869 2594 4103 2555 1334 4518 4148 2879 5707 4884 1941 5920 5869 6184 6228 5946 4939 4661
7399 11097 4272 9402 5458 5423 3764 4579 7930 5869 3397 5920 6774 3538 7955 4049 4159 3753 9234 3383 7060 1923 5903 5813 9104 6753 0 5805 10022 2580 7885 5080 4825 9786 1972 5056 3104 5508 9932 3676 8023 9180 5433 4159 9004 8395 7200 2247 4651 7011 5500 4332 8682 5110 2059 8041 2343 1170 8670 7891
7382 5728 6606 3807 1923 3573 5408 1900 7271 3413 2408 6168 2061 2267 4441 6518 6203 6887 8626 6296 3763 5646 921 4338 3492 2418 5805 0 6296 3328 7102 5315 3436 6529 6664 1824 7930 4870 4609 2942 4940 3863 3478 2408 6481 4973 1802 3688 1902 4981 6873 5703 3701 6918 5700 8049 6168 4742 7158 6742
5300 3820 7602 4410 5024 9867 6977 5907 4517 4158 7510 5522 4237 7416 2102 7710 7294 8375 5000 8062 3006 8636 5440 4346 4500 3929 10022 6296 0 7722 4341 5660 9684 806 9585 8095 10344 4924 3492 6438 2024 3580 9773 6103 1969 1627 4701 7951 8077 3275 6720 6688 3041 7158 8579 5503 8772 9452 3417 3858
6262 8523 4085 6824 2915 4215 3001 2012 6551 3601 1019 4750 4205 1140 5621 3921 3757 4060 7961 3471 4716 2433 3330 3860 6529 4215 2580 3328 7722 0 6449 3764 3667 7602 3383 3100 4684 3847 7357 1303 5800 6603 4178 1649 7003 6107 4622 360 2701 5021 4882 3522 6126 4701 2517 6965 3014 1746 7000 6307
989 7787 4143 7505 5186 10111 4143 5589 200 3689 6841 2002 5536 6824 3700 4328 4004 4964 1555 4904 3710 6053 6226 2831 7424 5092 7885 7102 4341 6449 0 2816 9699 3605 6700 8428 7021 2607 7034 5300 3106 6700 10040 5381 2385 3535 6418 6484 8203 2213 2912 3612 5900 3420 5941 1216 5903 7818 1081 509
2500 8098 1979 7116 3505 7741 1414 3478 2879 2404 4341 989 4472 4360 3962 2061 1640 2720 4248 2416 3328 3300 4617 1526 6926 4123 5080 5315 5660 3764 2816 0 7261 5189 4079 6217 4695 781 7071 2801 3701 6488 7683 3087 4176 4186 5346 3744 5916 2385 1603 1029 5724 1802 3201 3201 3255 5015 3605 2816
9700 8967 7747 6972 4830 600 6664 4161 9835 6212 2920 8246 5457 2906 7724 7576 7424 7653 11253 7083 6935 5824 4244 6888 6661 5756 4825 3436 9684 3667 9699 7261 0 9843 6519 1612 7805 7142 7915 4468 8143 7202 608 4318 9617 8263 5215 3862 1615 7849 8523 7169 7125 8364 5943 10406 6432 3701 10020 9449
4580 4609 7083 5053 5069 10072 6555 5903 3773 4001 7496 4940 4477 7414 2118 7206 6800 7876 4197 7605 2961 8296 5636 4002 5110 4114 9786 6529 806 7602 3605 5189 9842 0 9202 8285 9883 4494 4205 6300 1802 4205 9980 6029 1220 1581 5060 7800 8227 2846 6122 6216 3580 6580 8228 4741 8381 9302 2640 3140
6040 11327 2668 9859 5738 7117 2667 5021 6702 5630 4396 4701 7076 4522 7653 2451 2707 1969 7877 1811 6826 1063 6489 5239 9590 6931 1972 6664 9585 3383 6700 4079 6519 9202 0 6395 1315 4712 10186 3920 7564 9475 7111 4500 8245 8005 7700 3036 5984 6356 3980 3114 8852 3517 1063 6609 824 2863 7623 6818
8544 7414 7061 5434 3360 1788 5894 2842 8579 4816 2109 7169 3860 2022 6174 6923 6694 7133 9982 6537 5420 5514 2657 5597 5119 4178 5056 1824 8095 3100 8428 6217 1612 8285 6395 0 7710 5964 6338 3453 6624 5614 1700 3138 8130 6711 3605 3405 412 6453 7631 6324 5514 7558 5607 9241 6106 3891 8644 8132
6228 12376 2885 11000 6881 8405 3383 6226 6987 6585 5700 5096 8200 5824 8521 2720 3101 2061 8002 2282 7746 2284 7702 6045 10741 8015 3104 7930 10344 4684 7021 4695 7805 9883 1315 7710 0 5420 11253 5110 8352 10564 8402 5693 8839 8820 8874 4341 7299 7070 4130 3667 9903 3622 2236 6700 1802 4119 8026 7226
2580 7324 2758 6389 2983 7582 2061 3138 2720 1711 4252 1315 3811 4244 3182 2831 2408 3482 4140 3138 2555 3847 4100 761 6209 3436 5508 4870 4924 3847 2607 781 7142 4494 4712 5964 5420 0 6306 2701 2941 5737 7516 2842 3551 3420 4704 3900 5700 1655 2280 1780 4965 2549 3765 3280 3889 5288 3201 2469
7826 1166 8988 1118 4500 7900 8000 5353 7233 4743 6711 7409 3162 6579 3373 9013 8598 9601 8109 9121 3757 9127 4122 5547 1360 3255 9932 4609 3492 7357 7034 7071 7915 4205 10186 6338 11253 6306 0 6341 3931 761 7800 5800 5035 3505 2846 7685 6493 5096 8549 7961 1360 8854 9124 8249 9476 9035 6403 6527
5234 7500 3705 5946 1843 4940 2507 1118 5420 2300 1555 3780 3188 1562 4341 3600 3313 3945 6841 3354 3436 2860 2594 2600 5672 3106 3676 2942 6438 1303 5300 2801 4468 6300 3920 3453 5110 2701 6341 0 4500 5607 4882 583 5707 4816 3780 1513 3130 3736 4178 2886 5047 4122 2884 5941 3312 3014 5769 5110
3905 4743 5672 4428 3324 8411 4973 4123 3306 2200 5707 3720 2969 5629 632 5762 5341 6420 4295 6074 1208 6612 4022 2325 4373 2549 8023 4940 2024 5800 3106 3701 8143 1802 7564 6624 8352 2941 3931 4500 0 3605 8324 4229 1555 500 3720 6003 6530 1345 4920 4720 2816 5314 6555 4318 6753 7505 2596 2601
7433 1923 8371 854 3764 7211 7349 4604 6900 4118 5950 6896 2420 5818 3000 8386 7975 8958 7876 8462 3228 8414 3361 4976 921 2549 9180 3863 3580 6603 6700 6488 7202 4205 9475 5614 10564 5737 761 5607 3605 0 7111 5060 4876 3238 2088 6933 5755 4652 8005 7342 806 8285 8414 7902 8777 8276 6165 6200
10089 8813 8263 6811 5047 100 7158 4459 10183 6481 3361 8660 5536 3328 7872 8099 7930 8200 11595 7624 7119 6395 4346 7213 6506 5869 5433 3478 9773 4178 10040 7683 608 9980 7111 1700 8402 7516 7800 4882 8324 7111 0 4675 9827 8409 5197 4396 1843 8121 8994 7647 7102 8856 6511 10793 7003 4304 10307 9766
5420 6963 4201 5375 1303 4742 3001 538 5517 2061 1523 4031 2640 1476 4001 4110 3800 4491 6935 3905 3100 3440 2012 2580 5099 2594 4159 2408 6103 1649 5381 3087 4318 6029 4500 3138 5693 2842 5800 583 4229 5060 4675 0 5536 4501 3201 1931 2860 3624 4560 3324 4527 4554 3466 6122 3894 3395 5745 5140
3360 5614 5993 5728 4788 9912 5578 5515 2555 3478 7051 3807 4524 6989 2140 6132 5738 6802 3106 6578 2720 7397 5560 3201 5724 4103 9004 6481 1969 7003 2385 4176 9617 1220 8245 8130 8839 3551 5035 5707 1555 4876 9827 5536 0 1700 5263 7156 8012 2002 4964 5186 4143 5437 7316 3534 7421 8637 1456 1920
4368 4272 6161 4079 3492 8499 5437 4341 3733 2531 5941 4220 2941 5854 538 6247 5825 6902 4638 6545 1403 7038 4070 2778 4052 2555 8395 4973 1627 6107 3535 4186 8262 1581 8005 6711 8820 3420 3505 4816 500 3238 8409 4501 1700 0 3606 6328 6647 1843 5420 5200 2473 5812 6985 4751 7200 7830 2927 3026
6923 3992 7021 2202 2012 5295 5887 2690 6609 3000 3894 6000 905 3758 3124 6989 6609 7484 7838 6935 2731 6640 1303 4001 1910 1334 7200 1802 4701 4622 6418 5346 5215 5060 7700 3605 8874 4704 2846 3780 3720 2088 5197 3201 5263 3606 0 4967 3704 4205 6946 6016 1910 7119 6661 7518 7072 6242 6217 5980
6242 8850 3891 7169 3220 4427 2860 2332 6576 3805 1360 4720 4527 1486 5854 3716 3584 3807 7975 3228 4949 2109 3679 3981 6876 4518 2247 3688 7951 360 6484 3744 3862 7800 3036 3405 4341 3900 7685 1513 6003 6933 4396 1931 7156 6328 4967 0 3001 5162 4763 3405 6441 4548 2202 6940 2701 1503 7083 6369
8280 7592 6693 5632 3224 1920 5536 2617 8348 4640 1726 6879 3863 1649 6109 6551 6332 6747 9758 6152 5322 5108 2647 5374 5316 4148 4651 1902 8077 2701 8203 5916 1615 8227 5984 412 7299 5700 6493 3130 6530 5755 1843 2860 8012 6647 3704 3001 0 6280 7300 5980 5600 7211 5203 8980 5702 3488 8464 7924
2800 6000 4341 5414 3111 8200 3716 3689 2404 1640 5147 2385 3324 5099 1746 4440 4022 5103 3671 4788 1513 5457 4080 1200 5300 2879 7011 4981 3275 5021 2213 2385 7849 2846 6356 6453 7070 1655 5096 3736 1345 4652 8121 3624 2002 1843 4205 5162 6280 0 3580 3413 3847 3969 5385 3337 5536 6637 2193 1788
2102 9529 1315 8668 5100 9042 1910 5000 2863 3981 5635 1204 6067 5679 5300 1529 1341 2100 3911 2184 4792 3577 6207 3036 8489 5707 5500 6873 6720 4882 2912 1603 8523 6122 3980 7631 4130 2280 8549 4178 4920 8005 8994 4560 4964 5420 6946 4763 7300 3580 0 1360 7223 509 3443 2630 3257 5762 3956 3178
3067 9021 1029 7920 4060 7694 583 3805 3634 3224 4295 1612 5186 4346 4951 1063 640 1702 4904 1392 4263 2451 5124 2475 7707 4884 4332 5703 6688 3522 3612 1029 7169 6216 3114 6324 3667 1780 7961 2886 4720 7342 7647 3324 5186 5200 6016 3405 5980 3413 1360 0 6603 1236 2334 3716 2302 4465 4509 3705
6627 2475 7632 1612 3224 7200 6640 4114 6100 3383 5565 6103 1931 5440 2202 7655 7240 8241 7102 7762 2435 7798 3041 4204 1581 1941 8682 3701 3041 6126 5900 5724 7125 3580 8852 5514 9903 4965 1360 5047 2816 806 7102 4527 4143 2473 1910 6441 5600 3847 7223 6603 0 7514 7789 7100 8132 7839 5393 5403
2607 9861 854 8918 5215 8900 1700 5024 3372 4205 5515 1640 6258 5571 5661 1077 989 1603 4404 1746 5100 3190 6303 3310 8727 5920 5110 6918 7158 4701 3420 1802 8364 6580 3517 7558 3622 2549 8854 4122 5314 8285 8856 4554 5437 5812 7119 4548 7211 3969 509 1236 7514 0 3052 3114 2823 5448 4459 3676
5385 10264 2220 8809 4686 6530 1802 3996 5967 4579 3535 3945 6020 3649 6618 2000 2102 1802 7227 1345 5780 141 5470 4237 8542 5869 2059 5700 8579 2517 5941 3201 5943 8228 1063 5607 2236 3765 9124 2884 6555 8414 6511 3466 7316 6985 6661 2202 5203 5385 3443 2334 7789 3052 0 6008 500 2523 6800 6003
707 9002 3945 8700 6126 10857 4295 6407 1019 4661 7496 2220 6621 7500 4904 4159 3929 4716 1303 4805 4850 6135 7209 3712 8609 6184 8041 8049 5503 6965 1216 3201 10406 4741 6609 9241 6700 3280 8249 5941 4318 7902 10793 6122 3534 4751 7518 6940 8980 3337 2630 3716 7100 3114 6008 0 5869 8149 2109 1725
5277 10607 1969 9200 5080 7021 1843 4429 5913 4860 4031 3901 6403 4143 6860 1746 1941 1414 7119 1077 6046 608 5905 4428 8940 6228 2343 6168 8772 3014 5903 3255 6432 8381 824 6106 1802 3889 9476 3312 6753 8777 7003 3894 7421 7200 7072 2701 5702 5536 3257 2302 8132 2823 500 5869 0 2952 6811 6007
7470 10199 4669 8431 4648 4301 3883 3733 7892 5308 2360 5948 5909 2500 7354 4459 4459 4325 9261 3841 6449 2385 4939 5445 8127 5946 1170 4742 9452 1746 7818 5015 3701 9302 2863 3891 4119 5288 9035 3014 7505 8276 4304 3395 8637 7830 6242 1503 3488 6637 5762 4465 7839 5448 2523 8149 2952 0 8489 7749
2061 7045 5141 7003 5303 10384 5000 5860 1204 3828 7256 2942 5384 7220 3228 5315 4964 5965 1711 5854 3498 6902 6248 3176 6963 4939 8670 7158 3417 7000 1081 3605 10020 2640 7623 8644 8026 3201 6403 5769 2596 6165 10307 5745 1456 2927 6217 7083 8464 2193 3956 4509 5393 4459 6800 2109 6811 8489 0 806
1442 7278 4341 7011 4841 9841 4201 5307 707 3342 6628 2137 5107 6603 3201 4512 4159 5165 1886 5048 3257 6107 5852 2561 6935 4661 7891 6742 3858 6307 509 2816 9449 3140 6818 8132 7226 2469 6527 5110 2601 6200 9766 5140 1920 3026 5980 6369 7924 1788 3178 3705 5403 3676 6003 1725 6007 7749 806 0
# set of given starting solutions
0 49 8 35 57 11 4 31 18 43 21 41 15 20 16 59 25 40 47 3 32 27 2 58 36 46 12 14 34 10 39 45 50 37 30 29 44 9 17 51 7 28 56 52 42 13 54 5 19 55 53 48 22 33 24 23 38 1 6 26 0
0 49 31 16 35 43 47 40 38 56 58 21 44 55 30 42 34 32 37 19 54 20 4 7 8 52 50 25 33 10 15 48 36 57 26 41 5 11 27 14 46 22 24 23 45 28 53 13 6 9 39 3 18 12 51 29 17 1 2 59 0
0 27 29 11 16 6 55 4 25 56 33 32 35 46 2 57 14 51 10 21 36 30 47 31 39 53 42 41 24 59 26 9 18 5 12 40 3 8 38 19 34 22 54 7 13 43 45 58 20 44 17 15 28 48 37 50 52 49 23 1 0
0 41 30 1 43 13 27 18 56 31 50 47 2 32 15 8 11 57 38 22 46 53 19 24 4 3 39 54 49 9 16 42 20 23 29 21 55 34 14 5 33 45 36 12 40 26 35 7 44 10 6 48 17 59 25 52 58 28 37 51 0
0 37 3 16 52 24 8 29 39 27 31 35 9 53 57 20 18 28 23 15 40 12 5 7 59 38 22 4 58 51 34 45 44 1 33 11 47 42 25 26 43 19 46 55 49 41 14 2 30 56 6 54 36 50 17 13 32 21 48 10 0
0 51 3 19 9 35 52 7 40 16 36 34 23 2 43 44 38 21 58 1 12 46 30 31 32 45 15 26 13 48 18 25 10 6 24 20 33 54 55 4 57 50 17 5 8 56 22 39 59 28 14 49 37 29 11 53 42 41 27 47 0
0 50 32 59 48 2 39 8 24 23 31 57 10 7 28 52 34 14 18 13 33 53 1 56 27 54 49 58 26 12 43 22 42 36 6 20 40 16 29 15 21 11 25 45 17 5 44 9 4 41 55 38 37 19 35 47 3 46 30 51 0
0 20 21 10 50 46 23 59 27 35 3 49 5 45 44 42 4 8 15 28 11 40 19 26 58 17 57 25 22 18 34 55 7 9 56 54 41 43 39 13 24 31 2 51 32 29 33 12 38 16 52 48 30 6 36 37 53 14 47 1 0
0 5 12 7 39 41 51 28 52 35 18 2 29 32 57 30 13 40 24 1 44 14 23 26 4 36 54 33 9 22 11 17 53 38 3 49 27 37 8 19 50 21 56 25 47 10 42 46 59 20 15 6 16 55 31 34 58 43 45 48 0
0 19 10 30 51 31 49 2 3 56 48 37 57 34 21 20 24 14 12 58 6 43 26 59 39 23 28 5 36 4 52 35 16 55 38 45 25 1 50 53 15 17 22 13 18 27 29 9 11 40 7 44 42 54 32 46 47 41 8 33 0
0 22 48 30 1 24 3 46 59 8 57 19 37 50 14 36 52 17 27 54 41 4 18 42 20 45 29 10 6 28 55 16 53 58 23 51 31 5 26 25 40 34 35 56 39 47 9 32 21 44 11 49 15 13 12 7 33 2 38 43 0
0 19 3 44 25 27 58 13 30 55 33 26 54 32 42 21 31 56 36 7 14 35 9 50 8 10 4 2 6 5 16 47 12 11 53 49 48 20 41 1 24 59 57 38 29 52 37 39 17 34 46 18 22 43 23 40 28 51 45 15 0
0 54 49 51 6 40 11 5 14 29 37 32 10 18 3 1 39 27 45 34 47 16 43 36 56 23 21 24 7 46 58 48 30 28 9 35 50 55 22 2 20 52 53 44 19 8 42 25 13 12 26 17 38 31 41 33 59 4 15 57 0
0 54 50 5 42 53 20 48 33 56 7 18 46 29 26 2 40 16 28 30 3 27 35 45 17 4 11 37 12 8 22 51 10 41 23 57 25 39 31 14 38 9 6 24 34 58 1 52 21 44 36 32 43 47 49 15 59 19 55 13 0
0 23 18 5 57 9 55 27 45 54 50 10 40 41 30 36 59 31 3 24 12 43 13 25 51 52 26 14 47 37 8 38 58 4 16 17 15 21 39 49 48 34 46 33 35 29 11 19 20 7 53 32 22 56 42 44 2 28 6 1 0
0 7 16 49 55 29 22 48 53 41 18 52 25 15 35 8 30 34 33 32 9 56 21 5 40 59 19 12 54 50 51 6 44 36 4 45 26 47 10 39 24 11 58 20 3 57 28 2 42 38 23 17 1 14 31 46 37 13 43 27 0
0 28 48 47 57 58 21 30 31 33 16 36 55 20 32 59 34 9 5 40 27 53 50 6 12 19 14 10 8 2 42 4 26 49 37 46 1 11 7 52 35 43 51 15 24 13 45 29 39 17 3 23 54 25 44 38 18 22 41 56 0
0 53 8 33 50 17 13 21 11 3 57 15 25 34 30 14 36 51 26 58 56 4 31 32 39 35 5 49 46 23 18 24 22 37 54 40 6 41 29 1 20 38 52 55 7 9 47 28 48 44 10 19 16 27 2 45 43 42 12 59 0
0 53 4 17 15 1 2 33 45 32 20 10 57 16 9 40 24 14 56 34 25 26 5 49 46 21 29 55 19 43 59 6 44 35 58 23 41 8 28 38 37 48 36 7 3 50 51 31 12 47 27 22 42 13 52 39 30 11 18 54 0
0 36 22 14 34 19 46 56 30 54 27 51 45 55 8 53 58 1 41 4 5 26 2 32 3 15 25 49 31 12 24 10 13 6 50 39 9 42 37 28 52 47 21 11 17 35 43 23 20 18 38 44 7 29 40 33 57 59 16 48 0
0 26 30 33 13 51 59 43 35 5 23 44 18 27 3 28 29 4 7 41 39 24 12 17 45 14 16 54 11 32 25 56 47 58 38 37 40 9 53 48 31 21 52 55 15 57 50 2 36 34 42 20 10 8 46 19 22 49 1 6 0
0 43 36 38 22 14 30 2 47 39 59 41 54 55 50 17 25 1 44 3 34 19 9 12 31 16 42 57 4 6 5 48 10 29 35 46 51 24 33 26 13 11 18 27 58 21 7 15 40 28 8 23 53 37 20 49 52 56 45 32 0
0 58 32 51 23 41 34 24 11 48 20 35 49 22 21 10 31 15 43 5 55 19 25 26 8 29 36 2 39 27 3 57 4 54 40 53 1 46 44 50 17 9 33 59 28 30 47 52 45 16 12 7 38 56 42 18 37 14 13 6 0
0 14 9 3 18 19 29 47 44 25 54 13 49 51 36 24 42 23 46 33 53 34 1 56 57 59 4 15 40 16 58 30 35 52 27 28 8 38 37 5 20 48 41 12 39 2 32 11 22 50 17 6 21 43 7 55 31 10 45 26 0
0 33 36 57 49 27 21 58 38 59 1 12 42 11 25 45 28 23 16 20 18 48 4 52 39 34 19 24 17 2 47 9 5 10 29 44 7 30 54 55 46 15 26 14 31 43 41 51 40 8 56 35 53 13 22 3 50 6 32 37 0
0 52 13 31 24 22 9 38 28 43 47 29 56 36 33 30 1 53 7 12 20 16 45 18 11 3 26 8 32 17 44 10 4 54 2 15 37 41 23 19 42 50 6 25 5 49 40 58 39 21 46 59 51 35 34 14 48 55 27 57 0
0 27 36 28 51 15 57 2 47 35 45 18 32 17 50 53 29 34 49 8 40 24 26 58 33 21 4 23 19 38 5 52 7 37 48 13 44 3 31 59 43 42 30 46 22 55 14 11 20 56 9 10 16 1 39 54 41 25 12 6 0
0 11 29 15 2 1 23 46 54 48 59 26 6 57 33 10 9 42 14 38 18 17 44 31 37 56 50 12 16 39 19 7 55 32 40 25 30 24 22 58 28 34 41 35 45 27 8 21 52 51 49 47 4 53 13 20 43 3 5 36 0
0 10 42 43 51 45 26 48 22 20 2 7 8 56 50 18 11 59 30 24 34 55 28 5 9 16 57 4 38 53 21 12 44 14 49 52 25 27 23 35 46 39 37 41 47 40 13 15 54 17 58 36 19 6 1 31 33 29 3 32 0
0 24 15 40 2 12 49 6 39 3 31 17 45 7 27 22 29 26 38 21 25 33 4 5 47 48 42 32 37 35 8 54 36 59 44 28 51 56 11 1 16 57 53 50 52 30 23 20 18 58 34 10 19 55 46 13 43 14 41 9 0
0 10 50 1 26 43 6 21 51 52 3 2 16 12 7 15 19 5 40 45 33 55 4 41 29 48 47 28 58 32 44 34 13 8 9 17 39 37 24 25 53 38 18 11 27 49 59 54 42 46 23 36 31 57 35 14 30 56 22 20 0
0 32 29 50 42 57 40 11 46 1 4 47 22 55 58 17 52 7 48 20 44 43 30 25 2 37 41 38 35 39 51 8 31 18 45 59 26 33 34 5 24 23 49 9 14 19 12 6 15 3 27 36 16 28 54 53 56 10 13 21 0
0 53 13 50 4 23 58 35 32 27 11 41 46 51 33 2 6 56 12 54 57 7 38 44 29 31 14 18 34 28 42 10 3 9 47 37 43 25 55 36 8 1 26 19 20 39 17 30 15 24 22 52 45 21 48 49 59 40 5 16 0
0 24 50 53 30 25 17 43 51 42 19 23 59 38 48 4 44 55 35 41 29 27 13 58 47 5 21 32 7 57 28 31 34 49 14 54 18 12 3 2 45 33 20 10 39 56 1 9 40 22 11 46 26 16 36 37 6 8 15 52 0
0 35 3 10 9 17 25 47 50 22 53 16 56 45 7 26 23 21 55 31 33 20 40 29 24 4 12 36 54 44 28 32 5 51 38 48 41 58 27 57 15 6 34 18 14 13 11 49 1 59 2 52 46 19 8 37 39 30 43 42 0
0 28 30 56 18 52 15 40 59 45 25 20 35 50 7 19 51 49 29 17 44 37 26 21 41 54 32 12 46 2 48 23 14 34 22 8 27 42 16 33 11 24 5 31 47 43 6 38 55 58 9 13 39 53 1 3 4 57 36 10 0
0 42 51 49 4 15 17 30 10 12 38 54 57 5 7 39 33 36 1 50 20 58 43 37 48 40 56 23 25 32 52 13 24 46 19 35 28 6 44 21 55 14 45 34 8 47 9 22 11 2 27 29 3 26 53 31 59 41 18 16 0
0 55 38 49 34 10 31 58 48 43 44 54 20 16 37 35 2 40 47 26 1 4 30 19 3 57 18 24 14 39 25 9 51 28 36 41 23 22 15 5 11 32 27 13 21 7 46 50 33 29 42 17 8 53 52 56 6 59 45 12 0
0 9 57 55 3 37 38 53 5 15 44 33 27 24 18 51 50 4 49 20 1 7 52 39 47 2 36 10 48 8 30 6 25 17 42 11 16 59 31 54 12 43 41 32 23 56 34 26 45 29 21 46 13 19 22 58 28 14 40 35 0
0 20 2 22 10 16 41 39 18 3 57 38 30 58 12 54 23 43 27 35 15 40 7 33 45 34 6 32 25 55 5 17 1 51 8 14 37 47 4 44 26 42 28 52 53 36 11 31 46 21 24 56 59 49 19 50 48 9 29 13 0
0 27 9 58 45 39 16 30 59 4 21 8 33 19 26 17 53 46 20 6 40 52 56 38 25 42 3 22 51 1 18 24 13 7 57 34 15 10 32 49 23 47 50 43 44 41 55 48 12 37 2 29 28 11 54 35 31 14 36 5 0
0 50 13 40 33 4 14 2 24 49 25 18 27 36 23 34 37 15 8 57 26 51 28 22 58 45 44 12 30 43 52 17 56 7 42 47 53 54 38 6 46 10 32 16 3 20 11 35 41 59 48 19 31 1 9 39 21 55 29 5 0
0 37 24 10 4 17 5 19 1 20 18 47 29 56 44 40 28 45 50 3 16 32 43 58 55 6 27 8 11 52 41 21 30 49 12 57 42 25 59 54 38 22 48 34 36 13 14 51 39 35 33 15 31 9 23 53 7 2 26 46 0
0 21 9 50 28 47 17 33 55 34 31 4 5 30 26 10 57 38 15 54 13 56 11 18 44 29 49 19 2 35 41 58 23 39 59 8 36 43 20 25 7 45 32 27 16 1 52 42 6 12 24 53 40 46 51 48 22 3 37 14 0
0 45 6 26 39 3 19 25 42 36 34 44 12 33 14 46 55 27 52 35 41 57 15 59 17 38 16 53 49 54 8 51 43 18 24 22 5 23 28 1 4 10 47 31 37 40 29 7 48 13 32 58 20 30 56 2 11 9 21 50 0
0 2 5 32 59 28 39 47 43 26 18 48 21 1 12 55 52 42 17 3 33 9 8 36 16 19 49 38 7 24 56 6 27 40 14 53 30 31 51 54 11 4 23 44 57 46 50 22 20 35 15 41 13 37 58 29 10 45 34 25 0
0 34 52 13 22 20 1 44 40 30 21 28 25 39 16 27 2 29 26 47 51 57 10 55 4 53 3 32 46 36 33 50 41 45 58 5 35 8 7 17 54 15 9 37 49 6 12 48 56 38 59 11 31 19 23 43 24 42 14 18 0
0 57 17 31 28 11 25 51 21 49 4 59 42 18 37 47 35 2 32 30 41 24 38 45 48 29 10 7 46 16 22 19 9 54 3 27 36 15 43 1 52 44 56 14 26 5 53 23 50 6 33 40 58 8 13 34 20 12 55 39 0
0 36 50 9 34 55 24 37 18 19 57 46 21 54 14 38 58 12 4 32 33 6 16 47 23 7 27 42 20 5 3 51 41 8 26 29 30 17 59 48 39 10 28 31 22 52 45 25 11 13 44 56 35 49 15 1 2 40 43 53 0
0 40 41 55 9 3 32 8 25 35 4 50 47 54 15 45 56 59 37 49 7 31 36 13 11 17 33 1 30 43 10 58 18 29 24 20 22 2 53 38 26 39 52 14 42 44 51 27 48 6 46 57 5 23 16 28 34 19 12 21 0
0 8 58 29 21 42 16 3 31 25 54 36 5 15 51 11 30 38 44 34 23 19 46 2 33 27 9 56 28 40 59 55 6 22 4 13 52 24 12 14 47 43 26 48 18 57 53 50 45 35 10 20 32 39 37 17 49 1 41 7 0
0 14 8 30 58 19 46 3 27 5 2 1 11 48 28 33 40 23 50 36 49 59 6 31 52 51 20 54 42 12 24 47 55 35 25 7 10 56 4 34 17 43 37 38 32 16 9 39 26 41 29 21 22 13 18 45 57 53 44 15 0
0 16 29 33 8 26 52 41 39 10 6 28 4 15 58 36 56 2 50 27 43 38 42 13 47 37 19 21 44 46 55 3 11 35 40 23 48 12 59 31 17 25 14 1 45 9 7 49 32 51 20 30 57 34 18 54 53 24 5 22 0
0 52 11 33 56 46 18 36 25 35 47 32 27 58 16 53 17 7 29 44 40 20 54 45 15 19 12 38 59 13 4 3 21 14 41 51 31 30 22 6 50 23 57 37 24 42 39 26 34 28 5 9 10 48 1 55 8 49 43 2 0
0 26 42 25 41 53 37 58 32 30 24 36 49 55 9 27 44 59 35 48 19 52 51 13 40 16 10 45 46 38 39 11 47 5 8 43 12 6 14 7 18 22 31 4 50 1 21 28 54 3 33 29 2 57 20 15 23 17 34 56 0
0 4 29 54 22 17 40 24 45 35 37 44 19 53 42 27 25 39 41 18 46 2 58 49 14 8 32 48 59 11 38 1 12 7 9 52 43 51 57 13 50 16 15 34 47 36 56 20 21 28 31 33 55 3 30 5 10 26 6 23 0
0 50 13 54 53 58 25 14 59 55 1 15 19 41 3 9 33 43 52 40 21 6 39 7 56 22 57 32 48 18 34 29 31 4 28 10 30 26 17 37 44 36 2 42 23 24 47 51 12 49 35 8 38 45 20 46 16 11 5 27 0
0 57 5 36 39 28 59 29 31 41 4 51 17 40 58 18 25 8 33 26 30 56 49 35 47 45 20 16 19 42 46 55 21 43 27 11 54 7 37 32 3 50 13 38 44 1 9 6 48 34 52 53 2 24 10 14 23 22 12 15 0
0 32 43 24 14 50 9 20 23 38 2 48 41 45 58 21 52 29 10 46 4 35 6 12 44 19 28 15 39 40 55 53 56 57 36 42 22 18 16 13 34 8 59 30 25 5 11 7 1 26 33 31 27 17 47 49 3 37 54 51 0
0 2 52 18 5 41 59 8 4 35 23 14 58 21 16 29 7 39 46 51 30 22 56 1 43 20 42 44 32 11 50 3 53 6 31 47 28 26 36 24 57 17 37 49 25 15 13 19 33 27 10 34 38 12 45 55 54 40 48 9 0
0 16 36 50 53 25 6 17 7 21 47 42 29 24 43 8 51 5 28 31 35 37 55 48 9 58 45 46 26 13 10 40 57 33 27 38 39 52 49 15 19 34 1 12 41 23 2 56 3 54 59 32 20 18 14 11 4 44 30 22 0
0 20 41 2 17 23 52 15 36 25 49 32 28 26 42 58 19 14 24 6 48 37 40 57 47 38 30 18 39 50 55 16 8 22 10 13 53 33 4 27 31 29 54 34 9 12 46 43 51 7 35 44 11 3 1 45 5 21 59 56 0
0 52 18 31 53 1 6 8 48 29 44 41 26 38 46 24 47 9 15 39 58 55 28 35 17 3 13 54 16 19 22 33 30 51 50 45 20 14 56 40 2 59 34 7 57 49 42 37 36 5 21 12 4 25 43 23 10 27 32 11 0
0 35 11 28 48 54 17 31 12 33 21 50 30 56 16 25 4 23 6 52 58 53 7 55 32 8 26 1 45 5 15 42 3 14 2 57 44 41 46 34 9 19 10 18 22 39 36 40 43 29 20 38 13 47 37 59 27 24 51 49 0
0 40 44 17 7 4 50 36 13 52 41 27 51 56 12 2 34 38 48 21 23 32 57 46 20 58 25 15 1 30 42 31 55 37 59 49 39 35 3 19 28 47 6 22 16 24 5 29 8 9 26 45 11 33 14 18 54 43 10 53 0
0 16 43 37 39 50 12 36 14 57 47 52 53 48 6 4 21 44 41 55 17 2 13 38 22 35 9 25 56 59 15 34 24 19 3 45 23 51 40 33 1 58 30 10 46 8 11 27 26 20 54 28 7 49 32 5 31 42 18 29 0
0 2 59 27 46 11 31 24 45 33 39 3 28 57 29 17 18 54 25 13 6 23 43 5 8 47 41 53 1 7 4 20 48 38 58 21 44 51 35 34 52 12 9 49 50 30 16 10 14 32 37 55 36 15 22 19 26 40 42 56 0
0 14 46 24 4 12 28 47 32 19 10 49 45 6 3 53 13 41 27 25 59 34 21 30 58 44 29 51 15 22 37 39 17 7 43 5 8 55 1 38 48 33 56 54 20 35 52 18 2 23 9 31 57 40 50 16 26 42 11 36 0
0 57 31 6 54 19 58 45 46 48 52 38 32 40 24 5 43 47 9 12 13 22 56 18 35 29 49 41 4 11 16 27 8 34 3 23 51 30 33 59 15 53 7 1 37 50 55 2 20 10 26 28 39 44 21 36 42 25 17 14 0
0 2 44 19 36 27 42 49 50 3 23 24 9 20 28 53 12 25 33 32 55 15 10 56 45 47 8 21 26 48 29 22 58 1 38 16 18 54 43 30 57 35 37 4 5 41 11 31 14 59 13 40 17 34 39 7 51 46 52 6 0
0 45 46 1 27 26 40 25 10 5 21 16 58 29 23 34 32 20 33 55 22 9 2 18 28 42 30 37 49 43 12 35 44 31 39 53 19 15 36 17 13 11 24 3 54 4 7 41 38 57 56 59 50 14 51 6 48 8 52 47 0
0 12 35 15 55 33 48 8 37 54 17 21 42 26 44 19 7 47 57 4 14 36 29 9 34 18 46 24 27 2 31 10 3 43 6 13 40 32 53 30 39 56 11 20 49 51 52 22 50 23 16 38 25 41 45 28 1 5 59 58 0
0 57 23 27 6 26 44 20 7 12 45 54 21 55 25 37 9 51 17 2 48 24 56 11 58 43 13 39 46 28 15 22 8 53 36 5 1 33 42 10 40 19 38 41 32 50 16 59 31 30 14 49 4 3 47 35 29 52 18 34 0
0 48 18 51 50 24 27 46 17 59 57 21 41 13 43 23 47 12 22 53 15 38 44 2 10 54 1 33 16 45 30 14 31 28 35 29 32 11 37 36 19 25 49 52 4 7 56 6 40 9 3 8 26 58 39 42 55 5 20 34 0
0 9 16 17 13 39 1 28 14 56 53 22 8 55 54 35 42 26 40 4 27 15 24 32 7 12 3 2 33 58 44 41 43 52 6 19 5 11 49 30 18 36 47 21 50 37 25 51 20 23 34 38 45 10 29 48 59 57 31 46 0
0 26 22 58 6 1 29 11 27 13 50 21 18 19 37 57 41 59 35 49 46 56 45 30 54 31 40 4 10 33 9 51 14 16 36 34 23 55 39 5 15 2 25 43 8 44 20 12 47 17 24 38 52 32 53 28 48 3 42 7 0
0 4 7 12 15 17 43 41 28 1 18 44 37 35 21 46 11 32 16 30 25 56 53 52 42 10 48 6 19 38 49 3 24 55 13 2 47 59 23 22 51 5 9 45 8 31 33 58 14 39 54 57 26 36 50 34 40 29 27 20 0
0 23 16 55 43 56 12 9 29 57 51 10 26 30 59 21 38 44 34 54 47 2 46 37 40 15 7 50 4 14 31 52 17 41 39 32 25 48 6 13 1 28 20 58 42 3 11 27 33 19 5 49 18 35 53 36 22 8 24 45 0
0 19 58 2 12 25 15 54 28 21 42 6 49 45 32 50 14 36 34 41 29 44 43 8 40 5 9 30 37 16 27 7 33 51 1 3 23 26 53 22 56 52 39 24 20 10 47 59 17 38 46 4 57 48 31 55 11 35 18 13 0
0 8 45 38 46 30 54 20 56 1 2 10 29 41 44 58 14 43 36 3 6 26 55 17 16 12 9 24 42 22 23 32 33 59 57 39 37 25 5 18 15 51 28 21 13 49 31 7 52 48 11 40 4 19 50 34 53 35 47 27 0
0 26 3 39 56 30 8 17 20 29 27 38 35 59 24 45 10 6 9 36 16 28 47 12 13 4 50 15 37 7 58 23 52 46 34 22 1 43 2 11 54 55 25 31 19 40 18 49 5 48 21 57 33 53 51 44 41 32 14 42 0
0 55 29 14 40 22 24 17 25 59 9 39 10 51 58 56 41 15 13 1 16 20 37 53 54 57 27 6 21 33 31 45 11 7 12 32 30 8 3 42 23 34 38 52 36 47 19 43 46 44 4 2 28 5 35 26 49 18 50 48 0
0 39 6 13 56 4 45 21 37 34 11 51 43 12 32 9 42 22 36 24 14 33 18 30 8 50 28 2 54 26 19 44 59 3 27 46 53 7 41 15 55 23 49 16 48 5 52 25 31 57 10 58 17 47 35 38 40 29 1 20 0
0 48 18 19 23 35 37 16 20 15 51 38 52 40 11 55 1 3 57 25 13 39 14 46 6 24 10 47 17 58 31 26 4 34 33 36 42 59 21 5 12 43 41 45 9 30 49 22 8 32 2 50 53 7 44 28 56 29 27 54 0
0 38 45 47 18 28 57 23 3 50 56 20 13 7 12 37 4 10 6 19 51 14 29 42 48 58 1 9 17 46 55 33 35 31 39 24 54 15 2 36 8 59 40 30 32 16 25 53 21 22 49 43 5 41 44 26 27 52 11 34 0
0 3 19 46 18 36 50 7 40 54 44 31 5 42 57 43 35 21 25 58 30 38 27 17 34 1 2 51 14 28 9 49 10 11 53 12 23 32 29 59 4 6 24 37 56 13 55 45 41 22 39 33 20 15 26 8 52 16 47 48 0
0 23 33 13 57 28 50 37 7 31 54 3 11 8 20 46 52 26 49 38 9 24 5 41 19 55 10 14 2 16 27 18 4 25 47 53 42 17 30 59 44 36 32 1 34 48 45 15 22 6 51 43 12 21 29 35 56 40 58 39 0
0 45 43 57 14 18 19 38 1 56 50 16 10 11 8 20 49 55 40 53 15 32 58 7 46 42 34 29 41 52 44 59 35 37 31 27 17 51 21 28 47 12 36 6 33 54 23 9 24 26 2 48 25 13 3 5 30 39 4 22 0
0 45 35 19 33 7 26 47 37 14 57 46 56 58 23 55 38 49 43 28 18 10 5 15 39 40 4 20 3 8 29 51 11 41 2 36 22 53 1 44 31 34 59 54 42 27 30 52 24 25 17 48 13 16 50 12 32 6 21 9 0
0 35 43 8 10 59 44 58 23 36 1 40 46 38 27 20 30 55 48 5 57 14 26 49 52 53 34 54 29 45 17 25 31 7 4 51 22 19 9 18 6 47 28 42 3 2 41 13 50 37 33 15 16 11 24 12 56 21 32 39 0
0 41 1 17 38 37 11 24 25 31 33 12 46 26 43 4 54 18 50 39 3 58 14 52 13 6 27 36 7 15 29 21 20 44 30 9 48 28 8 32 49 56 59 22 2 23 10 45 34 57 51 42 53 40 55 5 35 19 47 16 0
0 49 15 35 40 4 51 17 52 30 39 23 12 1 41 46 11 38 45 5 21 19 47 8 53 37 44 56 27 18 33 26 3 25 50 34 58 31 29 24 22 43 36 59 28 14 13 48 10 57 32 16 9 2 54 6 7 55 42 20 0
0 43 31 41 32 10 23 57 35 18 34 2 29 39 24 16 25 19 11 45 54 26 20 40 36 1 58 50 56 9 27 4 55 53 8 30 38 6 42 46 33 52 15 5 44 17 3 47 28 7 37 48 22 49 13 12 51 14 21 59 0
0 50 44 5 28 30 13 25 37 55 41 54 47 42 52 11 56 22 58 46 27 14 21 49 34 12 33 10 16 15 18 43 6 45 23 26 9 29 38 35 31 59 8 7 40 17 51 36 2 4 3 48 19 53 24 20 1 57 32 39 0
0 32 43 37 53 30 35 3 15 20 39 21 55 48 10 23 27 59 7 24 49 17 13 41 2 56 38 1 19 57 44 28 42 6 25 54 14 36 46 34 47 45 58 52 8 9 51 26 29 33 5 50 16 4 31 18 12 11 22 40 0
0 52 19 51 15 35 54 11 37 18 2 56 27 29 33 5 16 38 8 17 59 3 53 28 12 32 49 26 1 6 36 20 4 22 10 45 44 46 13 7 31 43 50 48 40 39 21 24 14 30 25 55 41 42 58 57 23 47 34 9 0
0 15 4 59 11 17 24 48 31 10 53 55 54 32 49 23 42 25 35 9 45 1 36 6 38 30 8 57 39 22 18 52 14 16 34 5 29 51 44 41 2 50 26 13 40 47 56 12 43 27 58 7 37 33 20 21 28 3 19 46 0
0 48 4 13 29 33 58 43 22 46 27 17 8 3 53 7 56 6 44 18 55 40 28 45 37 51 19 20 1 5 10 54 15 21 25 16 38 23 34 35 12 52 11 49 14 9 30 59 36 24 42 50 2 31 47 26 32 39 57 41 0
0 23 26 45 40 46 43 50 12 42 54 10 32 11 44 15 59 47 5 52 6 21 30 3 35 37 20 19 41 7 29 25 33 22 49 57 34 9 48 53 14 58 39 1 4 55 28 56 18 13 38 17 8 27 51 24 16 2 31 36 0
0 37 12 1 11 20 18 54 49 48 15 36 4 56 57 9 26 39 46 55 38 3 30 44 23 5 8 19 45 40 35 32 2 28 42 58 24 17 50 25 21 33 13 53 47 16 52 51 22 14 29 27 6 41 31 43 10 59 34 7 0
0 16 36 49 38 30 45 59 20 3 17 21 56 8 54 13 12 58 6 15 41 44 43 48 53 35 4 37 10 14 42 29 22 55 23 57 50 47 24 9 46 18 32 51 33 19 40 25 5 1 11 27 39 2 52 7 26 28 34 31 0
0 35 16 14 53 40 28 54 55 11 5 59 27 56 26 45 39 32 42 13 30 36 24 3 31 58 18 2 29 52 33 6 38 4 37 20 23 34 17 9 7 25 44 12 51 46 19 41 8 47 1 21 48 57 15 49 43 22 50 10 0
0 6 29 15 28 12 48 43 17 34 14 55 13 26 4 1 33 38 58 44 40 2 8 5 3 31 45 24 37 59 57 9 22 35 20 50 23 51 42 19 21 32 7 41 27 49 18 54 10 56 11 25 47 39 30 16 53 36 46 52 0
0 38 23 17 36 40 35 14 39 51 20 47 4 12 9 34 19 49 41 3 43 32 21 18 48 52 6 58 29 30 7 1 22 54 13 5 33 57 16 2 50 25 15 55 46 26 59 10 31 24 28 27 8 45 37 56 53 44 42 11 0
0 21 37 39 41 22 31 5 28 1 17 50 10 46 49 27 20 56 23 33 16 35 55 59 4 25 34 38 40 57 42 48 51 54 52 11 2 12 6 36 24 3 13 19 18 29 44 9 45 43 7 58 15 47 53 32 26 8 30 14 0
0 48 19 44 38 29 57 46 53 5 59 51 9 45 24 30 4 55 18 7 41 20 58 1 50 23 6 47 37 12 26 49 3 8 43 54 15 56 31 32 2 35 52 11 14 13 36 28 39 21 10 42 16 22 34 40 33 17 25 27 0
0 56 48 9 52 3 42 8 22 11 2 10 53 37 31 28 33 57 46 21 50 40 25 36 23 55 17 47 32 27 59 58 35 16 12 14 19 30 26 45 54 38 29 15 44 1 13 4 51 6 7 24 18 49 5 43 34 41 39 20 0
0 38 21 7 49 45 52 57 8 23 25 44 11 22 56 29 58 13 43 16 34 35 3 32 14 2 30 40 37 47 33 31 53 4 48 42 59 50 17 12 41 36 26 55 54 28 19 9 39 5 51 15 18 24 1 27 6 20 10 46 0
0 22 1 58 50 14 8 6 53 2 44 55 13 48 4 25 51 11 47 49 40 19 45 12 27 39 37 30 41 26 43 3 7 29 35 5 10 16 15 34 42 32 36 33 21 18 46 31 54 28 23 20 56 24 9 57 17 52 38 59 0
0 10 46 27 43 32 33 7 23 13 29 5 49 50 54 58 22 21 35 37 42 57 52 40 45 56 3 34 41 16 48 51 38 44 8 59 36 14 2 1 28 12 18 11 30 26 20 17 19 39 24 31 4 55 47 9 15 6 53 25 0
0 39 24 26 54 15 52 20 30 56 14 41 40 32 1 50 47 44 22 43 31 21 7 25 9 49 57 23 29 46 28 11 13 59 2 18 48 38 42 55 8 35 17 16 51 36 37 27 58 3 34 4 19 53 12 6 33 45 5 10 0
0 10 38 2 30 20 12 51 23 16 25 17 50 28 3 59 39 4 5 48 44 22 42 13 34 24 32 14 55 15 1 11 40 36 26 19 47 31 18 53 7 58 56 27 37 8 33 43 6 57 49 21 45 29 35 54 9 46 41 52 0
0 28 33 9 14 20 13 26 10 39 21 32 34 40 1 56 25 22 43 47 19 41 8 48 57 29 4 27 53 23 44 18 5 51 17 45 42 35 36 52 2 46 24 16 49 37 38 7 30 55 3 15 12 54 59 58 50 11 6 31 0
0 12 32 36 54 35 38 21 55 25 10 39 28 46 51 56 41 27 13 43 53 30 11 18 1 59 50 26 9 29 15 40 5 8 23 2 3 34 19 24 44 49 47 6 16 52 58 37 7 17 20 14 31 45 48 57 22 33 42 4 0
0 22 29 41 28 56 18 3 23 36 24 11 45 43 7 55 40 13 2 12 10 26 5 51 4 30 8 49 6 53 38 25 59 19 17 15 58 27 50 1 14 34 54 21 48 20 46 44 16 57 42 37 9 32 33 35 47 52 31 39 0
0 23 9 32 18 27 24 8 29 38 21 39 35 45 40 25 20 43 16 49 5 36 33 54 47 53 44 26 11 58 4 6 41 57 46 12 10 7 13 52 48 56 31 42 1 50 28 51 30 55 59 34 19 17 3 22 37 2 15 14 0
0 10 52 40 59 32 31 5 2 46 34 17 42 11 51 4 28 58 37 15 55 41 36 54 24 45 29 16 26 12 33 18 23 47 22 56 9 35 57 48 27 14 6 13 50 8 43 7 25 3 39 53 1 49 38 21 19 20 44 30 0
0 41 1 44 5 23 48 13 39 21 28 34 51 55 43 59 14 22 9 45 19 4 35 3 52 54 26 8 40 57 42 20 18 12 46 16 10 36 56 32 25 33 29 17 24 30 50 2 6 7 31 27 37 15 38 47 58 11 49 53 0
0 15 51 56 7 29 18 45 48 1 8 43 34 2 9 13 3 5 31 10 38 27 49 44 24 12 50 35 30 17 40 54 58 33 25 52 59 16 41 19 6 46 42 36 28 11 53 14 23 20 4 32 37 47 55 26 22 39 57 21 0
0 5 33 2 13 18 38 35 1 25 4 17 19 56 30 36 39 45 50 51 16 8 34 42 24 46 20 31 3 54 52 37 15 12 58 28 55 29 6 53 7 47 23 40 49 9 32 14 21 11 59 41 27 26 48 10 43 57 44 22 0
0 19 53 10 50 24 32 14 52 59 49 41 23 42 16 29 18 58 44 26 28 57 51 9 17 36 27 39 43 2 11 3 20 25 40 38 6 31 47 5 21 15 22 33 46 1 56 55 37 35 30 45 13 4 8 34 7 48 12 54 0
0 33 23 9 57 59 19 50 13 11 2 39 7 53 43 24 1 47 36 3 34 46 5 35 18 17 48 38 32 12 52 16 8 30 37 44 21 14 49 42 25 4 31 40 55 29 20 56 22 58 45 41 26 27 10 28 15 6 51 54 0
0 54 23 24 12 18 6 39 46 45 17 10 55 15 36 30 35 33 48 25 42 59 52 32 21 16 13 53 34 37 5 31 43 2 22 41 29 38 7 14 50 40 49 1 8 47 3 27 19 26 9 4 28 20 44 51 11 58 57 56 0
0 20 6 21 17 27 22 39 42 15 53 36 23 7 40 9 49 26 58 16 50 11 45 12 13 5 1 29 3 37 51 43 44 10 41 48 47 54 38 33 57 25 35 52 32 24 31 19 30 56 4 8 18 28 2 34 14 46 59 55 0
0 42 40 44 25 26 41 43 7 57 34 12 54 20 13 23 15 18 36 29 49 21 5 56 24 10 33 8 32 35 38 31 3 59 6 27 4 52 19 28 58 1 46 39 50 2 47 37 14 17 11 55 9 22 30 48 16 45 53 51 0
0 9 55 17 32 16 5 23 29 25 18 31 56 49 43 50 1 3 11 21 15 38 8 37 24 47 34 39 44 2 42 48 20 27 6 14 28 41 7 19 52 46 54 13 10 36 53 35 57 58 12 33 45 40 51 30 22 59 26 4 0
0 30 18 8 3 23 41 9 32 55 16 28 36 15 44 59 22 20 13 50 29 35 51 56 25 1 57 4 38 47 17 21 27 31 43 53 24 42 46 58 40 10 7 54 12 2 11 39 37 49 14 45 5 52 6 33 19 48 26 34 0
0 1 52 11 31 12 53 51 55 4 26 34 20 14 21 28 36 45 29 44 15 56 47 46 42 2 30 49 7 50 8 33 35 43 40 37 54 25 58 32 5 24 27 38 48 3 19 10 23 57 59 41 22 17 18 39 6 9 13 16 0
