# n n_solutions
40 1000
# n x n distance matrix
0 316 1581 9457 608 3920 3352 7038 2785 2952 2844 2968 4609 8296 5685 5315 9247 8935 5981 9587 5333 10124 2765 6451 5503 1612 6020 632 9209 2360 8209 7993 1868 7291 9244 5059 8160 7856 3413 7888
316 0 1280 9455 921 4186 3101 7249 2996 3264 2531 3220 4700 8477 5580 5481 9235 9066 5882 9529 5048 10049 2500 6648 5277 1581 5714 316 9090 2193 8329 7864 2061 7170 9425 5069 8173 7733 3220 7829
1581 1280 0 9982 2147 5448 2687 8411 4187 4527 1552 4468 5590 9563 5777 6555 9729 10021 6092 9843 4272 10295 2051 7782 4891 2353 4716 989 9158 2376 9257 7907 3244 7256 10510 5707 8769 7802 3138 8159
9457 9455 9982 0 9585 8062 7900 6369 7571 9481 9408 8000 5186 5474 4517 5672 360 4000 4229 1708 8561 2334 8315 5994 6841 7874 9808 9464 3522 7611 3667 3860 8006 3891 5700 4401 1360 3743 7106 2247
608 921 2147 9585 0 3498 3905 6735 2531 2385 3452 2600 4589 8060 6010 5124 9393 8802 6296 9818 5921 10381 3337 6184 6016 1910 6627 1236 9545 2817 8102 8348 1702 7638 9002 5189 8263 8203 3891 8127
3920 4186 5448 8062 3498 0 5980 3413 1486 1711 6324 1000 3088 4904 6139 2469 7993 6016 6306 8881 8095 9569 5679 3014 7443 3623 9138 4459 9310 4623 5478 8348 2302 7653 5800 4346 6717 8159 5457 7392
3352 3101 2687 7900 3905 5980 0 8065 4494 5813 1552 5028 4622 8840 3423 6010 7602 8854 3733 7473 2137 7844 640 7355 2220 2433 3176 2863 6574 1360 8049 5322 3785 4716 9741 4123 6846 5239 854 5854
7038 7249 8411 6369 6735 3413 8065 0 4254 5100 8902 4148 3551 1581 6640 2061 6451 3061 6648 7712 9940 8440 7998 721 8770 6185 11165 7468 8808 6868 2860 8229 5189 7679 2408 4623 5263 8030 7310 6706
2785 2996 4187 7571 2531 1486 4494 4254 0 2000 4904 608 2385 5531 4939 2601 7440 6303 5147 8132 6609 8778 4205 3668 6007 2163 7655 3224 8300 3138 5632 7244 943 6530 6476 3405 6212 7066 3981 6529
2952 3264 4527 9481 2385 1711 5813 5100 2000 0 5724 1486 4317 6612 6887 4085 9372 7712 7111 10117 7940 10771 5360 4725 7653 3400 8807 3577 10292 4500 7147 9217 2137 8500 7500 5403 8121 9042 5514 8527
2844 2531 1552 9408 3452 6324 1552 8902 4904 5724 0 5325 5679 9861 4964 6906 9119 10065 5277 9024 2731 9396 1104 8220 3560 2758 3200 2220 8102 2102 9269 6854 4022 6262 10791 5434 8309 6777 2302 7397
2968 3220 4468 8000 2600 1000 5028 4148 608 1486 5325 0 2831 5532 5536 2745 7887 6449 5738 8637 7156 9295 4701 3634 6603 2640 8170 3482 8868 3668 5824 7829 1303 7117 6462 3940 6640 7648 4554 7060
4609 4700 5590 5186 4589 3088 4622 3551 2385 4317 5679 2831 0 4220 3306 1523 5060 4438 3401 5825 6403 6500 4664 2830 5232 3238 7648 4809 6239 3577 3667 5336 2912 4669 5131 1315 3827 5141 3820 4304
8296 8477 9563 5474 8060 4904 8840 1581 5531 6612 9861 5532 4220 0 6826 3008 5631 1664 6760 7006 10536 7716 8875 1902 9183 7249 11810 8664 8372 7769 1811 8008 6428 7561 948 4967 4604 7816 8028 6315
5685 5580 5777 4517 6010 6139 3423 6640 4939 6887 4964 5536 3306 6826 0 4767 4204 6293 316 4080 4162 4518 3905 5948 2523 4103 5456 5491 3535 3448 5517 2360 4854 1640 7580 2039 3605 2202 2692 2433
5315 5481 6555 5672 5124 2469 6010 2061 2601 4085 6906 2745 1523 3008 4767 0 5640 3712 4825 6664 7881 7379 5966 1345 6754 4248 9104 5661 7397 4841 3080 6627 3452 6003 3956 2729 4360 6428 5249 5345
9247 9235 9729 360 9393 7993 7602 6451 7440 9372 9119 7887 5060 5631 4204 5640 0 4210 3911 1431 8222 2102 8030 6041 6500 7655 9464 9234 3190 7354 3820 3500 7839 3534 5907 4204 1280 3383 6818 1897
8935 9066 10021 4000 8802 6016 8854 3061 6303 7712 10065 6449 4438 1664 6293 3712 4210 0 6155 5632 10300 6312 9007 3087 8786 7668 11601 9207 7184 7971 806 7021 7106 6688 1700 4750 3383 6842 8006 5239
5981 5882 6092 4229 6296 6306 3733 6648 5147 7111 5277 5738 3401 6760 316 4825 3911 6155 0 3764 4401 4204 4220 5966 2729 4393 5685 5798 3255 3758 5390 2109 5103 1389 7488 2102 3361 1941 3008 2121
9587 9529 9843 1708 9818 8881 7473 7712 8132 10117 9024 8637 5825 7006 4080 6664 1431 5632 3764 0 7716 728 7981 7242 6002 7975 8881 9481 1910 7484 5200 2596 8386 2901 7324 4742 2451 2549 6772 1700
5333 5048 4272 8561 5921 8095 2137 9940 6609 7940 2731 7156 6403 10536 4162 7881 8222 10300 4401 7716 0 7902 2600 9220 1726 4570 1303 4767 6350 3492 9500 5203 5922 4816 11389 5597 7762 5200 2683 6334
10124 10049 10295 2334 10381 9569 7844 8440 8778 10771 9396 9295 6500 7716 4518 7379 2102 6312 4204 728 7902 0 8381 7969 6219 8514 9013 9984 1708 7960 5907 2700 8993 3157 8009 5375 3178 2707 7186 2267
2765 2500 2051 8315 3337 5679 640 7998 4205 5360 1104 4701 4664 8875 3905 5966 8030 9007 4220 7981 2600 8381 0 7300 2860 2061 3478 2247 7157 1131 8207 5905 3417 5280 9794 4341 7206 5813 1216 6334
6451 6648 7782 5994 6184 3014 7355 721 3668 4725 8220 3634 2830 1902 5948 1345 6041 3087 5966 7242 9220 7969 7300 0 8052 5522 10448 6854 8238 6171 2701 7605 4588 7034 2828 3921 4810 7406 6594 6140
5503 5277 4891 6841 6016 7443 2220 8770 6007 7653 3560 6603 5232 9183 2523 6754 6500 8786 2729 6002 1726 6219 2860 8052 0 4295 2973 5060 4729 3228 7998 3535 5522 3101 9990 4220 6083 3512 2158 4609
1612 1581 2353 7874 1910 3623 2433 6185 2163 3400 2758 2640 3238 7249 4103 4248 7655 7668 4393 7975 4570 8514 2061 5522 4295 0 5536 1612 7638 1100 6905 6438 1360 5728 8193 3492 6596 6293 2137 6276
6020 5714 4716 9808 6627 9138 3176 11165 7655 8807 3200 8170 7648 11810 5456 9104 9464 11601 5685 8881 1303 9013 3478 10448 2973 5536 0 5408 7400 4518 10800 6319 6894 6001 12673 6888 9046 6338 3860 7569
632 316 989 9464 1236 4459 2863 7468 3224 3577 2220 3482 4809 8664 5491 5661 9234 9207 5798 9481 4767 9984 2247 6854 5060 1612 5408 0 8980 2061 8459 7746 2282 7060 9612 5099 8200 7621 3047 7782
9209 9090 9158 3522 9545 9310 6574 8808 8300 10292 8102 8868 6239 8372 3535 7397 3190 7184 3255 1910 6350 1708 7157 8238 4729 7638 7400 8980 0 6920 6628 1252 8340 1920 8828 4965 3807 1360 6020 2102
2360 2193 2376 7611 2817 4623 1360 6868 3138 4500 2102 3668 3577 7769 3448 4841 7354 7971 3758 7484 3492 7960 1131 6171 3228 1100 4518 2061 6920 0 7178 5685 2433 5000 8695 3413 6419 5560 1077 5793
8209 8329 9257 3667 8102 5478 8049 2860 5632 7147 9269 5824 3667 1811 5517 3080 3820 806 5390 5200 9500 5907 8207 2701 7998 6905 10800 8459 6628 7178 0 6369 6400 5994 2213 3944 2828 6184 7200 4617
7993 7864 7907 3860 8348 8348 5322 8229 7244 9217 6854 7829 5336 8008 2360 6627 3500 7021 2109 2596 5203 2700 5905 7605 3535 6438 6319 7746 1252 5685 6369 0 7210 721 8579 4026 3688 200 4770 1802
1868 2061 3244 8006 1702 2302 3785 5189 943 2137 4022 1303 2912 6428 4854 3452 7839 7106 5103 8386 5922 8993 3417 4588 5522 1360 6894 2282 8340 2433 6400 7210 0 6489 7376 3661 6664 7044 3400 6726
7291 7170 7256 3891 7638 7653 4716 7679 6530 8500 6262 7117 4669 7561 1640 6003 3534 6688 1389 2901 4816 3157 5280 7034 3101 5728 6001 7060 1920 5000 5994 721 6489 0 8185 3354 3465 565 4118 1664
9244 9425 10510 5700 9002 5800 9741 2408 6476 7500 10791 6462 5131 948 7580 3956 5907 1700 7488 7324 11389 8009 9794 2828 9990 8193 12673 9612 8828 8695 2213 8579 7376 8185 0 5798 5021 8393 8920 6830
5059 5069 5707 4401 5189 4346 4123 4623 3405 5403 5434 3940 1315 4967 2039 2729 4204 4750 2102 4742 5597 5375 4341 3921 4220 3492 6888 5099 4965 3413 3944 4026 3661 3354 5798 0 3104 3832 3269 3124
8160 8173 8769 1360 8263 6717 6846 5263 6212 8121 8309 6640 3827 4604 3605 4360 1280 3383 3361 2451 7762 3178 7206 4810 6083 6596 9046 8200 3807 6419 2828 3688 6664 3465 5021 3104 0 3522 6020 1886
7856 7733 7802 3743 8203 8159 5239 8030 7066 9042 6777 7648 5141 7816 2202 6428 3383 6842 1941 2549 5200 2707 5813 7406 3512 6293 6338 7621 1360 5560 6184 200 7044 565 8393 3832 3522 0 4664 1640
3413 3220 3138 7106 3891 5457 854 7310 3981 5514 2302 4554 3820 8028 2692 5249 6818 8006 3008 6772 2683 7186 1216 6594 2158 2137 3860 3047 6020 1077 7200 4770 3400 4118 8920 3269 6020 4664 0 5119
7888 7829 8159 2247 8127 7392 5854 6706 6529 8527 7397 7060 4304 6315 2433 5345 1897 5239 2121 1700 6334 2267 6334 6140 4609 6276 7569 7782 2102 5793 4617 1802 6726 1664 6830 3124 1886 1640 5119 0
# set of given starting solutions
0 12 33 23 30 5 32 25 22 10 18 7 1 24 38 2 34 16 11 14 35 13 29 6 21 19 8 37 27 36 31 3 15 17 20 39 28 9 26 4 0
0 19 8 21 39 1 24 5 23 4 26 6 3 37 33 36 28 18 31 34 38 32 25 2 27 14 30 15 13 20 9 10 12 17 7 29 35 16 22 11 0
0 27 18 26 9 30 35 8 12 2 4 29 31 10 13 37 3 34 15 33 14 19 20 11 5 23 21 28 39 22 6 1 7 17 32 36 25 38 16 24 0
0 15 6 14 32 25 3 19 23 2 33 27 20 38 24 34 28 31 8 1 17 13 26 12 16 39 5 35 30 11 4 18 21 36 37 9 10 7 22 29 0
0 25 22 10 5 28 2 38 17 4 35 3 15 16 7 6 37 31 20 18 34 23 13 39 1 9 29 27 14 30 11 26 21 8 12 32 36 33 24 19 0
0 11 37 21 9 8 35 3 34 4 19 32 16 2 26 39 29 1 22 28 12 5 36 20 27 24 33 6 18 10 15 13 17 38 7 31 30 23 25 14 0
0 25 19 14 27 4 23 5 11 20 30 8 13 29 12 35 38 26 3 24 1 7 39 37 2 31 21 6 36 9 32 10 17 28 18 34 33 22 15 16 0
0 19 2 1 36 24 6 15 11 27 28 25 14 33 12 29 31 32 7 18 9 35 23 26 39 30 13 20 4 37 22 10 5 16 21 3 38 34 8 17 0
0 34 20 39 23 9 6 30 4 22 10 3 29 17 24 32 5 27 14 26 35 33 37 25 11 7 15 28 36 31 38 2 18 8 19 1 16 12 21 13 0
0 13 12 5 29 32 23 1 9 36 33 22 31 35 11 27 21 39 2 18 16 3 25 4 15 10 6 20 14 34 28 7 26 37 38 17 24 30 19 8 0
0 35 36 39 34 10 30 27 16 22 24 21 15 11 32 7 8 20 25 18 17 33 9 13 5 23 29 6 12 2 37 28 3 4 1 31 19 14 38 26 0
0 14 36 12 38 6 1 23 5 8 30 26 20 11 33 35 34 3 21 15 28 7 13 17 31 24 37 32 29 39 10 4 27 9 16 19 2 22 25 18 0
0 37 38 9 23 35 27 26 32 25 36 21 1 22 15 24 29 18 8 7 13 17 5 34 28 33 11 12 2 14 31 20 16 10 39 19 3 30 6 4 0
0 37 18 5 3 32 28 38 19 17 1 36 29 7 33 25 22 27 30 21 26 12 14 34 15 10 8 16 11 31 2 13 9 6 39 24 35 23 4 20 0
0 29 5 26 38 12 3 27 33 35 30 8 16 32 4 15 10 36 34 2 37 19 1 22 6 24 14 31 9 39 28 20 21 23 11 25 13 18 7 17 0
0 8 23 14 27 18 19 29 33 9 7 10 12 5 16 11 21 22 13 32 20 35 31 36 3 24 30 6 39 4 1 34 38 25 15 37 2 26 17 28 0
0 23 6 2 11 32 14 3 24 30 29 10 21 15 22 1 36 34 19 13 5 31 25 38 37 20 27 9 28 12 39 26 7 17 35 33 8 18 4 16 0
0 28 6 21 33 37 20 39 26 1 15 27 35 7 10 16 31 34 24 3 22 17 11 25 13 30 5 18 32 2 12 23 19 9 14 4 36 38 8 29 0
0 6 8 2 28 20 4 18 13 36 29 32 24 14 16 37 22 3 34 5 23 25 12 26 38 39 7 21 19 15 27 30 35 11 31 17 1 33 9 10 0
0 21 27 6 29 31 17 19 15 10 22 38 18 2 8 9 39 25 5 12 28 3 33 36 13 4 24 16 26 34 30 32 35 20 7 1 14 23 37 11 0
0 13 32 15 37 2 31 35 14 27 29 39 33 21 16 12 24 22 23 4 7 25 18 11 30 28 10 9 17 20 8 5 1 19 6 3 34 38 36 26 0
0 20 25 16 22 6 13 36 33 14 12 30 19 1 24 11 8 17 15 28 10 39 21 34 23 2 5 9 18 31 29 37 38 4 3 7 32 27 26 35 0
0 2 5 4 25 20 3 27 18 19 34 30 7 35 36 23 29 22 21 26 32 6 9 33 10 13 8 14 37 17 38 15 39 24 12 11 16 31 1 28 0
0 35 38 23 19 12 8 20 2 1 33 31 21 32 28 24 25 4 29 11 36 30 9 18 17 34 14 26 22 6 5 13 16 3 37 10 27 39 15 7 0
0 23 1 9 26 18 2 35 22 10 3 29 34 6 25 33 7 36 28 15 20 37 16 30 24 39 13 5 8 31 32 4 12 17 27 11 14 38 19 21 0
0 9 10 18 13 34 2 8 27 29 17 14 21 7 20 28 11 39 23 24 5 30 12 19 26 31 37 3 32 22 6 38 33 35 16 15 36 1 25 4 0
0 35 14 12 17 5 11 2 27 3 29 36 38 13 31 33 37 15 22 34 39 20 28 30 4 8 1 26 10 23 9 21 18 6 7 25 32 24 19 16 0
0 8 34 36 20 29 31 19 25 26 6 23 5 18 32 15 12 9 4 13 33 27 38 16 2 21 39 24 14 22 30 28 3 11 35 10 1 37 7 17 0
0 14 16 6 26 30 23 18 13 29 17 35 20 3 27 33 12 11 8 38 4 19 24 5 1 22 37 9 10 25 2 28 32 7 39 21 36 34 15 31 0
0 18 17 26 14 23 37 3 30 7 19 32 1 25 36 28 27 39 10 6 34 8 9 12 21 22 4 5 15 31 33 35 24 29 2 38 16 13 20 11 0
0 5 16 32 37 34 20 18 27 23 3 26 35 36 9 7 38 8 31 6 25 33 2 30 10 15 22 24 19 4 13 14 12 28 29 11 17 1 39 21 0
0 28 35 30 10 31 32 11 9 21 26 39 2 18 12 19 24 20 29 8 13 17 22 25 23 37 15 16 5 3 36 1 38 14 7 6 4 27 34 33 0
0 28 6 4 13 18 21 9 37 32 22 29 35 30 16 2 14 26 15 8 34 5 10 19 12 31 17 38 24 20 7 25 23 36 33 3 27 1 39 11 0
0 34 17 13 3 21 26 39 19 35 36 27 22 29 23 4 5 9 18 10 11 32 33 1 20 30 38 28 25 6 31 12 15 37 8 14 2 16 24 7 0
0 11 28 27 16 6 29 20 19 1 23 30 9 24 37 7 26 35 10 36 32 25 12 8 18 38 39 3 2 22 13 5 33 15 14 17 31 34 4 21 0
0 4 1 16 3 24 28 12 21 14 32 7 19 10 5 23 11 27 20 38 9 36 6 18 25 8 31 17 2 34 13 39 35 37 15 30 22 29 26 33 0
0 38 32 3 35 18 33 30 20 5 21 13 16 25 2 6 28 1 9 15 24 10 37 12 22 26 31 4 14 36 23 39 8 19 17 11 34 27 29 7 0
0 28 14 19 36 4 34 30 18 26 9 31 27 32 1 23 29 10 6 11 17 38 33 5 24 35 7 3 20 21 22 37 8 39 15 12 2 16 13 25 0
0 20 24 30 27 14 23 12 6 10 16 13 38 8 33 5 25 11 4 22 17 29 28 37 2 3 35 39 18 19 32 7 36 15 9 26 1 21 31 34 0
0 7 38 4 23 27 5 39 34 2 29 12 37 8 36 13 20 16 3 33 19 6 21 15 22 10 17 26 24 35 9 11 31 1 28 18 30 32 25 14 0
0 16 37 24 38 7 17 33 30 13 36 28 25 31 3 39 5 18 19 35 23 29 22 6 26 10 1 21 34 11 8 9 14 15 27 32 2 20 4 12 0
0 32 39 9 15 25 21 28 7 29 11 38 23 17 26 4 6 27 19 24 33 1 3 18 8 10 13 35 30 37 12 14 16 36 34 20 31 2 22 5 0
0 4 13 29 34 16 10 6 1 7 39 27 12 11 14 5 32 28 23 2 36 19 8 30 35 24 26 18 37 22 25 3 21 31 15 20 17 9 38 33 0
0 7 36 18 2 33 5 29 20 22 6 1 15 10 16 26 11 4 25 39 14 35 32 34 37 12 17 13 19 8 9 27 3 24 21 30 28 38 23 31 0
0 36 31 16 37 29 30 8 21 12 2 18 3 14 6 13 10 11 4 15 32 34 28 27 23 19 7 9 38 1 39 24 5 26 33 20 35 25 17 22 0
0 27 33 30 14 38 2 32 9 28 6 10 18 16 35 24 3 36 5 21 11 7 23 13 37 4 17 29 39 20 8 15 25 22 34 1 12 26 31 19 0
0 16 21 14 38 5 18 13 11 8 6 12 20 26 39 22 1 29 25 28 17 33 27 34 7 31 19 23 2 30 24 37 9 35 36 15 32 3 4 10 0
0 24 35 7 23 26 38 6 29 15 20 17 37 5 19 31 21 8 3 2 25 13 1 32 16 22 33 12 4 9 34 14 30 36 11 39 28 27 18 10 0
0 30 36 3 31 9 34 5 2 15 27 11 22 7 18 24 39 16 19 25 38 14 12 8 20 23 35 13 1 33 28 32 37 17 29 4 10 21 6 26 0
0 29 20 5 2 12 3 28 14 38 26 34 36 17 4 9 6 21 22 13 25 16 31 39 23 24 10 37 35 30 19 32 15 18 1 7 27 33 8 11 0
0 26 12 32 13 7 21 39 18 14 16 8 36 23 15 10 37 29 2 38 34 6 30 28 22 5 4 9 27 20 1 17 3 25 19 11 35 24 31 33 0
0 20 26 30 13 37 9 15 21 10 23 39 17 6 32 8 27 35 14 19 3 22 38 4 34 2 33 7 28 1 24 29 36 16 5 25 11 12 18 31 0
0 6 1 19 5 35 22 17 33 15 27 36 18 26 28 14 20 39 23 31 9 8 4 7 11 24 21 2 38 34 25 3 29 13 10 16 30 37 12 32 0
0 15 30 35 18 29 34 9 37 27 26 33 2 4 14 38 28 1 3 20 12 8 31 39 22 21 13 7 32 19 16 10 11 23 24 17 5 25 6 36 0
0 9 2 33 31 17 28 13 35 38 23 19 21 18 4 7 26 10 11 24 5 16 37 1 30 6 15 12 32 27 3 29 39 20 36 14 25 34 8 22 0
0 13 4 31 20 5 2 1 15 17 25 27 24 7 23 21 19 10 35 6 9 34 32 38 16 14 28 8 26 3 11 39 12 36 29 30 22 18 37 33 0
0 23 24 21 28 17 25 8 33 35 5 3 39 37 29 11 30 27 19 34 31 18 26 2 1 16 15 20 14 7 32 12 9 36 4 6 10 38 22 13 0
0 21 18 26 6 1 27 28 19 39 17 10 20 9 35 29 3 34 33 14 37 4 32 5 7 23 30 15 11 36 25 8 24 12 38 31 16 2 22 13 0
0 9 8 19 36 1 29 23 20 25 35 34 24 3 2 17 7 6 27 31 14 33 26 38 39 5 28 13 37 15 21 32 4 30 18 12 22 11 10 16 0
0 13 27 29 12 16 14 32 31 9 15 17 26 7 3 5 34 22 35 19 18 33 38 4 37 11 39 6 1 23 30 24 2 21 36 20 25 10 28 8 0
0 18 17 23 30 26 15 1 24 32 22 31 21 38 28 33 16 27 25 36 3 6 11 9 20 10 19 8 29 39 37 7 5 2 35 4 12 34 13 14 0
0 18 30 21 12 15 34 22 17 37 11 38 36 9 3 39 23 6 16 2 27 7 8 29 1 19 13 24 32 10 33 26 35 31 25 14 20 28 4 5 0
0 37 31 3 12 8 32 23 5 7 27 6 10 22 4 29 38 25 26 17 11 15 24 18 28 35 19 36 39 16 20 30 34 9 33 21 1 14 13 2 0
0 27 37 14 21 13 4 8 26 5 1 20 22 15 16 35 17 18 34 25 10 39 11 12 2 24 33 3 7 23 19 29 9 36 28 32 6 30 38 31 0
0 34 2 7 19 29 4 36 38 25 6 11 21 18 30 17 22 14 3 31 28 33 39 26 37 13 16 35 23 15 9 5 24 27 1 20 12 8 10 32 0
0 33 2 18 10 20 26 9 39 34 19 31 13 17 23 3 21 12 38 16 11 36 37 15 14 24 22 7 32 6 8 28 27 29 30 25 1 35 4 5 0
0 21 10 28 30 33 36 15 11 34 1 25 24 13 31 39 3 26 32 14 6 37 22 12 7 5 20 23 38 8 16 18 19 27 9 4 2 17 35 29 0
0 28 9 2 37 7 33 21 1 5 20 35 39 16 17 32 23 12 11 15 36 4 8 6 25 27 13 30 34 18 19 26 31 29 22 38 24 10 14 3 0
0 21 26 31 37 1 5 13 10 23 29 6 12 20 30 39 8 34 19 35 16 27 22 28 36 9 4 18 14 24 15 2 33 7 25 11 3 38 17 32 0
0 4 9 21 28 1 35 20 16 3 17 18 2 10 15 19 12 6 7 14 25 38 32 5 8 26 30 13 31 34 11 27 37 23 33 22 24 29 39 36 0
0 16 12 23 38 26 13 21 28 25 4 39 7 29 6 36 3 8 22 31 18 1 17 24 15 19 27 33 20 2 35 9 34 37 14 5 11 32 30 10 0
0 18 31 23 39 32 11 20 21 34 26 12 4 17 3 25 6 19 5 16 14 27 2 8 37 35 13 7 28 9 36 24 33 10 29 30 38 1 22 15 0
0 6 15 25 26 9 18 12 11 32 1 34 5 38 20 35 33 8 3 31 22 17 27 36 14 21 24 13 7 16 28 2 23 37 39 19 4 10 30 29 0
0 27 35 31 16 15 10 11 26 17 4 22 39 29 20 3 8 38 34 25 5 6 28 23 24 1 9 37 30 7 14 19 21 2 33 13 18 32 36 12 0
0 17 28 26 22 13 1 32 20 25 33 39 34 36 8 23 7 14 15 6 10 24 18 16 35 27 37 31 2 29 21 19 3 4 9 38 11 12 5 30 0
0 1 3 13 11 12 2 15 24 4 17 33 5 35 21 23 32 28 38 18 25 31 6 20 16 37 9 8 22 39 30 14 36 10 34 19 29 26 27 7 0
0 18 16 33 4 36 31 20 29 14 2 7 28 26 6 39 23 24 32 27 12 9 21 3 35 22 34 13 15 37 38 11 1 8 19 5 30 10 17 25 0
0 30 10 4 26 36 32 3 2 34 9 37 33 20 5 35 38 23 39 8 25 21 27 15 17 22 31 1 19 13 11 18 12 7 29 6 24 16 28 14 0
0 10 13 28 34 23 12 5 26 6 31 32 19 4 39 3 1 38 22 33 2 37 21 24 7 29 15 30 14 18 16 20 27 9 25 35 36 17 8 11 0
0 34 33 21 28 2 1 19 31 8 4 24 20 6 36 7 39 11 27 16 23 13 22 12 18 14 32 37 29 17 9 3 15 26 38 10 30 35 5 25 0
0 36 30 14 4 16 20 19 21 27 23 35 39 6 31 15 34 9 3 18 13 12 33 11 17 37 22 26 24 8 25 1 32 10 29 5 2 28 7 38 0
0 24 20 36 32 23 38 17 8 26 3 1 33 10 21 30 16 31 7 34 15 13 4 25 27 2 29 22 37 35 9 5 28 19 39 11 6 14 18 12 0
0 30 38 22 18 13 15 28 8 5 16 2 1 36 39 19 34 31 23 4 37 11 7 35 29 9 27 24 20 12 14 3 25 10 32 21 33 17 26 6 0
0 17 5 22 18 6 37 7 25 9 28 20 21 15 4 38 32 3 13 24 14 30 23 33 16 34 2 19 10 36 11 31 29 12 1 8 39 26 35 27 0
0 22 3 18 8 6 24 33 12 10 7 31 32 1 9 35 30 37 26 13 4 5 2 16 15 28 19 17 39 29 14 38 11 36 27 21 34 25 20 23 0
0 32 15 3 21 10 17 18 38 12 26 31 14 2 28 24 6 27 16 13 8 11 7 9 20 19 30 35 25 29 22 39 34 1 23 4 33 36 5 37 0
0 5 12 27 33 28 11 24 25 32 18 1 30 29 14 17 15 13 36 38 2 23 9 37 31 20 4 21 19 16 22 39 26 34 35 6 3 7 10 8 0
0 22 21 36 28 13 29 25 24 14 4 3 1 37 33 18 5 19 30 9 2 8 7 38 6 12 20 32 10 31 16 26 11 15 23 34 39 17 27 35 0
0 24 26 5 14 34 38 37 22 7 20 6 18 17 3 1 19 30 36 31 33 27 4 21 35 10 25 32 15 28 13 11 23 2 12 9 8 39 29 16 0
0 39 15 12 32 6 35 23 24 2 33 16 4 5 20 34 36 9 29 11 18 37 25 31 27 19 13 28 8 22 26 3 30 1 38 7 17 14 10 21 0
0 34 31 22 15 39 6 36 12 2 33 32 5 14 9 21 26 3 20 7 27 28 10 19 29 8 4 25 37 11 17 38 18 23 1 30 16 24 35 13 0
0 31 38 5 36 37 15 10 9 29 27 20 11 3 21 28 4 18 22 1 6 14 26 7 2 33 16 12 19 34 35 25 32 17 8 24 30 13 23 39 0
0 28 27 13 38 31 9 16 11 23 14 17 24 29 35 5 26 22 20 37 30 10 33 34 21 4 1 19 25 7 15 2 12 39 32 6 18 3 36 8 0
0 4 11 23 28 22 36 35 37 38 2 29 20 19 25 18 14 34 39 13 10 9 24 16 31 6 1 30 27 5 32 7 12 3 21 17 15 26 33 8 0
0 34 9 18 4 1 31 36 5 23 19 30 21 20 12 8 26 13 10 6 28 14 22 7 2 25 35 32 3 27 33 29 16 24 17 39 38 15 11 37 0
0 17 21 28 31 39 22 37 20 33 11 24 8 25 3 6 16 5 26 18 19 23 10 1 32 38 13 14 7 4 12 15 30 27 36 9 29 2 35 34 0
0 31 25 1 32 13 14 9 29 11 38 27 30 22 15 20 2 26 5 12 17 16 39 7 3 6 24 34 28 19 8 21 37 23 18 33 36 4 35 10 0
0 34 31 24 4 30 29 17 14 35 37 20 1 32 15 5 26 19 10 9 2 38 33 39 3 8 16 11 22 21 25 27 36 23 18 13 6 28 7 12 0
0 14 29 28 3 19 34 39 37 38 33 12 27 30 11 7 32 23 18 31 25 26 24 13 4 6 36 10 2 21 17 16 9 5 1 22 35 8 15 20 0
0 29 16 1 15 25 10 19 27 30 33 5 26 14 11 4 8 18 9 38 12 35 6 20 23 36 24 28 32 31 3 13 2 39 34 22 7 21 17 37 0
0 1 11 17 13 39 8 37 12 32 14 24 16 5 18 9 20 28 15 6 10 27 35 34 30 2 29 25 21 38 7 4 19 31 3 36 23 33 26 22 0
0 10 28 37 7 38 4 15 23 31 24 1 13 29 25 6 26 2 39 12 21 20 35 27 8 30 14 34 9 32 33 3 17 19 18 5 36 11 22 16 0
0 34 9 36 21 23 30 14 27 1 33 7 12 37 6 32 31 38 28 4 19 11 10 3 18 29 25 13 26 39 35 16 22 15 20 8 24 17 5 2 0
0 25 27 9 10 23 6 30 21 36 1 4 35 26 39 12 32 2 33 14 17 19 29 3 31 22 13 20 16 8 18 24 28 38 37 15 5 34 7 11 0
0 4 22 13 31 23 16 3 10 5 7 1 27 38 29 8 26 36 12 14 32 37 28 25 35 15 19 39 20 17 34 11 21 30 9 2 24 18 6 33 0
0 26 20 21 2 27 5 16 37 39 28 7 19 14 11 3 34 35 6 18 10 13 32 12 4 24 31 33 23 1 25 15 30 36 38 9 8 29 22 17 0
0 16 17 12 15 11 3 39 14 28 1 20 34 37 7 9 38 23 4 26 27 5 13 29 10 18 33 2 25 19 30 8 36 24 6 35 21 32 31 22 0
0 37 16 17 7 33 9 11 31 15 13 30 8 1 12 24 34 28 2 26 20 23 39 36 27 29 10 14 6 38 19 22 21 35 32 18 3 5 4 25 0
0 15 1 7 14 33 38 18 22 8 24 6 28 35 19 9 2 12 10 13 4 27 11 30 5 32 3 39 16 20 37 36 21 26 17 23 34 29 31 25 0
0 2 26 19 37 18 20 35 28 16 32 8 11 27 1 31 9 25 22 24 29 4 38 6 21 7 39 17 3 14 13 10 23 33 30 5 34 36 12 15 0
0 21 22 38 32 20 2 24 33 36 29 8 25 26 16 6 5 13 14 31 39 7 30 19 4 34 18 12 17 23 9 11 28 35 27 15 3 37 1 10 0
0 33 23 38 4 28 13 3 11 19 32 10 9 30 18 24 8 27 39 37 16 7 17 36 15 12 22 14 31 25 29 26 5 21 34 1 2 6 35 20 0
0 10 20 29 27 13 21 9 28 36 12 39 15 25 24 1 37 26 32 16 6 19 38 35 23 18 7 22 14 5 33 2 3 4 31 11 30 8 17 34 0
0 33 7 21 15 5 28 39 16 17 32 27 30 12 14 11 20 13 18 3 31 37 10 8 25 26 24 23 9 36 38 22 19 2 6 1 4 29 34 35 0
0 21 30 2 27 39 33 34 6 20 35 16 38 8 36 1 29 26 19 32 31 22 15 37 28 3 11 18 24 23 14 12 7 9 4 10 25 13 17 5 0
0 24 34 3 32 30 5 12 11 1 21 29 4 15 35 8 9 25 10 39 13 16 27 22 6 14 33 28 2 23 38 20 36 17 26 31 37 18 7 19 0
0 3 37 25 2 11 26 33 8 27 17 10 16 24 6 23 7 18 36 38 30 15 19 31 29 13 4 39 20 22 34 9 35 28 32 5 1 21 14 12 0
0 33 4 27 18 6 35 10 21 29 32 12 1 38 24 17 11 28 3 30 2 15 8 14 7 25 34 36 23 39 13 31 5 20 37 22 26 9 19 16 0
0 32 39 7 22 12 5 36 8 14 17 18 10 27 21 23 37 38 13 9 6 19 33 3 28 2 20 11 15 31 24 34 16 35 25 4 29 30 1 26 0
0 10 17 7 38 4 37 21 12 24 6 20 32 19 31 11 9 34 15 30 26 39 27 25 5 8 23 16 33 1 29 14 18 22 36 28 2 3 35 13 0
0 31 26 25 16 30 24 33 14 18 3 19 15 6 9 8 10 28 5 21 2 27 23 35 34 36 22 11 12 1 7 13 17 38 20 4 32 37 29 39 0
0 7 13 36 16 31 19 23 38 5 33 14 18 29 39 2 30 12 27 25 37 11 28 22 15 26 8 6 34 21 1 32 10 35 17 24 4 20 9 3 0
0 5 25 17 10 23 13 26 38 4 32 39 31 35 18 36 21 24 30 33 37 29 12 34 14 2 6 22 27 1 16 15 19 3 20 28 11 7 8 9 0
0 32 11 27 30 1 31 3 39 6 19 21 12 25 22 37 14 17 7 10 13 38 35 8 34 15 9 24 20 36 23 29 26 18 4 33 5 16 2 28 0
0 23 39 38 11 26 31 34 5 28 32 24 1 8 36 30 18 16 25 21 7 37 12 20 27 10 29 9 2 19 15 22 35 14 13 17 4 33 6 3 0
0 6 34 21 29 1 4 36 31 27 7 22 19 18 28 15 39 11 5 8 16 37 20 10 12 14 25 2 30 33 35 9 17 13 23 38 3 26 32 24 0
0 1 11 9 8 7 26 34 13 29 18 17 39 21 25 28 5 14 23 16 37 2 15 20 27 6 4 19 33 3 32 24 36 31 12 35 10 38 22 30 0
0 31 5 36 14 9 10 12 24 11 32 25 22 26 38 29 30 3 23 27 34 18 17 39 8 19 2 4 21 6 37 13 16 7 1 15 28 33 20 35 0
0 20 16 2 18 30 17 3 21 12 29 27 22 9 39 8 34 4 7 28 25 6 23 37 26 38 32 11 24 31 5 36 19 14 15 33 13 35 10 1 0
0 13 21 39 30 33 22 27 35 31 3 8 19 15 18 16 17 24 2 20 26 4 6 5 25 23 14 28 34 9 32 10 36 1 38 7 37 29 12 11 0
0 12 17 7 14 22 8 30 26 5 32 28 1 29 15 3 33 4 19 16 21 2 20 37 18 25 39 27 38 24 35 36 31 11 13 6 23 34 9 10 0
0 24 2 36 34 9 28 16 23 29 3 6 33 4 27 8 25 5 18 37 26 19 1 12 22 10 31 35 32 30 17 7 39 21 11 15 38 14 20 13 0
0 28 13 7 31 12 18 23 32 33 25 38 4 9 3 29 37 34 39 21 26 8 1 14 20 36 16 19 27 22 6 30 35 11 17 10 15 2 5 24 0
0 33 28 30 23 12 5 14 37 25 16 13 8 36 6 2 34 22 10 32 39 4 26 18 21 7 15 9 1 35 38 29 20 31 19 11 17 27 24 3 0
0 16 31 11 24 29 12 4 13 36 26 8 33 37 23 19 32 27 15 38 39 20 25 14 5 6 9 34 18 35 3 28 17 1 21 7 10 30 22 2 0
0 7 38 4 3 13 6 17 1 37 9 16 25 33 19 32 27 10 23 12 29 2 11 34 24 26 31 28 14 22 15 20 39 8 36 35 30 18 5 21 0
0 38 20 24 35 3 18 6 31 8 19 32 27 22 36 25 37 34 30 29 4 33 26 13 10 7 1 21 15 14 17 28 2 39 5 11 16 12 23 9 0
0 19 37 10 31 28 5 38 8 30 6 9 26 16 36 1 14 27 15 11 34 22 7 25 12 29 21 4 35 33 17 3 23 2 13 39 32 18 20 24 0
0 19 3 39 11 1 31 8 5 25 30 24 34 35 12 9 4 36 27 6 18 17 2 37 20 15 22 32 16 21 10 7 23 28 13 14 33 29 26 38 0
0 19 11 21 20 32 24 25 39 9 6 22 28 8 38 35 30 18 17 15 13 36 27 4 37 1 12 14 33 5 34 23 3 2 7 31 29 26 16 10 0
0 18 25 28 14 6 34 3 38 27 30 31 22 1 36 19 32 35 12 11 37 20 10 15 13 5 39 24 21 7 26 16 2 29 17 4 23 9 33 8 0
0 34 11 27 19 8 33 16 28 36 21 13 1 5 12 9 38 4 15 35 23 3 10 31 29 2 39 6 7 17 37 30 14 26 22 32 18 25 24 20 0
0 2 15 22 5 17 33 31 23 8 9 28 36 37 11 24 38 35 12 4 26 7 25 16 19 10 13 14 3 1 39 27 30 32 29 20 34 6 18 21 0
0 11 25 35 12 31 8 22 37 32 18 28 34 24 10 3 30 7 17 9 36 19 14 4 2 39 33 15 6 26 27 1 20 38 16 23 29 21 13 5 0
0 32 23 6 34 14 27 26 5 18 8 15 1 10 39 25 33 19 21 37 13 36 12 7 28 24 35 11 30 20 17 31 4 9 16 3 22 38 29 2 0
0 35 11 24 22 34 1 17 3 15 8 16 19 38 10 4 28 18 27 14 32 29 30 21 9 5 39 37 26 33 25 6 31 12 20 36 2 7 13 23 0
0 19 32 31 37 7 12 23 2 9 39 22 17 10 14 30 27 20 4 11 36 35 25 28 18 33 29 13 21 1 5 26 34 24 6 38 8 3 16 15 0
0 36 26 10 25 37 1 23 35 8 39 24 19 16 5 18 20 21 13 22 38 6 4 28 12 31 7 17 11 33 15 27 30 29 32 14 3 34 9 2 0
0 20 29 19 11 2 9 5 31 3 32 38 1 10 13 27 18 35 39 16 17 33 24 36 6 14 37 22 34 30 23 15 25 7 4 12 8 21 26 28 0
0 12 18 33 25 7 11 13 15 31 23 39 26 17 38 28 22 4 14 30 2 21 34 36 35 27 20 5 37 19 10 9 16 3 8 29 24 32 1 6 0
0 15 6 10 8 23 31 1 20 26 36 19 32 38 27 11 16 39 33 24 3 4 5 30 34 29 18 37 21 35 13 14 9 2 28 22 7 12 17 25 0
0 3 11 1 32 4 17 36 15 33 24 26 21 5 39 2 8 29 12 22 10 9 19 37 31 23 20 13 35 7 34 16 30 18 38 28 27 25 6 14 0
0 20 3 4 37 1 31 9 17 28 22 12 34 36 39 21 16 8 32 25 19 29 27 6 35 13 18 30 14 26 24 23 7 10 33 15 11 2 5 38 0
0 31 14 1 23 6 27 17 34 21 9 13 12 2 19 8 39 5 33 16 4 11 30 20 7 18 28 10 22 26 36 25 24 3 15 35 32 38 29 37 0
0 36 6 25 34 22 20 11 3 23 31 16 30 39 26 19 7 32 24 29 18 9 15 17 1 2 10 4 13 8 33 27 21 35 37 28 5 14 12 38 0
0 19 9 32 11 4 8 22 2 25 16 35 37 29 10 31 27 18 1 23 24 17 5 28 34 6 20 33 26 14 38 39 3 7 21 15 13 30 12 36 0
0 33 9 4 28 14 6 25 13 35 30 24 22 18 17 36 5 20 39 37 2 29 23 27 38 16 3 1 8 19 11 15 26 31 21 10 12 32 34 7 0
0 29 4 30 21 14 24 8 6 25 3 16 9 12 5 34 33 11 20 10 28 35 27 32 37 23 2 38 31 15 39 36 19 17 1 22 26 13 18 7 0
0 35 14 5 9 3 33 25 16 22 28 6 2 8 12 27 34 31 1 10 15 37 20 13 29 19 38 30 26 36 18 32 17 21 39 4 24 23 11 7 0
0 32 6 5 30 37 16 8 11 3 19 34 33 4 13 2 35 22 18 25 23 1 17 26 36 10 27 7 14 12 21 39 31 38 24 29 15 28 20 9 0
0 34 10 14 28 31 38 9 3 4 24 21 18 25 27 5 13 39 30 23 29 2 1 6 19 37 32 26 22 11 8 17 20 12 15 35 7 16 36 33 0
0 12 9 19 10 11 16 17 21 23 34 7 32 33 39 5 3 1 2 6 38 31 14 35 25 36 37 24 18 13 28 27 4 20 15 30 22 26 8 29 0
0 11 4 20 16 2 35 15 28 7 12 18 26 1 19 24 6 33 17 10 13 36 3 21 34 23 30 29 25 31 37 9 22 27 5 38 14 8 32 39 0
0 24 22 20 38 16 5 28 18 7 27 3 39 1 11 10 19 37 12 34 33 31 23 6 15 2 35 29 26 25 17 36 14 4 21 30 32 8 9 13 0
0 28 13 12 33 21 30 35 19 27 16 14 20 7 23 29 3 22 32 24 25 5 17 34 1 4 31 9 8 38 26 11 18 36 39 15 6 37 2 10 0
0 34 28 4 17 33 21 8 15 12 1 11 19 36 31 6 22 10 7 29 16 14 35 5 3 13 23 39 30 24 2 38 27 18 32 20 37 26 9 25 0
0 20 36 28 13 39 25 18 33 22 29 38 1 12 30 11 7 32 19 2 17 16 5 23 37 9 35 24 34 21 4 3 14 31 27 26 8 15 6 10 0
0 18 7 35 32 39 10 34 14 12 1 31 22 29 8 11 9 2 15 21 3 37 20 33 4 13 36 23 30 17 38 16 5 26 28 24 6 25 19 27 0
0 14 23 4 18 11 19 38 35 15 22 10 6 28 36 9 37 27 13 34 26 20 29 2 30 33 32 8 17 1 7 16 3 21 12 39 5 31 25 24 0
0 7 35 22 26 37 23 31 5 12 38 28 1 21 39 24 8 36 13 2 30 9 34 33 20 4 27 29 11 19 32 14 6 3 25 15 16 10 17 18 0
0 10 5 9 36 22 34 38 26 37 14 18 29 8 39 24 7 28 35 27 30 20 33 6 25 13 4 1 23 2 3 11 31 21 19 17 16 12 32 15 0
0 29 14 16 26 13 35 37 33 32 38 22 15 3 11 36 10 30 1 8 2 20 7 4 21 39 9 28 31 6 23 19 12 34 5 25 18 24 17 27 0
0 17 35 6 2 13 39 29 34 4 15 37 38 18 22 3 1 25 16 10 30 27 33 31 11 36 23 12 7 19 8 32 21 28 14 24 5 26 20 9 0
0 13 37 39 15 28 2 34 4 14 21 1 27 7 26 12 8 10 5 38 30 11 29 32 19 25 3 17 16 36 20 9 18 6 33 23 31 22 35 24 0
0 11 19 3 18 24 39 30 26 4 17 21 34 6 36 38 16 10 13 33 31 35 29 23 9 37 5 2 28 20 12 14 1 15 32 27 22 8 7 25 0
0 30 12 33 18 9 29 11 1 20 37 16 17 13 19 34 14 8 27 25 31 6 15 21 38 36 4 28 7 26 35 23 32 24 2 3 39 22 10 5 0
0 25 15 33 18 37 32 11 8 14 13 20 36 26 38 22 17 4 30 3 28 6 16 5 27 19 35 24 31 29 34 39 21 23 7 1 12 10 2 9 0
0 31 29 14 7 16 34 5 32 13 2 21 30 37 6 20 39 3 25 36 10 26 11 12 9 22 4 15 38 17 35 28 1 23 18 24 27 8 19 33 0
0 3 12 27 33 10 30 38 4 37 6 11 8 25 34 23 7 20 24 18 16 26 5 14 36 2 21 32 28 9 19 22 1 15 31 13 17 39 35 29 0
0 12 21 18 22 25 2 30 20 29 6 1 11 24 38 27 9 34 17 4 10 8 26 5 3 7 15 14 16 19 36 23 37 39 33 13 28 31 32 35 0
0 10 26 12 2 5 1 22 21 25 9 15 27 3 17 33 28 20 34 18 4 8 30 35 11 36 29 32 6 31 13 39 16 37 23 7 14 19 24 38 0
0 17 20 19 7 34 21 33 14 8 1 10 11 23 30 27 6 18 29 5 35 39 24 22 12 37 25 15 9 13 36 31 3 16 38 2 4 28 32 26 0
0 5 12 37 20 25 32 30 22 13 4 3 7 2 34 17 16 14 27 1 9 31 33 24 10 6 39 19 18 11 35 36 28 21 26 29 8 23 38 15 0
0 39 29 32 16 1 15 11 14 23 9 5 31 24 10 12 26 13 4 38 34 36 6 2 7 17 22 33 19 27 28 3 25 35 8 18 30 20 21 37 0
0 37 29 5 31 10 2 17 39 34 6 19 18 9 32 7 11 8 30 35 28 12 21 24 4 25 26 20 38 33 36 13 22 27 23 14 15 3 1 16 0
0 17 36 33 1 8 10 2 5 23 21 4 37 3 29 27 26 31 12 28 20 24 7 34 9 6 16 18 13 32 11 14 39 15 30 22 35 19 38 25 0
0 8 23 28 17 6 3 18 16 5 31 25 22 26 30 12 37 4 2 13 9 34 10 24 35 29 20 21 33 1 11 38 39 14 27 19 32 15 36 7 0
0 25 23 39 12 7 20 1 6 15 37 9 24 29 2 34 14 36 8 33 4 16 27 31 35 18 17 10 3 21 13 28 19 30 5 22 11 26 32 38 0
0 3 12 15 7 17 22 20 32 8 18 4 33 26 10 27 1 38 36 28 2 29 9 30 16 5 25 6 37 31 14 19 13 23 21 11 24 34 35 39 0
0 26 17 20 32 7 13 37 22 10 27 3 39 34 11 35 21 14 23 25 29 30 12 9 24 15 2 38 31 28 6 4 33 1 19 5 8 16 18 36 0
0 9 32 34 15 8 18 3 2 17 1 16 6 31 28 10 5 13 11 23 4 37 38 29 39 19 21 12 30 35 14 26 36 22 27 24 25 20 7 33 0
0 6 13 32 31 35 26 21 23 22 19 20 3 28 33 27 24 8 1 37 10 7 9 30 36 18 15 11 2 17 5 34 29 38 25 16 14 12 4 39 0
0 14 21 19 6 7 16 4 15 18 10 36 33 25 27 26 12 28 13 35 8 5 11 17 30 39 29 24 31 32 38 9 1 34 23 22 20 2 37 3 0
0 36 22 38 17 29 37 8 39 4 6 25 21 34 28 16 32 33 12 30 3 9 11 26 31 2 15 24 5 19 1 18 23 7 20 13 14 10 27 35 0
0 2 9 23 12 30 32 33 25 35 38 17 16 5 4 1 21 10 24 27 28 3 36 39 14 15 22 6 19 20 7 29 34 18 8 31 13 37 11 26 0
0 14 27 22 26 23 28 21 38 7 11 30 4 37 1 20 5 33 29 17 35 12 10 18 6 25 16 36 15 9 32 39 34 2 8 13 3 24 19 31 0
0 24 29 28 34 18 21 5 33 22 13 8 2 15 20 26 35 16 3 32 9 14 37 6 4 17 27 25 31 10 23 38 1 12 30 39 19 7 36 11 0
0 3 14 7 2 8 18 22 31 19 4 26 35 30 24 27 5 36 12 32 10 11 29 25 16 20 21 28 39 38 34 1 13 23 17 37 9 15 6 33 0
0 1 21 8 39 27 18 37 36 15 14 9 28 31 16 17 38 20 33 11 24 6 5 2 30 32 3 35 22 29 26 34 10 12 13 25 7 23 19 4 0
0 13 19 27 21 3 2 24 23 28 34 4 9 38 5 29 36 30 20 11 10 12 22 15 18 16 37 31 6 39 7 26 25 33 32 14 35 1 8 17 0
0 37 26 1 19 13 38 36 18 25 15 21 17 20 12 11 39 23 4 3 7 16 10 22 9 31 29 27 6 5 8 28 30 32 24 33 35 14 2 34 0
0 7 2 36 14 30 34 10 33 19 38 21 15 17 29 9 27 23 20 31 32 26 22 39 11 8 25 1 35 18 12 16 5 3 13 4 6 37 28 24 0
0 21 18 36 27 1 12 14 17 35 20 34 10 9 25 38 8 33 19 37 16 24 31 30 28 4 23 7 26 2 32 29 5 15 22 39 3 11 6 13 0
0 16 26 19 6 23 8 29 24 2 33 21 3 31 4 36 30 37 18 35 39 12 32 17 34 5 15 10 14 22 9 7 1 27 13 38 20 11 28 25 0
0 5 14 6 4 26 31 7 30 12 34 9 8 22 39 18 1 37 20 2 25 10 24 38 21 13 17 33 35 29 16 36 23 3 32 19 11 27 28 15 0
0 6 20 17 18 33 5 16 38 36 13 1 27 32 4 29 10 24 34 39 35 14 22 26 30 3 23 12 11 8 9 25 21 15 28 2 7 19 31 37 0
0 33 35 14 38 39 3 27 37 9 16 11 4 12 22 20 15 1 23 8 7 28 10 6 32 29 18 34 13 31 17 19 25 36 30 2 24 21 5 26 0
0 36 27 21 19 34 11 13 20 5 7 29 10 28 32 23 18 17 16 35 9 1 15 24 30 14 22 38 3 26 33 25 6 8 31 12 4 37 2 39 0
0 11 27 19 39 28 24 26 38 33 6 1 12 7 32 8 36 18 9 10 17 20 15 30 16 25 21 22 29 34 14 4 35 23 3 13 2 31 5 37 0
0 5 32 13 29 31 9 6 24 15 8 12 22 25 19 11 27 30 21 14 2 1 39 36 28 3 10 33 20 7 35 16 37 18 34 17 23 4 26 38 0
0 17 12 38 9 24 22 5 36 39 14 3 10 15 7 31 29 23 20 13 28 25 19 1 32 8 6 27 11 4 21 34 37 16 33 35 2 30 26 18 0
0 6 18 37 33 20 13 4 30 34 31 27 35 28 36 5 12 3 39 11 9 24 8 23 14 32 10 21 15 29 16 17 2 22 19 1 7 38 26 25 0
0 9 21 10 13 28 17 32 15 37 8 20 24 3 22 1 34 11 16 27 2 6 29 19 38 39 36 31 5 26 33 23 7 12 30 18 25 14 35 4 0
0 39 19 20 25 24 31 1 26 6 27 5 12 34 30 38 35 36 29 11 3 37 21 32 16 10 15 2 13 8 17 22 28 23 9 7 18 14 4 33 0
0 36 29 1 4 37 31 3 9 30 13 32 22 2 12 25 39 24 34 28 17 6 23 19 26 11 21 14 15 38 8 20 33 10 16 18 7 5 35 27 0
0 7 16 22 12 8 15 17 35 1 24 29 10 20 30 14 37 26 31 18 39 38 4 28 6 9 25 21 2 19 3 36 27 13 5 23 32 33 11 34 0
0 4 19 1 16 10 9 38 13 20 34 17 21 8 27 2 23 14 36 12 28 29 22 7 31 39 32 37 11 30 5 26 33 35 3 6 24 18 15 25 0
0 26 38 3 9 11 35 7 14 36 33 17 21 27 16 22 5 1 34 28 39 19 20 15 18 13 10 8 6 25 29 23 24 30 32 2 12 37 31 4 0
0 28 22 9 18 8 1 29 10 7 5 20 27 16 26 17 34 14 25 38 21 12 11 24 33 39 37 19 35 23 32 3 36 2 4 13 6 30 15 31 0
0 5 2 20 10 33 16 13 30 29 1 19 12 7 28 22 3 8 26 9 25 6 39 23 4 38 37 18 11 32 34 27 15 21 14 35 24 17 36 31 0
0 37 3 12 32 7 28 15 20 4 24 30 26 34 14 39 1 27 23 9 31 2 21 6 19 35 8 33 18 17 11 22 36 10 38 16 13 25 5 29 0
0 14 15 32 19 12 23 28 22 18 5 11 8 21 20 26 13 31 38 2 7 27 4 30 36 1 33 9 6 17 35 25 24 3 16 10 39 34 37 29 0
0 28 8 38 17 37 29 30 10 12 4 2 33 23 32 6 1 16 26 20 13 21 39 9 5 35 27 7 14 22 11 19 3 36 25 31 18 24 34 15 0
0 9 37 24 23 18 29 32 25 5 36 16 21 22 28 31 20 34 26 13 6 39 11 3 33 17 12 4 35 10 7 1 14 30 27 8 2 19 15 38 0
0 25 3 31 23 8 6 24 39 28 7 12 35 16 4 17 1 11 10 13 32 2 19 21 9 33 15 5 18 26 14 37 34 38 30 20 36 27 29 22 0
0 9 33 22 12 8 10 15 35 13 18 25 39 7 26 17 37 32 11 31 23 29 36 14 4 3 34 6 2 5 38 30 1 24 20 28 21 19 27 16 0
0 31 6 28 32 21 39 16 7 37 22 5 4 2 29 26 38 35 34 9 20 17 33 11 24 3 15 18 8 25 1 14 30 13 27 36 23 12 10 19 0
0 11 25 31 29 8 30 35 19 34 12 3 10 2 17 7 37 33 16 23 27 38 14 20 18 6 21 15 28 13 39 4 26 32 9 22 1 36 24 5 0
0 28 34 23 38 25 4 21 27 33 20 3 14 15 1 37 10 11 12 2 39 6 35 24 36 18 8 16 5 17 30 22 9 13 31 26 7 29 19 32 0
0 24 20 35 14 36 39 25 33 2 6 30 9 17 28 10 15 27 32 38 4 34 7 13 8 16 23 18 3 5 21 29 37 26 31 22 12 19 11 1 0
0 32 15 34 38 26 24 11 4 23 31 36 18 14 20 30 37 9 29 33 28 8 27 5 13 12 7 17 16 6 19 35 10 22 39 2 25 3 1 21 0
0 4 14 24 19 28 21 26 15 1 22 10 32 6 31 27 11 7 2 8 20 30 13 18 16 3 5 37 33 9 23 34 17 36 35 39 25 12 29 38 0
0 4 38 9 3 24 11 28 29 33 2 22 21 13 12 26 30 32 23 34 16 5 19 31 10 35 25 14 15 8 1 27 36 7 39 20 6 18 37 17 0
0 29 22 6 23 3 10 2 1 18 12 21 25 24 16 7 34 28 8 19 9 39 13 32 31 26 17 11 35 5 14 4 36 27 38 33 37 30 20 15 0
0 32 28 33 14 7 4 1 17 18 16 27 13 15 30 25 6 3 38 35 22 19 26 12 36 37 5 39 2 9 24 29 23 8 21 11 34 31 20 10 0
0 32 10 5 31 22 18 17 24 35 29 2 12 23 26 28 19 4 39 14 30 7 13 37 1 33 16 15 3 34 27 38 36 9 21 25 20 8 11 6 0
0 30 18 10 13 3 29 37 19 24 1 7 25 14 32 36 15 28 17 33 20 26 2 31 22 11 8 12 23 27 6 4 35 34 21 5 16 9 38 39 0
0 36 2 13 23 9 33 11 8 28 34 12 16 20 19 21 29 26 32 15 5 22 39 17 7 6 30 4 24 3 27 31 1 37 25 18 38 35 10 14 0
0 7 5 19 4 18 2 36 3 8 29 28 12 35 30 21 34 27 26 17 25 13 16 10 39 33 24 31 6 38 22 9 37 23 11 1 14 32 15 20 0
0 13 23 38 9 17 14 28 36 6 22 31 21 18 3 2 16 11 20 35 12 8 26 29 15 27 7 4 34 10 39 1 24 33 19 37 5 30 25 32 0
0 2 37 35 39 11 7 38 32 22 33 3 25 30 21 13 23 29 6 17 18 34 15 8 16 10 12 1 20 9 5 24 31 14 36 28 27 19 4 26 0
0 9 24 34 18 25 5 28 13 27 15 14 2 4 30 11 19 31 36 12 32 20 3 10 35 23 33 7 17 22 1 26 29 39 8 21 16 37 38 6 0
0 29 16 1 32 8 14 2 34 31 36 33 3 30 35 24 4 28 26 17 9 5 23 15 11 27 37 7 25 18 22 12 10 19 6 21 20 39 13 38 0
0 1 16 35 34 30 14 11 29 22 8 38 9 20 2 39 10 25 27 13 28 5 18 31 33 12 6 23 24 21 4 32 36 37 7 26 19 15 3 17 0
0 6 2 21 38 36 22 16 9 32 20 39 12 23 31 3 35 33 17 13 24 26 11 8 25 14 7 1 4 27 29 19 28 37 10 30 18 5 34 15 0
0 14 2 4 34 27 35 11 32 25 29 8 5 22 13 30 7 9 24 26 10 3 31 18 20 16 23 28 21 39 37 38 17 12 36 15 1 19 33 6 0
0 18 19 23 4 34 10 15 22 30 28 26 39 14 1 20 5 32 35 27 31 9 11 36 21 29 2 17 24 33 3 25 38 37 8 6 12 13 7 16 0
0 21 11 9 22 12 7 17 2 20 34 4 13 14 15 24 39 1 29 16 30 33 31 6 25 8 37 10 38 32 5 3 35 19 27 26 28 18 36 23 0
0 28 1 16 17 12 30 7 38 27 10 8 24 37 36 18 15 3 20 33 35 25 29 4 13 31 19 6 14 21 11 32 9 34 2 22 23 39 26 5 0
0 8 33 23 32 34 4 19 16 30 39 15 28 6 3 1 17 9 35 12 7 14 13 36 24 10 5 27 29 22 31 26 25 37 2 18 38 21 11 20 0
0 18 28 19 30 32 9 4 14 5 10 2 33 36 12 11 25 7 34 22 20 26 15 23 17 1 29 16 39 38 6 31 21 24 27 3 13 8 35 37 0
0 37 1 6 27 13 3 32 22 35 38 23 17 4 2 31 30 34 12 25 16 28 21 29 14 7 33 36 19 24 15 39 20 11 26 9 8 10 5 18 0
0 19 7 17 20 27 15 9 13 39 33 4 5 21 10 35 29 32 26 16 36 34 24 38 30 22 25 31 2 3 8 6 12 1 11 37 14 28 23 18 0
0 39 8 25 7 34 35 24 27 38 21 3 30 26 10 32 11 5 29 2 4 37 20 23 18 36 19 33 15 9 1 14 12 31 28 16 22 13 6 17 0
0 2 7 1 30 29 3 28 9 32 26 38 19 22 37 25 21 8 13 36 39 16 20 24 12 18 35 23 11 27 10 34 31 17 6 14 4 5 15 33 0
0 28 21 25 35 27 5 29 11 13 37 14 16 12 8 26 32 10 1 17 23 34 20 19 18 24 4 6 7 9 33 3 2 31 38 39 22 15 36 30 0
0 15 9 27 8 12 22 18 11 5 34 26 37 24 28 4 10 17 32 21 29 2 31 35 33 7 14 20 25 38 3 1 19 16 13 39 36 30 23 6 0
0 15 19 9 36 4 32 24 14 21 17 28 8 27 7 37 3 33 18 34 6 5 25 10 29 22 38 16 30 11 35 2 1 23 39 26 31 12 20 13 0
0 38 8 37 34 21 20 19 9 30 28 7 17 18 10 25 23 39 6 11 1 35 13 22 32 31 2 26 29 36 24 12 14 4 5 3 15 33 16 27 0
0 32 19 31 37 34 33 2 9 16 10 39 12 18 22 27 28 6 35 25 11 36 5 4 21 26 3 29 7 1 17 30 15 8 24 20 14 13 23 38 0
0 18 3 7 36 1 19 25 29 26 24 2 23 8 33 31 10 20 5 38 12 32 30 21 15 17 22 37 4 16 28 34 11 9 14 39 6 27 35 13 0
0 26 18 6 5 38 10 22 35 13 32 21 4 11 24 1 39 30 25 9 3 7 2 28 37 23 29 36 16 8 34 14 17 15 12 31 33 20 27 19 0
0 22 14 16 7 24 23 5 9 26 13 12 8 20 36 32 34 25 35 15 17 10 2 39 30 1 31 33 11 18 28 37 3 19 21 38 29 4 6 27 0
0 32 5 15 3 30 34 20 13 24 28 35 27 19 14 26 25 18 23 39 31 37 6 8 4 17 10 38 29 33 12 22 21 7 11 2 1 36 9 16 0
0 20 35 5 32 39 26 25 36 17 31 27 14 12 18 38 23 30 24 16 21 10 9 22 19 11 33 15 7 29 13 2 37 4 6 1 28 3 34 8 0
0 14 12 11 16 3 19 32 18 8 20 4 26 15 2 22 5 38 25 29 24 30 7 27 36 17 21 37 10 34 31 39 23 28 13 33 35 1 9 6 0
0 37 25 8 22 24 6 39 1 4 36 9 33 5 31 20 10 34 38 17 35 30 32 11 13 23 29 28 3 16 21 12 7 27 14 26 2 15 19 18 0
0 8 12 13 27 32 22 24 9 34 37 21 25 18 39 4 30 16 1 26 10 15 38 11 33 7 5 29 36 28 2 17 3 20 19 14 35 23 31 6 0
0 16 21 8 10 23 27 30 32 28 37 31 34 25 39 12 4 33 18 7 29 5 35 15 20 36 19 38 13 26 3 1 11 6 9 14 17 24 22 2 0
0 5 6 33 36 27 15 30 35 21 12 18 19 38 23 8 29 1 10 39 37 11 24 32 2 16 28 14 34 9 17 4 7 3 31 13 20 22 25 26 0
0 25 23 16 31 20 4 27 9 39 28 34 29 36 19 11 22 10 3 13 7 14 37 1 30 26 33 35 8 32 6 12 18 2 24 5 38 21 17 15 0
0 6 39 15 4 29 36 13 28 7 10 14 23 24 18 21 3 19 2 37 30 34 38 26 8 33 25 35 11 32 16 17 20 31 5 22 9 12 27 1 0
0 26 18 11 19 36 23 37 9 21 31 24 5 15 13 27 33 2 20 7 29 32 30 25 10 1 17 22 3 6 35 8 38 16 34 12 4 39 14 28 0
0 16 13 12 4 37 25 38 36 24 39 8 23 18 35 10 7 17 6 33 2 29 30 26 31 22 20 32 28 14 34 19 1 3 11 27 9 15 5 21 0
0 26 7 32 18 22 28 11 23 19 31 25 35 1 14 16 17 37 36 15 39 5 3 20 33 8 10 24 9 34 38 6 29 27 2 12 21 13 4 30 0
0 14 28 39 13 6 18 16 29 37 38 15 32 22 26 1 4 24 27 20 35 34 12 33 19 21 3 17 36 30 9 7 11 10 23 2 31 8 5 25 0
0 10 31 36 12 34 9 13 17 18 16 32 4 29 11 3 37 2 30 33 14 24 7 15 8 27 28 6 21 35 25 20 26 19 5 23 38 39 1 22 0
0 23 16 13 5 27 18 36 14 31 3 32 11 9 10 34 22 4 6 21 33 20 24 15 39 29 12 28 26 37 19 30 25 17 38 35 2 7 1 8 0
0 34 1 2 10 20 33 17 6 11 38 25 26 16 36 22 37 4 23 27 14 9 24 21 8 12 35 29 31 18 7 3 5 19 30 13 32 28 39 15 0
0 26 23 32 2 3 27 17 39 7 14 22 10 25 37 34 11 18 24 5 1 12 8 9 31 38 16 20 15 13 28 6 30 4 19 21 29 35 33 36 0
0 35 25 4 19 29 28 10 23 12 11 2 34 14 7 26 15 6 1 27 31 9 13 3 37 39 24 22 16 5 17 38 18 20 8 32 33 30 36 21 0
0 39 31 17 8 10 16 3 6 7 11 34 26 5 27 22 4 1 36 21 12 32 35 9 30 25 18 19 38 24 13 37 29 20 14 23 15 33 2 28 0
0 33 24 22 21 6 23 9 12 3 16 31 17 10 5 20 30 8 4 34 37 7 29 14 13 19 28 15 26 11 1 35 25 39 36 38 27 32 2 18 0
0 13 29 18 15 30 14 33 28 22 19 32 37 27 23 38 34 16 17 24 31 11 35 4 25 21 2 7 20 12 36 26 39 6 3 10 9 8 1 5 0
0 16 26 27 34 36 17 25 4 33 3 7 23 39 29 2 15 32 28 20 14 11 31 37 10 5 22 8 1 19 30 18 12 6 24 35 9 38 21 13 0
0 31 18 17 30 27 38 21 25 7 20 22 19 13 5 1 16 36 4 37 26 2 39 34 29 12 24 23 15 14 35 8 10 3 28 6 11 32 33 9 0
