# n n_solutions
60 1000
# n x n distance matrix
0 2319 4229 4205 2617 2863 3605 6551 4837 6440 4031 2080 4178 4172 2906 1552 3512 412 721 6306 2983 4701 4865 3492 5243 7076 2996 6155 3512 5503 1581 3420 2118 2758 5608 500 2600 4176 1964 1140 4957 5608 4459 3244 2624 1400 2545 5322 1923 3140 5217 5663 4527 5385 4554 4418 5053 3157 5688 4482
2319 0 6548 6425 4652 4545 5921 4957 5353 4545 4114 4031 6315 2692 1627 2954 1200 1910 2716 4534 2200 6365 2731 4827 6640 5500 1649 4477 1341 3748 3577 1562 2334 4531 7481 2308 3911 6476 2408 3224 6997 6585 6216 5220 3176 948 1581 6435 721 5403 4947 7580 3687 7072 4494 4518 2973 3801 3373 6020
4229 6548 0 1581 2778 3661 670 10220 6406 10336 6506 3231 2022 7961 6846 4293 7741 4638 3956 10141 6649 4070 9004 4468 4947 10653 6946 9887 7702 9374 3395 7510 5499 3397 3847 4317 4317 728 5276 3511 2844 6074 3613 2745 5385 5622 6425 5629 6103 1486 7709 3721 7818 4332 7000 6720 9139 5458 9914 4237
4205 6425 1581 0 1902 2570 1802 9404 7473 10623 7323 2517 3505 8300 6337 4810 7558 4606 4201 9426 6000 2523 8584 3220 6338 11139 6437 10280 7397 8705 2886 7085 5946 4386 2302 4465 5162 854 5731 3889 1300 7375 5015 3929 4527 5478 6685 6942 5852 2570 8570 2202 6923 2751 7849 7600 9258 4438 9771 5573
2617 4652 2778 1902 0 921 2475 7550 6806 9027 6332 632 3996 6788 4440 3676 5738 2973 2865 7542 4100 2256 6691 1802 6315 9693 4539 8769 5536 6811 1081 5197 4632 3901 3000 3000 4373 2308 4441 2751 2360 7106 5124 3807 2668 3721 5162 6718 4031 2729 7576 3047 5096 2879 6870 6672 7570 2683 7947 5491
2863 4545 3661 2570 921 0 3394 6846 7423 9050 6815 900 4909 6920 4016 4177 5522 3138 3298 6900 3569 1860 6264 894 7130 9840 4110 8872 5232 6206 1334 4810 4976 4652 2941 3324 5003 3130 4810 3313 2596 7851 5980 4648 2002 3676 5325 7480 3860 3635 8036 3052 4356 2561 7349 7180 7516 1868 7694 6306
3605 5921 670 1802 2475 3394 0 9740 5830 9666 5869 2830 1726 7291 6296 3623 7117 4011 3298 9630 6140 4110 8421 4252 4539 9985 6395 9217 7100 8852 2915 6935 4829 2780 4100 3667 3676 1077 4606 2846 3101 5604 3214 2193 4964 5003 5758 5166 5500 860 7083 4004 7382 4472 6370 6095 8477 5103 9277 3785
6551 4957 10220 9404 7550 6846 9740 0 10280 7211 8987 7009 10689 6815 3661 7746 4253 6268 7211 707 3624 7930 2720 6400 11543 8637 3580 7679 3744 1252 6830 3397 7291 9241 9243 6823 8786 9848 7355 7685 9300 11542 10961 9794 4883 5403 6440 11386 4827 9533 9616 9433 2501 8485 9296 9374 5805 5008 4400 10870
4837 5353 6406 7473 6806 7423 5830 10280 0 5885 1360 6527 4666 4070 6888 3306 6087 4805 4204 9794 7300 9060 7779 8202 2451 5414 6935 5135 6542 9041 6107 6906 3087 3087 9581 4341 2433 6896 3101 4110 8672 1552 3244 3661 7433 5200 3841 1700 5679 4973 1726 9551 8905 9654 1334 1077 5679 7990 7271 2555
6440 4545 10336 10623 9027 9050 9666 7211 5885 0 4704 8438 9384 2376 5724 6052 3891 6060 6449 6519 6394 10893 4617 9372 8215 1456 5679 806 4438 6103 7951 5069 4845 7324 11960 6158 6356 10470 5068 6842 11385 7433 8537 8148 7684 5374 3944 7566 5263 8930 4301 12041 7404 11600 4554 4837 1655 8292 2828 8005
4031 4114 6506 7323 6332 6815 5869 8987 1360 4704 0 5948 5060 2731 5700 2657 4763 3901 3517 8481 6168 8570 6444 7513 3512 4464 5738 4004 5243 7742 5481 5643 2009 3124 9257 3535 2193 6876 2100 3584 8421 2863 3929 3883 6506 4100 2555 2912 4522 5020 1252 9259 7749 9211 538 412 4346 7100 5916 3337
2080 4031 3231 2517 632 900 2830 7009 6527 8438 5948 0 4186 6228 3820 3298 5107 2408 2435 6972 3505 2640 6067 1746 6264 9143 3920 8203 4904 6228 500 4570 4159 3765 3538 2505 4104 2844 3981 2418 2968 6958 5147 3807 2154 3106 4609 6592 3401 2906 7178 3606 4588 3312 6484 6306 6963 2280 7316 5440
4178 6315 2022 3505 3996 4909 1726 10689 4666 9385 5060 4186 0 7040 7077 3500 7496 4522 3613 10478 7071 5824 8997 5798 2941 9454 7169 8823 7615 9676 4103 7589 4627 2060 5807 4025 3036 2701 4418 3104 4804 4114 1615 1236 6171 5508 5707 3667 6072 1280 6161 5700 8487 6198 5491 5186 8437 6435 9513 2282
4172 2692 7961 8300 6788 6920 7291 6815 4070 2376 2731 6228 7040 0 4219 3676 2647 3820 4104 6216 4850 8780 4114 7357 6161 2920 4210 1984 3238 5571 5730 3811 2469 4981 9766 3841 4031 8112 2692 4477 9127 5594 6300 5805 5830 3312 1627 5630 3383 6554 2906 9830 6200 9481 2801 3001 1615 6462 3220 5830
2906 1627 6846 6337 4440 4016 6296 3661 6888 5724 5700 3820 7077 4219 0 4103 1835 2607 3550 3401 670 5643 2256 3996 7919 6862 100 5818 1345 2600 3500 806 3807 5580 6887 3162 5162 6600 3827 4031 6609 8020 7300 6140 2163 1769 3201 7824 1220 5977 6573 7026 2061 6328 6103 6109 4070 2690 3780 7224
1552 2954 4293 4810 3676 4177 3623 7746 3306 6052 2657 3298 3500 3676 4103 0 4080 1612 900 7406 4341 5913 5685 4916 3820 6382 4177 5594 4295 6603 2844 4410 1207 1581 6624 1077 1081 4500 984 943 5824 4071 3264 2319 4176 2343 2220 3807 2920 2879 3900 6636 5940 6555 3195 3008 4964 4707 6020 3124
3512 1200 7741 7558 5738 5522 7117 4253 6087 3891 4763 5107 7496 2647 1835 4080 0 3106 3911 3720 2505 7280 1702 5672 7631 5069 1788 4026 600 3001 4681 1216 3275 5661 8459 3505 4965 7648 3400 4418 8049 7440 7316 6378 3889 2121 2267 7340 1708 6603 5366 8574 3622 7981 5047 5140 2236 4468 2213 7066
412 1910 4638 4606 2973 3138 4011 6268 4805 6060 3901 2408 4522 3820 2607 1612 3106 0 943 5994 2758 4992 4491 3700 5403 6735 2692 5798 3125 5188 1910 3067 1923 2983 5946 565 2692 4588 1802 1431 5326 5679 4701 3535 2630 1004 2202 5419 1552 3522 5048 6010 4341 5685 4409 4300 4652 3206 5277 4668
721 2716 3956 4201 2865 3298 3298 7211 4204 6449 3517 2435 3613 4104 3550 900 3911 943 0 6935 3679 5069 5384 4019 4522 6942 3635 6080 4002 6129 1964 3992 1780 2051 5852 412 1897 4024 1581 509 5108 4904 3764 2594 3324 1897 2505 4609 2469 2701 4743 5882 5240 5727 4052 3883 5186 3832 6013 3764
6306 4534 10141 9426 7542 6900 9630 707 9794 6519 8481 6972 10478 6216 3401 7406 3720 5994 6935 0 3492 8121 2102 6537 11166 7951 3310 7003 3255 806 6746 3000 6862 8935 9436 6536 8420 9815 6942 7424 9419 11101 10652 9529 4904 5077 5954 10965 4494 9363 9055 9617 2668 8709 8765 8860 5141 5115 3701 10520
2983 2200 6649 6000 4100 3569 6140 3624 7300 6394 6168 3505 7071 4850 670 4341 2505 2758 3679 3492 0 5098 2731 3443 8156 7527 721 6484 2000 2729 3255 1414 4215 5730 6368 3323 5420 6338 4204 4123 6161 8352 7441 6220 1615 2102 3733 8127 1649 5909 7102 6519 1612 5770 6596 6580 4740 2080 4393 7426
4701 6365 4070 2523 2256 1860 4110 7930 9060 10893 8570 2640 5824 8780 5643 5913 7280 4992 5069 8121 5098 0 7829 1655 8429 11700 5730 10729 6933 7518 3130 6449 6797 6113 1315 5142 6628 3361 6621 5000 1612 9302 7170 5913 3488 5522 7184 8900 5663 4669 9808 1503 5458 707 9108 8918 9338 3067 9402 7615
4865 2731 9004 8584 6691 6264 8421 2720 7779 4617 6444 6067 8997 4114 2256 5685 1702 4491 5384 2102 2731 7829 0 6174 9319 6000 2158 5008 1392 1513 5721 1503 4964 7261 9099 4972 6624 8809 5077 5893 8860 9142 8947 7937 4346 3492 3969 9042 2942 8005 6964 9247 3023 8497 6700 6811 3114 4788 1969 8732
3492 4827 4468 3220 1802 894 4252 6400 8202 9372 7513 1746 5798 7357 3996 4916 5672 3700 4019 6537 3443 1655 6174 0 8008 10261 4081 9265 5300 5903 2102 4802 5604 5510 2941 3981 5803 3883 5456 4101 2901 8697 6870 5536 1835 4049 5813 8336 4110 4527 8709 3104 3901 2332 8041 7891 7783 1431 7766 7184
5243 6640 4947 6338 6315 7130 4539 11543 2451 8215 3512 6264 2941 6161 7919 3820 7631 5403 4522 11166 8156 8429 9319 8008 0 7851 7990 7500 7963 10370 5980 8168 4356 2549 8620 4841 2758 5590 4243 4167 7632 1272 1334 2517 7789 6152 5412 860 6720 3801 4177 8537 9744 8902 3705 3401 7762 8228 9211 824
7076 5500 10653 11139 9693 9840 9985 8637 5414 1456 4464 9143 9454 2920 6862 6382 5069 6735 6942 7951 7527 11700 6000 10261 7851 0 6830 1044 5651 7502 8644 6281 5200 7424 12680 6717 6440 10881 5420 7261 12020 6900 8393 8234 8676 6212 4534 7111 6217 9192 3701 12739 8668 12401 4159 4472 2915 9301 4275 7787
2996 1649 6946 6437 4539 4110 6395 3580 6935 5679 5738 3920 7169 4210 100 4177 1788 2692 3635 3310 721 5730 2158 4081 7990 6830 0 5787 1280 2507 3600 721 3858 5661 6977 3244 5232 6700 3883 4118 6705 8080 7381 6226 2247 1838 3228 7886 1280 6072 6596 7117 2039 6413 6135 6146 4024 2765 3701 7300
6155 4477 9887 10280 8769 8872 9217 7679 5135 806 4004 8203 8823 1984 5818 5594 4026 5798 6080 7003 6484 10729 5008 9265 7500 1044 5787 0 4609 6519 7707 5239 4390 6767 11741 5825 5787 10070 4613 6435 11111 6675 7891 7589 7653 5220 3611 6825 5197 8452 3517 11808 7629 11433 3811 4104 1900 8276 3383 7333
3512 1341 7702 7397 5536 5232 7100 3744 6542 4438 5243 4904 7615 3238 1345 4295 600 3125 4002 3255 2000 6933 1392 5300 7963 5651 1280 4609 0 2500 4512 632 3623 5869 8149 3590 5247 7553 3720 4511 7800 7849 7557 6545 3482 2121 2701 7723 1600 6647 5909 8276 3026 7627 5556 5630 2785 4031 2469 7356
5503 3748 9374 8705 6811 6206 8852 1252 9041 6103 7742 6228 9676 5571 2600 6603 3001 5188 6129 806 2729 7518 1513 5903 10370 7502 2507 6519 2500 0 5984 2202 6081 8130 8829 5730 7621 9066 6155 6618 8757 10327 9847 8723 4204 4272 5200 10183 3689 8570 8364 9002 2147 8132 8045 8127 4627 4472 3354 9720
1581 3577 3395 2886 1081 1334 2915 6830 6107 7951 5481 500 4103 5730 3500 2844 4681 1910 1964 6746 3255 3130 5721 2102 5980 8644 3600 7707 4512 5984 0 4219 3667 3448 4036 2012 3701 3101 3492 2000 3440 6609 4924 3584 2080 2641 4110 6258 2973 2842 6705 4101 4472 3807 6016 5846 6489 2343 6894 5162
3420 1562 7510 7085 5197 4810 6935 3397 6906 5069 5643 4570 7589 3811 806 4410 1216 3067 3992 3000 1414 6449 1503 4802 8168 6281 721 5239 632 2202 4219 0 3894 5953 7692 3584 5420 7306 3959 4494 7400 8146 7666 6579 2968 2102 3088 7990 1523 6551 6390 7829 2408 7134 5993 6040 3417 3482 2983 7521
2118 2334 5500 5946 4632 4976 4829 7291 3087 4845 2009 4159 4627 2469 3807 1207 3275 1923 1780 6862 4215 6797 4964 5604 4356 5200 3858 4390 3623 6081 3667 3894 0 2600 7627 1655 1746 5685 223 2061 6888 4252 4122 3405 4501 2118 1118 4103 2594 4085 3125 7660 5818 7470 2500 2418 3811 5100 5000 3807
2758 4531 3397 4386 3901 4652 2780 9241 3087 7324 3124 3765 2060 4981 5580 1581 5661 2983 2051 8935 5730 6113 7261 5510 2549 7424 5661 6767 5869 8130 3448 5953 2600 0 6525 2420 984 3827 2402 1640 5597 3206 1720 824 5247 3858 3705 2828 4441 1920 4313 6484 7285 6661 3606 3324 6407 5679 7566 1749
5608 7481 3847 2302 3000 2941 4100 9243 9581 11960 9257 3538 5807 9766 6887 6624 8459 5946 5852 9436 6368 1315 9099 2941 8620 12680 6977 11741 8149 8829 4036 7692 7627 6525 0 6000 7186 3125 7433 5682 1004 9617 7306 6166 4753 6594 8146 9192 6800 4825 10509 223 6773 854 9794 9575 10448 4368 10617 7839
500 2308 4317 4465 3000 3324 3667 6823 4341 6158 3535 2505 4025 3841 3162 1077 3505 565 412 6536 3323 5142 4972 3981 4841 6717 3244 5825 3590 5730 2012 3584 1655 2420 6000 0 2147 4346 1486 921 5303 5147 4140 2996 3104 1486 2220 4876 2061 3100 4729 6044 4904 5817 4060 3920 4846 3649 5622 4103
2600 3911 4317 5162 4373 5003 3676 8786 2433 6356 2193 4104 3036 4031 5162 1081 4965 2692 1897 8420 5420 6628 6624 5803 2758 6440 5232 5787 5247 7621 3701 5420 1746 984 7186 2147 0 4686 1581 1702 6307 3008 2376 1802 5220 3394 2863 2729 3962 2831 3420 7169 7021 7227 2701 2441 5500 5728 6746 2109
4176 6476 728 854 2308 3130 1077 9848 6896 10470 6876 2844 2701 8112 6600 4500 7648 4588 4024 9815 6338 3361 8809 3883 5590 10881 6700 10070 7553 9066 3101 7306 5685 3827 3125 4346 4686 0 5464 3635 2121 6676 4257 3269 4972 5531 6529 6236 5968 1923 8105 3006 7404 3605 7387 7121 9192 4976 9848 4850
1964 2408 5276 5731 4441 4810 4606 7355 3101 5068 2100 3981 4418 2692 3827 984 3400 1802 1581 6942 4204 6621 5077 5456 4243 5420 3883 4613 3720 6155 3492 3959 223 2402 7433 1486 1581 5464 0 1843 6684 4201 3956 3201 4410 2102 1303 4031 2607 3862 3255 7463 5813 7289 2607 2501 4019 5000 5178 3667
1140 3224 3511 3889 2751 3313 2846 7685 4110 6842 3584 2418 3104 4477 4031 943 4418 1431 509 7424 4123 5000 5893 4101 4167 7261 4118 6435 4511 6618 2000 4494 2061 1640 5682 921 1702 3635 1843 0 4882 4657 3324 2109 3623 2404 2915 4332 2973 2209 4833 5693 5656 5630 4122 3921 5632 4085 6506 3383
4957 6997 2844 1300 2360 2596 3101 9300 8672 11385 8421 2968 4804 9127 6609 5824 8049 5326 5108 9419 6161 1612 8860 2901 7632 12020 6705 11112 7800 8757 3440 7400 6888 5597 1004 5303 6307 2121 6684 4882 0 8649 6312 5197 4570 6074 7500 8220 6352 3847 9673 905 6800 1581 8955 8723 9929 4304 10245 6859
5608 6585 6074 7375 7106 7851 5604 11542 1552 7433 2863 6958 4114 5594 8020 4071 7440 5679 4904 11101 8352 9302 9142 8697 1272 6900 8080 6675 7849 10327 6609 8146 4252 3206 9617 5147 3008 6676 4201 4657 8649 0 2505 3452 8228 6268 5173 447 6800 4805 3201 9552 9964 9824 2886 2624 7209 8728 8770 1838
4459 6216 3613 5015 5124 5980 3214 10961 3244 8537 3929 5147 1615 6300 7300 3264 7316 4701 3764 10652 7441 7170 8947 6870 1334 8393 7381 7891 7557 9847 4924 7666 4122 1720 7306 4140 2376 4257 3956 3324 6312 2505 0 1341 6860 5575 5239 2059 6158 2507 4875 7217 8980 7615 4272 3956 7831 7240 9121 707
3244 5220 2745 3929 3807 4648 2193 9794 3661 8148 3883 3807 1236 5805 6140 2319 6378 3535 2594 9529 6220 5913 7937 5536 2517 8234 6226 7589 6545 8723 3584 6579 3405 824 6166 2996 1802 3269 3201 2109 5197 3452 1341 0 5544 4477 4500 3026 5056 1360 5032 6100 7723 6400 4341 4045 7216 5907 8338 1702
2624 3176 5385 4527 2668 2002 4964 4883 7433 7684 6506 2154 6171 5830 2163 4176 3889 2630 3324 4904 1615 3488 4346 1835 7789 8676 2247 7653 3482 4204 2080 2968 4501 5247 4753 3104 5220 4972 4410 3623 4570 8228 6860 5544 0 2570 4413 7930 2459 4920 7605 4904 2435 4167 7000 6911 6060 632 5940 6996
1400 948 5622 5478 3721 3676 5003 5403 5200 5374 4100 3106 5508 3312 1769 2343 2121 1004 1897 5077 2102 5522 3492 4049 6152 6212 1838 5220 2121 4272 2641 2102 2118 3858 6594 1486 3394 5531 2102 2404 6074 6268 5575 4477 2570 0 1843 6060 583 4526 5108 6684 3712 6228 4554 4512 3860 3201 4317 5467
2545 1581 6425 6685 5162 5325 5758 6440 3841 3944 2555 4609 5707 1627 3201 2220 2267 2202 2505 5954 3733 7184 3969 5813 5412 4534 3228 3611 2701 5200 4110 3088 1118 3705 8146 2220 2863 6529 1303 2915 7500 5173 5239 4500 4413 1843 0 5080 2102 5069 3373 8207 5262 7881 2915 2952 2745 5044 3883 4904
5322 6435 5629 6942 6718 7480 5166 11386 1700 7566 2912 6592 3667 5630 7824 3807 7340 5419 4609 10965 8127 8900 9042 8336 860 7111 7886 6825 7723 10183 6258 7990 4103 2828 9192 4876 2729 6236 4031 4332 8220 447 2059 3026 7930 6060 5080 0 6606 4373 3413 9124 9734 9413 3014 2729 7244 8415 8766 1392
1923 721 6103 5852 4031 3860 5500 4827 5679 5263 4522 3401 6072 3383 1220 2920 1708 1552 2469 4494 1649 5663 2942 4110 6720 6217 1280 5197 1600 3689 2973 1523 2594 4441 6800 2061 3962 5968 2607 2973 6352 6800 6158 5056 2459 583 2102 6606 0 5063 5458 6906 3231 6370 4947 4933 3676 3087 3921 6044
3140 5403 1486 2570 2729 3635 860 9533 4973 8930 5020 2906 1280 6554 5977 2879 6603 3522 2701 9363 5909 4669 8005 4527 3801 9192 6072 8452 6647 8570 2842 6551 4085 1920 4825 3100 2831 1923 3862 2209 3847 4805 2507 1360 4920 4526 5069 4373 5063 0 6228 4751 7271 5108 5517 5240 7810 5162 8714 3014
5217 4947 7709 8570 7576 8036 7083 9616 1726 4301 1252 7178 6161 2906 6573 3900 5366 5048 4743 9055 7102 9808 6964 8709 4177 3701 6596 3517 5909 8364 6705 6390 3125 4313 10509 4729 3420 8105 3255 4833 9673 3201 4875 5032 7605 5108 3373 3413 5458 6228 0 10511 8634 10454 721 989 4404 8215 6087 4215
5663 7580 3721 2202 3047 3052 4004 9433 9551 12041 9259 3606 5700 9830 7026 6636 8574 6010 5882 9617 6519 1503 9247 3104 8537 12739 7117 11808 8276 9002 4101 7829 7660 6484 223 6044 7169 3006 7463 5693 905 9552 7217 6100 4904 6684 8207 9124 6906 4751 10511 0 6958 1077 9794 9570 10542 4535 10742 7764
4527 3687 7818 6923 5096 4356 7382 2501 8905 7404 7749 4588 8487 6200 2061 5940 3622 4341 5240 2668 1612 5458 3023 3901 9744 8668 2039 7629 3026 2147 4472 2408 5818 7285 6773 4904 7021 7404 5813 5656 6800 9964 8980 7723 2435 3712 5262 9734 3231 7271 8634 6958 0 6041 8160 8159 5772 2507 4973 9002
5385 7072 4332 2751 2879 2561 4472 8485 9654 11600 9211 3312 6198 9481 6328 6555 7981 5685 5727 8709 5770 707 8497 2332 8902 12401 6413 11433 7627 8132 3807 7134 7470 6661 854 5817 7227 3605 7289 5630 1581 9824 7615 6400 4167 6228 7881 9413 6370 5108 10454 1077 6041 0 9749 9551 10044 3716 10095 8100
4554 4494 7000 7849 6870 7349 6370 9296 1334 4554 538 6484 5491 2801 6103 3195 5047 4409 4052 8765 6596 9108 6700 8041 3705 4159 6135 3811 5556 8045 6016 5993 2500 3606 9794 4060 2701 7387 2607 4122 8955 2886 4272 4341 7000 4554 2915 3014 4947 5517 721 9794 8160 9749 0 316 4390 7600 6021 3640
4418 4518 6720 7600 6672 7180 6095 9374 1077 4837 412 6306 5186 3001 6109 3008 5140 4300 3883 8860 6580 8918 6811 7891 3401 4472 6146 4104 5630 8127 5846 6040 2418 3324 9575 3920 2441 7121 2501 3921 8723 2624 3956 4045 6911 4512 2952 2729 4933 5240 989 9570 8159 9551 316 0 4606 7501 6212 3324
5053 2973 9139 9258 7570 7516 8477 5805 5679 1655 4346 6963 8437 1615 4070 4964 2236 4652 5186 5141 4740 9338 3114 7783 7762 2915 4024 1900 2785 4627 6489 3417 3811 6407 10448 4846 5500 9192 4019 5632 9929 7209 7831 7216 6060 3860 2745 7244 3676 7810 4404 10542 5772 10044 4390 4606 0 6661 1702 7397
3157 3801 5458 4438 2683 1868 5103 5008 7990 8292 7100 2280 6435 6462 2690 4707 4468 3206 3832 5115 2080 3067 4788 1431 8228 9301 2765 8276 4031 4472 2343 3482 5100 5679 4368 3649 5728 4976 5000 4085 4304 8728 7240 5907 632 3201 5044 8415 3087 5162 8215 4535 2507 3716 7600 7501 6661 0 6465 7424
5688 3373 9914 9771 7947 7694 9277 4400 7271 2828 5916 7316 9513 3220 3780 6020 2213 5277 6013 3701 4393 9402 1969 7766 9211 4275 3701 3383 2469 3354 6894 2983 5000 7566 10617 5622 6746 9848 5178 6506 10245 8770 9121 8338 5940 4317 3883 8766 3921 8714 6087 10742 4973 10095 6021 6212 1702 6465 0 8764
4482 6020 4237 5573 5491 6306 3785 10870 2555 8005 3337 5440 2282 5830 7224 3124 7066 4668 3764 10520 7426 7615 8732 7184 824 7787 7300 7333 7356 9720 5162 7521 3807 1749 7839 4103 2109 4850 3667 3383 6859 1838 707 1702 6996 5467 4904 1392 6044 3014 4215 7764 9002 8100 3640 3324 7397 7424 8764 0
# set of given starting solutions
0 43 27 9 29 42 12 3 26 30 44 17 52 47 18 41 36 7 6 59 13 14 46 4 23 51 32 31 22 10 19 40 58 20 56 5 35 49 8 2 15 38 33 16 57 28 34 50 53 21 45 11 24 39 25 48 1 54 37 55 0
0 16 44 18 56 20 35 7 12 2 34 43 14 3 32 57 26 58 59 19 42 53 6 33 5 29 48 50 39 47 23 13 1 41 46 9 11 51 10 36 4 25 22 37 55 27 38 31 8 21 45 30 54 17 49 40 28 24 52 15 0
0 18 13 51 38 35 9 12 33 57 21 44 25 56 3 28 54 29 31 26 55 43 49 23 6 1 14 52 30 37 48 32 2 46 53 42 24 10 45 8 11 7 50 19 17 22 59 4 34 36 47 41 15 58 5 16 39 40 20 27 0
0 52 9 1 33 4 58 15 14 34 35 31 17 44 57 6 36 26 56 47 49 3 46 55 13 42 2 22 21 43 39 11 18 50 40 54 32 51 48 37 27 29 41 23 12 28 59 7 5 30 8 20 10 45 24 53 38 25 19 16 0
0 17 28 1 33 38 23 34 10 18 52 30 19 37 4 14 57 12 24 5 16 6 59 22 3 2 51 39 20 48 26 58 43 29 45 40 42 55 54 35 27 41 21 50 53 11 9 44 31 47 49 13 15 8 46 32 7 36 56 25 0
0 55 39 16 12 3 59 30 32 53 23 41 50 54 34 52 43 42 58 15 11 37 38 8 18 19 28 24 4 40 35 44 25 22 10 47 57 31 17 46 5 33 14 27 6 51 13 49 2 36 20 21 7 56 48 29 9 26 45 1 0
0 49 56 10 6 15 21 25 42 19 17 11 28 33 48 50 23 26 40 32 12 27 18 37 4 22 14 30 16 59 13 41 31 24 35 57 47 46 5 9 29 53 45 20 43 51 36 7 1 58 34 38 3 44 52 39 2 8 55 54 0
0 13 4 21 9 1 7 58 56 8 18 32 28 14 38 43 47 6 40 27 31 34 5 2 25 26 41 36 10 45 22 57 46 55 16 30 52 29 37 53 44 54 23 59 24 39 33 3 50 19 48 20 17 15 11 35 42 12 51 49 0
0 2 7 22 38 29 44 20 5 52 24 25 47 32 40 14 15 16 21 58 12 48 37 51 43 41 26 8 18 6 59 35 27 31 4 33 57 45 1 50 28 30 9 56 55 17 10 53 49 36 42 23 34 39 54 19 3 11 46 13 0
0 29 39 24 22 36 4 1 31 35 42 17 56 6 33 3 59 28 20 27 10 2 58 51 43 47 55 52 19 45 54 18 46 25 14 23 30 7 49 11 9 13 41 37 40 34 53 48 50 57 44 12 26 16 32 8 21 15 5 38 0
0 1 38 27 57 16 49 10 8 26 41 9 34 33 58 14 46 29 56 24 50 37 19 45 35 32 2 42 6 28 54 20 52 15 51 4 31 13 44 30 23 17 40 3 18 5 43 55 36 7 59 47 11 12 39 25 21 53 48 22 0
0 37 15 47 19 3 26 48 57 4 46 7 12 41 45 34 6 5 35 20 53 28 21 56 29 38 49 13 40 18 11 54 42 32 36 24 22 52 44 27 2 55 14 50 8 33 17 25 30 39 16 58 31 10 43 23 51 1 59 9 0
0 25 20 32 28 42 3 21 48 7 35 11 24 27 29 39 49 2 30 14 51 57 46 26 47 54 36 5 19 17 8 13 59 55 4 12 22 45 43 23 31 56 16 1 52 44 38 10 9 53 18 50 41 37 34 6 15 58 33 40 0
0 39 14 25 24 11 59 41 18 13 54 57 10 6 29 3 47 9 30 5 49 22 27 15 26 36 55 8 50 19 52 56 20 58 17 46 12 32 2 16 33 43 28 1 35 42 21 37 34 48 44 51 7 31 40 23 53 4 45 38 0
0 5 39 25 30 7 32 1 43 21 31 36 13 45 57 35 11 34 47 15 52 40 14 38 51 55 44 56 42 6 54 18 16 53 19 37 10 46 48 28 9 24 59 2 17 27 50 22 33 8 4 49 12 58 29 20 3 23 26 41 0
0 10 38 23 22 44 19 2 43 30 33 1 53 41 31 4 37 58 5 36 27 52 29 50 55 28 17 39 7 14 8 40 11 57 47 46 21 35 49 45 24 16 42 6 25 20 34 15 13 54 48 56 3 18 26 12 59 32 51 9 0
0 16 32 38 4 14 23 53 58 10 26 42 1 49 13 54 37 47 44 5 30 34 19 35 29 50 43 36 31 39 21 7 24 9 17 51 3 45 52 2 33 46 6 57 28 41 27 59 22 15 56 40 48 25 11 18 20 12 8 55 0
0 10 47 55 50 53 6 22 41 45 34 35 9 15 26 42 25 57 58 17 54 37 40 39 59 38 20 13 44 7 36 14 23 8 48 43 51 2 30 24 27 33 56 19 4 3 49 21 32 46 29 1 31 12 11 28 16 52 5 18 0
0 28 27 30 33 11 17 18 10 29 23 59 25 53 54 44 15 31 52 49 1 14 42 16 36 45 13 2 8 50 32 5 19 48 38 4 40 26 55 34 22 35 37 43 9 20 47 24 3 58 7 39 41 56 6 51 57 12 21 46 0
0 21 38 26 51 8 58 50 5 46 33 23 42 37 9 40 19 20 7 22 14 59 41 31 6 17 53 55 43 35 16 39 10 18 57 11 54 48 36 2 4 13 25 45 29 12 28 56 30 15 44 24 1 32 27 49 52 3 34 47 0
0 26 43 38 36 39 46 21 31 47 58 35 59 30 16 3 1 2 37 25 20 49 48 54 23 14 40 10 5 34 29 12 51 15 17 57 33 11 24 9 8 53 18 56 32 13 45 52 7 55 27 50 28 44 41 42 6 19 22 4 0
0 37 1 30 32 20 7 46 48 31 19 28 5 6 27 52 9 59 54 26 18 3 35 22 11 49 34 38 4 8 40 10 23 13 57 39 45 58 33 44 47 50 12 53 29 43 56 15 55 51 21 36 14 41 25 24 42 2 17 16 0
0 36 34 17 28 42 25 2 3 41 56 19 40 43 53 30 58 50 18 47 29 45 38 6 23 54 16 46 4 8 35 48 44 12 1 24 57 52 37 49 27 11 14 15 26 5 22 9 31 7 20 32 55 39 51 59 33 13 10 21 0
0 39 47 8 29 30 10 1 14 45 6 44 32 41 24 35 59 42 58 37 19 51 15 46 12 48 36 20 43 3 52 7 40 54 57 13 53 49 22 38 21 34 28 31 9 23 26 2 27 56 16 17 18 33 50 11 25 5 4 55 0
0 17 19 10 16 28 6 57 47 55 9 8 33 56 52 23 29 53 7 22 20 44 34 11 40 12 43 51 35 46 26 27 38 39 15 41 14 4 37 25 5 2 50 48 49 30 36 54 58 45 42 24 18 3 13 1 59 21 31 32 0
0 41 55 28 48 38 2 8 30 24 21 10 59 42 17 46 15 25 40 35 3 14 7 32 39 22 52 23 12 31 20 27 26 50 5 58 19 37 54 57 47 34 36 4 44 49 11 1 13 56 16 53 18 6 51 29 33 9 43 45 0
0 21 51 52 35 32 57 5 3 2 37 22 26 50 59 4 45 36 46 41 18 43 25 16 42 29 39 40 49 19 27 28 56 13 20 17 47 23 53 24 58 1 31 38 12 10 7 44 55 30 34 14 33 54 8 11 48 9 6 15 0
0 45 6 38 5 21 42 13 39 34 32 26 51 36 30 49 27 53 2 7 37 54 10 56 15 57 22 29 40 55 28 14 23 1 33 43 59 4 18 9 35 24 11 16 19 20 8 12 47 58 17 52 44 25 48 46 50 41 3 31 0
0 28 12 29 15 38 59 47 57 46 1 31 42 41 4 32 35 10 49 39 2 34 44 30 45 8 22 11 24 36 37 51 26 5 23 33 48 52 7 14 54 13 43 19 58 53 21 55 25 16 20 3 6 17 50 40 18 56 27 9 0
0 53 50 39 12 49 10 45 30 27 34 6 35 37 18 15 23 4 19 17 28 42 55 52 54 48 36 22 33 29 14 44 38 1 32 16 7 8 59 26 43 13 41 56 20 25 57 58 47 2 40 9 24 46 21 31 5 51 11 3 0
0 52 4 48 26 41 59 2 29 47 25 37 6 11 46 31 53 19 54 13 51 27 49 22 57 35 8 32 16 43 18 10 30 39 58 56 20 3 21 42 9 15 45 28 24 23 40 33 38 55 34 17 36 5 1 14 44 12 50 7 0
0 13 25 40 18 4 1 28 3 59 12 52 19 14 8 5 34 41 54 43 6 50 48 17 49 16 53 56 21 38 15 45 27 44 37 29 32 58 11 7 26 9 33 57 20 46 22 47 10 24 51 2 55 31 39 35 30 23 42 36 0
0 20 57 25 5 4 32 54 13 16 1 28 39 42 30 3 41 56 14 21 59 43 55 11 2 8 34 36 48 50 19 12 35 9 22 31 53 6 49 52 24 7 18 37 15 47 58 33 10 23 26 51 46 45 38 44 29 17 27 40 0
0 51 33 4 38 2 50 52 35 18 47 34 46 19 23 48 44 14 22 45 43 53 7 27 42 1 57 54 20 30 39 8 29 9 26 16 15 41 21 11 40 59 3 17 32 13 56 24 28 58 49 55 5 6 10 12 31 25 36 37 0
0 24 31 36 13 42 28 37 23 5 16 49 22 43 25 56 51 41 1 38 54 18 4 39 44 48 34 26 27 15 21 17 57 12 35 52 47 20 32 29 6 14 11 33 19 8 30 59 3 9 40 7 45 2 46 55 53 10 50 58 0
0 41 27 22 17 42 31 55 25 10 54 26 34 38 50 23 48 57 52 9 44 51 29 37 5 8 2 1 24 15 30 59 20 43 36 19 49 40 33 7 16 11 13 47 46 35 6 45 12 28 18 39 14 3 21 32 4 56 53 58 0
0 9 53 14 54 28 21 17 8 51 56 32 31 33 38 13 6 3 19 41 57 45 43 49 12 1 24 47 26 35 29 34 10 7 15 23 42 40 46 4 5 27 37 58 25 11 52 20 16 30 59 48 55 44 18 22 2 36 39 50 0
0 51 21 19 49 45 50 22 17 1 3 33 52 43 47 8 4 58 28 18 56 10 13 12 16 5 32 41 26 37 36 42 15 54 34 23 25 24 55 29 44 14 6 27 7 2 46 20 9 30 31 40 53 48 59 11 57 35 39 38 0
0 9 27 34 39 36 32 11 56 49 25 45 22 1 44 30 5 58 42 2 17 29 47 48 18 41 50 51 52 12 24 4 19 46 7 37 55 21 35 43 40 54 14 31 20 57 28 53 15 59 3 8 38 26 6 10 33 16 13 23 0
0 5 29 52 44 9 15 18 31 39 51 46 37 55 49 59 40 42 19 41 32 24 28 36 16 8 34 4 2 25 14 38 11 50 43 7 30 1 35 47 54 45 20 58 17 26 33 56 23 53 48 21 3 13 6 57 27 22 12 10 0
0 47 26 48 11 12 41 21 50 7 14 31 28 52 56 35 39 25 10 18 38 2 37 58 36 34 1 54 57 16 6 22 19 33 27 15 49 45 13 3 29 32 30 9 20 55 4 44 24 40 42 5 59 51 17 43 46 23 53 8 0
0 32 10 11 2 8 7 14 23 24 57 15 30 4 17 6 43 9 3 1 18 56 13 12 38 29 47 42 50 46 45 19 39 26 44 40 49 20 59 35 16 34 31 55 53 36 54 51 48 28 58 5 41 22 25 27 37 21 33 52 0
0 53 51 11 24 1 49 45 22 17 5 50 41 32 44 20 30 52 10 55 15 29 7 31 13 21 39 56 35 37 3 43 33 8 58 27 16 47 19 46 2 57 12 9 6 54 18 25 28 59 42 4 23 26 36 14 34 48 38 40 0
0 12 31 39 41 45 2 14 50 37 19 33 56 5 35 26 34 53 52 57 3 18 29 8 58 30 54 10 7 15 46 6 22 23 36 25 43 21 51 47 1 17 40 55 4 44 38 28 9 20 32 24 11 27 13 59 49 16 42 48 0
0 17 59 7 26 57 22 12 35 1 58 3 2 37 4 28 38 40 8 41 49 54 43 56 47 9 29 18 52 36 39 53 23 13 19 46 14 27 5 48 11 30 44 45 51 24 21 10 31 6 15 16 33 32 34 50 20 42 25 55 0
0 8 29 41 59 13 31 32 25 36 14 20 30 46 9 39 15 12 57 4 11 52 58 38 47 54 6 40 44 56 26 34 5 19 1 21 17 48 55 3 28 33 45 27 37 50 49 51 53 22 24 43 16 42 18 23 2 10 7 35 0
0 9 15 41 6 44 55 19 11 57 52 1 23 47 53 24 28 45 21 13 36 12 31 22 54 18 8 10 5 30 33 25 17 59 7 3 40 50 4 26 39 20 56 16 58 51 34 48 29 38 46 43 49 14 2 27 42 35 32 37 0
0 34 28 8 23 33 53 31 10 48 2 14 24 59 42 4 45 12 27 6 58 39 57 25 26 52 11 17 18 54 19 41 32 7 30 47 46 3 40 37 1 35 20 13 43 15 38 21 49 50 29 9 5 22 51 55 56 44 36 16 0
0 7 19 27 33 21 42 40 25 5 59 38 26 32 47 3 15 29 22 58 35 36 51 43 34 10 52 39 37 30 2 41 11 28 20 31 56 6 55 57 12 9 4 14 46 44 54 53 24 48 13 18 1 23 8 50 45 16 49 17 0
0 6 36 53 35 14 16 13 24 39 46 7 9 48 45 5 34 11 25 52 41 49 20 54 51 38 17 8 59 44 3 40 28 10 4 31 56 26 15 42 23 43 55 21 57 58 22 27 30 50 47 19 29 1 37 18 2 33 12 32 0
0 55 26 7 33 21 8 40 43 56 47 41 35 19 49 25 22 48 2 58 24 13 12 44 52 31 59 51 6 34 28 11 45 50 20 4 14 38 17 5 9 53 36 10 37 29 27 23 54 1 39 3 30 18 42 46 57 16 32 15 0
0 4 23 47 18 43 46 16 29 24 21 39 13 2 41 35 40 56 28 48 33 34 32 38 7 31 27 17 51 49 25 1 12 8 44 26 6 22 14 9 59 58 42 52 5 37 50 15 20 36 10 53 57 19 30 3 55 11 54 45 0
0 21 29 23 42 6 51 28 53 41 22 32 35 36 30 49 37 3 7 4 46 12 33 45 20 48 52 34 13 27 44 24 54 9 50 31 43 56 57 58 5 39 16 19 17 18 26 25 1 38 11 47 55 15 2 10 59 14 8 40 0
0 42 44 36 40 48 23 31 14 4 53 34 45 11 25 19 52 32 58 41 43 2 27 39 6 55 30 24 5 33 38 28 47 1 17 26 49 18 46 20 13 21 7 16 10 51 37 59 15 35 8 12 56 57 50 9 29 3 54 22 0
0 45 22 20 47 11 43 44 50 26 3 15 21 2 48 19 6 8 34 14 49 24 29 53 42 35 59 40 31 27 9 25 5 36 12 39 30 46 17 54 7 58 23 37 52 51 55 13 4 41 56 16 18 33 1 28 10 38 57 32 0
0 48 56 55 23 42 4 24 53 17 33 52 37 25 38 9 2 7 31 35 27 18 22 16 12 44 41 13 45 59 40 15 10 49 11 26 19 6 51 3 39 21 1 36 57 50 5 54 58 14 8 30 29 47 46 34 32 43 20 28 0
0 16 51 31 8 59 25 41 15 45 44 17 4 46 43 23 27 53 32 48 21 47 49 52 6 34 24 19 14 9 37 22 7 39 10 56 36 58 38 33 55 11 28 50 40 2 42 5 3 1 13 26 57 35 30 54 12 18 29 20 0
0 23 57 24 55 12 45 6 42 37 49 15 26 40 22 53 9 47 18 14 34 31 35 17 19 39 43 46 32 27 52 11 59 4 7 29 25 48 33 2 58 56 30 20 28 44 21 38 13 16 51 54 3 36 8 41 5 10 1 50 0
0 1 16 58 33 54 45 12 18 42 41 2 22 26 51 34 56 38 7 30 37 48 15 11 21 10 50 4 19 57 28 23 9 52 14 24 17 13 32 20 6 47 36 8 35 59 46 55 43 39 53 29 44 40 49 31 25 27 3 5 0
0 9 30 22 34 11 50 36 58 41 39 31 15 16 47 24 4 44 7 46 54 38 21 8 45 57 14 27 42 51 37 52 20 28 59 3 40 56 25 26 33 43 2 13 10 53 55 17 6 5 35 48 32 23 12 1 49 29 18 19 0
0 3 49 4 32 44 50 31 22 11 43 13 18 53 58 17 37 16 59 24 1 6 56 9 46 41 48 54 8 35 33 10 23 25 14 21 55 20 29 2 52 26 57 47 38 42 12 30 39 51 27 15 34 28 40 45 36 5 7 19 0
0 59 11 38 26 16 1 14 50 37 54 36 34 42 56 43 23 27 49 57 2 52 5 33 20 55 47 3 28 46 8 25 44 53 10 22 24 4 9 45 48 39 29 30 15 35 7 40 51 19 41 6 58 32 12 31 17 18 13 21 0
0 48 11 9 2 38 53 23 34 20 18 28 26 36 35 41 25 47 1 42 49 45 56 39 33 55 10 51 52 8 3 57 16 40 5 32 12 15 14 4 7 17 37 46 58 31 59 22 21 44 13 30 29 6 43 19 27 50 24 54 0
0 21 19 41 17 44 5 7 33 25 20 57 49 3 29 59 6 14 56 36 40 54 31 50 26 2 13 30 9 38 24 10 46 52 51 48 8 34 42 45 28 12 11 53 58 22 18 16 43 35 4 15 55 27 39 47 23 37 1 32 0
0 58 51 52 2 3 36 55 46 37 20 56 34 25 41 45 18 30 1 29 53 39 4 23 17 7 31 19 49 16 48 50 11 43 9 44 47 10 42 14 21 5 12 38 33 40 26 35 8 22 6 28 57 15 59 24 32 13 54 27 0
0 38 50 35 12 26 24 54 49 5 4 30 25 17 45 29 6 40 18 16 43 13 22 31 28 3 32 59 53 9 1 36 8 42 56 2 52 39 57 51 58 44 15 14 19 20 41 34 7 27 55 47 48 23 21 11 10 37 46 33 0
0 33 18 29 49 51 13 56 17 50 39 23 4 36 28 30 26 42 32 9 22 12 53 10 45 34 55 58 6 5 40 21 27 7 44 15 11 46 31 20 3 48 37 19 16 59 52 1 38 14 8 57 43 25 24 2 47 41 54 35 0
0 17 52 42 38 55 47 11 58 5 6 28 12 36 35 29 30 59 57 27 43 19 49 39 32 1 13 56 24 33 15 26 48 14 45 22 37 51 34 8 25 44 20 46 4 21 31 10 3 9 7 50 54 40 2 41 16 23 18 53 0
0 18 17 28 2 32 52 25 37 26 6 3 45 41 38 42 7 58 47 1 30 57 10 5 19 9 8 51 33 29 40 56 31 22 43 53 16 24 35 50 15 12 27 48 36 39 21 59 55 13 11 23 20 54 4 34 46 44 14 49 0
0 55 4 39 37 22 35 2 53 18 31 43 38 48 52 28 45 32 21 56 11 46 6 59 40 12 19 16 30 5 25 20 42 10 17 44 50 23 7 36 41 51 8 15 29 24 57 33 47 27 14 26 13 9 34 1 3 49 54 58 0
0 27 7 21 57 48 37 13 34 28 44 33 26 35 3 39 9 6 54 43 2 59 24 45 58 11 40 19 32 38 49 50 12 55 56 22 46 31 8 15 41 51 14 36 25 1 29 42 52 17 5 30 23 53 18 47 4 20 16 10 0
0 55 56 38 8 46 33 2 50 27 37 24 28 43 12 29 51 36 54 25 53 58 14 23 16 21 35 18 1 41 6 40 20 13 49 9 59 7 47 34 19 48 17 57 52 3 30 10 22 44 26 11 31 15 4 42 39 32 45 5 0
0 28 16 48 42 4 27 51 40 10 39 52 38 33 49 59 2 44 58 3 36 35 53 7 19 46 5 56 1 45 12 37 21 26 32 47 31 20 9 54 34 11 22 17 29 15 43 8 6 18 23 24 50 30 14 41 55 13 25 57 0
0 54 56 10 42 29 49 31 24 17 57 39 16 7 58 30 27 12 20 25 47 3 18 43 44 33 52 13 40 4 2 36 6 28 26 35 15 50 53 59 48 21 46 34 19 9 55 22 32 8 1 45 41 5 51 11 23 37 14 38 0
0 12 2 36 35 48 43 22 40 17 10 24 53 49 54 46 1 39 25 56 45 29 23 20 34 44 18 26 57 5 51 4 13 38 7 9 14 47 31 32 37 52 15 8 41 16 30 42 19 55 58 28 6 59 50 3 21 27 11 33 0
0 5 33 42 44 28 56 13 10 38 22 14 35 1 15 48 6 39 32 16 52 59 50 47 21 58 19 43 40 27 49 2 23 34 30 36 46 8 54 24 25 4 9 31 55 45 12 51 17 3 18 29 37 53 20 11 41 7 57 26 0
0 55 42 24 7 1 51 35 17 29 57 38 39 14 28 20 26 22 2 44 27 12 52 50 45 3 48 5 19 18 37 16 15 46 33 54 6 59 4 8 32 13 36 58 21 9 31 11 23 43 41 34 53 30 49 56 25 10 40 47 0
0 20 5 19 56 40 55 29 1 34 12 21 31 52 48 3 14 47 49 8 26 33 53 58 13 57 16 28 4 2 32 39 27 10 18 25 6 23 17 54 46 44 51 43 36 9 24 11 15 22 37 38 7 35 30 45 59 50 42 41 0
0 34 22 45 27 52 49 56 44 18 6 47 57 29 24 20 14 59 32 13 17 37 58 55 2 54 50 42 28 8 16 25 31 30 46 21 41 43 9 5 1 23 11 26 4 36 19 39 3 10 51 7 15 38 12 48 40 33 53 35 0
0 58 31 10 14 28 8 24 55 39 13 27 56 29 40 47 15 53 17 44 43 54 36 48 34 16 32 11 30 26 45 52 22 23 21 38 4 5 2 35 37 3 59 49 41 50 7 33 18 19 57 20 1 42 6 46 9 51 25 12 0
0 13 54 29 16 11 53 20 18 40 47 4 23 31 48 21 28 42 35 56 14 32 41 33 39 6 58 9 2 8 55 5 49 27 57 34 45 38 10 17 51 37 24 36 15 46 7 3 22 43 12 44 1 25 50 19 26 52 30 59 0
0 37 50 9 26 39 23 49 42 54 14 35 33 5 55 29 53 32 18 51 8 10 46 2 16 12 56 17 45 21 1 24 13 27 44 58 31 48 59 47 4 22 43 7 36 3 38 25 15 19 57 41 52 34 30 11 40 6 28 20 0
0 46 15 53 16 41 30 33 2 17 1 18 5 59 49 9 28 20 31 44 45 38 6 58 57 3 56 32 47 34 42 23 11 19 12 26 13 7 4 27 35 51 29 10 55 24 39 36 54 25 21 14 43 8 37 22 48 52 40 50 0
0 7 30 36 10 28 40 54 49 51 57 39 11 16 43 48 26 5 44 4 56 15 59 18 35 47 23 52 8 22 42 3 37 12 25 13 32 27 58 50 29 14 17 46 38 34 1 45 9 55 33 2 53 24 31 20 6 19 21 41 0
0 59 56 49 53 6 4 21 39 9 7 32 10 52 36 33 34 30 22 58 28 8 40 42 24 37 26 57 50 46 15 20 16 41 18 14 25 45 31 38 19 13 27 2 44 3 1 29 11 48 12 51 55 35 5 47 17 54 43 23 0
0 34 14 49 9 13 29 23 45 44 27 24 17 50 48 18 16 8 22 43 42 25 58 35 52 36 20 47 38 4 2 59 30 37 1 26 40 54 56 19 11 15 21 31 39 55 6 33 57 28 51 46 32 5 12 41 7 53 10 3 0
0 8 36 26 48 47 40 1 29 14 53 23 57 49 43 54 3 46 50 19 16 30 15 44 25 21 12 5 27 35 9 4 55 6 17 59 58 31 10 39 11 38 7 56 34 42 24 22 41 51 18 33 28 32 45 37 2 52 13 20 0
0 30 34 51 52 45 58 21 48 31 28 19 23 29 32 55 26 13 18 39 6 27 15 42 11 41 49 40 36 22 14 43 56 50 2 7 4 12 44 59 24 37 20 33 3 35 1 47 53 38 46 57 16 17 5 25 10 54 8 9 0
0 8 19 39 9 47 14 22 25 53 49 15 34 18 58 35 40 30 29 52 26 36 10 45 2 41 23 33 31 42 55 16 56 20 13 5 50 38 1 48 17 57 24 7 54 27 43 46 32 11 28 37 59 44 4 3 12 51 6 21 0
0 25 49 58 45 54 12 30 5 6 11 38 13 46 21 1 48 44 2 27 14 7 9 4 28 50 41 32 19 52 24 29 31 16 51 18 15 33 57 26 8 53 47 20 36 42 34 22 23 10 37 55 59 56 3 39 17 40 43 35 0
0 3 55 36 37 10 54 28 32 25 39 17 52 49 8 33 7 11 24 40 23 44 51 13 34 43 59 50 41 42 21 29 20 53 4 2 15 57 35 31 5 27 47 12 16 22 46 1 18 38 30 14 19 26 48 45 58 9 56 6 0
0 14 11 40 18 33 3 35 26 22 37 38 13 48 23 1 12 4 53 10 30 44 58 21 36 47 7 17 20 59 5 24 32 56 6 25 46 15 19 39 42 8 57 52 29 54 16 27 43 50 34 49 31 9 55 45 41 28 2 51 0
0 33 44 23 55 1 58 41 24 45 48 32 4 38 13 40 31 9 2 10 20 56 12 47 52 11 43 17 22 18 57 53 59 5 34 51 6 37 29 30 19 25 35 28 14 27 16 3 21 42 46 7 50 26 8 36 49 39 54 15 0
0 15 57 21 53 52 56 9 33 45 24 4 19 5 1 18 43 8 51 42 46 22 58 27 35 13 29 36 48 14 25 59 47 31 30 38 17 10 39 34 6 26 3 37 54 12 41 7 20 44 16 28 23 55 40 11 50 32 2 49 0
0 32 17 50 39 37 27 1 16 22 10 54 20 33 58 38 36 46 57 31 29 15 47 51 41 11 45 12 2 35 19 7 24 40 21 42 53 49 13 4 18 44 55 23 48 25 8 3 52 5 28 56 34 14 6 26 43 9 30 59 0
0 45 5 58 38 46 29 30 35 14 7 44 43 36 25 8 12 52 32 49 56 28 42 20 50 11 54 4 55 26 57 24 6 16 27 10 18 40 34 3 23 37 31 33 59 39 15 19 1 51 13 17 22 47 41 48 2 53 21 9 0
0 42 38 32 36 40 26 17 21 18 16 10 23 41 19 58 13 29 39 4 52 53 48 11 33 30 27 45 24 20 5 34 15 44 56 3 59 55 2 31 49 14 12 47 37 46 7 51 6 57 35 8 28 22 54 50 1 43 9 25 0
0 45 46 3 31 43 29 11 19 28 32 50 56 41 17 48 13 38 24 44 58 6 14 52 53 18 4 23 49 30 7 21 22 25 59 55 39 47 40 51 10 26 12 9 16 33 36 57 15 20 35 34 27 2 54 5 1 37 8 42 0
0 50 57 47 31 32 43 9 8 19 37 26 3 46 35 38 20 48 28 6 41 42 24 23 14 58 29 22 54 11 59 52 55 10 53 12 15 44 33 25 2 45 27 16 34 36 40 1 56 49 30 13 18 4 39 17 7 21 5 51 0
0 47 55 3 2 5 19 9 25 54 39 15 37 57 23 41 42 44 53 43 10 30 48 22 36 24 6 31 4 50 38 11 26 20 14 46 1 16 59 27 52 49 12 13 29 45 32 35 34 58 40 21 56 17 7 18 28 33 8 51 0
0 28 19 6 25 4 40 12 8 38 48 50 20 44 55 7 42 39 30 27 16 29 9 46 1 24 11 56 13 5 23 59 45 54 47 43 14 51 31 52 3 15 34 22 2 36 33 26 37 18 32 49 58 35 41 21 53 57 17 10 0
0 44 8 40 15 3 35 5 41 1 2 51 43 37 7 11 28 49 38 31 27 14 39 33 47 23 21 59 36 57 12 10 9 16 34 6 26 45 24 25 53 48 55 30 17 19 54 46 22 52 20 4 29 56 32 13 50 18 58 42 0
0 9 46 57 11 52 40 48 30 53 43 19 56 58 37 16 50 22 25 36 18 4 14 26 49 8 1 34 42 59 41 15 10 39 33 44 38 21 5 17 2 20 13 47 6 55 23 32 31 3 54 24 27 28 29 45 35 7 12 51 0
0 5 47 37 57 54 17 45 22 51 14 56 23 20 7 24 35 34 42 4 26 31 44 50 15 19 30 49 48 12 59 41 52 29 33 27 18 13 6 2 25 58 9 43 46 32 1 11 38 55 8 39 28 40 21 10 3 16 53 36 0
0 40 7 32 25 47 57 16 24 17 52 15 38 30 10 19 43 54 45 20 14 11 28 13 21 26 53 29 8 33 3 37 55 51 4 36 1 2 23 22 58 34 50 39 41 48 12 31 44 18 27 59 46 9 5 42 49 56 35 6 0
0 44 28 36 35 39 11 56 49 43 54 13 23 59 51 7 6 41 5 50 42 8 22 10 45 3 32 40 25 57 38 58 33 21 18 20 34 27 29 12 4 31 24 55 2 17 37 52 15 9 53 48 1 30 14 16 46 47 19 26 0
0 10 15 16 11 39 21 59 37 43 13 45 6 32 56 17 53 25 18 58 14 33 54 22 41 28 9 42 46 29 44 50 49 30 27 7 8 57 3 47 19 51 36 40 24 2 55 1 26 12 5 34 48 52 4 38 35 31 23 20 0
0 19 37 11 8 53 45 57 55 58 33 43 52 42 56 22 1 51 7 25 26 6 32 24 12 35 46 59 34 40 36 16 15 29 47 9 20 49 3 38 21 48 50 28 10 39 4 2 14 27 44 30 18 31 5 41 23 54 17 13 0
0 55 39 15 54 33 53 20 28 37 59 45 26 21 34 35 56 31 48 40 43 25 10 2 58 19 27 8 14 36 3 9 41 32 30 12 57 23 16 4 49 17 5 50 11 6 51 44 52 7 1 46 47 29 18 24 38 13 22 42 0
0 25 37 33 53 15 36 6 39 14 56 31 54 38 27 28 23 19 21 41 7 5 30 58 26 46 48 57 13 9 1 45 40 22 44 17 49 52 24 51 2 50 55 34 8 16 29 11 12 10 59 42 35 43 32 20 18 47 3 4 0
0 32 48 55 43 27 45 24 14 25 2 58 3 11 23 52 1 46 57 12 7 56 35 17 9 37 28 26 49 47 50 41 42 59 54 21 20 4 22 5 6 36 13 15 51 40 31 19 18 34 39 30 10 53 44 16 29 33 38 8 0
0 53 1 37 7 43 20 24 58 44 35 30 32 11 15 28 26 40 29 16 9 19 41 39 4 5 55 17 36 33 59 23 25 49 56 45 54 14 12 52 38 18 2 34 6 47 10 31 57 46 22 51 13 50 21 48 27 8 3 42 0
0 17 13 52 21 55 20 14 26 15 31 9 27 2 46 30 8 22 38 34 19 3 50 33 59 6 47 51 37 43 12 24 42 36 10 54 11 4 39 18 56 7 1 44 35 32 5 48 53 29 23 28 49 25 57 58 40 45 16 41 0
0 38 32 55 57 43 50 17 19 12 8 21 23 11 15 24 18 52 36 31 22 51 9 29 35 53 10 40 20 13 14 46 28 44 7 56 59 1 33 4 39 48 26 37 47 45 58 3 30 34 25 54 5 27 49 6 42 2 41 16 0
0 26 22 32 35 36 47 8 31 7 41 58 1 3 30 37 42 44 57 16 9 43 10 50 55 45 48 33 38 6 24 5 18 53 15 59 29 11 46 2 40 56 23 21 4 25 49 34 27 14 28 17 39 12 52 54 20 19 51 13 0
0 38 36 34 27 19 22 2 10 46 6 45 12 41 23 48 56 5 40 35 18 42 58 49 59 33 9 51 28 3 14 13 31 1 24 8 16 47 25 21 15 54 7 53 26 43 29 17 32 11 4 20 50 57 52 44 55 30 37 39 0
0 34 55 21 40 3 26 44 36 18 43 22 48 23 19 31 51 7 1 59 12 15 49 14 24 54 50 5 35 45 4 41 47 10 46 16 27 42 57 20 52 37 38 33 9 56 11 58 8 39 17 13 32 30 29 53 2 6 28 25 0
0 28 4 29 34 36 49 18 7 11 26 47 42 24 9 23 35 59 53 31 3 48 33 57 6 2 43 14 19 58 56 5 16 10 55 54 40 44 22 15 39 50 52 32 41 51 37 20 13 17 25 1 8 45 12 21 46 27 38 30 0
0 25 31 26 12 16 7 53 59 37 40 17 58 22 15 50 27 44 39 9 1 21 18 5 33 48 52 34 55 2 8 30 20 43 56 6 4 45 29 32 54 14 47 51 19 28 35 36 57 49 46 38 11 41 23 10 13 3 42 24 0
0 36 19 25 59 46 18 23 37 54 55 9 58 31 32 17 39 40 47 20 50 24 21 6 16 29 33 13 12 4 15 35 11 41 51 14 43 26 7 8 30 44 48 2 56 5 45 1 28 22 34 27 42 52 49 53 38 3 10 57 0
0 37 9 59 23 27 15 3 39 49 28 12 47 32 19 42 6 21 25 10 33 35 30 55 29 7 41 16 31 40 44 5 20 17 36 18 26 51 4 48 53 46 52 45 57 38 2 43 22 34 58 1 8 13 24 56 54 14 11 50 0
0 48 54 39 59 40 9 17 15 12 42 32 50 19 14 1 3 33 2 58 27 47 45 30 20 10 37 7 8 34 24 57 38 43 44 51 35 26 23 31 52 28 29 18 5 21 16 4 13 46 25 53 36 49 22 41 56 55 11 6 0
0 12 11 9 14 22 57 48 18 52 2 3 33 44 15 17 13 55 54 58 28 35 50 31 19 1 4 24 42 20 46 51 23 7 26 37 32 40 21 36 38 53 49 5 30 10 56 25 29 8 45 43 39 6 16 34 27 47 41 59 0
0 32 57 13 27 1 46 26 47 41 58 9 28 5 29 39 56 20 49 19 37 35 6 3 2 18 36 51 52 54 53 10 25 4 11 45 38 34 31 33 24 30 43 14 48 17 44 55 59 50 42 23 8 16 21 12 22 7 40 15 0
0 27 52 12 2 58 25 24 29 17 56 38 26 33 55 53 40 43 59 16 3 22 9 51 20 28 5 37 30 15 23 32 1 44 35 31 19 11 18 6 50 41 42 13 39 10 57 54 4 45 8 36 49 7 21 14 48 34 46 47 0
0 14 54 29 43 23 32 49 56 18 1 9 26 42 3 31 7 30 4 20 51 15 13 27 37 10 24 39 45 6 33 52 12 34 28 35 46 41 36 2 19 40 11 50 53 21 38 22 44 55 47 16 8 48 59 17 57 25 5 58 0
0 33 19 9 29 44 20 15 8 53 17 24 23 35 58 12 5 49 30 1 47 7 45 51 26 54 21 34 48 13 57 56 50 55 31 39 36 32 3 10 2 14 22 43 18 41 38 37 42 28 52 6 25 11 40 46 59 4 27 16 0
0 58 24 39 3 42 40 5 2 53 9 33 54 14 47 44 51 59 27 12 48 37 20 32 43 29 22 41 38 30 45 28 8 13 10 36 52 7 26 17 15 31 46 49 55 34 18 57 11 50 23 21 6 4 19 16 56 25 35 1 0
