# n n_solutions
60 1000
# n x n distance matrix
0 7392 4318 7629 5824 9013 4429 8989 5536 8660 4716 2507 2469 2400 8141 4837 6824 8229 7669 9235 9989 4393 2507 5547 6095 6016 7223 7009 8544 6576 1769 6824 5776 10526 2154 4304 1902 4967 2202 9879 7627 5015 5943 1500 1500 5661 5408 7507 4123 5115 10682 8188 5946 2184 3500 6296 3397 7527 1486 1421
7392 0 3911 8676 5571 6140 2968 4876 4743 3546 4751 5578 5675 9546 806 5903 5008 4640 1063 4205 3805 7324 9109 3420 2563 1700 1044 8672 9883 3911 7072 824 4401 4504 5852 8600 5762 3201 8420 4850 608 4332 5515 8099 8883 3228 8318 2360 3342 6942 4704 6811 2022 5300 6403 7905 4143 5173 7843 8736
4318 3911 0 9104 6140 8354 1746 7602 5366 6648 4770 3807 3894 6711 4468 5748 2941 7034 3753 7343 7463 6500 6626 4368 4210 2220 3324 8772 10282 5531 3400 3733 5292 8132 3848 7289 2418 3573 6082 8050 4382 1063 6177 5522 5651 4316 7700 5246 1300 6646 8324 8300 3601 2209 5300 7924 2617 6937 5346 5412
7629 8676 9104 0 3162 4244 7566 5522 4022 6519 4384 5727 5685 7566 9362 3360 11960 5000 9664 6503 8000 3238 6562 5353 6129 8780 9414 761 1220 4810 9109 7871 4304 8029 5923 3883 8101 5903 6107 6661 8338 10167 3190 6603 8402 5522 2433 6676 7864 2600 8050 2668 6773 7736 4237 1334 6500 3920 6412 8614
5824 5571 6140 3162 0 3264 4500 3701 860 4110 1392 3405 3413 6741 6293 1081 8902 2941 6530 4382 5691 2523 5860 2195 3008 5622 6263 3101 4382 1902 6900 4753 1170 5950 3721 3944 5643 2758 5185 4825 5288 7186 141 5366 7022 2370 3059 3801 4854 1708 6037 2400 3622 5178 2505 2353 3639 1910 5099 7116
9013 6140 8354 4244 3264 0 6609 1523 3492 2884 4316 6525 6552 9998 6579 4341 10677 1500 7200 2563 4052 5608 9097 4019 4205 7026 7128 4753 5115 2828 9899 5522 3324 3920 6868 6929 8537 4825 8438 2507 5608 9289 3130 8630 10269 4044 5700 3780 7085 4675 3905 1581 4904 8022 5769 4494 6303 1513 8362 10346
4429 2968 1746 7566 4500 6609 0 5902 3689 5044 3182 2906 3006 6640 3712 4263 4404 5308 3298 5727 6037 5280 6296 2624 2501 1702 2863 7310 8769 3785 4201 2475 3577 6670 3101 6306 2828 1838 5643 6432 3255 2731 4522 5239 5916 2570 6441 3668 509 5243 6854 6579 1964 2343 4143 6465 1414 5192 5000 5768
8989 4876 7602 5522 3701 1523 5902 0 3560 1414 4325 6488 6536 10307 5220 4742 9656 781 5916 1044 2549 6220 9484 3544 3401 5990 5903 5922 6502 2416 9616 4365 3244 2507 6847 7627 8200 4295 8786 1170 4304 8448 3560 8860 10358 3492 6574 2563 6407 5353 2531 2901 4011 7665 6087 5502 5920 1835 8580 10382
5536 4743 5366 4022 860 3492 3689 3560 0 3671 824 3036 3067 6747 5481 1360 8080 2780 5685 4060 5232 2941 5939 1341 2184 4763 5411 3939 5242 1341 6428 3921 412 5575 3383 4365 5100 1910 5234 4596 4491 6400 848 5300 6842 1523 3701 3125 4070 2302 5685 2983 2772 4604 2549 3162 2961 1992 5021 6894
8660 3546 6648 6519 4110 2884 5044 1414 3671 0 4280 6236 6303 10259 3827 5008 8452 1552 4561 700 1581 6579 9526 3124 2640 4825 4588 6802 7595 2332 9036 3140 3275 1920 6594 8010 7605 3721 8809 1403 2954 7400 3984 8768 10104 3000 7156 1403 5553 5818 2051 4052 3080 7068 6185 6251 5371 2601 8486 10080
4716 4751 4770 4384 1392 4316 3182 4325 824 4280 0 2213 2247 6014 5532 1170 7582 3550 5604 4737 5798 2601 5249 1414 2308 4477 5281 4161 5590 1979 5614 3931 1081 6200 2563 3962 4304 1615 4534 5315 4601 5824 1456 4545 6041 1612 3569 3511 3500 2213 6325 3733 2729 3820 1923 3328 2247 2816 4263 6083
2507 5578 3807 5727 3405 6525 2906 6488 3036 6236 2213 0 100 4104 6378 2531 6741 5724 6129 6780 7641 2758 3546 3114 3780 4601 5714 5247 6809 4081 3512 4870 3269 8134 360 3492 2376 2662 2846 7406 5664 4825 3512 2607 3882 3252 3959 5185 2886 3130 8280 5803 3801 2024 1562 4429 1500 5028 2332 3894
2469 5675 3894 5685 3413 6552 3006 6536 3067 6303 2247 100 0 4022 6476 2517 6826 5770 6228 6841 7715 2690 3453 3182 3860 4701 5813 5197 6760 4134 3522 4964 3310 8202 316 3401 2416 2745 2751 7463 5758 4909 3522 2523 3827 3324 3889 5263 2983 3087 8348 5807 3891 2080 1500 4382 1600 5059 2247 3847
2400 9546 6711 7566 6741 9998 6640 10307 6747 10259 6014 4104 4022 0 10324 5660 9192 9526 9932 10748 11715 4554 1004 7170 7881 8296 9492 6834 8200 7993 3889 8900 7083 12175 3773 3705 4301 6766 1565 11327 9704 7410 6879 1500 1500 7324 5134 9280 6403 5478 12310 8863 7889 4539 4243 6334 5412 8625 1780 1860
8141 806 4468 9362 6293 6579 3712 5220 5481 3827 5532 6378 6476 10324 0 6675 5124 5091 905 4429 3748 8115 9904 4177 3298 2262 1208 9391 10560 4561 7733 1603 5124 4440 6648 9400 6463 4000 9217 5015 1029 4741 6229 8886 9625 3981 9093 2842 4049 7710 4638 7381 2807 6020 7206 8640 4933 5742 8633 9466
4837 5903 5748 3360 1081 4341 4263 4742 1360 5008 1170 2531 2517 5660 6675 0 8626 3969 6772 5353 6579 1581 4780 2507 3405 5635 6451 3047 4534 2692 6039 5080 1772 6896 2807 3008 4876 2785 4104 5841 5721 6811 1220 4294 5977 2707 2418 4472 4525 1044 6997 3354 3883 4459 1431 2202 3140 2983 4031 6087
6824 5008 2941 11960 8902 10677 4404 9656 8080 8452 7582 6741 6826 9192 5124 8626 0 9235 4219 9141 8800 9440 9289 6911 6488 3668 4000 11668 13155 7960 5400 5315 7932 9500 6760 10208 5000 6185 8823 9815 5614 1923 8920 8200 7910 6809 10640 7106 4101 9558 9700 10890 5777 4976 8241 10820 5531 9391 8065 7602
8229 4640 7034 5000 2941 1500 5308 781 2780 1552 3550 5724 5770 9526 5091 3969 9235 0 5700 1529 3001 5463 8704 2844 2828 5571 5630 5333 6053 1676 8902 4031 2469 3104 6082 6879 7495 3622 8005 1886 4110 7924 2801 8080 9588 2816 5869 2280 5803 4614 3162 2500 3492 6963 5307 4850 5217 1140 7800 9617
7669 1063 3753 9664 6530 7200 3298 5916 5685 4561 5604 6129 6228 9932 905 6772 4219 5700 0 5200 4627 8121 9590 4346 3535 1655 447 9624 10878 4940 7102 1802 5366 5323 6363 9334 5905 4002 8926 5818 1612 3911 6484 8537 9127 4162 9167 3420 3546 7816 5522 7864 2915 5503 7125 8838 4638 6228 8297 8944
9235 4205 7343 6503 4382 2563 5727 1044 4060 700 4737 6780 6841 10748 4429 5353 9141 1529 5200 0 1513 6896 9982 3689 3289 5522 5249 6859 7516 2758 9676 3832 3687 1581 7140 8324 8245 4338 9269 707 3605 8100 4248 9269 10660 3584 7373 2102 6236 6083 1655 3920 3765 7707 6606 6378 5993 2668 8987 10650
9989 3805 7463 8000 5691 4052 6037 2549 5232 1581 5798 7641 7715 11715 3748 6579 8800 3001 4627 1513 0 8154 11020 4545 3894 5393 4801 8329 9027 3891 10187 3736 4830 700 7993 9585 8766 5024 10300 1664 3214 8060 5565 10217 11462 4393 8736 2483 6530 7399 900 5433 4134 8237 7717 7808 6621 4119 9935 11410
4393 7324 6500 3238 2523 5608 5280 6220 2941 6579 2601 2758 2690 4554 8115 1581 9440 5463 8121 6896 8154 0 3584 4011 4909 6830 7766 2624 4178 4272 5923 6512 3352 8453 2860 1431 5047 4130 3008 7348 7200 7543 2662 3413 5208 4210 1204 6041 5420 943 8547 4341 5308 4763 1204 1910 3944 4404 3201 5400
2507 9109 6626 6562 5860 9097 6296 9484 5939 9526 5249 3546 3453 1004 9904 4780 9289 8704 9590 9982 11020 3584 0 6489 7256 7990 9159 5830 7200 7224 4219 8415 6296 11446 3257 2701 4295 6171 721 10535 9210 7433 6000 1104 2195 6657 4130 8628 6128 4518 11574 7915 7340 4417 3397 5336 4972 7762 1303 2523
5547 3420 4368 5353 2195 4019 2624 3544 1341 3124 1414 3114 3182 7170 4177 2507 6911 2844 4346 3689 4545 4011 6489 0 900 3465 4070 5280 6573 1200 6072 2596 1063 5020 3471 5375 4656 806 5768 4341 3214 5348 2163 5672 6981 200 4925 2147 3080 3535 5166 3982 1431 4122 3289 4494 2376 2570 5390 6963
6095 2563 4210 6129 3008 4205 2501 3401 2184 2640 2308 3780 3860 7881 3298 3405 6488 2828 3535 3289 3894 4909 7256 900 0 2884 3301 6109 7343 1500 6396 1746 1838 4440 4123 6264 4965 1131 6536 3984 2319 5099 2954 6382 7569 700 5821 1414 3006 4428 4604 4482 721 4428 4148 5345 2745 2915 6103 7516
6016 1700 2220 8780 5622 7026 1702 5990 4763 4825 4477 4601 4701 8296 2262 5635 3668 5571 1655 5522 5393 6830 7990 3465 2884 0 1208 8628 10000 4382 5481 1700 4527 6082 4803 7942 4254 2884 7343 6212 2213 2668 5608 6923 7472 3324 7947 3452 1897 6664 6280 7360 2163 3848 5748 7803 3101 5798 6691 7289
7223 1044 3324 9414 6264 7128 2863 5903 5411 4588 5281 5714 5813 9492 1208 6451 4000 5630 447 5249 4801 7766 9159 4070 3301 1208 0 9347 10632 4750 6661 1627 5110 5500 5941 8956 5458 3668 8500 5893 1649 3535 6225 8102 8680 3893 8832 3361 3101 7494 5700 7707 2641 5056 6747 8549 4219 6082 7863 8497
7009 8672 8772 761 3101 4753 7310 5922 3939 6802 4161 5247 5197 6834 9391 3047 11668 5333 9624 6859 8329 2624 5830 5280 6109 8628 9347 0 1565 4903 8544 7854 4271 8417 5412 3140 7605 5745 5400 7083 8381 9834 3162 5921 7716 5462 1702 6806 7568 2140 8452 3178 6711 7271 3712 848 6155 4210 5742 7940
8544 9883 10282 1220 4382 5115 8769 6502 5242 7595 5590 6809 6760 8200 10560 4534 13155 6053 10878 7516 9027 4178 7200 6573 7343 10000 10632 1565 0 6000 10101 9082 5522 9000 6977 4504 9170 7121 6835 7602 9534 11345 4410 7397 9178 6741 3157 7843 9055 3688 9002 3601 7991 8832 5277 2385 7669 5021 7236 9419
6576 3911 5531 4810 1902 2828 3785 2416 1341 2332 1979 4081 4134 7993 4561 2692 7960 1676 4940 2758 3891 4272 7224 1200 1500 4382 4750 4903 6000 0 7227 3140 943 4243 4441 5700 5824 2002 6511 3342 3534 6484 1800 6518 7961 1216 4949 1910 4257 3569 4360 2983 2220 5295 3860 4219 3551 1431 6236 7975
1769 7072 3400 9109 6900 9899 4201 9616 6428 9036 5614 3512 3522 3889 7733 6039 5400 8902 7102 9676 10187 5923 4219 6072 6396 5481 6661 8544 10101 7227 0 6670 6576 10791 3238 6021 1431 5348 3969 10361 7432 3785 7000 3264 2517 6135 7021 7741 3753 6525 10965 9300 6053 1969 4876 7779 3700 8386 3252 2202
6824 824 3733 7871 4753 5522 2475 4365 3921 3140 3931 4870 4964 8900 1603 5080 5315 4031 1802 3832 3736 6512 8415 2596 1746 1700 1627 7854 9082 3140 6670 0 3584 4414 5162 7802 5303 2402 7715 4517 806 4341 4700 7432 8323 2404 7496 1802 2920 6118 4609 6082 1204 4810 5614 7083 3488 4455 7169 8200
5776 4401 5292 4304 1170 3324 3577 3244 412 3275 1081 3269 3310 7083 5124 1772 7932 2469 5366 3687 4830 3352 6296 1063 1838 4527 5110 4271 5522 943 6576 3584 0 5186 3624 4775 5215 1749 5586 4244 4123 6307 1118 5622 7119 1220 4104 2716 3992 2707 5300 3008 2469 4704 2920 3517 3006 1811 5341 7155
10526 4504 8132 8029 5950 3920 6670 2507 5575 1920 6200 8134 8202 12175 4440 6896 9500 3104 5323 1581 700 8453 11446 5020 4440 6082 5500 8417 9000 4243 10791 4414 5186 0 8489 9883 9364 5560 10729 1414 3911 8747 5818 10682 11985 4883 8953 3052 7169 7655 200 5400 4741 8832 8102 7954 7184 4244 10400 11947
2154 5852 3848 5923 3721 6868 3101 6847 3383 6594 2563 360 316 3773 6648 2807 6760 6082 6363 7140 7993 2860 3257 3471 4123 4803 5941 5412 6977 4441 3238 5162 3624 8489 0 3448 2195 3000 2570 7766 5961 4837 3832 2282 3522 3606 4045 5531 3026 3324 8637 6113 4118 1910 1700 4609 1726 5375 2012 3535
4304 8600 7289 3883 3944 6929 6306 7627 4365 8010 3962 3492 3401 3705 9400 3008 10208 6879 9334 8324 9585 1431 2701 5375 6264 7942 8956 3140 4504 5700 6021 7802 4775 9883 3448 0 5456 5400 2353 8765 8521 8285 4081 2973 4706 5573 1456 7446 6356 2280 9976 5560 6606 5300 2209 2731 4904 5800 2863 4972
1902 5762 2418 8101 5643 8537 2828 8200 5100 7605 4304 2376 2416 4301 6463 4876 5000 7495 5905 8245 8766 5047 4295 4656 4965 4254 5458 7605 9170 5824 1431 5303 5215 9364 2195 5456 0 3921 3827 8931 6082 3140 5731 3201 3257 4712 6220 6313 2420 5503 9537 8030 4632 538 3894 6797 2280 7025 3067 3046
4967 3201 3573 5903 2758 4825 1838 4295 1910 3721 1615 2662 2745 6766 4000 2785 6185 3622 4002 4338 5024 4130 6171 806 1131 2884 3668 5745 7121 2002 5348 2402 1749 5560 3000 5400 3921 0 5456 5015 3139 4569 2758 5268 6438 806 5166 2545 2280 3827 5720 4742 1216 3383 3214 4924 1655 3373 4992 6388
2202 8420 6082 6107 5185 8438 5643 8786 5234 8809 4534 2846 2751 1565 9217 4104 8823 8005 8926 9269 10300 3008 721 5768 6536 7343 8500 5400 6835 6511 3969 7715 5586 10729 2570 2353 3827 5456 0 9829 8509 6937 5324 707 2353 5936 3701 7907 5503 3921 10857 7300 6630 3883 2701 4837 4295 7080 761 2624
9879 4850 8050 6661 4825 2507 6432 1170 4596 1403 5315 7406 7463 11327 5015 5841 9815 1886 5818 707 1664 7348 10535 4341 3984 6212 5893 7083 7602 3342 10361 4517 4244 1414 7766 8765 8931 5015 9829 0 4244 8802 4687 9859 11288 4248 7738 2806 6941 6500 1400 4011 4472 8393 7144 6672 6670 2996 9577 11289
7627 608 4382 8338 5288 5608 3255 4304 4491 2954 4601 5664 5758 9704 1029 5721 5614 4110 1612 3605 3214 7200 9210 3214 2319 2213 1649 8381 9534 3534 7432 806 4123 3911 5961 8521 6082 3139 8509 4244 0 4876 5220 8234 9126 3014 8138 1838 3679 6747 4110 6360 1923 5597 6350 7640 4294 4720 7970 9000
5015 4332 1063 10167 7186 9289 2731 8448 6400 7400 5824 4825 4909 7410 4741 6811 1923 7924 3911 8100 8060 7543 7433 5348 5099 2668 3535 9834 11345 6484 3785 4341 6307 8747 4837 8285 3140 4569 6937 8802 4876 0 7219 6334 6220 5281 8745 6000 2332 7707 8944 9310 4440 3067 6341 8986 3679 7905 6184 5941
5943 5515 6177 3190 141 3130 4522 3560 848 3984 1456 3512 3522 6879 6229 1220 8920 2801 6484 4248 5565 2662 6000 2163 2954 5608 6225 3162 4410 1800 7000 4700 1118 5818 3832 4081 5731 2758 5324 4687 5220 7219 0 5500 7151 2332 3178 3705 4887 1838 5903 2302 3584 5261 2641 2433 3700 1769 5232 7242
1500 8099 5522 6603 5366 8630 5239 8860 5300 8768 4545 2607 2523 1500 8886 4294 8200 8080 8537 9269 10217 3413 1104 5672 6382 6923 8102 5921 7397 6518 3264 7432 5622 10682 2282 2973 3201 5268 707 9859 8234 6334 5500 0 1800 5825 4242 7780 5048 4275 10820 7589 6400 3313 2863 5300 3956 7220 282 2022
1500 8883 5651 8402 7022 10269 5916 10358 6842 10104 6041 3882 3827 1500 9625 5977 7910 9588 9127 10660 11462 5208 2195 6981 7569 7472 8680 7716 9178 7961 2517 8323 7119 11985 3522 4706 3257 6438 2353 11288 9126 6220 7151 1800 0 7106 6029 8982 5590 6053 12137 9313 7440 3624 4560 7100 4891 8814 2009 360
5661 3228 4316 5522 2370 4044 2570 3492 1523 3000 1612 3252 3324 7324 3981 2707 6809 2816 4162 3584 4393 4210 6657 200 700 3324 3893 5462 6741 1216 6135 2404 1220 4883 3606 5573 4712 806 5936 4248 3014 5281 2332 5825 7106 0 5124 1972 3041 3733 5032 4081 1252 4176 3478 4681 2435 2624 5544 7080
5408 8318 7700 2433 3059 5700 6441 6574 3701 7156 3569 3959 3889 5134 9093 2418 10640 5869 9167 7373 8736 1204 4130 4925 5821 7947 8832 1702 3157 4949 7021 7496 4104 8953 4045 1456 6220 5166 3701 7738 8138 8745 3178 4242 6029 5124 0 6818 6603 1400 9024 4242 6296 5954 2408 1303 5131 4742 4079 6264
7507 2360 5246 6676 3801 3780 3668 2563 3125 1403 3511 5185 5263 9280 2842 4472 7106 2280 3420 2102 2483 6041 8628 2147 1414 3452 3361 6806 7843 1910 7741 1802 2716 3052 5531 7446 6313 2545 7907 2806 1838 6000 3705 7780 8982 1972 6818 0 4176 5423 3224 4548 1708 5780 5423 6129 4140 2915 7500 8927
4123 3342 1300 7864 4854 7085 509 6407 4070 5553 3500 2886 2983 6403 4049 4525 4101 5803 3546 6236 6530 5420 6128 3080 3006 1897 3101 7568 9055 4257 3753 2920 3992 7169 3026 6356 2420 2280 5503 6941 3679 2332 4887 5048 5590 3041 6603 4176 0 5467 7353 7000 2473 1972 4248 6720 1476 5650 4825 5420
5115 6942 6646 2600 1708 4675 5243 5353 2302 5818 2213 3130 3087 5478 7710 1044 9558 4614 7816 6083 7399 943 4518 3535 4428 6664 7494 2140 3688 3569 6525 6118 2707 7655 3324 2280 5503 3827 3921 6500 6747 7707 1838 4275 6053 3733 1400 5423 5467 0 7738 3400 4924 5147 1649 1303 4031 3522 4044 6220
10682 4704 8324 8050 6037 3905 6854 2531 5685 2051 6325 8280 8348 12310 4638 6997 9700 3162 5522 1655 900 8547 11574 5166 4604 6280 5700 8452 9002 4360 10965 4609 5300 200 8637 9976 9537 5720 10857 1400 4110 8944 5903 10819 12137 5032 9024 3224 7353 7738 0 5408 4919 9004 8220 8008 7349 4301 10537 12103
8188 6811 8300 2668 2400 1581 6579 2901 2983 4052 3733 5803 5807 8863 7381 3354 10890 2500 7864 3920 5433 4341 7915 3982 4482 7360 7707 3178 3601 2983 9300 6082 3008 5400 6113 5560 8030 4742 7300 4011 6360 9310 2302 7589 9313 4081 4242 4548 7000 3400 5408 0 5200 7553 4753 2983 5943 1640 7337 9436
5946 2022 3601 6773 3622 4904 1964 4011 2772 3080 2729 3801 3891 7889 2807 3883 5777 3492 2915 3765 4134 5308 7340 1431 721 2163 2641 6711 7991 2220 6053 1204 2469 4741 4118 6606 4632 1216 6630 4472 1923 4440 3584 6400 7440 1252 6296 1708 2473 4924 4919 5200 0 4104 4428 5923 2549 3635 6129 7355
2184 5300 2209 7736 5178 8022 2343 7665 4604 7068 3820 2024 2080 4539 6020 4459 4976 6963 5503 7707 8237 4763 4417 4122 4428 3848 5056 7271 8832 5295 1969 4810 4704 8832 1910 5300 538 3383 3883 8393 5597 3067 5261 3313 3624 4176 5954 5780 1972 5147 9004 7553 4104 0 3580 6449 1746 6512 3140 3448
3500 6403 5300 4237 2505 5769 4143 6087 2549 6185 1923 1562 1500 4243 7206 1431 8241 5307 7125 6606 7717 1204 3397 3289 4148 5748 6747 3712 5277 3860 4876 5614 2920 8102 1700 2209 3894 3214 2701 7144 6350 6341 2641 2863 4560 3478 2408 5423 4248 1649 8220 4753 4428 3580 0 2915 2773 4382 2600 4687
6296 7905 7924 1334 2353 4494 6465 5502 3162 6251 3328 4429 4382 6334 8640 2202 10820 4850 8838 6378 7808 1910 5336 4494 5345 7803 8549 848 2385 4219 7779 7083 3517 7954 4609 2731 6797 4924 4837 6672 7640 8986 2433 5300 7100 4681 1303 6129 6720 1303 8008 2983 5923 6449 2915 0 5307 3710 5100 7302
3397 4143 2617 6500 3639 6303 1414 5920 2961 5371 2247 1500 1600 5412 4933 3140 5531 5217 4638 5993 6621 3944 4972 2376 2745 3101 4219 6155 7669 3551 3700 3488 3006 7184 1726 4904 2280 1655 4295 6670 4294 3679 3700 3956 4891 2435 5131 4140 1476 4031 7349 5943 2549 1746 2773 5307 0 4800 3700 4808
7527 5173 6937 3920 1910 1513 5192 1835 1992 2601 2816 5028 5059 8625 5742 2983 9391 1140 6228 2668 4119 4404 7762 2570 2915 5798 6082 4210 5021 1431 8386 4455 1811 4244 5375 5800 7025 3373 7080 2996 4720 7905 1769 7220 8814 2624 4742 2915 5650 3522 4301 1640 3635 6512 4382 3710 4800 0 6946 8876
1486 7843 5346 6412 5099 8362 5000 8580 5021 8486 4263 2332 2247 1780 8633 4031 8065 7800 8297 8987 9935 3201 1303 5390 6103 6691 7863 5742 7236 6236 3252 7169 5341 10400 2012 2863 3067 4992 761 9577 7970 6184 5232 282 2009 5544 4079 7500 4825 4044 10537 7337 6129 3140 2600 5100 3700 6946 0 2202
1421 8736 5412 8614 7116 10346 5768 10382 6894 10080 6083 3894 3847 1860 9466 6087 7602 9617 8944 10650 11410 5400 2523 6963 7516 7289 8497 7940 9419 7975 2202 8200 7155 11947 3535 4972 3046 6388 2624 11289 9000 5941 7242 2022 360 7080 6264 8927 5420 6220 12103 9436 7355 3448 4687 7302 4808 8876 2202 0
# set of given starting solutions
0 39 23 16 58 13 38 2 18 14 34 53 59 40 5 44 50 19 43 4 31 27 7 11 48 35 51 20 21 54 29 10 12 36 6 33 42 22 41 15 28 24 57 8 47 52 17 45 32 37 1 3 56 26 9 55 25 49 30 46 0
0 27 1 54 41 42 14 7 5 22 9 4 20 23 46 35 16 58 17 44 37 10 25 59 40 15 39 55 19 53 33 34 51 11 57 38 18 30 13 45 24 6 36 21 48 32 28 49 31 12 3 52 26 50 29 8 43 2 56 47 0
0 34 36 43 59 42 50 56 33 13 29 41 49 11 46 54 4 35 26 28 17 38 10 57 30 37 47 6 15 45 31 58 3 18 27 8 14 48 20 32 23 16 39 44 2 51 24 9 52 7 25 53 1 12 40 21 19 22 55 5 0
0 47 17 54 22 39 2 42 28 13 4 7 14 35 37 51 9 32 53 57 11 21 1 45 19 6 26 24 5 40 59 16 20 46 52 38 18 12 48 34 25 49 43 3 10 29 36 50 30 31 15 27 23 41 8 58 55 44 56 33 0
0 24 10 14 53 54 50 49 29 15 34 41 12 6 20 7 4 47 56 58 27 28 33 1 18 43 35 39 31 32 25 30 26 44 11 19 59 46 55 2 42 36 21 5 13 51 57 23 16 8 9 40 52 48 38 45 37 17 22 3 0
0 46 25 33 54 49 56 2 55 50 47 24 23 27 17 29 32 39 51 36 22 31 43 4 41 48 59 57 20 5 8 18 14 7 44 38 35 52 19 15 16 10 12 9 3 42 21 1 11 58 40 34 45 6 30 37 28 13 26 53 0
0 36 39 50 8 56 30 41 2 59 34 24 12 17 47 22 6 4 35 14 1 16 10 26 54 29 9 31 25 52 51 48 27 13 19 18 7 55 3 46 20 43 23 49 45 44 40 32 58 38 53 15 37 11 5 21 42 57 28 33 0
0 57 20 51 47 48 46 30 15 50 40 9 6 14 49 54 5 32 27 58 36 41 29 35 16 19 59 34 11 42 39 4 22 12 10 28 33 8 44 37 13 45 18 2 55 52 25 1 21 3 23 26 38 31 56 43 24 53 7 17 0
0 54 25 39 48 41 22 35 7 45 36 42 46 5 53 50 37 34 13 10 27 3 33 57 19 11 8 43 55 26 1 29 2 52 12 16 47 32 56 49 9 58 40 15 23 6 14 51 44 59 21 4 20 31 17 38 24 28 30 18 0
0 37 47 38 55 57 39 49 7 19 15 32 43 50 53 13 34 58 54 29 40 41 18 22 11 26 14 51 1 52 16 59 42 30 27 45 56 36 33 28 44 10 48 24 23 8 6 9 20 17 21 4 31 46 2 35 3 5 25 12 0
0 16 30 26 25 35 8 48 3 10 58 12 39 21 53 13 51 4 41 22 24 43 57 31 44 54 32 52 47 36 9 1 18 14 40 45 29 38 56 27 2 37 17 11 34 19 59 28 46 7 5 55 15 42 23 33 20 50 6 49 0
0 57 37 58 56 16 50 39 7 6 23 10 46 40 15 31 14 11 5 19 35 12 30 55 53 38 18 22 20 33 29 41 36 8 24 4 27 28 17 59 44 21 9 51 34 52 32 42 2 43 49 26 47 25 3 1 54 13 45 48 0
0 22 54 24 16 4 49 15 10 2 39 25 23 27 58 11 33 55 38 53 35 52 18 19 1 51 5 21 37 44 12 40 13 59 36 3 9 57 43 32 50 28 29 56 31 17 47 46 41 34 14 48 7 30 45 6 42 8 20 26 0
0 22 17 11 49 41 50 19 43 21 4 16 39 53 46 18 40 47 2 27 14 7 13 1 9 52 45 10 42 58 51 54 3 37 55 59 6 23 26 12 5 30 38 33 35 44 24 31 57 56 8 48 34 32 15 36 20 28 25 29 0
0 2 25 33 4 6 45 50 57 46 55 48 22 5 28 1 59 26 35 40 3 11 8 30 52 51 34 15 17 29 41 14 13 18 21 32 53 27 20 24 31 43 44 47 7 49 19 42 10 37 38 36 54 12 9 23 58 16 39 56 0
0 58 14 28 6 51 41 7 38 56 32 10 50 42 53 34 46 26 13 27 15 35 49 4 18 20 57 54 33 45 3 12 16 17 29 37 40 39 43 52 5 30 59 19 24 22 21 25 31 23 2 1 9 36 48 55 44 11 47 8 0
0 58 39 29 2 18 26 21 28 7 20 8 41 45 24 49 50 1 53 14 13 4 33 35 17 27 19 5 16 42 44 37 3 23 51 40 59 34 12 56 15 36 47 46 57 55 38 31 54 52 32 30 25 10 43 48 11 6 9 22 0
0 20 4 26 36 30 17 46 2 12 31 16 37 10 35 38 59 54 27 23 18 8 44 39 56 55 33 58 28 50 7 13 15 9 14 47 21 6 24 32 57 41 52 48 11 19 34 51 43 45 1 25 53 3 22 42 49 40 29 5 0
0 6 40 8 53 9 18 41 55 49 16 38 25 28 7 3 13 39 19 47 42 43 51 17 5 48 21 59 14 54 10 23 37 35 34 30 50 15 29 12 45 58 4 1 27 26 52 44 56 22 11 32 33 20 46 24 2 57 36 31 0
0 36 18 12 13 23 2 15 37 31 49 33 59 1 41 32 26 17 24 29 34 16 52 28 14 50 51 10 6 20 27 40 47 22 3 30 7 5 45 48 38 55 43 21 44 46 54 57 42 58 11 19 39 56 4 8 53 25 9 35 0
0 39 19 51 7 8 6 24 46 42 4 53 5 50 48 32 12 26 13 23 54 27 3 9 20 14 37 34 28 38 31 17 30 55 47 1 35 29 49 44 57 52 59 11 10 2 58 56 18 16 25 22 40 41 45 36 43 15 21 33 0
0 19 49 48 32 30 10 51 25 20 47 28 36 59 43 53 15 29 22 35 4 16 1 58 21 50 56 11 17 34 24 45 40 54 39 41 33 9 6 5 12 37 46 14 2 13 55 57 31 52 38 26 8 27 44 18 42 3 23 7 0
0 43 58 7 28 42 2 11 5 37 14 54 52 16 27 25 30 22 6 45 46 33 21 38 39 56 8 12 4 47 35 17 40 19 31 48 53 15 59 20 3 50 55 9 34 1 18 44 10 36 13 57 29 51 41 23 24 26 49 32 0
0 11 33 41 44 12 38 58 10 4 36 6 31 34 3 23 29 53 56 54 45 9 18 40 19 22 43 46 17 59 21 48 42 32 37 49 1 15 57 14 24 30 26 5 39 52 55 27 47 25 50 20 13 16 7 8 28 2 35 51 0
0 32 11 3 23 8 55 25 2 5 7 30 16 29 17 45 42 27 40 44 35 48 43 14 15 51 57 33 1 22 24 10 21 19 4 59 12 26 54 56 31 50 41 46 58 36 6 34 49 13 9 37 18 52 39 47 53 38 28 20 0
0 39 53 50 5 42 37 58 10 17 7 4 35 8 6 45 49 22 44 51 34 40 24 56 38 16 46 27 48 54 26 2 21 33 12 32 36 52 31 20 28 55 59 25 18 13 1 9 15 23 11 47 3 29 19 43 30 14 41 57 0
0 28 15 41 26 8 40 4 50 38 19 3 34 27 30 5 44 17 6 45 14 32 10 29 54 16 59 25 21 2 33 9 12 58 11 48 51 1 53 37 13 57 49 52 35 7 31 47 55 46 36 42 23 56 43 18 24 22 20 39 0
0 25 14 24 11 48 13 57 42 8 3 55 54 56 31 34 40 23 33 35 59 37 6 12 1 16 44 52 45 43 10 2 22 47 49 19 39 9 46 53 58 36 29 26 50 41 5 28 30 15 17 7 20 51 18 21 27 38 32 4 0
0 26 14 21 27 42 39 15 32 7 37 33 29 52 13 41 36 44 9 38 24 17 54 4 59 53 11 20 49 50 5 48 2 40 3 23 16 12 47 55 30 6 8 34 58 1 56 51 46 25 35 57 19 22 28 43 45 18 10 31 0
0 2 46 47 26 58 48 32 16 30 23 38 25 14 17 45 57 19 1 22 34 28 6 36 51 11 43 7 4 54 29 59 18 50 15 24 20 27 21 12 10 52 35 49 42 39 40 41 9 8 55 33 5 53 31 13 56 44 37 3 0
0 45 19 24 44 12 38 28 5 1 14 56 25 2 57 32 17 30 20 43 40 52 26 48 59 33 58 55 54 16 47 35 36 50 29 34 9 49 27 7 51 15 8 18 22 39 4 21 41 42 31 53 6 23 46 11 37 13 3 10 0
0 10 55 5 39 52 31 16 11 56 22 15 32 42 21 59 34 12 14 58 13 37 4 1 8 49 57 28 17 33 25 23 6 54 24 35 44 51 48 53 2 36 9 27 46 18 40 29 47 3 41 7 26 20 43 50 38 45 19 30 0
0 56 38 20 33 37 48 59 57 12 40 51 32 1 29 26 25 58 47 19 7 52 21 45 31 6 55 28 42 10 14 50 24 5 41 46 11 22 36 13 35 2 8 15 23 18 27 16 54 3 39 49 34 9 53 4 44 17 30 43 0
0 16 17 15 25 23 59 11 1 19 30 57 20 44 35 21 38 13 48 7 52 43 33 36 55 6 2 41 58 5 46 27 45 39 12 31 29 40 51 54 4 3 24 47 28 22 53 14 9 56 34 32 37 42 50 26 18 8 49 10 0
0 52 5 34 1 42 8 10 4 27 59 29 39 12 43 53 18 48 21 46 54 25 55 7 28 22 24 26 45 56 16 58 51 31 47 3 36 13 40 2 6 33 23 14 20 15 19 41 32 9 50 57 49 17 37 38 11 35 44 30 0
0 44 39 46 49 31 12 54 29 47 18 52 45 11 30 41 10 36 38 9 21 16 56 6 3 34 20 40 24 42 25 26 37 35 1 51 2 23 43 7 48 19 28 50 32 4 55 13 17 22 14 27 8 15 33 53 57 59 5 58 0
0 31 30 41 58 36 28 7 54 35 11 45 21 17 13 2 29 55 14 10 50 48 40 3 59 43 23 47 38 56 51 6 4 34 18 19 25 24 57 46 39 15 5 27 44 53 8 16 49 33 52 9 1 12 22 26 37 32 42 20 0
0 30 55 27 31 23 3 47 18 22 28 45 58 12 40 59 38 35 8 7 11 36 41 32 54 13 57 25 52 48 39 49 53 15 17 14 50 10 4 33 20 51 21 43 44 9 29 16 1 24 2 19 37 46 34 26 5 6 42 56 0
0 18 33 53 27 40 9 26 51 42 44 32 31 36 12 57 28 23 55 20 47 17 7 35 3 54 37 1 39 34 6 43 29 24 8 45 13 59 4 38 58 15 22 49 10 48 14 11 30 25 2 56 21 41 46 5 19 50 16 52 0
0 32 8 54 55 24 17 20 38 52 46 16 19 26 21 12 5 15 2 34 11 30 14 37 1 28 42 44 43 6 25 29 45 57 23 51 56 13 7 4 18 41 27 59 35 53 47 31 39 58 49 3 10 9 40 36 48 50 22 33 0
0 35 17 20 34 46 44 47 7 16 2 10 14 49 26 36 28 37 22 23 13 30 32 45 52 1 9 25 11 53 55 6 19 48 12 8 4 29 27 3 56 33 18 54 39 58 42 21 24 15 51 57 50 31 38 5 41 40 59 43 0
0 56 21 55 23 22 53 49 57 28 8 12 15 42 48 20 34 36 17 2 58 6 32 14 51 41 33 37 59 31 9 45 3 35 24 40 39 19 1 38 50 5 47 25 27 10 26 46 11 30 29 16 4 43 18 54 52 13 44 7 0
0 30 28 20 38 57 29 51 49 44 23 12 36 16 3 37 31 35 48 7 53 39 22 42 46 56 32 24 1 41 27 26 54 13 45 18 47 14 33 52 4 59 11 2 5 10 34 19 15 17 55 9 8 58 40 6 43 21 25 50 0
0 10 24 1 26 16 21 30 5 32 35 34 18 43 20 50 15 29 14 31 53 51 19 7 2 57 23 22 4 37 33 3 39 58 40 27 8 25 54 38 12 6 49 52 42 46 59 44 28 13 11 55 36 47 41 45 56 48 9 17 0
0 57 52 27 54 50 14 48 11 58 4 25 59 2 8 34 28 29 16 9 45 21 6 12 33 41 44 37 13 38 56 19 53 51 36 5 55 39 47 40 46 42 35 32 26 1 22 43 31 20 18 15 30 49 7 10 3 23 17 24 0
0 20 21 9 58 24 49 3 44 10 48 39 54 32 14 19 47 35 56 53 8 38 23 6 59 4 25 12 29 43 55 28 41 11 57 40 42 16 26 15 34 22 50 36 33 31 17 27 13 45 18 46 51 1 30 5 7 2 52 37 0
0 3 35 19 20 40 9 59 46 47 34 1 42 27 4 50 31 7 54 30 11 37 6 2 33 51 32 25 18 17 10 39 44 26 56 12 21 15 22 52 48 5 45 28 29 55 57 43 16 49 24 8 53 36 41 13 58 14 38 23 0
0 23 27 51 10 41 57 31 4 13 45 26 29 55 19 14 40 5 49 20 1 56 39 48 32 25 28 46 37 53 2 18 7 50 11 42 35 8 47 12 54 9 38 36 34 22 59 3 24 30 52 43 44 15 17 6 16 21 33 58 0
0 11 40 44 43 3 12 36 55 15 33 17 28 27 32 14 22 54 38 24 51 46 49 31 41 58 26 45 4 42 48 52 21 25 53 57 8 9 34 6 47 39 29 10 13 23 1 35 16 37 56 5 18 30 20 7 2 59 50 19 0
0 34 18 22 9 17 35 6 53 45 30 15 4 12 41 28 47 44 36 46 7 33 54 5 51 13 43 48 14 31 19 57 2 40 37 27 38 3 26 58 49 1 32 52 25 39 23 20 24 56 11 21 16 59 50 10 29 42 8 55 0
0 28 33 56 1 46 58 36 50 57 48 39 19 47 52 45 5 25 27 35 41 7 22 4 23 43 34 24 32 31 55 8 59 14 21 17 13 26 38 2 40 12 10 16 30 20 51 37 3 15 18 29 6 42 53 44 54 11 9 49 0
0 23 30 49 26 9 34 56 40 38 3 12 50 19 8 39 13 42 46 15 54 44 36 20 47 17 24 28 57 18 43 29 2 21 1 37 45 41 58 22 35 55 59 14 6 53 31 7 33 4 51 52 25 11 48 10 27 16 5 32 0
0 25 56 45 23 10 40 6 47 38 28 59 31 41 37 18 13 7 53 24 4 30 49 21 11 19 46 12 17 48 58 39 50 16 43 3 36 57 26 34 8 51 52 35 5 15 32 22 29 1 55 54 14 2 33 9 42 20 27 44 0
0 33 52 20 8 30 25 2 21 13 26 16 18 11 45 37 3 49 41 38 27 46 47 53 44 55 35 48 15 54 5 6 42 32 14 1 28 4 36 31 24 34 10 22 43 12 9 19 50 56 39 58 51 29 57 7 17 40 59 23 0
0 8 10 42 55 1 47 41 57 14 28 39 6 3 30 15 54 35 4 44 38 46 37 12 26 56 23 13 51 32 27 36 5 43 19 52 2 7 18 21 20 45 25 33 24 34 9 49 48 22 58 16 11 50 17 53 40 31 29 59 0
0 26 7 22 1 43 19 17 41 23 49 33 25 18 37 32 9 38 54 47 40 11 24 35 45 28 6 14 29 51 50 13 39 34 2 4 53 15 30 5 46 10 16 42 55 21 58 31 12 27 3 57 20 59 56 52 8 44 48 36 0
0 49 12 8 6 10 34 31 41 58 24 5 11 39 21 37 40 42 30 19 20 53 57 4 29 32 23 55 7 36 48 16 56 14 54 43 46 38 51 50 44 28 26 47 25 13 3 45 2 59 9 1 17 52 22 27 35 18 33 15 0
0 54 29 10 11 59 26 5 44 14 48 19 16 33 6 50 52 37 2 9 46 32 57 18 53 43 3 22 17 55 38 45 47 13 31 36 25 12 39 58 34 24 4 20 56 21 8 28 30 35 42 15 1 23 27 40 51 7 49 41 0
0 41 22 13 14 37 4 49 27 48 25 9 28 12 44 32 5 10 21 55 26 24 42 35 2 59 29 38 1 17 19 57 58 40 52 34 7 39 46 11 30 6 36 53 43 31 54 56 33 16 23 50 18 20 45 3 51 15 8 47 0
0 49 22 20 4 38 10 17 3 58 56 51 13 54 11 23 1 53 6 40 26 16 39 47 31 28 34 41 45 33 7 36 24 21 14 44 57 2 8 43 27 30 12 48 19 52 35 18 32 5 46 25 55 50 9 37 29 15 42 59 0
0 24 52 57 44 56 38 16 20 26 10 9 17 12 47 22 13 1 29 54 36 6 33 8 55 27 34 31 32 48 40 51 35 19 4 45 18 41 50 42 7 5 25 23 59 43 30 21 15 14 39 28 37 2 3 46 49 58 11 53 0
0 22 53 49 57 12 36 38 42 37 54 25 45 41 1 3 16 19 30 8 59 56 40 10 51 34 24 46 27 35 48 14 4 20 5 44 18 2 33 29 21 47 52 28 15 58 32 26 11 31 43 17 7 23 13 50 39 6 55 9 0
0 25 16 32 23 45 28 39 43 34 41 4 50 53 54 59 12 48 46 58 24 56 11 18 29 31 30 20 57 49 52 5 10 55 47 1 42 15 19 40 44 35 26 2 21 38 37 36 8 33 27 17 7 6 51 14 13 3 22 9 0
0 19 30 55 50 12 9 32 18 7 29 57 44 56 22 1 23 27 48 41 33 45 46 39 47 49 20 28 4 16 3 38 13 2 37 14 43 8 25 6 34 35 10 17 26 42 58 53 24 51 36 31 54 52 11 40 59 5 15 21 0
0 51 12 57 36 3 11 41 9 7 26 28 46 24 22 31 33 53 45 5 44 37 32 54 20 52 2 48 39 25 49 18 23 1 4 13 38 6 15 29 10 21 59 14 17 40 16 30 58 42 27 56 19 34 47 55 43 50 35 8 0
0 37 30 13 26 59 10 42 16 58 11 21 24 4 57 38 8 33 3 47 5 1 6 27 56 12 9 20 29 34 51 44 40 15 54 45 43 25 39 36 35 46 18 41 22 23 53 48 14 31 2 50 49 7 52 19 32 28 55 17 0
0 40 45 33 38 46 32 36 29 15 13 31 23 11 48 6 1 16 8 55 5 24 59 47 14 25 58 26 34 56 42 51 39 21 49 41 35 20 10 37 53 22 44 18 4 7 27 50 28 19 43 17 52 54 57 30 12 3 2 9 0
0 49 6 58 13 25 37 24 1 22 42 50 48 8 26 5 19 57 12 21 33 29 40 38 51 56 35 4 15 39 9 16 23 46 3 55 45 14 17 18 41 32 31 11 10 47 59 27 53 34 2 30 54 7 44 43 36 28 52 20 0
0 29 42 5 36 31 47 17 15 32 25 35 18 12 37 57 27 13 23 39 58 21 19 4 43 33 45 55 11 1 41 7 48 56 38 14 51 22 44 6 34 24 10 40 52 16 49 50 46 3 9 20 26 53 30 2 28 8 54 59 0
0 53 56 12 19 24 44 42 46 32 17 7 5 45 2 41 22 26 3 27 59 30 43 18 47 49 40 50 33 16 52 54 1 21 13 6 58 8 37 31 34 25 14 39 23 36 11 10 35 57 29 51 20 15 48 55 9 4 38 28 0
0 58 34 9 42 50 13 32 53 37 18 41 35 23 22 54 12 25 15 56 47 4 6 28 49 38 33 46 44 29 5 45 8 24 11 16 39 57 52 40 43 1 30 10 21 31 17 27 36 20 14 48 55 3 7 59 51 26 2 19 0
0 33 8 18 30 47 42 4 56 27 41 10 11 29 32 36 31 24 19 52 40 51 7 39 45 9 6 22 55 5 28 50 26 37 20 43 17 3 12 35 15 16 14 58 25 53 38 49 2 34 1 57 21 54 44 59 13 46 48 23 0
0 17 54 52 27 59 47 51 43 56 29 33 2 3 32 26 18 39 41 30 11 21 4 31 37 36 34 45 23 20 35 40 13 12 58 5 10 8 7 9 15 25 28 49 16 44 38 42 46 19 6 48 24 22 14 57 50 1 53 55 0
0 14 45 53 42 11 3 41 50 26 52 13 30 16 33 24 56 15 18 43 6 29 31 19 47 39 7 1 22 4 5 34 23 46 20 12 35 21 25 58 32 40 36 44 9 57 2 37 8 51 59 28 48 27 55 10 49 38 17 54 0
0 3 11 31 27 24 5 21 47 14 9 59 51 8 19 1 7 26 32 28 4 20 53 48 17 56 58 41 15 36 30 54 6 16 13 55 35 33 23 45 39 43 37 52 49 10 46 44 25 22 18 12 38 50 40 2 29 42 34 57 0
0 26 39 45 24 19 11 41 59 5 52 48 13 23 46 54 17 4 27 34 36 10 40 3 9 20 18 6 49 50 16 1 29 56 12 32 53 33 42 14 38 7 58 35 28 30 22 2 15 37 47 51 43 31 8 44 55 21 25 57 0
0 35 53 26 20 22 19 50 32 49 52 54 55 8 46 40 37 2 38 45 31 57 27 29 47 39 9 30 44 16 4 11 33 36 13 6 23 17 34 21 7 10 42 41 58 14 18 15 56 59 12 5 43 51 48 3 1 24 25 28 0
0 2 26 12 23 44 47 35 58 46 57 14 24 10 48 3 37 34 28 59 42 41 40 56 11 27 15 1 20 55 9 4 43 38 51 53 22 5 7 13 54 36 33 39 21 6 45 32 50 31 16 52 18 19 29 30 25 17 8 49 0
0 2 15 45 41 17 30 46 1 49 10 6 55 3 7 21 52 35 22 56 24 13 54 34 43 58 5 33 25 40 31 8 44 47 48 37 59 32 26 11 53 23 50 57 38 16 29 19 39 12 4 36 14 51 20 18 42 28 27 9 0
0 4 14 22 25 20 45 49 26 53 30 55 8 21 3 13 35 40 43 24 27 51 33 12 29 28 58 7 39 32 38 18 48 17 57 1 37 2 41 9 34 56 16 52 5 19 23 46 44 36 31 10 59 6 50 11 54 47 15 42 0
0 34 57 51 58 48 30 11 47 46 25 7 2 42 12 16 17 38 22 36 43 40 5 4 9 28 1 6 15 37 19 56 18 29 35 53 31 45 44 27 23 26 41 13 20 55 21 33 49 32 3 54 52 59 50 14 10 39 24 8 0
0 6 11 45 41 3 39 37 38 43 55 52 9 50 19 48 57 28 10 32 22 1 15 51 25 13 33 44 16 20 12 18 27 46 53 29 14 36 24 17 34 56 40 23 8 26 59 7 31 35 54 42 2 5 4 21 30 47 58 49 0
0 6 55 37 17 14 35 11 29 41 24 9 30 48 56 13 59 51 44 3 31 45 19 25 34 8 52 5 10 42 39 28 53 21 32 43 33 54 46 58 49 1 50 12 16 27 23 15 2 18 26 20 57 36 40 38 47 4 22 7 0
0 35 8 22 27 29 14 9 40 34 54 16 23 11 46 55 42 45 15 28 52 59 33 49 53 47 32 39 19 43 36 26 17 12 10 1 58 21 30 7 25 31 51 5 2 20 38 44 4 6 56 37 41 3 48 18 57 50 24 13 0
0 57 23 6 32 15 19 5 38 44 59 54 56 52 27 49 10 16 48 43 3 50 20 26 21 45 53 36 11 9 14 39 24 46 51 25 2 35 33 13 40 7 31 12 18 4 58 55 47 34 8 17 41 22 37 1 29 42 28 30 0
0 56 7 9 24 23 10 26 49 32 57 16 3 51 40 11 48 55 45 54 38 30 13 14 28 29 41 39 35 52 59 31 50 27 2 1 4 44 6 25 46 5 21 37 34 58 33 47 42 12 22 36 8 20 17 15 18 19 43 53 0
0 45 58 5 2 23 51 35 49 44 4 7 14 16 50 8 47 26 24 20 54 13 38 32 31 34 46 48 27 55 41 9 57 33 22 52 29 56 40 53 3 18 36 12 59 17 11 25 15 1 28 30 39 37 21 6 43 19 42 10 0
0 19 52 23 11 36 32 38 48 35 14 50 2 26 1 29 8 10 5 4 25 20 33 24 30 16 39 42 43 37 59 31 3 40 47 34 45 22 7 28 44 27 46 17 55 13 15 18 12 49 58 41 56 53 6 51 54 9 57 21 0
0 41 13 36 33 34 1 19 30 59 54 25 20 27 22 38 56 49 31 7 43 39 44 35 42 10 26 15 58 50 45 9 2 16 46 23 52 24 5 12 21 32 6 29 53 51 18 11 48 47 28 55 8 17 40 37 57 14 3 4 0
0 48 7 45 10 57 47 23 16 35 5 42 8 1 2 53 9 59 6 15 3 43 29 54 18 31 46 38 22 41 20 25 56 27 12 33 21 34 4 40 37 32 24 13 39 26 14 55 17 30 58 19 52 28 44 50 36 51 49 11 0
0 4 21 14 23 51 55 24 5 12 16 28 52 3 34 33 10 11 39 38 50 25 13 8 31 53 45 43 44 9 40 49 2 18 37 15 7 29 32 42 30 36 58 17 59 35 41 6 1 22 47 57 26 54 48 46 20 19 56 27 0
0 26 16 28 22 25 43 4 58 44 13 59 48 45 14 3 40 49 42 41 11 38 31 27 20 19 21 37 15 47 56 34 53 6 24 55 54 5 51 35 57 33 23 9 46 30 50 10 17 2 29 18 7 36 39 32 8 1 12 52 0
0 28 53 22 1 8 4 3 5 38 43 35 31 58 11 51 36 33 15 26 17 14 32 42 6 27 21 44 49 37 19 7 30 24 41 57 13 52 18 20 23 34 10 16 50 40 12 56 46 59 45 54 9 2 39 48 47 55 25 29 0
0 50 27 9 11 42 53 23 16 7 30 48 19 47 35 31 12 2 18 37 14 32 15 3 44 40 55 21 45 13 22 39 8 54 10 20 43 4 59 26 46 36 6 25 1 52 17 33 34 56 28 41 38 5 57 29 49 24 51 58 0
0 33 8 28 19 39 51 22 55 44 47 6 5 12 7 1 24 21 18 53 57 3 25 40 13 11 43 42 37 41 2 56 26 4 48 23 10 34 9 52 32 46 30 49 29 35 38 36 50 15 45 31 16 27 14 17 58 54 20 59 0
0 8 21 34 16 23 13 52 25 48 33 28 59 55 36 44 58 47 22 43 29 40 32 5 24 11 46 10 51 31 38 35 17 57 56 1 14 37 49 4 7 15 19 41 2 6 42 30 50 12 20 27 53 39 26 18 9 54 45 3 0
0 2 11 41 32 26 42 49 31 15 7 40 28 38 53 21 56 23 14 27 5 34 47 37 43 22 46 8 30 57 13 1 25 55 33 45 20 3 51 50 39 24 52 6 29 16 36 48 9 4 59 12 17 18 35 19 10 58 44 54 0
0 46 51 50 19 59 9 33 37 5 45 42 27 44 1 43 16 22 39 40 28 24 13 11 20 57 55 34 58 41 52 31 15 10 17 25 8 53 12 29 6 4 30 32 3 48 49 56 47 7 23 21 35 26 14 2 36 18 38 54 0
0 21 18 34 35 24 47 42 11 20 2 33 23 50 4 49 28 39 48 38 46 16 53 36 12 31 8 5 3 56 57 54 13 44 1 52 30 7 55 15 9 25 59 43 32 41 19 45 29 26 27 14 17 37 6 10 51 40 58 22 0
0 4 20 25 11 8 41 7 47 26 12 1 45 18 58 22 17 34 40 37 46 33 43 5 56 55 9 52 57 53 10 31 14 59 51 21 36 27 19 24 13 48 50 38 15 42 35 16 2 54 32 28 23 39 30 49 29 6 3 44 0
0 48 2 26 31 34 33 38 58 56 18 41 35 44 12 46 25 30 28 49 22 5 37 55 39 47 13 6 10 52 36 59 53 21 57 20 14 3 16 15 54 11 19 17 27 50 29 4 7 9 42 45 40 43 1 8 51 32 23 24 0
0 54 38 9 52 7 37 49 45 20 59 39 5 33 12 26 11 44 8 2 55 32 50 46 42 56 51 57 19 22 15 36 40 27 13 10 1 4 47 48 29 43 34 21 53 41 17 30 58 14 3 18 24 6 28 25 16 31 35 23 0
0 24 9 34 33 56 47 57 15 26 23 8 46 16 18 6 22 14 11 52 38 31 29 13 36 7 48 35 51 2 4 43 30 28 5 27 58 41 45 44 39 53 3 37 55 32 10 25 19 49 17 1 20 50 59 40 54 12 42 21 0
0 23 35 22 17 32 19 28 16 8 53 9 10 18 37 13 5 44 47 50 33 40 2 48 38 36 58 45 43 39 11 59 31 26 54 27 1 15 24 49 46 52 25 6 34 21 7 3 20 56 12 57 14 4 51 55 41 42 30 29 0
0 40 15 53 33 22 11 30 8 34 54 1 28 37 12 26 20 25 18 55 51 32 27 52 5 36 23 6 45 3 38 50 16 21 46 17 59 19 58 48 47 13 39 10 4 35 29 24 56 49 2 14 31 41 43 57 7 42 44 9 0
0 41 38 13 46 29 17 24 11 34 18 5 42 36 55 21 49 12 9 15 47 23 22 16 7 6 10 27 53 51 54 25 45 37 48 52 20 32 59 14 39 35 31 3 58 33 40 8 57 43 50 4 30 56 28 1 19 2 26 44 0
0 47 33 59 52 45 37 24 55 38 2 26 9 27 42 4 29 56 21 18 15 34 48 50 43 13 17 35 11 39 58 23 25 57 12 32 28 3 36 1 53 19 46 44 41 30 16 49 6 40 51 20 14 54 8 7 5 22 31 10 0
0 5 23 12 4 48 57 55 53 24 26 30 45 49 43 7 21 42 22 33 32 37 18 13 50 38 52 8 17 15 2 41 39 47 40 51 59 54 11 46 44 20 31 10 16 6 36 34 19 56 35 29 14 27 25 28 3 1 9 58 0
0 52 23 49 28 53 5 29 27 38 7 11 36 50 16 54 3 33 4 10 15 9 21 42 57 8 51 17 19 24 37 32 22 59 43 31 30 40 12 25 18 26 41 48 47 44 2 13 56 1 58 34 55 20 45 39 35 6 14 46 0
0 16 45 34 51 38 9 4 35 24 10 23 58 18 6 15 39 32 1 29 46 37 49 13 53 52 50 47 19 31 22 8 2 41 48 27 57 12 59 3 43 44 5 11 14 26 33 28 55 36 17 20 56 21 40 42 54 30 7 25 0
0 43 56 22 39 57 54 12 26 24 5 53 9 59 15 30 41 11 21 31 49 48 14 23 20 32 4 6 2 17 45 51 10 29 46 34 1 18 36 8 38 37 33 42 13 27 19 35 3 7 16 52 28 50 58 40 44 47 25 55 0
0 39 7 47 50 53 1 4 45 32 49 56 11 3 54 18 34 9 37 29 59 8 12 31 41 2 58 24 55 57 28 22 43 13 30 27 23 20 36 33 48 42 35 25 5 6 16 40 17 46 38 52 15 26 51 44 19 21 10 14 0
0 47 13 5 58 53 50 38 3 1 33 55 20 27 11 7 24 29 45 16 31 22 42 35 30 49 44 9 52 54 37 2 56 12 43 10 6 19 4 17 41 34 26 14 21 39 48 8 25 28 23 40 36 51 15 59 57 46 18 32 0
0 19 5 33 54 1 44 15 43 10 2 58 11 45 18 51 25 37 9 36 32 56 29 3 52 14 50 34 17 53 24 16 48 6 27 38 26 47 13 12 59 49 23 39 35 55 41 8 30 40 22 4 57 28 31 20 46 7 21 42 0
0 12 46 28 14 23 47 33 19 9 41 5 31 56 24 7 16 53 1 32 43 22 13 15 42 18 44 39 17 49 29 2 45 10 58 30 55 54 34 40 20 21 36 35 3 27 38 37 6 59 51 11 57 8 48 4 50 52 26 25 0
0 30 41 1 38 24 37 52 9 5 44 14 20 23 31 32 10 42 39 13 28 51 7 58 54 36 2 25 8 35 22 27 53 17 46 19 3 33 16 4 56 47 49 48 15 18 59 29 50 26 34 12 21 45 6 57 55 11 43 40 0
0 24 54 23 38 18 1 21 48 25 41 43 29 49 32 22 57 27 16 10 53 9 50 39 7 11 15 3 5 58 46 42 13 56 40 20 12 8 55 14 35 59 17 26 4 52 45 31 47 2 33 44 6 19 28 36 37 51 34 30 0
0 56 20 5 10 53 43 8 21 58 49 47 32 34 59 30 6 27 52 35 50 45 13 3 15 57 4 23 19 51 12 29 25 37 26 14 22 44 17 11 39 9 16 46 33 31 42 7 28 48 38 18 1 41 54 40 24 2 55 36 0
0 33 16 32 26 4 29 7 6 27 52 5 8 40 50 38 30 37 42 36 22 12 10 57 18 44 58 21 2 45 48 59 47 28 14 15 24 49 13 34 43 35 11 19 17 55 20 41 51 3 1 54 39 9 56 31 25 23 46 53 0
0 21 12 22 54 39 13 34 32 48 33 20 9 51 56 40 26 38 52 47 27 17 41 23 11 37 6 5 10 35 8 28 36 58 53 16 31 49 44 7 29 4 46 19 2 14 59 43 55 50 15 45 30 18 24 57 42 3 1 25 0
0 7 32 53 33 3 47 18 13 46 59 38 36 42 19 57 26 2 16 40 41 17 54 11 8 4 29 6 43 9 48 14 58 12 52 37 28 24 44 34 25 23 56 21 35 45 51 55 27 31 30 39 49 50 15 10 20 22 5 1 0
0 29 31 49 41 40 56 24 13 58 50 43 36 21 18 10 39 46 27 7 51 42 53 8 2 19 25 1 59 52 57 15 26 6 33 20 35 5 4 11 44 9 14 37 23 12 34 28 3 16 55 38 30 54 48 22 32 45 17 47 0
0 47 49 12 24 8 48 20 9 43 19 52 57 54 50 29 23 11 15 56 21 39 55 5 6 17 38 16 53 13 18 32 46 59 3 1 2 30 45 22 33 35 44 7 31 4 25 28 10 58 40 27 41 34 36 51 14 37 42 26 0
0 32 56 15 55 59 28 41 6 54 21 3 37 47 39 17 52 49 8 20 48 29 16 5 31 7 34 10 45 53 44 1 36 14 13 30 57 23 2 50 33 18 35 12 27 58 4 25 24 42 43 51 26 46 22 11 19 38 40 9 0
0 19 47 18 56 29 45 33 30 13 43 50 27 1 48 49 8 44 34 35 22 9 4 20 7 21 59 54 11 58 3 23 2 28 40 5 38 46 51 10 57 37 31 6 52 39 25 12 15 36 32 26 42 55 16 24 41 53 17 14 0
0 46 57 18 45 25 8 47 4 30 48 39 11 53 13 6 26 49 32 36 14 24 37 51 40 7 9 35 20 42 27 29 50 56 15 19 31 16 58 28 34 54 2 12 52 55 3 22 43 21 10 38 23 5 1 59 17 41 44 33 0
0 26 6 39 31 21 37 10 42 27 50 20 2 47 56 44 25 23 1 51 13 9 45 3 16 35 53 43 41 49 57 7 46 54 8 22 24 52 38 32 11 18 19 36 34 30 14 33 4 48 29 40 59 15 5 58 17 12 55 28 0
0 8 31 56 12 59 51 2 24 33 40 5 15 58 34 39 54 42 55 16 48 7 37 11 41 9 4 46 17 45 6 36 26 52 18 21 10 57 30 23 27 13 38 19 22 53 47 28 32 3 35 44 20 50 14 1 49 29 25 43 0
