# n n_solutions
60 1000
# n x n distance matrix
0 6860 5197 4808 3106 9183 6888 4810 5594 4509 6010 10536 6403 6260 6860 6791 8005 9128 6767 5531 8005 608 8697 632 4900 8827 6406 4000 10290 8561 9141 6835 7376 9068 6229 6120 6363 7316 5590 7783 5903 2901 7844 8994 5807 7824 7657 3733 5035 8980 6826 3883 7615 6107 300 1811 7217 3087 1360 5300
6860 0 7082 7382 5714 2408 8154 2600 8354 4049 1878 4215 1029 761 2690 2024 7660 3214 2118 2353 7184 6663 6866 6753 3640 7424 608 3512 5000 6122 6981 2941 1920 2657 1500 6907 3360 8095 3716 4967 3300 4686 5380 4681 6612 2785 1503 4565 6670 8920 3036 2996 4545 6173 6711 5263 8049 4652 6030 3452
5197 7082 0 640 2332 8502 1708 4588 1300 7707 5261 8805 6100 6989 5115 8367 2983 7375 8409 7494 3178 4589 4188 4570 7798 4071 6475 3894 7602 4454 4687 8954 8672 7851 7564 1118 4219 2121 3501 4304 8462 6500 4080 5994 989 5984 6800 7310 412 3805 9004 5103 4428 1640 4903 5643 2022 3252 5961 8043
4808 7382 640 0 2193 8927 2109 4827 1029 7669 5608 9330 6428 7227 5573 8543 3573 7884 8579 7602 3801 4205 4825 4176 7800 4695 6774 4049 8187 5092 5325 9080 8888 8318 7749 1749 4687 2601 3920 4909 8523 6370 4701 6586 1627 6476 7211 7212 894 4303 9123 5188 5011 2267 4521 5440 2501 3244 5682 8069
3106 5714 2332 2193 0 7624 4024 3125 3201 5481 4176 8472 4883 5408 4579 6573 4925 6997 6596 5536 4901 2517 5608 2531 5630 5721 5124 2202 7779 5536 6063 7022 6987 7209 5805 3080 3841 4365 2983 4887 6395 4186 4875 6312 2745 5575 5913 5020 2061 5966 7057 3132 4801 3001 2807 3312 4272 1140 3668 5916
9183 2408 8502 8927 7624 0 9207 4569 9802 6352 3448 2100 2817 3140 3405 3807 8254 1910 3905 4606 7689 8935 7023 9021 5903 7647 2780 5515 3623 6177 6964 4652 3324 989 3667 8039 4304 9002 5008 5200 5345 7093 5646 4123 7815 2720 1726 6933 8105 9415 4751 5300 4810 7244 9013 7648 8982 6685 8421 5646
6888 8154 1708 2109 4024 9207 0 5852 1746 9284 6276 9126 7130 8187 5824 9656 1838 7800 9709 8902 2302 6281 3466 6258 9334 3114 7564 5315 7615 4031 3940 10322 9887 8429 8850 1252 4947 583 4438 4341 9924 8154 3981 6020 1581 6527 7592 8940 1972 2236 10381 6579 4609 1992 6596 7335 500 4860 7669 9548
4810 2600 4588 4827 3125 4569 5852 0 5824 3984 1204 5731 1772 2404 2154 3807 5762 4318 3858 3114 5408 4468 5478 4545 3848 5903 2002 948 5590 4947 5756 4482 4085 4301 3001 4604 2002 5903 1700 3847 4201 3622 4123 4512 4272 3052 2915 4019 4178 7029 4545 1303 3512 3969 4596 3624 5841 2118 4382 3944
5594 8354 1300 1029 3201 9802 1746 5824 0 8682 6549 10066 7382 8228 6412 9563 3522 8649 9600 8631 3894 5008 5020 4965 8823 4763 7746 5069 8784 5440 5515 10107 9897 9144 8766 2059 5514 2325 4801 5462 9552 7353 5188 7169 2118 7269 8100 8207 1702 3956 10151 6217 5629 2785 5322 6389 2236 4272 6573 9097
4509 4049 7707 7669 5481 6352 9284 3984 8682 0 4609 8263 4328 3289 5813 2831 9588 7203 2765 1749 9301 4686 9457 4784 500 9861 3981 4081 8895 8928 9740 2507 3471 6706 2692 8121 5943 9481 5664 7810 1486 1612 8104 8202 7762 6412 5457 824 7355 10822 2469 2817 7452 7655 4539 2745 9401 4455 3201 894
6010 1878 5261 5608 4176 3448 6276 1204 6549 4609 0 4527 854 2051 1204 3612 5825 3124 3687 3324 5375 5672 5186 5748 4356 5700 1303 2109 4494 4517 5371 4440 3701 3106 2860 5032 1562 6217 1838 3354 4438 4588 3721 3601 4743 1931 1746 4825 4850 7093 4522 2325 2954 4295 5800 4750 6171 3264 5522 4341
10536 4215 8805 9330 8472 2100 9126 5731 10066 8263 4527 0 4220 4976 3894 5869 7823 1476 5968 6545 7224 10198 6315 10272 7843 6942 4390 6606 2024 5474 6113 6736 5414 1565 5632 8104 4701 8802 5546 4801 7375 8798 5200 3238 7962 2906 2941 8766 8448 8828 6835 6747 4517 7316 10327 9183 8805 7720 9963 7624
6403 1029 6100 6428 4883 2817 7130 1772 7382 4328 854 4220 0 1341 1749 2884 6640 2954 2968 2828 6171 6129 5903 6212 4001 6444 500 2720 4570 5186 6046 3758 2900 2690 2193 5886 2343 7066 2692 4022 3905 4606 4420 3962 5597 2102 1280 4684 5688 7902 3846 2545 3605 5147 6220 4967 7021 3889 5748 3911
6260 761 6989 7227 5408 3140 8187 2404 8228 3289 2051 4976 1341 0 3088 1562 7864 3945 1640 1612 7424 6109 7220 6203 2886 7746 854 3224 5703 6519 7377 2418 1700 3417 854 6935 3612 8183 3801 5353 2617 3962 5742 5263 6618 3373 2209 3807 6578 9135 2505 2473 4939 6243 6132 4604 8129 4300 5360 2716
6860 2690 5115 5573 4579 3405 5824 2154 6412 5813 1204 3894 1749 3088 0 4632 5060 2418 4716 4492 4548 6453 4176 6519 5557 4738 2247 2860 3448 3440 4300 5506 4609 2745 3935 4638 900 5661 1676 2280 5597 5727 2690 2408 4410 1000 1772 6013 4726 6296 5593 3420 1860 3847 6621 5777 5632 3889 6530 5531
6791 2024 8367 8543 6573 3807 9656 3807 9563 2831 3612 5869 2884 1562 4632 0 9411 5115 100 1264 8980 6774 8780 6873 2334 9308 2385 4494 6946 8070 8930 921 640 4404 806 8405 5173 9683 5326 6906 1565 4071 7300 6705 8077 4809 3492 3580 7962 10683 1019 3452 6489 7742 6726 5000 9626 5434 5664 1984
8005 7660 2983 3573 4925 8254 1838 5762 3522 9588 5825 7823 6640 7864 5060 9411 0 6628 9479 8872 600 7402 1708 7400 9541 1280 7121 5507 6120 2418 2147 10183 9526 7376 8627 1910 4301 1280 4103 3080 9963 8709 2647 4601 2200 5536 6797 9394 3014 1272 10255 6774 3448 1992 7705 8077 1345 5440 8551 9683
9128 3214 7375 7884 6997 1910 7800 4318 8649 7203 3124 1476 2954 3945 2418 5115 6628 0 5215 5557 6041 8769 5255 8841 6824 5887 3228 5166 1843 4401 5142 6029 4785 921 4709 6726 3231 7516 4071 3551 6506 7558 3981 2247 6562 1431 1746 7621 7009 7720 6129 5408 3214 5930 8910 7849 7510 6262 8626 6661
6767 2118 8409 8579 6596 3905 9709 3858 9600 2765 3687 5968 2968 1640 4716 100 9479 5215 0 1236 9052 6760 8860 6859 2267 9386 2469 4531 7045 8154 9013 824 707 4504 860 8459 5249 9741 5390 6989 1476 4031 7381 6799 8130 4903 3590 3522 8005 10751 921 3471 6573 7800 6708 4972 9683 5457 5630 1910
5531 2353 7494 7602 5536 4606 8902 3114 8631 1749 3324 6545 2828 1612 4492 1264 8872 5557 1236 0 8500 5532 8459 5632 1300 8935 2402 3605 7310 7829 8676 1486 1878 5000 943 7669 4830 8993 4780 6670 1118 2817 7021 6789 7324 4925 3820 2404 7102 10141 1523 2416 6276 7072 5474 3736 8927 4401 4401 1104
8005 7184 3178 3801 4901 7689 2302 5408 3894 9301 5375 7224 6171 7424 4548 8980 600 6041 9052 8500 0 7410 1166 7416 9228 894 6659 5239 5522 1824 1640 9774 9068 6800 8207 2061 3828 1788 3720 2500 9602 8507 2061 4001 2280 4976 6264 9154 3132 1749 9849 6484 2879 1900 7705 7942 1835 5295 8459 9349
608 6663 4589 4205 2517 8935 6281 4468 5008 4686 5672 10198 6129 6109 6453 6774 7402 8769 6760 5532 7410 0 8121 100 5035 8238 6177 3606 9860 8008 8570 6900 7334 8761 6161 5514 5907 6708 5110 7261 6013 3080 7305 8523 5203 7433 7360 3956 4428 8372 6900 3667 7111 5514 316 1941 6609 2607 1720 5423
8697 6867 4188 4825 5608 7023 3466 5478 5020 9457 5186 6315 5903 7220 4176 8780 1708 5255 8860 8459 1166 8121 0 8139 9323 632 6403 5510 4501 854 500 9625 8786 6083 8044 3080 3635 2952 3794 1910 9577 8845 1486 3080 3224 4382 5762 9411 4070 2517 9708 6676 2334 2692 8401 8414 3001 5800 9000 9394
632 6753 4570 4176 2531 9021 6258 4545 4965 4784 5748 10272 6212 6203 6519 6873 7400 8841 6859 5632 7416 100 8139 0 5135 8249 6264 3676 9920 8036 8590 7000 7433 8840 6258 5508 5963 6691 5162 7300 6113 3178 7338 8575 5200 7500 7440 4052 4418 8360 7000 3757 7155 5522 360 2039 6592 2662 1802 5522
4900 3640 7798 7800 5630 5903 9334 3848 8823 500 4356 7843 4001 2886 5557 2334 9541 6824 2267 1300 9228 5035 9323 5135 0 9750 3622 4060 8547 8759 9585 2024 2973 6293 2236 8146 5756 9501 5546 7624 1019 2002 7937 7922 7789 6100 5080 1300 7433 10789 1992 2780 7253 7640 4908 3106 9426 4560 3622 412
8827 7424 4071 4695 5721 7647 3114 5903 4763 9861 5700 6942 6444 7746 4738 9308 1280 5887 9386 8935 894 8238 632 8249 9750 0 6942 5852 5108 1486 921 10140 9338 6711 8560 2954 4140 2560 4204 2500 10049 9167 2061 3710 3162 4992 6360 9771 4016 1902 10220 7057 2920 2729 8528 8670 2624 6029 9219 9841
6406 608 6475 6774 5124 2780 7564 2002 7746 3981 1303 4390 500 854 2247 2385 7121 3228 2469 2402 6659 6177 6403 6264 3622 6942 0 2927 4925 5685 6545 3264 2408 2830 1708 6315 2831 7517 3130 4522 3452 4410 4920 4414 6016 2531 1486 4401 6063 8386 3354 2523 4104 5589 6243 4879 7470 4079 5656 3500
4000 3512 3894 4049 2202 5515 5315 948 5069 4081 2109 6606 2720 3224 2860 4494 5507 5166 4531 3605 5239 3606 5510 3676 4060 5852 2927 0 6296 5108 5854 5060 4850 5215 3700 4101 2435 5448 1802 4110 4609 3337 4301 5069 3748 3828 3847 3921 3498 6741 5110 1280 3847 3580 3764 3059 5375 1170 3764 4244
10290 5000 7602 8187 7779 3623 7615 5590 8784 8895 4494 2024 4570 5703 3448 6946 6120 1843 7045 7310 5522 9860 4501 9920 8547 5108 4925 6296 0 3705 4229 7863 6628 2692 6500 6741 3969 7218 4810 3323 8300 9075 3640 1615 6670 2563 3500 9241 7294 7010 7963 6815 3176 6000 10043 9213 7236 7262 9972 8414
8561 6122 4454 5092 5536 6177 4031 4947 5440 8928 4517 5474 5186 6519 3440 8070 2418 4401 8154 7829 1824 8008 854 8036 8759 1486 5685 5108 3705 0 860 8935 8042 5232 7357 3405 3008 3573 3324 1166 8947 8438 824 2236 3465 3560 4957 8943 4263 3354 9020 6198 1581 2842 8271 8105 3605 5557 8736 8801
9141 6981 4687 5325 6063 6964 3940 5756 5515 9740 5371 6113 6046 7377 4300 8930 2147 5142 9013 8676 1640 8570 500 8590 9585 921 6545 5854 4229 860 0 9793 8901 6003 8215 3580 3848 3413 4100 2024 9794 9191 1655 2915 3721 4393 5800 9729 4565 2801 9878 6985 2441 3178 8845 8802 3466 6207 9404 9638
6835 2941 8954 9080 7022 4652 10322 4482 10107 2507 4440 6736 3758 2418 5506 921 10183 6029 824 1486 9774 6900 9625 7000 2024 10140 3264 5060 7863 8935 9793 0 1334 5300 1581 9080 6000 10385 6081 7769 1029 3981 8154 7621 8741 5724 4413 3323 8558 11455 100 3900 7357 8450 6811 5024 10323 5887 5608 1615
7376 1920 8672 8888 6987 3324 9887 4085 9897 3471 3701 5414 2900 1700 4609 640 9526 4785 707 1878 9067 7334 8785 7433 2973 9338 2408 4850 6628 8042 8901 1334 0 4011 1200 8635 5239 9879 5491 6887 2163 4695 7299 6530 8318 4652 3269 4220 8263 10793 1431 3905 6465 7940 7300 5597 9826 5854 6276 2617
9068 2657 7851 8318 7209 989 8429 4301 9144 6706 3106 1565 2690 3417 2745 4404 7376 921 4504 5000 6800 8761 6083 8840 6293 6711 2830 5215 2692 5232 6003 5300 4011 0 4100 7300 3634 8188 4414 4301 5869 7240 4743 3140 7102 1902 1414 7201 7466 8509 5400 5234 3929 6500 8872 7657 8174 6363 8438 6087
6229 1500 7564 7749 5805 3667 8850 3001 8766 2692 2860 5632 2193 854 3935 806 8627 4709 860 943 8207 6161 8044 6258 2236 8560 1708 3700 6500 7357 8215 1581 1200 4100 0 7600 4420 8881 4534 6191 1800 3661 6573 6113 7271 4220 3001 3330 7158 9899 1664 2707 5780 6940 6140 4477 8823 4669 5188 1992
6120 6907 1118 1749 3080 8039 1252 4604 2059 8121 5032 8104 5886 6935 4638 8405 1910 6726 8459 7669 2061 5514 3080 5508 8146 2954 6315 4101 6740 3405 3580 9080 8635 7300 7600 0 3748 1360 3195 3417 8704 7070 3130 5125 360 5400 6395 7822 1104 2886 9140 5375 3613 800 5821 6332 1280 3758 6744 8344
6363 3360 4219 4687 3841 4304 4947 2002 5514 5943 1562 4701 2343 3612 900 5173 4301 3231 5249 4830 3828 5907 3635 5963 5756 4140 2831 2435 3969 3008 3848 6000 5239 3634 4420 3748 0 4810 860 1868 5948 5608 2193 2640 3512 1802 2647 6020 3832 5560 6080 3300 1513 2961 6105 5481 4775 3301 6198 5793
7316 8095 2121 2601 4365 9002 583 5903 2325 9481 6217 8802 7066 8183 5661 9683 1280 7516 9741 8993 1788 6708 2952 6691 9501 2560 7517 5448 7218 3573 3413 10385 9879 8188 8881 1360 4810 0 4390 4001 10041 8421 3612 5643 1720 6296 7433 9180 2308 1702 10448 6726 4304 1941 7021 7655 100 5110 8032 9692
5590 3716 3501 3920 2983 5008 4438 1700 4801 5664 1838 5546 2692 3801 1676 5326 4103 4071 5390 4780 3720 5110 3794 5162 5546 4204 3130 1802 4810 3324 4100 6081 5491 4414 4534 3195 860 4390 0 2308 5882 5115 2507 3413 2912 2640 3300 5629 3100 5375 6152 2886 2061 2459 5322 4850 4341 2505 5531 5643
7783 4967 4304 4909 4887 5200 4341 3847 5462 7810 3354 4801 4022 5353 2280 6906 3080 3551 6989 6670 2500 7261 1910 7300 7624 2500 4522 4110 3323 1166 2024 7769 6887 4301 6191 3417 1868 4001 2308 0 7787 7402 447 1708 3353 2505 3860 7863 4022 4215 7854 5124 424 2683 7502 7156 4004 4712 7826 7655
5903 3300 8462 8523 6395 5345 9924 4201 9552 1486 4438 7375 3905 2617 5597 1565 9963 6506 1476 1118 9602 6013 9577 6113 1019 10049 3452 4609 8300 8947 9794 1029 2163 5869 1800 8704 5948 10041 5882 7787 0 3014 8139 7864 8354 5983 4801 2308 8080 11229 984 3360 7392 8134 5900 4100 9972 5283 4638 608
2901 4686 6500 6370 4186 7093 8154 3622 7353 1612 4588 8798 4606 3962 5727 4071 8709 7558 4031 2817 8507 3080 8845 3178 2002 9167 4410 3337 9075 8438 9191 3981 4695 7240 3661 7070 5608 8421 5115 7402 3014 0 7622 8121 6711 6514 5866 894 6185 9889 3962 2319 7100 6723 2927 1140 8335 3312 1627 2408
7844 5380 4080 4701 4875 5646 3981 4123 5188 8104 3721 5200 4420 5742 2690 7300 2647 3981 7381 7021 2061 7305 1486 7338 7937 2061 4920 4301 3640 824 1655 8154 7299 4743 6573 3130 2193 3612 2507 447 8139 7622 0 2039 3106 2952 4300 8120 3828 3769 8237 5375 860 2441 7558 7317 3622 4805 7963 7984
8994 4681 5994 6586 6312 4123 6020 4512 7169 8202 3601 3238 3962 5263 2408 6705 4601 2247 6799 6789 4001 8523 3080 8575 7922 3710 4414 5069 1615 2236 2915 7621 6530 3140 6113 5125 2640 5643 3413 1708 7864 8121 2039 0 5056 1897 3264 8421 5693 5590 7715 5805 1581 4386 8732 8095 5656 5916 8825 7863
5807 6612 989 1627 2745 7815 1581 4272 2118 7762 4743 7962 5597 6618 4410 8077 2200 6562 8130 7324 2280 5203 3224 5200 7789 3162 6016 3748 6670 3465 3721 8741 8318 7102 7271 360 3512 1720 2912 3353 8354 6711 3106 5056 0 5208 6152 7462 854 3228 8800 5020 3511 670 5508 5980 1640 3400 6403 7989
7824 2785 5984 6476 5575 2720 6527 3052 7269 6412 1931 2906 2102 3373 1000 4809 5536 1431 4903 4925 4976 7433 4382 7500 6100 4992 2531 3828 2563 3560 4393 5724 4652 1902 4220 5400 1802 6296 2640 2505 5983 6514 2952 1897 5208 0 1421 6708 5608 6711 5818 4254 2102 4600 7592 6664 6280 4883 7430 6013
7657 1503 6800 7211 5913 1726 7592 2915 8100 5457 1746 2941 1280 2209 1772 3492 6797 1746 3590 3820 6264 7360 5762 7440 5080 6360 1486 3847 3500 4957 5800 4413 3269 1414 3001 6395 2647 7433 3300 3860 4801 5866 4300 3264 6152 1421 0 5887 6400 8013 4511 3820 3440 5608 7465 6247 7404 5008 7028 4924
3733 4565 7310 7212 5020 6933 8940 4019 8207 824 4825 8766 4684 3807 6013 3580 9394 7621 3522 2404 9154 3956 9411 4052 1300 9771 4401 3921 9241 8943 9729 3323 4220 7201 3330 7822 6020 9180 5629 7863 2308 894 8120 8421 7462 6708 5887 0 6981 10600 3289 2745 7531 7424 3785 2024 9097 4080 2402 1708
5035 6670 412 894 2061 8105 1972 4178 1702 7355 4850 8448 5688 6578 4726 7962 3014 7009 8005 7102 3132 4428 4070 4418 7433 4016 6063 3498 7294 4263 4565 8558 8263 7466 7158 1104 3832 2308 3100 4022 8080 6185 3828 5693 854 5608 6400 6981 0 3945 8608 4720 4118 1421 4738 5366 2213 2906 5724 7669
8980 8920 3805 4303 5966 9415 2236 7029 3956 10822 7093 8828 7902 9135 6296 10683 1272 7720 10751 10141 1749 8372 2517 8360 10789 1902 8386 6741 7010 3354 2801 11455 10793 8509 9899 2886 5560 1702 5375 4215 11229 9889 3769 5590 3228 6711 8013 10600 3945 0 11527 8015 4609 3176 8683 9202 1802 6592 9630 10940
6826 3036 9004 9123 7057 4751 10381 4545 10151 2469 4522 6835 3846 2505 5593 1019 10255 6129 921 1523 9849 6900 9708 7000 1992 10220 3354 5110 7963 9020 9878 100 1431 5400 1664 9140 6080 10448 6152 7854 984 3962 8237 7715 8800 5818 4511 3289 8608 11527 0 3939 7443 8514 6806 5015 10385 5923 5589 1581
3883 2996 5103 5188 3132 5300 6579 1303 6217 2817 2325 6747 2545 2473 3420 3452 6774 5408 3471 2416 6484 3667 6676 3757 2780 7057 2523 1280 6815 6198 6985 3900 3905 5234 2707 5375 3300 6726 2886 5124 3360 2319 5375 5805 5020 4254 3820 2745 4720 8015 3939 0 4804 4860 3721 2441 6652 1992 3220 2969
7615 4545 4428 5011 4801 4810 4609 3512 5629 7452 2954 4517 3605 4939 1860 6489 3448 3214 6573 6276 2879 7111 2334 7155 7253 2920 4104 3847 3176 1581 2441 7357 6465 3929 5780 3613 1513 4304 2061 424 7392 7100 860 1581 3511 2102 3440 7531 4118 4609 7443 4804 0 2846 7340 6905 4301 4531 7592 7273
6107 6173 1640 2267 3001 7244 1992 3969 2785 7655 4295 7316 5147 6243 3847 7742 1992 5930 7800 7072 1900 5514 2692 5522 7640 2729 5589 3580 6000 2842 3178 8450 7940 6500 6940 800 2961 1941 2459 2683 8134 6723 2441 4386 670 4600 5608 7424 1421 3176 8514 4860 2846 0 5807 6087 1886 3448 6576 7810
300 6711 4903 4521 2807 9013 6596 4596 5322 4539 5800 10327 6220 6132 6621 6726 7705 8910 6708 5474 7705 316 8401 360 4908 8528 6243 3764 10043 8271 8845 6811 7300 8872 6140 5821 6105 7021 5322 7502 5900 2927 7558 8732 5508 7592 7465 3785 4738 8683 6806 3721 7340 5807 0 1802 6923 2817 1476 5303
1811 5263 5643 5440 3312 7648 7335 3624 6389 2745 4750 9183 4967 4604 5777 5000 8077 7849 4972 3736 7942 1941 8414 2039 3106 8670 4879 3059 9213 8105 8802 5024 5597 7657 4477 6332 5481 7655 4850 7156 4100 1140 7317 8095 5980 6664 6247 2024 5366 9202 5015 2441 6905 6087 1802 0 7564 2647 781 3501
7217 8049 2022 2501 4272 8982 500 5841 2236 9401 6171 8805 7021 8129 5632 9626 1345 7510 9683 8927 1835 6609 3001 6592 9426 2624 7470 5375 7236 3605 3466 10323 9826 8174 8823 1280 4775 100 4341 4004 9972 8335 3622 5656 1640 6280 7404 9097 2213 1802 10385 6652 4301 1886 6923 7564 0 5024 7937 9619
3087 4652 3252 3244 1140 6685 4860 2118 4272 4455 3264 7720 3889 4300 3889 5434 5440 6262 5457 4401 5295 2607 5800 2662 4560 6029 4079 1170 7262 5557 6207 5887 5854 6363 4669 3758 3301 5110 2505 4712 5283 3312 4805 5916 3400 4883 5008 4080 2906 6592 5923 1992 4531 3448 2817 2647 5024 0 3200 4825
1360 6030 5961 5682 3668 8421 7669 4382 6573 3201 5522 9963 5748 5360 6530 5664 8551 8626 5630 4401 8459 1720 9000 1802 3622 9219 5656 3764 9972 8736 9404 5608 6276 8438 5188 6744 6198 8032 5531 7826 4638 1627 7963 8825 6403 7430 7028 2402 5724 9630 5589 3220 7592 6576 1476 781 7937 3200 0 4031
5300 3452 8043 8069 5916 5646 9548 3944 9097 894 4341 7624 3911 2716 5531 1984 9683 6661 1910 1104 9349 5423 9394 5522 412 9841 3500 4244 8414 8801 9638 1615 2617 6087 1992 8344 5793 9692 5643 7655 608 2408 7984 7863 7989 6013 4924 1708 7669 10940 1581 2969 7273 7810 5303 3501 9619 4825 4031 0
# set of given starting solutions
0 58 19 18 11 3 46 5 6 45 14 1 57 40 17 36 15 59 53 13 54 7 25 49 21 9 50 2 10 12 26 47 23 16 52 41 56 30 39 20 27 29 43 34 48 32 37 24 28 55 42 38 22 4 35 31 33 8 44 51 0
0 46 57 16 7 58 51 59 40 27 24 55 44 14 29 17 19 18 54 32 23 48 47 50 30 5 45 3 35 31 36 11 6 38 49 8 12 43 10 4 13 42 20 33 22 37 34 28 2 53 25 26 41 56 39 1 15 9 52 21 0
0 34 33 27 7 43 19 49 16 2 3 11 46 10 9 18 15 45 14 32 51 54 40 57 12 39 58 17 47 30 38 5 50 28 23 13 4 24 29 37 20 55 56 42 8 36 6 35 21 25 44 53 41 48 59 1 26 22 31 52 0
0 42 7 16 25 9 13 3 29 4 41 28 35 57 48 5 50 49 58 55 11 21 30 53 17 22 40 43 52 10 24 20 34 36 1 27 6 33 8 19 14 38 54 31 32 2 59 47 56 15 51 26 46 39 45 23 44 18 37 12 0
0 58 3 51 54 35 15 27 30 50 26 25 7 23 38 1 45 41 11 12 48 46 6 49 34 14 39 37 21 53 10 52 42 56 22 59 2 5 13 24 8 16 28 9 31 47 17 57 32 29 40 55 18 19 20 44 36 33 43 4 0
0 37 10 50 4 31 15 52 21 39 30 27 58 38 49 45 43 54 18 6 46 17 22 47 28 44 36 55 40 35 23 51 56 32 33 48 42 5 14 16 25 19 11 53 59 24 57 41 7 8 13 20 34 12 2 1 9 3 29 26 0
0 47 44 30 22 23 1 16 54 39 50 9 49 53 17 35 43 48 42 25 10 11 2 27 18 58 28 26 15 59 36 12 32 5 13 6 4 52 37 29 24 8 31 55 7 41 51 19 46 57 3 45 14 40 20 21 34 38 33 56 0
0 21 44 42 12 54 3 50 59 35 15 34 47 22 36 56 10 39 1 5 52 41 28 24 37 51 9 55 6 19 23 18 27 45 26 29 25 8 4 31 17 43 53 48 20 57 14 33 40 32 2 49 58 46 38 13 30 7 16 11 0
0 29 8 57 36 47 51 2 15 20 21 17 45 37 18 14 43 58 41 6 4 35 28 48 9 42 3 31 49 1 5 7 23 30 56 26 19 54 52 46 12 39 24 13 27 50 40 11 59 44 10 25 32 38 34 53 22 33 55 16 0
0 59 8 20 26 39 1 30 21 3 56 47 24 11 4 49 16 55 48 9 29 17 36 18 31 46 23 57 52 14 15 33 51 13 12 35 54 10 37 34 42 38 7 58 44 50 28 6 53 2 32 41 40 43 22 27 25 5 19 45 0
0 11 9 20 29 13 56 59 49 33 1 57 19 37 54 12 22 10 14 39 44 35 36 51 18 30 41 26 46 28 21 42 7 40 3 27 45 55 34 4 8 43 2 31 52 48 15 50 16 32 53 38 5 6 17 24 23 25 58 47 0
0 32 55 39 29 2 31 57 12 30 36 15 26 6 45 50 48 40 58 13 14 27 56 11 59 51 44 9 5 52 41 42 35 37 34 38 18 19 53 28 49 16 46 3 17 4 54 33 24 23 1 21 8 43 47 22 25 20 7 10 0
0 23 3 45 49 14 33 36 27 6 42 10 15 7 8 37 4 24 9 48 55 38 58 59 53 13 2 54 1 16 29 19 52 31 17 26 39 35 43 41 56 21 44 5 20 34 57 32 18 11 40 46 51 25 50 30 47 28 22 12 0
0 53 8 16 56 57 2 23 13 28 40 58 14 6 49 30 52 25 17 42 55 44 7 5 11 9 27 38 31 12 41 29 48 54 15 46 4 43 20 22 39 51 34 1 59 19 32 36 37 47 35 24 10 3 45 33 21 50 18 26 0
0 11 47 44 1 38 43 55 42 31 56 19 59 21 23 14 27 9 40 57 53 4 35 12 16 45 50 2 22 5 34 26 30 37 6 25 24 46 29 8 18 58 54 28 33 51 52 41 3 49 10 13 32 15 48 36 7 39 17 20 0
0 10 34 59 26 1 12 58 33 55 27 46 30 28 53 2 45 24 8 48 25 56 7 17 52 43 41 4 40 18 11 15 9 13 37 23 3 42 16 31 44 22 19 14 36 35 38 51 32 21 6 29 47 54 50 39 20 49 5 57 0
0 33 11 42 15 7 44 14 20 36 5 50 59 29 39 52 56 9 32 25 43 16 6 49 34 35 46 53 57 41 22 37 18 1 26 19 31 30 48 8 10 24 55 3 47 40 13 28 12 27 2 21 58 17 38 51 45 54 23 4 0
0 56 50 25 24 1 9 55 34 44 58 32 28 49 31 13 11 46 23 18 35 5 51 33 42 7 20 14 29 38 45 47 4 30 52 27 36 6 43 54 41 2 19 8 12 53 59 37 48 39 21 15 10 26 57 40 17 22 3 16 0
0 46 43 1 26 56 53 3 27 24 57 15 25 14 19 34 18 41 17 4 55 5 54 22 33 37 48 40 29 42 16 8 50 13 59 52 7 32 38 9 39 6 12 11 23 35 36 31 45 20 44 58 30 51 2 47 21 10 49 28 0
0 41 20 27 50 26 47 17 43 29 8 52 18 7 32 59 38 55 44 30 21 12 11 13 1 24 58 36 10 57 23 48 33 4 51 25 15 22 19 34 56 9 35 6 49 46 37 53 40 3 39 5 42 45 28 54 14 2 16 31 0
0 6 12 44 26 41 20 5 53 57 14 3 46 38 55 43 23 24 1 52 34 36 32 56 47 45 7 27 59 40 33 51 22 49 9 30 48 25 37 2 42 8 35 21 15 50 58 10 18 29 13 16 4 19 39 28 54 17 11 31 0
0 33 39 35 36 26 52 1 24 58 42 5 27 10 19 44 47 37 7 41 15 14 21 11 13 43 28 6 12 2 3 34 56 38 22 57 31 48 53 45 16 4 9 50 40 32 29 17 55 59 25 8 49 46 20 51 18 23 54 30 0
0 4 17 41 23 44 28 18 55 46 39 48 36 26 37 5 49 54 16 13 20 1 45 24 7 30 12 53 31 51 33 6 8 42 25 21 15 14 52 40 57 43 35 19 59 32 10 58 47 3 2 11 29 22 27 38 50 34 9 56 0
0 1 13 59 12 39 8 7 29 44 40 19 23 30 33 16 54 4 34 25 56 5 15 10 21 41 49 42 55 17 14 53 32 50 45 3 6 38 27 47 43 2 26 52 35 11 37 24 31 36 28 46 48 9 20 18 58 22 57 51 0
0 42 1 10 18 47 29 49 9 12 23 38 56 3 44 51 57 5 39 40 14 28 35 43 15 16 34 41 58 59 36 55 17 33 7 21 8 54 6 27 46 50 13 53 30 11 52 4 37 26 20 32 31 24 45 25 22 48 19 2 0
0 10 27 24 15 25 5 42 34 17 59 39 41 56 33 28 35 32 8 58 46 57 12 2 43 3 19 21 23 6 36 7 20 45 26 38 48 22 50 14 9 54 49 11 30 44 4 47 37 18 53 31 40 52 1 55 29 16 13 51 0
0 42 40 13 22 41 23 54 21 43 10 30 9 3 56 58 2 29 35 47 1 37 49 48 26 24 14 55 8 6 59 32 34 51 28 20 17 18 44 5 11 39 57 16 7 36 15 53 19 27 46 45 38 52 12 25 31 33 4 50 0
0 15 30 59 41 56 3 39 17 29 8 53 33 9 46 16 40 26 22 21 42 50 1 51 48 23 49 55 20 12 37 31 19 45 32 25 28 2 44 36 35 43 6 47 18 7 4 13 10 11 34 24 57 5 58 54 27 38 14 52 0
0 42 53 35 27 59 56 28 57 38 11 13 51 26 15 47 55 25 31 21 5 6 3 20 7 9 41 48 2 50 10 44 23 17 4 18 32 43 22 54 46 58 36 1 16 49 33 45 19 34 29 24 14 39 30 37 12 52 40 8 0
0 42 54 21 25 1 51 35 2 52 17 57 23 44 20 31 11 48 55 16 36 43 26 34 37 27 4 14 59 6 7 24 53 38 5 3 28 45 46 47 30 9 32 40 12 49 33 58 8 13 15 19 18 22 56 41 39 29 50 10 0
0 24 34 54 52 16 22 36 17 50 56 5 43 21 10 20 27 8 44 6 55 1 26 31 46 23 45 13 41 4 59 9 47 58 53 40 28 2 42 51 32 33 37 57 3 12 19 49 14 39 15 35 48 30 18 38 7 29 25 11 0
0 4 17 12 42 26 24 21 9 59 48 8 57 7 44 38 51 54 36 46 58 43 28 56 19 1 6 35 14 37 22 23 2 11 29 39 49 20 34 45 15 13 50 31 30 5 16 47 52 32 40 27 33 10 41 25 18 55 53 3 0
0 45 56 28 27 48 1 18 9 23 24 3 7 46 35 5 25 8 17 43 30 29 36 4 40 13 44 59 16 42 49 53 33 52 55 47 37 19 50 2 38 11 57 58 14 32 21 34 51 6 26 10 12 22 20 15 41 54 39 31 0
0 20 25 12 4 24 47 40 30 33 18 19 48 51 26 42 9 8 56 16 17 41 29 1 22 3 31 44 23 55 2 58 27 38 14 10 36 28 45 11 57 53 15 46 7 50 5 13 6 43 52 32 34 39 37 54 35 21 49 59 0
0 35 57 17 46 54 45 23 32 27 36 42 8 28 24 16 51 6 39 58 34 12 48 25 38 44 52 59 7 41 37 3 10 30 5 47 31 21 40 9 29 53 18 15 22 55 56 19 33 11 26 49 43 4 20 50 2 13 1 14 0
0 21 44 24 40 20 12 53 50 39 28 41 15 18 33 4 5 22 29 52 35 59 30 56 46 10 27 48 55 54 25 2 8 58 1 14 49 16 3 37 34 38 13 45 23 57 36 9 47 31 32 51 26 19 43 7 17 11 42 6 0
0 46 52 23 32 26 51 3 6 13 54 25 43 41 31 1 33 29 48 10 47 24 49 2 38 9 45 44 56 28 22 58 53 42 37 20 11 35 12 14 39 34 18 57 19 8 30 21 16 15 5 36 50 4 7 27 17 40 55 59 0
0 12 44 16 25 47 6 37 8 31 55 43 33 5 41 34 22 7 49 1 14 32 26 59 23 2 53 19 42 27 36 15 46 28 11 50 58 13 18 4 30 3 40 35 45 56 57 52 21 54 24 9 51 39 29 10 17 38 48 20 0
0 14 41 3 8 13 44 15 18 7 37 16 29 42 19 47 50 39 38 58 23 35 28 45 6 31 11 24 52 43 33 55 56 57 25 49 10 4 53 46 9 22 2 59 17 34 20 21 54 30 12 48 26 27 32 1 40 51 36 5 0
0 42 19 48 12 35 40 17 57 53 9 18 28 47 44 29 36 56 54 32 59 23 15 24 2 27 3 31 55 22 4 49 52 7 39 51 45 34 30 10 46 21 14 33 11 25 41 6 13 50 16 58 8 26 5 1 38 20 43 37 0
0 57 30 14 29 41 36 20 11 7 8 23 59 19 45 10 40 34 31 54 32 50 22 39 9 28 55 17 33 56 35 53 47 18 4 37 3 6 15 13 1 2 58 52 12 5 46 44 42 24 43 49 21 27 38 25 26 51 16 48 0
0 16 49 50 8 4 9 38 58 59 19 26 17 47 6 48 33 36 55 21 30 45 52 57 3 32 35 11 46 31 15 25 56 20 27 14 1 24 42 22 10 2 23 53 28 29 37 7 18 5 39 34 41 51 40 54 43 13 12 44 0
0 1 36 18 48 39 3 24 21 38 54 30 59 6 15 32 56 40 28 31 35 52 26 41 22 19 43 51 34 11 53 45 13 20 33 14 5 2 16 55 27 9 8 12 25 58 29 37 50 10 57 46 42 4 17 7 49 23 44 47 0
0 40 19 14 29 10 33 34 35 26 9 5 3 49 7 2 42 24 43 54 17 8 37 28 27 1 18 32 38 41 45 48 55 53 15 46 31 36 13 12 30 51 50 56 59 58 4 57 6 52 44 16 20 47 21 23 39 22 11 25 0
0 49 23 26 54 28 25 47 3 31 32 30 13 10 58 29 19 1 53 36 7 45 57 55 18 33 35 20 43 9 34 52 8 22 4 42 5 11 16 51 14 39 50 59 15 21 41 24 44 46 37 38 17 6 2 40 27 56 48 12 0
0 28 45 25 15 31 33 30 26 9 24 16 22 42 57 27 37 18 21 55 4 41 12 19 3 39 52 50 23 43 29 53 14 58 10 46 2 1 48 59 49 32 35 13 7 34 20 6 56 8 54 36 38 5 11 17 40 44 47 51 0
0 43 52 56 38 46 12 7 8 41 2 28 37 26 6 55 18 45 39 14 9 27 33 40 23 10 3 59 4 34 24 11 22 20 53 32 21 42 50 16 1 15 44 49 5 51 35 30 47 13 36 57 58 25 31 17 19 54 48 29 0
0 8 57 41 11 59 36 31 25 10 22 42 12 4 51 1 45 54 39 21 19 35 2 7 56 34 33 28 38 53 48 58 55 18 9 44 27 37 14 15 50 26 43 6 30 24 49 32 47 3 5 29 20 17 46 16 52 23 40 13 0
0 35 18 13 7 48 38 17 41 12 33 37 26 16 20 25 43 27 15 32 4 21 8 50 45 24 28 59 39 47 11 1 55 2 51 30 58 40 53 44 23 10 6 9 54 29 3 49 19 36 56 57 5 14 42 31 52 46 22 34 0
0 46 20 33 49 31 11 50 55 4 1 47 58 22 30 13 16 8 14 54 39 42 52 18 10 32 25 44 48 17 45 57 6 59 7 21 29 41 12 51 24 15 9 34 40 36 3 35 37 27 26 38 43 5 53 19 2 23 56 28 0
0 55 54 47 32 2 7 24 18 15 39 56 44 13 27 45 28 6 51 22 16 52 33 17 31 58 48 29 38 14 57 3 42 49 40 53 10 5 1 43 26 30 9 20 12 4 8 37 21 46 36 41 50 19 23 25 34 11 35 59 0
0 41 56 43 16 50 26 9 8 30 20 24 29 58 47 46 19 38 49 44 5 55 31 39 22 45 17 12 2 4 6 36 28 35 10 13 54 40 18 48 25 34 32 33 7 51 57 11 15 3 52 1 42 37 14 23 59 27 21 53 0
0 8 23 18 37 47 58 3 54 20 16 6 33 30 44 35 25 27 45 21 32 15 4 26 46 41 55 12 52 22 7 14 40 13 50 5 59 38 48 29 2 56 9 36 28 42 17 53 49 1 34 57 11 19 43 10 31 51 24 39 0
0 24 21 37 50 15 3 43 39 56 5 51 22 55 54 14 44 4 9 23 49 52 48 13 58 20 33 12 41 1 57 29 27 28 45 42 40 2 25 34 36 8 32 19 11 16 46 10 59 18 47 30 38 6 26 31 17 7 53 35 0
0 22 18 51 43 26 33 6 10 11 34 8 24 2 30 17 5 41 50 7 55 23 37 36 14 9 42 29 38 56 39 48 3 47 16 57 46 28 31 32 40 49 20 45 59 35 25 44 52 1 19 12 4 13 27 54 58 53 21 15 0
0 8 11 5 36 14 9 50 30 6 10 15 2 19 25 35 23 57 44 29 54 22 28 48 4 37 18 38 41 32 53 59 13 56 3 55 7 45 39 46 52 47 58 34 17 20 49 16 31 33 21 24 40 12 51 27 43 42 26 1 0
0 45 53 18 27 1 49 10 33 34 14 50 59 8 2 35 25 13 5 42 23 38 36 40 46 12 15 16 21 51 57 48 4 11 39 19 6 52 22 20 54 29 17 32 55 41 30 58 56 43 26 3 7 9 31 37 24 47 44 28 0
0 5 46 55 38 41 33 6 58 32 59 12 52 34 24 29 2 30 25 16 42 10 20 18 22 31 14 57 28 21 3 36 23 50 39 53 1 49 11 37 47 35 40 56 45 9 7 43 27 17 54 48 19 4 51 8 15 26 44 13 0
0 57 42 40 38 32 48 1 20 18 45 46 51 28 56 43 11 26 58 34 12 30 53 27 54 23 15 10 14 47 3 2 8 6 13 41 21 24 59 4 52 25 37 31 55 44 7 19 9 5 17 16 29 33 36 22 50 49 35 39 0
0 31 23 35 48 16 45 29 21 32 19 1 47 4 12 33 9 57 24 2 37 10 40 36 43 20 42 39 18 44 58 8 51 11 7 50 54 22 15 59 25 13 46 55 52 49 34 26 30 28 41 17 6 5 3 38 14 53 27 56 0
0 24 49 55 5 10 37 26 53 58 40 12 34 30 11 8 43 44 57 14 13 22 28 47 33 29 42 38 56 19 6 20 41 36 46 52 54 25 4 48 39 1 18 17 2 23 51 3 16 15 21 27 35 32 50 31 7 9 45 59 0
0 53 26 9 47 33 32 58 41 38 8 45 28 40 4 36 18 35 57 34 22 7 12 48 59 23 29 6 52 5 17 27 56 3 16 49 11 51 55 19 2 39 13 10 25 44 1 54 46 42 14 50 43 37 31 15 30 24 21 20 0
0 32 50 31 5 14 23 9 35 1 56 42 59 13 8 58 3 41 44 15 54 29 19 11 16 30 46 52 38 10 45 4 51 26 17 47 24 53 49 48 12 33 21 57 37 55 28 7 18 22 34 43 2 6 20 40 27 39 25 36 0
0 41 36 8 58 56 37 55 25 49 22 3 50 26 32 30 7 5 53 59 14 10 43 39 51 19 35 24 28 47 40 4 16 17 45 42 52 31 44 27 54 2 48 38 20 34 9 15 11 13 33 12 57 6 21 46 23 29 1 18 0
0 2 57 40 4 49 36 48 14 11 22 29 58 19 25 17 54 32 30 42 44 13 3 27 47 53 16 31 5 7 21 15 46 1 35 26 20 55 12 38 23 50 18 52 33 6 37 24 51 41 59 9 10 8 39 28 45 43 56 34 0
0 40 6 49 14 18 58 9 12 32 35 43 59 54 46 15 39 5 48 7 29 4 27 53 16 38 11 52 57 1 28 2 55 37 50 10 17 51 30 33 42 8 19 23 24 13 26 34 20 44 25 45 47 21 22 31 56 3 41 36 0
0 10 53 56 59 44 51 30 32 8 11 1 39 12 41 5 6 33 20 28 3 35 23 2 42 46 43 14 45 26 49 36 48 52 31 29 34 22 47 25 54 37 50 38 9 4 15 18 58 57 24 27 40 16 13 7 21 17 55 19 0
0 52 10 49 33 37 12 39 43 4 45 40 16 9 35 25 51 21 53 19 50 30 38 24 14 18 15 2 1 42 36 32 20 58 27 13 5 17 7 23 8 3 29 47 11 56 57 34 54 55 59 6 31 44 48 28 41 22 26 46 0
0 54 29 55 21 58 20 2 33 48 56 18 47 50 30 39 7 9 51 23 15 24 16 22 36 5 49 3 35 27 44 45 38 57 6 53 13 26 25 43 11 10 40 52 41 12 1 14 59 34 42 28 31 37 17 4 32 46 19 8 0
0 53 23 3 7 18 46 13 28 16 29 38 4 5 39 34 30 10 6 50 56 52 21 14 27 43 45 9 57 35 47 1 58 42 8 17 2 12 26 55 31 33 19 11 59 41 32 37 44 36 48 49 54 51 22 25 15 24 20 40 0
0 15 50 51 8 45 4 22 26 6 25 48 19 18 34 55 10 7 46 40 21 11 20 37 43 2 28 41 24 35 44 30 57 38 9 36 13 16 52 29 42 27 1 12 54 23 53 33 17 3 14 47 59 31 39 56 49 32 58 5 0
0 29 6 17 48 56 24 49 42 35 43 40 34 30 28 52 45 25 4 27 11 51 53 33 9 3 10 15 7 22 31 19 21 44 23 20 16 8 38 41 5 50 39 1 18 58 37 55 2 14 59 26 36 54 57 12 13 46 47 32 0
0 29 49 6 2 45 42 53 32 25 14 23 30 39 36 48 43 51 7 44 20 1 12 9 5 47 33 4 26 58 28 8 3 41 59 34 17 24 31 50 38 19 11 22 54 57 10 21 27 16 55 37 18 15 13 35 46 56 40 52 0
0 45 52 41 44 32 1 42 14 31 6 59 38 47 36 57 23 51 28 25 37 10 7 5 58 29 50 24 18 40 4 53 2 21 48 43 16 20 17 56 13 49 27 22 39 15 11 3 54 30 12 19 9 35 55 33 34 26 46 8 0
0 23 19 18 29 58 28 14 8 25 40 33 51 22 4 13 30 55 15 47 57 20 35 44 52 6 2 31 39 5 27 50 10 21 17 16 11 3 43 56 1 53 37 7 42 34 49 48 54 24 12 36 46 32 9 26 45 41 59 38 0
0 44 17 11 34 53 58 8 5 23 48 41 2 21 57 30 13 24 47 46 6 4 18 31 38 43 45 39 15 9 27 16 49 52 37 35 36 51 54 22 29 26 55 1 59 14 56 32 25 3 42 10 12 20 40 19 7 28 33 50 0
0 46 44 27 15 54 33 53 22 2 43 47 52 51 26 24 34 48 8 16 41 10 21 18 35 1 55 39 42 30 37 29 20 59 6 36 23 58 56 17 14 31 49 40 11 45 9 38 3 13 28 19 7 57 4 25 50 5 12 32 0
0 10 23 4 24 29 53 46 37 57 7 28 42 49 13 14 20 50 6 19 38 18 34 5 44 17 40 33 21 48 25 47 12 55 11 2 52 8 59 43 31 22 54 16 9 15 35 27 30 26 3 32 51 1 58 56 36 45 39 41 0
0 19 26 38 29 21 54 57 44 36 58 49 47 55 6 43 56 18 13 20 17 22 5 25 30 15 1 34 37 48 9 51 41 4 2 28 39 42 35 52 3 33 7 50 45 31 16 32 14 8 10 24 53 40 27 59 12 11 46 23 0
0 24 54 23 20 5 22 28 43 12 2 37 21 8 32 42 18 13 34 55 33 31 11 27 10 3 36 49 1 51 38 16 30 53 9 6 44 56 40 41 19 45 29 35 15 17 26 25 39 58 14 7 50 59 57 47 46 4 48 52 0
0 23 33 6 54 5 30 52 49 28 32 37 59 45 48 31 46 53 9 26 4 38 8 18 11 43 10 58 17 50 19 7 20 29 57 27 44 41 25 40 3 21 24 56 16 15 47 36 1 35 39 14 12 42 55 22 51 34 2 13 0
0 52 31 16 22 21 2 25 3 11 19 29 27 26 49 59 6 58 33 4 28 57 18 30 47 5 50 53 10 7 40 24 20 14 32 55 9 42 13 44 51 34 54 45 23 8 39 48 37 46 12 43 41 38 17 1 35 15 56 36 0
0 11 34 35 46 51 36 5 16 17 53 10 52 31 20 13 40 6 3 50 57 9 55 49 28 37 27 29 25 24 54 8 2 23 38 14 22 7 1 33 4 18 56 44 42 39 19 21 26 45 58 32 12 47 59 48 30 43 15 41 0
0 5 49 25 57 3 9 33 28 15 20 19 10 54 6 43 11 42 18 21 56 1 2 32 30 23 16 41 51 4 17 37 38 13 36 47 39 31 7 45 34 40 8 55 58 48 14 46 44 29 50 52 24 27 35 59 12 26 53 22 0
0 56 15 55 22 13 50 4 37 34 45 5 17 11 10 3 53 16 27 25 51 2 7 1 12 19 29 48 58 47 46 14 23 41 54 26 35 59 33 38 24 52 6 21 18 40 42 28 31 32 57 49 9 8 36 30 43 44 39 20 0
0 41 51 2 20 12 21 4 55 15 38 9 30 57 19 40 11 48 54 22 31 33 35 58 27 39 18 34 42 25 50 29 37 32 5 45 14 10 26 17 13 1 8 6 44 49 43 7 24 52 46 23 56 36 3 16 47 28 59 53 0
0 33 13 21 52 53 50 28 27 19 30 36 56 47 15 3 34 38 20 10 51 23 1 7 40 25 6 46 29 18 59 44 43 58 16 2 41 32 22 11 5 14 8 45 12 24 54 57 37 35 17 55 39 26 4 49 9 31 42 48 0
0 29 41 3 51 49 12 16 58 22 28 57 5 55 11 17 33 50 14 38 48 45 27 36 26 35 46 7 30 47 25 9 40 24 6 44 2 31 59 56 10 4 1 53 34 54 18 23 19 32 39 42 52 20 13 37 21 15 43 8 0
0 26 41 59 9 14 25 11 56 45 44 37 28 32 16 39 27 54 22 33 3 47 6 29 57 23 53 34 1 35 24 12 52 18 43 20 8 58 36 10 42 46 5 48 21 50 15 19 30 2 49 51 31 55 13 4 38 7 17 40 0
0 24 9 10 5 16 36 47 29 25 31 14 2 44 40 55 6 7 3 59 53 32 28 48 56 4 37 41 51 38 35 20 18 43 57 34 54 30 42 12 19 21 23 50 49 15 8 45 52 39 27 26 33 22 1 13 46 17 11 58 0
0 39 13 48 23 20 1 52 12 28 46 37 5 24 22 16 30 36 35 6 32 27 51 29 31 43 17 54 25 50 15 18 34 33 26 44 14 8 59 57 41 40 3 45 49 42 4 11 58 55 9 56 47 19 21 7 38 53 10 2 0
0 9 16 54 47 51 10 27 7 13 2 30 57 18 49 24 25 32 53 50 28 42 31 21 37 56 35 38 17 1 19 11 4 48 22 43 44 40 58 6 5 33 20 45 41 52 15 26 3 29 8 59 39 12 34 14 36 46 55 23 0
0 6 13 7 22 30 39 8 18 49 42 2 41 23 19 34 47 15 20 26 12 58 29 31 57 44 37 10 4 38 24 50 53 32 59 14 21 28 1 51 40 3 17 33 36 25 16 55 48 45 35 5 11 56 9 54 46 27 43 52 0
0 43 39 26 30 18 41 52 53 54 57 19 42 28 2 58 49 51 37 22 27 21 15 4 17 32 33 45 34 20 5 55 50 8 38 48 24 6 12 25 59 11 40 9 44 16 14 56 23 29 36 46 31 13 10 47 7 1 3 35 0
0 29 12 49 50 11 44 16 31 20 6 8 52 47 33 48 57 51 10 35 27 1 55 17 36 42 45 37 46 56 38 59 14 26 25 24 7 18 5 40 32 19 41 21 28 2 34 15 23 54 13 4 22 9 58 30 53 43 39 3 0
0 55 41 48 7 43 35 14 42 18 39 59 36 16 13 19 15 5 25 57 30 2 24 10 40 47 27 8 20 29 33 37 12 34 22 54 45 31 50 52 26 4 9 58 51 53 1 28 46 38 11 23 17 6 56 3 49 21 32 44 0
0 41 44 18 25 15 12 10 2 16 20 39 7 5 43 28 9 11 59 24 21 33 51 47 32 30 23 34 22 1 36 38 49 35 14 6 56 13 3 17 4 40 50 58 19 8 37 48 54 46 31 45 57 53 26 52 29 55 27 42 0
0 22 45 23 59 40 36 58 55 7 37 46 44 35 13 8 56 52 41 43 47 49 12 26 24 54 39 6 32 51 3 20 1 2 28 15 50 31 38 17 30 53 9 48 33 18 16 4 10 29 27 11 19 25 21 57 34 14 42 5 0
0 32 16 8 42 21 24 57 20 31 39 46 33 54 23 5 51 3 47 15 58 35 18 25 27 49 44 50 43 11 29 34 17 7 55 4 56 1 40 22 30 26 9 36 6 48 10 13 41 37 14 59 28 19 52 12 53 38 2 45 0
0 1 6 48 2 55 58 41 52 17 22 45 28 5 49 56 21 33 44 39 40 3 34 24 12 29 8 57 43 16 4 25 7 20 18 13 51 47 14 50 15 37 31 38 27 46 11 42 26 9 30 54 32 36 53 23 10 35 19 59 0
0 17 58 26 41 53 27 7 59 20 37 23 34 5 4 8 3 49 44 11 9 18 33 16 50 51 30 52 57 56 22 31 47 2 36 42 46 29 21 1 14 28 38 45 15 24 19 39 12 55 35 6 25 54 48 32 43 10 13 40 0
0 5 28 2 35 43 14 25 34 3 45 24 46 27 8 6 40 41 37 39 54 15 22 48 36 51 21 1 29 20 26 17 23 31 38 58 18 7 57 55 32 19 9 42 10 47 49 4 44 11 30 52 13 53 33 50 59 16 12 56 0
0 14 24 40 49 45 38 5 43 41 55 34 17 12 30 59 33 46 36 26 48 56 39 19 22 10 11 27 57 51 18 50 42 15 20 16 53 29 47 1 54 32 21 28 31 6 13 3 9 52 25 44 8 23 35 4 58 7 2 37 0
0 33 9 48 10 24 15 51 37 6 7 12 56 25 16 53 32 34 38 4 49 46 31 44 40 1 57 58 45 50 55 2 47 20 5 41 59 18 52 14 42 11 29 3 17 27 13 54 36 35 43 28 22 19 39 30 21 8 26 23 0
0 36 49 17 11 54 46 42 57 35 45 23 25 52 5 6 13 55 20 33 50 1 27 31 30 41 15 21 43 51 16 29 12 37 8 3 4 9 18 39 2 22 10 34 48 40 7 28 19 53 56 58 59 32 14 44 38 26 47 24 0
0 56 51 54 33 46 20 26 1 49 6 25 14 38 36 9 52 40 59 50 45 34 32 53 2 22 12 42 57 39 44 21 28 17 35 16 47 13 27 43 11 24 3 30 4 19 18 31 15 58 48 10 29 7 55 37 5 8 23 41 0
0 49 34 50 21 57 41 28 27 32 44 54 37 42 52 18 35 19 11 16 1 55 23 36 43 53 13 20 5 22 6 47 59 30 24 15 51 12 7 33 29 48 38 3 9 45 4 8 25 39 26 17 40 46 10 2 58 31 14 56 0
0 58 33 52 40 55 31 29 18 27 14 43 4 8 3 1 9 20 25 48 37 35 5 26 19 17 13 56 44 16 47 28 15 57 53 7 34 46 42 30 36 24 32 2 49 59 38 10 12 54 39 50 23 21 22 6 51 45 41 11 0
0 6 16 15 13 5 40 10 26 51 34 38 3 47 35 39 30 12 23 25 29 9 24 19 49 58 52 27 1 54 18 48 56 44 36 4 21 42 50 2 7 28 55 20 33 14 37 57 45 53 22 31 46 43 32 59 41 11 8 17 0
0 26 7 24 22 57 35 16 4 1 34 18 36 49 46 48 6 20 41 53 59 28 40 58 30 19 55 32 9 2 38 50 51 5 21 31 54 39 33 44 47 42 15 12 27 52 8 25 23 43 56 13 11 3 14 37 10 45 17 29 0
0 17 46 5 30 18 33 20 48 53 7 34 14 50 41 55 37 29 19 52 31 13 57 23 11 51 56 27 35 40 59 43 25 16 3 39 6 45 32 9 36 10 42 21 1 12 47 54 26 2 58 22 49 38 44 15 4 8 28 24 0
0 5 43 58 50 35 11 38 22 2 47 48 33 51 57 1 49 42 52 16 23 56 25 6 30 13 44 14 3 32 19 59 12 37 20 28 45 21 24 8 55 31 36 17 29 40 54 10 26 4 39 41 46 7 27 15 9 18 53 34 0
0 45 14 57 8 38 29 22 7 6 53 15 37 59 27 49 28 46 12 40 23 48 24 26 54 16 5 25 43 42 55 50 35 30 39 3 33 56 19 36 11 31 32 13 1 41 21 58 20 44 34 10 18 51 2 52 4 17 9 47 0
0 28 32 9 39 8 58 50 10 40 21 35 4 12 6 57 13 55 22 51 18 30 49 5 59 54 46 42 25 45 34 47 20 11 31 17 15 53 2 7 26 29 3 33 38 23 19 1 44 41 14 24 37 56 48 36 43 27 16 52 0
0 56 21 9 31 15 53 51 46 54 27 12 11 36 40 25 10 7 44 23 37 30 48 49 35 5 24 41 43 29 34 6 42 28 57 45 8 13 58 38 16 47 17 55 20 39 2 59 18 26 1 50 19 4 3 32 52 33 22 14 0
0 24 18 56 53 30 49 45 58 7 39 42 52 8 40 41 54 17 50 23 33 47 16 48 12 15 46 27 25 35 19 51 36 22 5 3 38 32 2 29 55 59 6 13 57 21 28 44 26 1 14 34 37 11 43 31 20 10 4 9 0
0 11 7 14 26 24 10 20 56 23 34 2 16 21 3 47 29 55 13 18 27 8 35 17 30 5 6 39 4 42 28 12 9 32 36 19 46 15 37 49 58 50 38 51 44 54 59 25 48 43 45 33 22 40 57 53 52 41 31 1 0
0 20 14 22 5 6 31 50 43 48 47 44 57 53 40 55 18 28 3 54 10 34 29 19 7 58 36 51 45 12 2 16 1 25 33 13 37 17 27 32 8 39 38 21 52 30 35 56 11 59 26 41 46 24 15 42 9 49 4 23 0
0 53 17 11 18 32 34 26 4 58 57 42 5 51 6 23 25 59 38 29 50 27 20 35 48 40 21 37 1 31 52 8 16 13 56 45 39 41 46 55 19 43 10 2 14 15 3 33 7 49 24 54 9 30 22 47 28 44 36 12 0
0 9 54 51 44 7 58 4 27 14 50 43 5 35 49 25 48 29 13 59 21 15 20 52 22 17 40 6 28 2 24 12 30 55 36 26 10 57 37 32 41 39 19 1 23 3 33 38 56 42 18 34 31 46 47 8 16 45 53 11 0
0 7 14 48 53 18 58 52 50 24 41 49 44 55 19 27 6 23 16 2 10 34 17 12 31 5 45 28 57 22 9 47 11 35 51 25 42 20 3 13 59 43 15 39 30 54 1 36 38 46 37 40 33 8 56 21 32 4 26 29 0
0 50 30 31 25 45 13 34 7 32 55 16 57 43 59 41 40 12 44 4 21 35 3 1 42 22 17 27 11 24 49 47 23 15 14 58 39 2 56 19 46 33 38 36 9 54 8 53 18 10 37 26 5 51 28 48 20 52 6 29 0
0 20 31 2 54 58 24 10 49 9 26 1 28 41 3 39 22 37 19 12 48 40 59 5 57 50 53 29 17 16 44 7 51 46 32 8 15 47 36 21 33 27 25 43 11 6 42 55 13 34 52 4 23 38 45 14 56 30 35 18 0
0 55 23 5 4 28 29 35 34 46 19 52 51 43 1 53 54 49 39 33 8 10 14 7 18 6 21 25 11 59 40 13 17 47 31 48 24 58 37 2 41 9 12 36 27 15 22 44 50 3 30 26 38 16 32 56 45 20 57 42 0
0 25 45 30 34 40 11 24 2 8 37 31 55 10 1 17 41 35 50 44 16 4 51 53 3 9 38 52 6 56 46 59 33 42 15 47 32 57 27 23 14 5 39 7 28 29 21 48 18 22 20 12 58 13 49 54 36 43 26 19 0
0 43 7 37 35 25 11 29 51 42 58 45 49 16 40 36 24 44 46 48 4 39 47 12 18 6 15 52 8 33 28 26 27 22 2 31 3 10 30 50 38 55 19 41 17 56 54 5 9 21 53 32 59 34 14 20 1 13 23 57 0
0 4 7 27 1 10 8 33 43 2 20 34 21 45 6 58 36 18 44 26 55 22 5 25 47 42 15 35 54 23 48 59 16 40 14 19 17 52 51 11 57 39 13 49 3 46 29 30 28 53 37 56 9 38 31 41 12 24 50 32 0
0 42 30 23 39 16 28 6 34 13 14 40 56 55 54 27 12 17 29 44 43 9 15 3 35 5 24 41 52 49 46 48 53 4 33 25 32 7 2 20 37 47 22 19 59 8 36 51 38 21 11 58 1 26 50 18 45 10 57 31 0
