# n n_solutions
60 1000
# n x n distance matrix
0 4830 9025 6800 10625 1552 2267 4751 7602 3361 8796 8237 1581 3517 1486 6352 8102 4976 8778 8260 6438 8260 6390 6300 5147 6618 1476 6826 2941 2140 2061 2370 900 7244 7184 10084 2308 1923 6888 7421 7710 2118 4792 4712 2879 3841 2785 3889 6420 7111 8895 5021 8852 4026 6946 4701 1360 4368 640 2154
4830 0 8861 2163 6744 4751 5821 4382 6780 2692 8578 8273 6044 3605 4525 1526 8348 3394 4588 8005 5531 6846 4341 2961 2920 1788 6306 3753 7218 5622 5967 5400 5300 4438 7291 6549 4501 6753 7420 7887 7779 6476 6578 824 2000 7302 5315 1708 2927 2284 8655 7445 6767 1264 8163 223 5578 5851 4604 5103
9025 8860 0 8544 7602 7481 7200 4741 2140 6800 282 800 8400 6000 10235 9231 1044 5481 7779 860 3329 2596 4701 6440 5945 9464 9602 12613 8104 7202 7600 6811 9913 5276 1843 6603 6726 9802 2202 1726 1315 8215 4517 9604 8946 6670 6319 7405 6603 9800 223 5000 3612 9568 2773 8655 8109 4709 9511 6935
6800 2163 8544 0 4738 6407 7368 4850 6406 3956 8265 8112 7826 4638 6660 1004 8276 3649 2531 7738 5366 6155 3858 2109 3041 1077 8266 4780 8860 7178 7596 6868 7366 3397 7291 4716 5948 8709 7596 7970 7694 8193 7410 2785 4103 8649 6649 3046 1941 1272 8323 8400 5720 3400 8544 2202 7334 6702 6660 6609
10625 6744 7602 4738 0 9700 10332 6720 6001 7280 7400 7623 11180 7424 10912 5721 7940 5869 2209 7117 5869 5124 4743 4326 5531 5703 11963 9326 11834 10186 10679 9767 11374 3640 7375 1000 8979 12369 7955 8040 7481 11384 9082 7473 8417 11067 9360 6809 4219 5608 7400 10107 4001 8008 9095 6705 10688 8575 10685 9617
1552 4751 7481 6407 9700 0 1118 3383 6129 2523 7255 6691 1486 2302 2915 6184 6551 3860 8043 6726 5021 6844 5197 5456 4172 6476 2376 7500 2473 921 1216 921 2433 6161 5643 9060 824 2729 5336 5869 6166 1788 3264 4901 3140 2751 1252 3361 5608 6985 7354 3606 7526 4328 5412 4570 989 2816 2102 640
2267 5821 7200 7368 10332 1118 0 3720 6140 3417 7002 6400 1200 2941 3748 7218 6207 4468 8819 6518 5189 6964 5672 6212 4882 7513 2408 8612 1526 200 412 565 3001 6717 5414 9620 1431 2607 5000 5508 5903 1118 2729 6007 4257 1655 1029 4341 6381 8022 7102 2778 7782 5445 4850 5632 984 2517 2900 761
4751 4382 4741 4850 6720 3383 3720 0 2942 2059 4472 4049 4741 1315 5714 5186 4060 1204 5502 3891 1700 3512 1984 3026 1811 5470 5758 8079 5166 3605 4104 3162 5643 3080 3000 5946 2563 6092 3047 3535 3522 4825 2617 5032 4205 4356 2701 2758 3224 5920 4561 3649 4143 4891 3801 4161 4295 1964 5103 3088
7602 6780 2140 6406 6001 6129 6140 2942 0 4933 1860 1772 7299 4257 8646 7093 2022 3448 5805 1341 1300 1000 2561 4301 3860 7324 8433 10526 7340 6087 6552 5650 8502 3195 1392 5021 5315 8709 2012 2039 1500 7242 3827 7545 7057 6105 5141 5412 4465 7660 1920 4675 2147 7566 3138 6580 6923 3676 8005 5688
3361 2692 6800 3956 7280 2523 3417 2059 4933 0 6529 6105 4000 943 3945 3901 6103 1711 5531 5948 3640 5346 3140 2973 1788 4201 4686 6185 4924 3231 3667 2912 4162 3900 5047 6723 1992 5099 5032 5544 5575 4304 3900 3176 2147 4725 2716 1004 3111 4704 6618 4753 5714 2906 5622 2473 3500 3178 3511 2657
8796 8578 282 8265 7400 7255 7002 4472 1860 6529 0 632 8202 5738 9992 8949 943 5200 7528 583 3047 2353 4420 6161 5663 9183 9400 12331 7942 7000 7406 6603 9687 5008 1612 6400 6493 9608 2022 1580 1100 8030 4341 9323 8676 6525 6107 7128 6324 9520 100 4869 3401 9291 2692 8373 7902 4501 9276 6718
8237 8273 800 8112 7623 6691 6400 4049 1772 6105 632 0 7600 5277 9464 8741 360 4879 7570 509 2780 2501 4254 6003 5381 8987 8802 12023 7316 6403 6800 6013 9124 4964 1076 6627 5943 9002 1403 948 538 7416 3721 8993 8249 5894 5522 6762 6177 9349 728 4237 3634 8920 2080 8061 7310 3911 8732 6140
1581 6044 8400 7826 11180 1486 1200 4741 7299 4000 8202 7600 0 3764 3001 7527 7406 5326 9526 7716 6296 8095 6628 6942 5656 7810 1216 8372 1360 1216 806 1649 2051 7621 6612 10526 2220 1414 6200 6706 7102 538 3920 6067 4229 2420 2158 4788 7093 8316 8302 3862 8863 5423 6020 5882 500 3712 2193 1655
3517 3605 6000 4638 7424 2302 2941 1315 4257 943 5738 5277 3764 0 4404 4716 5247 1562 5882 5162 3006 4801 2906 3275 1941 5015 4652 7128 4465 2780 3264 2385 4393 3860 4205 6762 1555 5024 4140 4661 4741 3962 2973 4118 3000 4026 2061 1897 3448 5508 5830 3863 5336 3841 4686 3383 3280 2247 3820 2202
1486 4525 10235 6660 10912 2915 3748 5714 8646 3945 9992 9464 3001 4404 0 6020 9360 5656 8904 9436 7410 9200 7085 6630 5675 6248 2418 5714 4338 3612 3546 3801 1104 7788 8393 10492 3546 2801 8159 8697 8928 3535 6177 4161 2561 5325 4167 4123 6711 6700 10089 6481 9651 3440 8318 4459 2842 5685 848 3551
6352 1526 9231 1004 5721 6184 7218 5186 7093 3901 8949 8741 7527 4716 6020 0 8875 4031 3512 8402 5964 6941 4534 2831 3443 300 7828 3794 8657 7021 7397 6760 6823 4243 7854 5720 5842 8275 8095 8508 8292 7940 7629 1941 3522 8620 6611 2906 2701 806 9013 8570 6603 2624 8969 1655 7051 6905 6129 6477
8102 8348 1044 8276 7940 6551 6207 4060 2022 6103 943 360 7406 5247 9360 8875 0 4957 7826 854 2915 2816 4428 6171 5481 9126 8614 12091 7071 6220 6603 5842 8982 5192 1063 6946 5824 8800 1216 700 583 7202 3501 9052 8237 5629 5359 6801 6350 9501 1029 3956 3962 8949 1749 8134 7134 3747 8612 5983
4976 3394 5481 3649 5869 3860 4468 1204 3448 1711 5200 4879 5326 1562 5656 4031 4957 0 4428 4622 2163 3710 1431 1868 608 4308 6191 7144 5981 4318 4810 3905 5818 2302 3905 5200 3114 6573 4081 4522 4386 5515 3805 4123 3687 5371 3522 1969 2061 4743 5280 4825 4004 4118 4939 3182 4841 3125 5192 3748
8778 4588 7779 2531 2209 8043 8819 5502 5805 5531 7528 7570 9526 5882 8904 3512 7826 4428 0 7106 5200 5186 3733 2607 3944 3500 10182 7156 10345 8653 9126 8267 9464 2700 7025 2340 7405 10607 7502 7731 7283 9800 8077 5288 6363 9798 7925 4891 2441 3436 7558 9121 4341 5852 8600 4569 9027 7463 8761 8070
8260 8005 860 7738 7117 6726 6518 3891 1341 5948 583 509 7716 5162 9436 8402 854 4622 7106 0 2475 2000 3883 5630 5092 8640 8905 11758 7518 6505 6925 6100 9154 4531 1104 6120 5953 9126 1615 1280 670 7566 3905 8745 8095 6135 5600 6545 5798 8986 670 4518 3125 8708 2475 7798 7400 4004 8729 6203
6438 5531 3329 5366 5869 5021 5189 1700 1300 3640 3047 2780 6296 3006 7410 5964 2915 2163 5200 2475 0 1824 1552 3269 2617 6212 7376 9284 6519 5107 5593 4661 7333 2501 1931 4964 4197 7684 2319 2624 2332 6307 3280 6280 5758 5448 4162 4118 3453 6586 3124 4272 2607 6276 3400 5326 5882 2906 6802 4648
8260 6846 2596 6155 5124 6844 6964 3512 1000 5346 2353 2501 8095 4801 9200 6941 2816 3710 5186 2000 1824 0 2505 4110 3992 7144 9192 10539 8229 6894 7373 6451 9154 2780 2370 4130 6020 9492 3001 2973 2376 8077 4780 7647 7397 7045 5946 5661 4244 7427 2376 5658 1170 7761 4114 6664 7692 4565 8614 6456
6390 4341 4701 3858 4743 5197 5672 1984 2561 3140 4420 4254 6628 2906 7085 4534 4428 1431 3733 3883 1552 2505 0 1749 1529 4763 7558 8044 7142 5544 6044 5108 7242 1118 3478 3962 4410 7925 3863 4176 3848 6762 4401 5142 5024 6324 4669 3238 1923 5103 4481 5442 2601 5281 4916 4159 6158 3847 6621 5000
6300 2961 6440 2109 4326 5456 6212 3026 4301 2973 6161 6003 6942 3275 6630 2831 6171 1868 2607 5630 3269 4110 1749 0 1341 3041 7657 6488 7738 6046 6521 5660 7049 1486 5200 3862 4801 8072 5536 5887 5590 7200 5643 3785 4220 7223 5323 2507 200 3360 6220 6675 3848 4104 6530 2828 6444 4981 6363 5464
5147 2920 5945 3041 5531 4172 4882 1811 3860 1788 5663 5381 5656 1941 5675 3443 5481 608 3944 5092 2617 3992 1529 1341 0 3716 6440 6670 6406 4720 5200 4326 5950 2118 4440 4939 3482 6841 4652 5077 4904 5889 4401 3689 3505 5887 3982 1711 1523 4143 5738 5414 4119 3769 5536 2720 5161 3712 5292 4140
6618 1788 9464 1077 5703 6476 7513 5470 7324 4201 9183 8987 7810 5015 6248 300 9126 4308 3500 8640 6212 7144 4763 3041 3716 0 8094 3710 8949 7316 7690 7057 7072 4420 8112 5755 6140 8541 8363 8770 8544 8228 7924 2126 3773 8920 6911 3206 2900 509 9244 8868 6767 2828 9247 1931 7337 7200 6380 6774
1476 6306 9602 8266 11963 2376 2408 5758 8433 4686 9400 8802 1216 4652 2418 7828 8614 6191 10182 8905 7376 9192 7558 7657 6440 8094 0 8100 2193 2400 2022 2807 1315 8490 7802 11371 3195 447 7406 7915 8300 1565 5135 6168 4346 3535 3313 5315 7789 8586 9500 5059 9901 5470 7236 6177 1513 4901 1824 2745
6826 3753 12613 4780 9326 7500 8612 8079 10526 6185 12331 12023 8372 7128 5714 3794 12091 7144 7156 11758 9284 10539 8044 6488 6670 3710 8100 0 9716 8420 8612 8348 6806 7960 11031 9454 7576 8505 11127 11610 11526 8895 10034 3047 4401 10248 8430 5326 6395 3721 12408 10778 10330 3312 11800 3962 8023 9329 6303 8032
2941 7218 8104 8860 11834 2473 1526 5166 7340 4924 7942 7316 1360 4465 4338 8657 7071 5981 10345 7518 6519 8229 7142 7738 6406 8949 2193 9716 0 1700 1264 2080 3328 8206 6428 11101 2952 2109 5922 6378 6865 824 3613 7317 5500 1513 2475 5818 7907 9458 8041 3201 9126 6700 5500 7040 1702 3667 3546 2282
2140 5622 7202 7178 10186 921 200 3605 6087 3231 7000 6403 1216 2780 3612 7021 6220 4318 8653 6505 5107 6894 5544 6046 4720 7316 2400 8420 1700 0 500 447 2906 6579 5402 9484 1252 2630 5008 5522 5900 1220 2765 5807 4060 1838 948 4148 6212 7825 7100 2884 7691 5246 4904 5433 921 2501 2765 583
2061 5967 7600 7596 10679 1216 412 4104 6552 3667 7406 6800 806 3264 3546 7397 6603 4810 9125 6925 5593 7373 6044 6521 5200 7690 2022 8612 1264 500 0 943 2720 7076 5821 9982 1720 2202 5400 5903 6307 721 3114 6100 4310 1780 1431 4554 6684 8199 7505 3087 8184 5508 5217 5786 707 2927 2701 1063
2370 5400 6811 6868 9767 921 565 3162 5650 2912 6603 6013 1649 2385 3801 6760 5842 3905 8267 6100 4661 6451 5108 5660 4326 7057 2807 8348 2080 447 943 0 3195 6152 5000 9055 921 3059 4627 5147 5503 1664 2435 5643 3956 1923 509 3863 5830 7566 6702 2690 7244 5119 4588 5203 1300 2102 2968 316
900 5300 9913 7366 11374 2433 3001 5643 8502 4162 9687 9124 2051 4393 1104 6823 8982 5818 9464 9154 7333 9154 7242 7049 5950 7072 1315 6806 3328 2906 2720 3195 0 8062 8075 10870 3206 1700 7766 8297 8598 2561 5630 5053 3301 4459 3640 4580 7156 7547 9786 5779 9729 4338 7783 5200 2024 5239 707 3008
7244 4438 5276 3397 3640 6161 6717 3080 3195 3900 5008 4964 7621 3860 7788 4243 5192 2302 2700 4531 2501 2780 1118 1486 2118 4420 8490 7960 8206 6579 7076 6152 8062 0 4341 2906 5403 8875 4804 5048 4632 7789 5515 5262 5522 7433 5731 3733 1565 4669 5053 6555 2370 5544 5900 4295 7140 4964 7409 6020
7184 7291 1843 7291 7375 5643 5414 3000 1392 5047 1612 1076 6612 4205 8393 7854 1063 3905 7025 1104 1931 2370 3478 5200 4440 8112 7802 11031 6428 5402 5821 5000 8075 4341 0 6403 4883 8021 640 707 538 6462 2816 7990 7186 5069 4501 5738 5384 8500 1711 3498 3534 7887 1746 7076 6300 2901 7668 5108
10084 6549 6603 4716 1000 9060 9620 5946 5021 6723 6400 6627 10526 6762 10492 5720 6946 5200 2340 6120 4964 4130 3962 3862 4939 5755 11371 9454 11101 9484 9982 9055 10870 2906 6403 0 8309 11764 6992 7060 6493 10695 8215 7324 8065 10261 8626 6369 3794 5748 6400 9228 3001 7792 8132 6477 10041 7742 10196 8926
2308 4501 6726 5948 8979 824 1431 2563 5315 1992 6493 5943 2220 1555 3546 5842 5824 3114 7405 5953 4197 6020 4410 4801 3482 6140 3195 7576 2952 1252 1720 921 3206 5403 4883 8309 0 3534 4617 5154 5412 2408 2701 4785 3178 2801 854 2942 4964 6648 6592 3244 6706 4301 4802 4300 1749 2147 2789 670
1923 6753 9802 8709 12369 2729 2607 6092 8709 5099 9608 9002 1414 5024 2801 8275 8800 6573 10607 9125 7684 9492 7925 8072 6841 8541 447 8505 2109 2630 2202 3059 1700 8875 8021 11764 3534 0 7600 8100 8509 1627 5303 6612 4792 3546 3568 5748 8207 9033 9707 5141 10231 5913 7368 6624 1802 5124 2256 3036
6888 7420 2202 7596 7955 5336 5000 3047 2012 5032 2022 1403 6200 4140 8159 8095 1216 4081 7502 1615 2319 3001 3863 5536 4652 8363 7406 11126 5922 5008 5400 4627 7766 4804 640 6992 4617 7600 0 538 948 6013 2319 8079 7140 4522 4143 5805 5728 8772 2121 2906 4159 7920 1140 7200 5921 2531 7404 4767
7421 7887 1726 7970 8040 5869 5508 3535 2039 5544 1580 948 6706 4661 8697 8508 700 4522 7731 1280 2624 2973 4176 5887 5077 8770 7915 11610 6378 5522 5903 5147 8297 5048 707 7060 5154 8100 538 0 640 6502 2801 8563 7660 4947 4669 6293 6074 9167 1676 3289 4143 8421 1204 7669 6438 3059 7940 5295
7710 7779 1315 7694 7481 6166 5903 3522 1500 5575 1100 538 7102 4741 8928 8292 583 4386 7283 670 2332 2376 3848 5590 4904 8544 8300 11526 6865 5900 6307 5503 8598 4632 538 6493 5412 8509 948 640 0 6935 3255 8489 7717 5470 5008 6248 5769 8918 1200 3848 3544 8402 1843 7566 6802 3401 8200 5622
2118 6476 8215 8193 11384 1788 1118 4825 7242 4304 8030 7416 538 3962 3535 7940 7202 5515 9800 7566 6307 8077 6762 7200 5889 8228 1565 8895 824 1220 721 1664 2561 7789 6462 10695 2408 1627 6013 6502 6935 0 3701 6537 4709 1972 2147 5147 7360 8736 8130 3517 8900 5907 5742 6306 905 3590 2731 1769
4792 6578 4517 7410 9082 3264 2729 2617 3827 3900 4341 3721 3920 2973 6177 7629 3501 3805 8077 3905 3280 4780 4401 5643 4401 7924 5135 10034 3613 2765 3114 2435 5630 5515 2816 8215 2701 5303 2319 2801 3255 3701 0 7068 5720 2282 2012 4870 5841 8401 4440 1044 5800 6723 2154 6356 3686 728 5366 2640
4712 824 9604 2785 7473 4901 6007 5032 7545 3176 9323 8993 6067 4118 4161 1941 9052 4123 5288 8745 6280 7647 5142 3785 3689 2126 6168 3047 7317 5807 6100 5643 5053 5262 7990 7324 4785 6612 8079 8563 8489 6537 7068 0 1843 7566 5629 2280 3748 2549 9402 7877 7589 721 8765 984 5632 6350 4386 5333
2879 2000 8946 4103 8417 3140 4257 4205 7057 2147 8676 8249 4229 3000 2561 3522 8237 3687 6363 8095 5758 7397 5024 4220 3505 3773 4346 4401 5500 4060 4310 3956 3301 5522 7186 8065 3178 4792 7140 7660 7717 4709 5720 1843 0 5869 4031 1800 4272 4254 8765 6400 7623 1200 7636 1910 3805 5044 2607 3640
3841 7302 6670 8649 11067 2751 1655 4356 6105 4725 6525 5894 2420 4026 5325 8620 5629 5371 9798 6135 5448 7045 6324 7223 5887 8920 3535 10248 1513 1838 1780 1923 4459 7433 5069 10261 2801 3546 4522 4947 5470 1972 2282 7566 5869 0 2009 5714 7409 9425 6621 1702 8028 7040 4010 7100 2483 2545 4481 2236
2785 5315 6319 6649 9360 1252 1029 2701 5141 2716 6107 5522 2158 2061 4167 6611 5359 3522 7925 5600 4162 5946 4669 5323 3982 6911 3313 8430 2475 948 1431 509 3640 5731 4501 8626 854 3568 4143 4669 5008 2147 2012 5629 4031 2009 0 3705 5500 7416 6207 2420 6753 5154 4162 5108 1802 1612 3354 632
3889 1708 7405 3046 6809 3361 4341 2758 5412 1004 7128 6762 4788 1897 4123 2906 6801 1969 4891 6545 4118 5661 3238 2507 1711 3206 5315 5326 5818 4148 4554 3863 4580 3733 5738 6369 2942 5748 5805 6293 6248 5147 4870 2280 1800 5714 3705 0 2594 3712 7211 5748 5830 2163 6489 1486 4294 4143 3883 3590
6420 2927 6603 1941 4219 5608 6381 3224 4465 3111 6324 6177 7093 3448 6711 2701 6350 2061 2441 5798 3453 4244 1923 200 1523 2900 7789 6395 7907 6212 6684 5830 7156 1565 5384 3794 4964 8207 5728 6074 5769 7360 5841 3748 4272 7409 5500 2594 0 3201 6382 6873 3935 4100 6726 2807 6594 5178 6466 5630
7111 2284 9800 1272 5608 6985 8022 5920 7660 4704 9520 9349 8316 5508 6700 806 9501 4743 3436 8986 6586 7427 5103 3360 4143 509 8586 3721 9458 7825 8199 7566 7547 4669 8500 5748 6648 9033 8772 9167 8918 8736 8401 2549 4254 9425 7416 3712 3201 0 9580 9353 6981 3264 9679 2435 7844 7679 6860 7283
8895 8655 223 8323 7400 7354 7102 4561 1920 6618 100 728 8302 5830 10089 9013 1029 5280 7558 670 3124 2376 4481 6220 5738 9244 9500 12408 8041 7100 7505 6702 9786 5053 1711 6400 6592 9707 2121 1676 1200 8130 4440 9402 8765 6621 6207 7211 6382 9580 0 4964 3405 9374 2778 8450 8002 4601 9374 6818
5021 7445 5000 8400 10107 3606 2778 3649 4675 4753 4869 4237 3862 3863 6481 8570 3956 4825 9121 4518 4272 5658 5442 6675 5414 8868 5059 10778 3201 2884 3087 2690 5779 6555 3498 9228 3244 5141 2906 3289 3848 3517 1044 7877 6400 1702 2420 5748 6873 9353 4964 0 6726 7473 2308 7226 3758 1702 5640 2969
8852 6767 3612 5720 4001 7526 7782 4143 2147 5714 3401 3634 8863 5336 9651 6603 3962 4004 4341 3125 2607 1170 2601 3848 4119 6767 9901 10330 9126 7691 8184 7244 9729 2370 3534 3001 6706 10231 4159 4143 3544 8900 5800 7589 7623 8028 6753 5830 3935 6981 3405 6726 0 7810 5280 6609 8430 5500 9141 7209
4026 1264 9568 3400 8008 4328 5445 4891 7566 2906 9291 8920 5423 3841 3440 2624 8949 4118 5852 8708 6276 7761 5281 4104 3769 2828 5470 3312 6700 5246 5508 5119 4338 5544 7887 7792 4301 5913 7920 8421 8402 5907 6723 721 1200 7040 5154 2163 4100 3264 9374 7473 7810 0 8527 1315 5003 6020 3676 4805
6946 8163 2773 8544 9095 5412 4850 3801 3138 5622 2692 2080 6020 4686 8318 8969 1749 4939 8600 2475 3400 4114 4916 6530 5536 9247 7236 11800 5500 4904 5217 4588 7783 5900 1746 8132 4802 7368 1140 1204 1843 5742 2154 8765 7636 4010 4162 6489 6726 9679 2778 2308 5280 8527 0 7940 5824 2662 7514 4792
4701 223 8655 2202 6705 4570 5632 4161 6580 2473 8373 8061 5882 3383 4459 1655 8134 3182 4569 7798 5326 6664 4159 2828 2720 1931 6177 3962 7040 5433 5786 5203 5200 4295 7076 6477 4300 6624 7200 7669 7566 6306 6356 984 1910 7100 5108 1486 2807 2435 8450 7226 6609 1315 7940 0 5412 5629 4500 4909
1360 5578 8109 7334 10688 989 984 4295 6923 3500 7902 7310 500 3280 2842 7051 7134 4841 9027 7400 5882 7692 6158 6444 5161 7337 1513 8023 1702 921 707 1300 2024 7140 6300 10041 1749 1802 5921 6438 6802 905 3686 5632 3805 2483 1802 4294 6594 7844 8002 3758 8430 5003 5824 5412 0 3401 2000 1236
4368 5851 4709 6702 8575 2816 2517 1964 3676 3178 4501 3911 3712 2247 5685 6905 3747 3125 7463 4004 2906 4565 3847 4981 3712 7200 4901 9329 3667 2501 2927 2102 5239 4964 2901 7742 2147 5124 2531 3059 3401 3590 728 6350 5044 2545 1612 4143 5178 7679 4601 1702 5500 6020 2662 5629 3401 0 4904 2236
640 4604 9511 6660 10685 2102 2900 5103 8005 3511 9276 8732 2193 3820 848 6129 8612 5192 8761 8729 6802 8614 6621 6363 5292 6380 1824 6303 3546 2765 2701 2968 707 7409 7668 10196 2789 2256 7404 7940 8200 2731 5366 4386 2607 4481 3354 3883 6466 6860 9374 5640 9141 3676 7514 4500 2000 4904 0 2729
2154 5103 6935 6609 9617 640 761 3088 5688 2657 6718 6140 1655 2202 3551 6477 5983 3748 8070 6203 4648 6456 5000 5464 4140 6774 2745 8032 2282 583 1063 316 3008 6020 5108 8926 670 3036 4767 5295 5622 1769 2640 5333 3640 2236 632 3590 5630 7283 6818 2969 7209 4805 4792 4909 1236 2236 2729 0
# set of given starting solutions
0 50 1 11 17 6 55 10 16 23 46 20 40 13 5 7 21 32 18 41 22 43 28 52 49 56 53 19 58 2 34 54 44 15 27 42 48 35 57 51 47 36 25 29 59 9 37 39 26 31 38 33 8 45 12 4 14 30 24 3 0
0 56 15 11 42 55 23 50 22 33 48 41 43 35 6 45 59 37 38 2 10 26 16 52 8 12 1 36 49 58 54 9 46 57 53 40 44 3 14 13 24 17 19 34 7 5 21 47 29 30 27 31 25 51 4 28 18 20 32 39 0
0 50 57 51 33 24 8 47 21 1 11 13 19 5 43 3 36 9 27 56 28 45 46 26 20 10 40 29 7 16 6 22 42 48 12 44 58 41 25 15 23 53 30 2 52 54 59 31 35 37 17 39 4 55 14 32 18 34 38 49 0
0 47 48 2 24 50 49 55 42 27 43 32 14 1 39 52 58 34 46 28 12 54 3 45 36 15 11 26 13 44 41 23 22 7 20 29 21 31 25 10 18 38 53 37 5 56 59 51 17 57 6 35 8 16 30 9 19 33 4 40 0
0 6 33 37 52 20 59 31 26 35 55 43 4 49 27 7 14 12 57 46 8 28 9 24 39 23 45 36 53 58 38 17 50 25 21 1 47 19 3 10 29 30 15 5 32 51 42 16 54 22 44 56 40 48 34 41 13 18 2 11 0
0 52 22 58 20 35 11 4 55 31 1 5 59 44 17 53 10 46 45 32 47 42 30 24 34 39 15 51 13 3 57 18 26 7 54 12 37 19 14 2 41 27 40 16 28 21 50 23 6 25 48 29 49 56 8 36 38 43 9 33 0
0 1 56 13 43 32 54 19 46 18 55 38 35 36 29 30 45 40 52 59 23 57 33 47 16 14 4 34 42 37 39 15 44 49 53 5 9 17 7 20 28 26 50 8 25 27 21 31 48 3 51 22 11 24 12 58 2 6 41 10 0
0 37 20 48 45 9 2 32 57 52 3 55 58 23 13 14 10 29 39 33 31 4 30 43 46 6 25 1 27 38 50 22 47 42 49 28 16 5 34 40 35 8 17 19 41 56 21 18 11 54 36 59 51 44 53 26 15 12 7 24 0
0 49 31 52 44 34 50 33 19 30 15 53 42 7 25 47 20 48 14 18 37 35 45 43 55 22 54 17 5 24 26 11 51 8 56 57 23 9 16 59 32 21 4 10 2 36 6 58 3 39 29 12 1 46 40 28 13 38 27 41 0
0 31 20 51 38 50 47 3 9 43 54 49 26 48 8 25 5 10 12 1 59 4 56 39 22 13 40 7 27 15 19 46 28 16 52 23 29 42 41 55 17 57 58 11 18 24 30 21 2 44 14 35 53 6 37 34 45 32 33 36 0
0 26 13 36 28 41 43 11 30 52 58 29 44 22 50 55 9 25 7 12 16 53 14 54 59 39 20 27 48 42 8 4 2 18 45 35 46 51 1 19 57 24 21 6 32 15 3 17 47 34 5 40 56 33 10 23 31 49 37 38 0
0 6 16 7 38 12 49 19 17 57 50 20 31 39 15 35 44 21 10 55 11 34 52 27 37 40 29 23 5 51 36 28 45 24 32 3 33 42 41 56 46 54 13 48 9 25 1 22 47 59 53 8 14 30 26 18 43 4 58 2 0
0 18 58 41 36 6 12 59 32 9 54 24 55 1 56 17 3 42 43 15 49 14 21 53 37 25 33 16 57 19 29 45 23 51 26 38 27 47 50 44 39 35 10 11 5 8 31 30 40 46 13 2 52 28 34 4 48 7 20 22 0
0 19 20 4 5 32 39 52 58 9 27 50 17 8 51 1 25 48 33 55 30 18 49 7 21 10 47 36 3 6 35 15 42 11 41 43 28 46 26 37 31 57 24 12 16 38 44 14 45 13 59 34 53 54 2 56 40 23 29 22 0
0 21 56 2 36 41 30 33 38 44 8 4 54 9 53 45 31 6 10 7 49 16 37 12 19 52 48 50 29 1 58 14 59 47 46 15 32 11 39 40 34 57 28 51 35 27 22 18 42 17 13 43 23 55 24 5 3 26 25 20 0
0 44 36 56 35 24 14 5 6 11 10 17 2 23 39 8 51 27 33 40 28 53 38 47 32 4 52 54 3 49 48 55 45 58 21 37 22 29 25 31 59 26 12 50 20 41 16 19 42 46 30 13 1 57 18 43 34 15 7 9 0
0 45 58 4 2 17 23 42 11 27 49 34 32 39 36 46 55 25 43 1 18 44 54 14 29 3 53 30 9 50 5 19 40 35 48 24 16 8 21 37 41 52 28 38 6 33 47 22 57 7 56 12 59 20 15 31 26 10 13 51 0
0 4 56 34 20 24 33 15 51 58 59 11 29 10 28 6 16 14 31 2 53 48 41 55 3 13 8 21 37 47 27 18 26 49 52 43 57 46 12 45 35 32 5 40 7 36 9 39 44 17 23 50 25 1 42 19 22 30 38 54 0
0 52 4 59 2 15 23 47 28 10 56 29 25 35 16 38 7 11 33 6 40 39 27 50 12 14 41 48 19 42 49 31 43 51 58 46 30 22 37 53 26 45 18 5 24 32 8 57 1 3 54 20 21 9 17 36 34 55 44 13 0
0 19 47 49 43 34 46 2 18 7 38 23 12 39 30 54 16 29 5 1 56 22 4 14 51 28 21 36 55 50 53 33 25 8 15 20 57 11 17 24 45 27 26 41 13 3 6 9 59 58 48 44 35 52 40 42 10 31 32 37 0
0 34 54 20 5 41 18 32 9 19 16 3 29 22 26 6 52 23 53 33 1 27 25 44 31 30 11 7 58 39 45 43 35 8 4 50 57 36 49 38 17 42 55 48 15 46 37 51 24 59 28 21 10 56 40 14 12 2 47 13 0
0 5 25 53 27 32 14 48 23 22 55 33 31 15 42 24 51 20 56 18 35 39 21 38 34 44 30 47 4 58 54 49 40 12 50 8 46 16 28 3 13 57 52 10 45 19 43 41 9 2 7 59 1 29 6 37 17 11 26 36 0
0 13 21 11 51 37 9 7 31 16 52 45 26 3 49 5 48 10 54 22 47 59 6 30 18 8 46 32 24 50 19 56 41 58 43 1 14 57 27 17 35 4 2 20 33 40 23 25 36 15 53 38 34 42 28 12 55 29 39 44 0
0 30 21 32 33 42 9 4 40 22 53 15 19 12 24 38 13 23 54 1 7 51 49 57 26 27 16 56 37 39 47 8 17 3 43 25 35 14 50 6 2 31 20 58 11 44 28 18 45 59 52 46 29 34 36 41 48 55 10 5 0
0 46 13 35 43 47 41 10 44 42 34 14 55 52 28 50 38 4 51 32 48 9 57 20 30 56 45 36 8 26 58 24 40 33 3 29 12 25 11 16 6 1 7 22 54 23 17 15 27 49 37 39 31 59 18 53 5 2 19 21 0
0 8 22 1 29 5 36 42 49 7 57 2 50 41 17 30 27 19 32 12 3 43 56 33 40 46 16 31 59 28 15 51 35 18 48 4 58 25 38 14 23 9 26 10 20 37 45 34 24 21 55 54 11 6 52 39 47 53 44 13 0
0 1 33 32 29 25 23 11 19 39 2 55 58 50 35 59 9 4 51 7 38 31 12 22 3 48 14 10 8 18 53 30 21 34 6 17 20 49 56 28 42 5 37 40 47 54 26 45 27 15 41 46 57 36 52 24 44 13 43 16 0
0 3 37 15 35 45 7 55 51 24 5 10 13 58 49 38 30 26 46 36 25 40 54 29 27 17 52 43 48 18 44 22 11 33 39 1 47 41 32 19 59 50 20 56 53 12 31 9 57 16 42 21 14 28 6 8 2 4 34 23 0
0 6 42 22 38 30 49 39 27 44 31 50 1 47 35 21 25 15 51 7 46 52 18 43 55 14 19 4 13 5 40 20 3 28 16 41 33 32 58 45 59 2 57 26 17 37 56 24 8 10 54 36 34 9 29 12 11 23 48 53 0
0 37 52 1 13 40 23 27 4 36 16 35 12 48 55 10 6 30 33 39 22 43 42 2 45 57 25 26 9 24 17 46 59 7 18 53 19 38 56 54 20 15 11 14 28 47 29 32 34 49 21 31 58 50 44 51 41 8 3 5 0
0 39 6 18 25 38 41 43 22 27 21 3 51 14 36 23 12 16 32 33 52 13 57 44 54 53 10 56 20 11 47 19 7 55 8 59 2 29 34 28 45 5 35 58 50 30 42 4 49 15 31 26 37 24 48 9 1 17 40 46 0
0 31 3 50 12 33 14 32 27 44 28 49 13 36 16 43 4 20 37 5 59 23 46 17 58 7 40 1 38 26 35 11 53 42 48 52 9 51 15 34 25 2 18 55 29 54 45 39 8 57 10 22 6 56 24 47 19 21 41 30 0
0 14 44 43 24 36 5 18 40 10 4 6 29 58 49 33 39 42 56 34 41 9 35 15 47 19 20 31 27 48 1 8 59 32 37 50 55 26 16 13 25 38 52 53 22 2 12 7 51 11 28 23 54 3 57 21 17 30 46 45 0
0 40 47 29 20 26 53 44 19 6 21 48 45 23 27 36 38 11 28 43 42 10 9 12 35 5 39 41 32 51 59 4 46 34 8 37 56 58 33 52 14 49 22 55 1 54 50 31 25 24 17 2 16 7 18 57 30 3 13 15 0
0 53 3 35 48 5 59 20 1 36 47 17 44 54 13 56 50 37 12 9 31 46 29 18 25 19 30 49 11 55 15 57 43 8 28 40 42 6 34 7 10 26 38 41 52 23 24 32 4 51 14 2 39 22 27 33 45 58 16 21 0
0 50 28 39 4 10 54 23 25 2 51 47 32 35 40 1 48 38 17 43 6 44 42 18 53 3 55 12 41 7 46 16 30 33 52 31 8 5 57 19 59 27 20 24 14 13 56 36 9 11 21 26 29 49 22 58 34 37 15 45 0
0 31 21 40 22 5 30 33 13 29 25 7 53 44 42 34 6 38 39 46 35 48 32 14 50 52 1 8 26 57 28 2 23 56 27 11 24 10 43 59 54 17 58 19 3 41 49 20 55 18 9 45 36 15 37 47 12 4 16 51 0
0 37 7 43 26 33 45 59 48 54 10 47 42 27 6 46 55 20 18 41 35 21 36 52 53 22 58 38 5 56 14 16 4 29 15 57 40 9 32 12 44 1 13 3 50 51 28 19 30 23 24 11 25 34 8 39 17 2 31 49 0
0 32 17 40 49 41 30 25 27 50 42 31 51 39 7 37 58 54 6 15 56 46 29 14 43 20 22 4 2 44 16 35 52 18 5 10 55 57 12 1 9 11 45 28 3 24 53 59 36 26 33 8 13 47 21 34 48 23 38 19 0
0 55 11 41 54 51 32 37 48 39 4 24 5 15 50 10 40 28 7 3 38 56 8 34 49 44 42 21 27 58 16 17 20 9 31 6 47 1 18 14 46 2 59 52 30 57 29 13 35 23 43 12 53 25 36 33 26 45 19 22 0
0 23 48 21 10 42 27 58 8 15 11 6 5 31 1 36 34 35 18 50 20 41 12 28 7 45 49 37 29 51 39 25 43 46 26 19 16 44 14 4 2 55 13 38 56 33 53 32 24 30 57 22 17 9 54 40 52 59 3 47 0
0 49 36 14 15 59 26 18 54 20 38 29 13 39 31 58 12 42 47 3 51 50 19 25 28 17 46 55 53 10 35 48 32 11 21 30 37 2 9 22 8 44 4 7 5 34 41 52 40 45 56 24 1 6 33 27 16 43 57 23 0
0 34 44 17 37 49 4 11 24 52 38 15 58 7 54 41 1 30 59 21 9 42 6 5 29 28 14 47 12 23 53 55 10 27 45 31 57 43 36 13 50 32 8 2 56 16 39 46 48 20 19 18 33 40 22 35 3 51 26 25 0
0 56 23 42 1 9 11 6 12 5 55 58 47 2 44 32 13 8 50 46 59 53 25 26 34 18 29 27 49 40 20 41 10 48 31 7 39 37 28 30 35 43 4 38 19 3 57 45 54 36 14 52 22 16 17 21 51 33 15 24 0
0 13 56 1 11 8 35 48 2 30 25 5 54 39 17 7 52 14 51 46 9 21 33 43 28 4 20 38 19 3 40 45 37 31 55 42 34 59 41 27 26 47 24 18 57 10 15 32 23 49 16 36 58 29 44 6 50 12 22 53 0
0 30 32 46 24 38 22 52 10 47 53 19 31 56 59 9 8 26 14 37 50 39 35 34 55 33 49 41 3 28 54 40 2 17 1 18 12 58 36 51 25 5 29 13 15 43 57 6 27 44 45 11 48 42 4 16 7 20 23 21 0
0 9 24 58 14 32 11 8 13 34 57 48 15 6 50 22 46 7 21 55 23 35 17 29 16 44 30 47 10 26 19 42 28 53 20 18 52 45 51 27 40 49 5 37 12 33 59 3 25 41 56 38 43 2 31 1 54 4 39 36 0
0 16 30 6 36 13 48 58 24 10 35 46 43 47 54 8 49 7 31 1 12 34 26 33 53 17 37 5 57 4 55 27 11 40 28 29 41 9 50 2 38 18 3 44 42 56 59 25 19 22 39 51 23 15 32 21 20 14 52 45 0
0 19 26 6 4 45 38 58 36 32 2 39 28 40 24 44 34 31 41 46 13 48 50 49 59 37 3 52 27 14 29 23 43 5 57 51 7 54 10 30 17 33 15 56 8 20 42 1 9 22 25 55 12 47 21 16 18 53 11 35 0
0 32 59 36 23 33 56 19 26 2 48 17 7 18 4 8 41 44 45 21 47 27 31 20 1 49 5 54 25 6 30 15 14 10 55 28 29 50 46 37 24 22 16 51 52 35 40 39 42 53 13 11 34 57 3 9 12 38 43 58 0
0 31 35 15 12 26 53 50 22 40 7 10 5 38 29 20 34 48 36 4 25 47 3 51 32 46 56 6 57 14 1 24 8 2 55 33 13 49 28 43 19 16 23 41 17 42 18 44 59 11 54 30 52 37 9 39 21 27 58 45 0
0 14 10 28 3 25 21 17 56 15 52 48 41 24 1 35 32 4 19 42 27 33 47 18 40 31 43 39 45 5 9 37 59 50 26 8 6 49 7 54 46 44 12 58 20 51 55 34 57 16 13 36 23 30 38 53 2 22 29 11 0
0 40 10 11 1 9 46 20 22 6 34 51 35 53 15 39 13 29 52 38 17 23 41 55 32 49 54 59 28 14 19 7 33 43 37 27 42 3 12 18 45 8 58 2 47 36 26 57 24 48 30 50 31 21 16 5 56 25 44 4 0
0 28 53 22 50 38 54 34 46 3 16 19 14 5 15 33 41 25 8 4 43 49 40 31 1 6 23 37 21 35 27 26 57 20 45 18 39 58 12 11 52 30 32 51 47 55 59 9 44 36 2 56 13 10 42 7 17 48 24 29 0
0 27 1 23 2 11 21 49 51 50 6 29 36 33 4 52 41 14 28 44 7 37 13 8 57 54 47 22 35 48 31 20 12 15 26 56 43 39 32 18 19 34 59 30 10 58 16 25 38 24 5 55 3 46 53 9 17 42 45 40 0
0 48 34 52 43 49 59 28 37 45 27 35 47 32 20 50 30 42 14 15 29 2 4 16 55 41 38 25 54 36 1 56 6 3 44 23 24 31 51 22 53 11 10 13 21 5 58 39 9 12 7 8 57 33 26 17 40 18 46 19 0
0 21 40 48 1 54 38 3 37 39 53 18 27 11 36 45 46 30 59 32 31 19 17 15 58 41 24 28 56 23 35 2 13 50 10 34 43 20 22 44 47 42 7 49 57 25 8 9 55 6 52 5 26 51 4 12 16 33 14 29 0
0 6 38 27 19 18 11 34 36 13 45 23 53 44 43 59 10 40 49 8 25 21 56 26 20 24 5 9 2 55 15 28 57 41 33 37 31 3 29 7 42 30 52 51 58 1 4 32 12 17 16 46 35 14 39 22 54 50 48 47 0
0 18 14 36 38 17 51 13 59 2 30 50 8 58 3 45 15 52 53 5 31 27 49 40 43 39 19 25 4 54 9 7 23 55 37 1 57 34 33 44 42 6 28 48 29 20 16 46 32 22 12 11 21 35 41 10 47 24 56 26 0
0 30 17 32 48 35 54 26 12 5 8 31 58 15 46 37 33 19 14 16 36 27 34 23 44 47 28 49 24 42 50 29 25 13 11 2 57 55 40 41 45 56 6 22 59 18 3 39 4 38 1 43 53 21 9 52 20 10 51 7 0
0 51 5 46 55 17 34 15 12 10 4 14 20 54 26 28 29 11 30 52 32 13 31 44 7 50 22 25 1 8 37 16 41 36 18 40 9 24 45 23 35 2 48 47 57 43 39 49 59 56 38 3 53 19 33 27 21 6 58 42 0
0 8 4 34 47 27 42 20 11 49 22 12 54 13 28 29 10 19 14 6 35 41 18 39 1 23 58 16 38 5 44 24 48 57 3 40 46 21 37 2 7 15 31 25 36 17 9 56 59 50 30 43 51 33 45 55 26 53 52 32 0
0 53 54 25 29 7 12 23 20 24 1 57 5 10 46 15 37 50 26 16 35 9 28 13 38 27 18 30 42 44 17 14 33 34 48 55 3 39 2 51 31 40 8 19 56 59 36 47 32 21 6 58 49 52 41 43 22 45 11 4 0
0 2 21 7 23 57 42 22 24 37 9 38 36 46 53 32 35 47 11 52 43 18 30 40 1 31 5 6 59 54 26 44 16 20 55 39 48 15 17 33 14 29 8 45 34 58 49 51 3 4 25 41 13 50 12 10 27 28 56 19 0
0 56 44 33 7 47 46 51 1 45 50 57 21 58 25 19 27 52 43 22 13 34 16 31 39 29 4 40 59 24 9 23 28 54 17 2 8 55 5 15 42 32 12 30 10 35 18 11 14 36 20 6 38 53 37 48 26 41 49 3 0
0 2 28 38 52 37 34 7 20 22 1 3 26 14 16 21 25 9 35 44 50 48 31 19 5 43 58 47 29 40 6 51 15 39 8 23 41 54 49 17 57 59 36 11 53 4 33 13 12 46 24 56 27 32 18 42 30 55 45 10 0
0 39 11 30 2 8 18 27 5 53 33 26 48 13 32 28 46 56 20 22 34 45 9 1 50 51 10 19 37 24 58 35 6 59 14 7 44 23 57 17 25 47 55 31 49 38 43 41 15 42 52 40 12 36 54 16 21 29 4 3 0
0 9 47 28 16 43 38 27 56 6 20 5 49 26 52 15 12 48 1 11 45 53 18 39 35 2 54 55 30 50 37 14 44 34 17 46 3 10 33 19 7 40 22 25 36 21 24 57 59 23 51 32 42 58 4 8 41 31 29 13 0
0 9 58 34 48 7 23 3 44 15 45 27 43 55 14 31 16 10 35 54 8 38 29 24 52 46 21 17 49 1 22 2 18 33 50 47 53 28 12 32 36 25 42 56 51 13 57 20 5 39 6 19 11 26 37 4 59 41 30 40 0
0 50 19 51 48 28 46 20 36 4 55 41 16 24 17 32 21 44 45 10 40 52 15 54 5 42 11 27 30 8 56 47 37 22 58 39 43 3 53 49 23 9 6 29 31 34 26 18 13 33 14 35 38 59 2 25 57 12 7 1 0
0 52 48 40 9 51 18 49 38 35 31 11 1 26 39 28 37 20 36 6 45 55 12 22 7 16 19 42 8 33 21 59 24 4 50 53 47 14 30 17 29 54 44 32 10 25 23 46 56 34 27 3 57 13 15 5 43 58 2 41 0
0 24 34 36 21 13 54 37 26 19 9 10 6 14 25 53 55 3 22 41 47 8 56 18 46 58 15 32 38 4 5 17 39 12 2 51 42 29 40 44 20 50 35 59 31 30 28 48 23 45 49 11 16 33 1 52 43 27 57 7 0
0 9 25 51 19 17 22 13 39 15 4 46 40 31 49 5 23 7 42 36 48 43 47 55 56 10 3 16 18 59 33 21 28 24 14 32 50 26 27 58 53 6 8 12 52 30 20 54 34 1 11 35 44 37 38 41 2 57 29 45 0
0 9 47 7 10 37 27 21 41 53 32 49 12 6 13 48 52 36 25 50 20 19 42 24 15 59 5 40 23 22 26 17 55 11 4 38 43 18 58 57 39 45 1 16 29 44 51 28 31 35 14 8 54 34 46 30 2 3 33 56 0
0 50 24 20 54 7 36 3 8 12 47 48 17 33 25 18 46 31 29 5 35 22 51 42 11 26 59 23 27 2 15 32 43 13 40 44 16 34 38 6 56 28 10 37 14 52 58 21 45 55 39 49 4 9 53 41 1 57 30 19 0
0 15 40 59 47 17 16 26 35 25 55 50 19 9 23 52 13 44 46 34 5 51 45 33 37 6 11 49 21 1 12 54 14 53 24 41 8 22 20 27 28 48 39 57 36 38 29 42 30 31 3 10 7 2 43 58 18 56 4 32 0
0 5 8 21 39 59 44 20 32 46 51 25 10 6 48 55 49 34 12 9 27 22 52 13 38 57 54 50 53 15 4 37 17 58 11 23 47 31 36 3 33 1 18 26 42 56 40 7 43 35 24 19 29 14 41 28 45 16 2 30 0
0 40 16 28 42 57 34 41 3 30 9 33 44 54 55 27 17 2 21 25 23 53 51 7 8 6 56 52 5 29 24 59 26 49 32 14 46 10 50 13 39 45 48 20 58 43 11 35 31 47 15 22 1 37 12 4 38 36 19 18 0
0 40 45 42 49 11 47 15 9 38 35 12 3 2 26 20 13 30 24 52 36 53 7 41 31 56 29 57 19 8 4 37 21 25 5 55 46 50 22 14 16 23 59 17 27 48 28 34 10 39 33 58 51 6 44 1 54 43 18 32 0
0 30 1 55 47 58 16 15 35 48 50 39 36 40 53 32 21 38 2 11 42 8 59 44 37 31 24 34 45 7 33 14 57 17 54 26 19 6 28 13 56 49 9 52 51 29 25 5 43 10 12 20 18 3 23 4 41 22 27 46 0
0 22 18 30 8 44 49 58 34 26 54 20 12 15 24 19 40 31 36 37 29 41 21 46 50 13 57 3 17 53 14 6 2 35 42 5 59 47 55 45 27 38 25 1 48 16 28 10 7 23 11 32 39 51 4 56 9 33 43 52 0
0 15 38 7 2 3 24 27 13 5 52 18 17 29 16 58 20 43 32 57 11 22 9 47 55 45 46 40 49 12 19 25 59 14 42 39 10 35 50 33 30 34 54 26 53 51 37 31 44 8 21 56 28 23 6 1 41 4 48 36 0
0 3 43 10 11 56 26 51 12 25 15 1 59 58 4 14 39 50 2 20 9 31 57 8 18 55 42 22 6 40 24 13 48 30 28 34 29 49 23 45 19 21 46 27 16 35 32 37 44 53 7 33 54 17 5 41 36 47 52 38 0
0 8 20 32 14 44 12 37 58 11 57 13 10 18 28 53 5 35 31 39 33 47 6 1 55 4 49 26 46 38 17 15 50 22 54 59 21 9 40 7 45 27 25 42 41 29 30 56 48 34 3 51 16 24 19 52 36 23 43 2 0
0 44 3 49 11 16 26 1 23 5 27 53 55 57 7 33 59 6 25 10 24 56 14 17 32 52 2 18 46 45 22 28 21 39 38 30 9 42 58 37 29 35 43 12 4 54 13 51 50 20 31 48 15 34 41 19 40 36 8 47 0
0 19 37 27 40 36 52 14 13 45 57 15 11 47 25 54 35 26 31 12 50 33 49 24 28 34 8 48 10 17 59 51 42 7 44 20 55 56 16 9 6 29 2 39 58 46 38 5 21 1 23 3 41 53 22 18 32 4 30 43 0
0 6 55 46 40 58 47 12 24 4 22 45 34 29 32 25 48 5 15 27 39 51 52 44 16 13 7 26 42 35 53 59 19 49 23 21 30 8 36 3 14 50 37 20 41 43 28 33 57 38 10 18 2 54 11 56 31 17 1 9 0
0 35 11 22 56 32 36 49 43 41 50 45 33 2 44 57 34 55 42 59 20 29 4 8 13 10 7 23 3 48 24 9 6 38 28 21 54 53 5 17 46 47 26 52 18 14 12 25 40 39 16 1 37 51 58 31 27 15 19 30 0
0 34 31 13 23 7 49 57 43 6 50 16 54 37 40 17 28 20 39 35 58 25 53 19 15 18 10 33 59 38 42 27 26 14 36 46 52 11 9 41 3 1 2 56 55 21 45 8 32 48 12 44 29 4 24 30 47 51 5 22 0
0 36 51 5 33 6 43 54 20 15 30 12 23 45 44 19 2 4 1 59 53 24 48 49 13 58 35 52 41 22 26 9 55 56 50 29 46 57 7 18 39 8 27 42 28 32 21 14 47 31 38 34 40 10 3 25 37 16 11 17 0
0 2 17 9 37 12 48 26 35 41 7 16 6 54 1 28 14 27 47 44 8 45 4 10 20 24 40 23 38 15 56 39 18 3 43 36 32 57 55 5 49 46 21 52 34 50 31 51 25 13 29 11 58 33 42 59 53 30 19 22 0
0 46 51 20 12 49 39 31 23 5 53 43 29 25 1 9 30 57 26 42 38 47 8 37 2 11 27 45 32 15 52 24 58 28 40 6 18 21 34 41 55 10 4 44 13 22 33 17 48 14 19 3 16 50 56 7 59 36 54 35 0
0 57 25 46 9 3 56 37 45 20 4 23 41 7 28 21 14 18 10 43 30 36 42 58 6 29 53 26 22 8 55 11 1 31 44 5 59 50 16 19 17 2 12 52 38 48 13 27 47 32 39 51 34 35 33 49 24 15 54 40 0
0 19 52 2 59 32 45 49 20 1 33 42 17 25 7 35 18 23 38 15 48 29 6 37 13 57 34 14 28 36 41 58 21 8 3 43 51 44 26 30 50 12 5 22 11 53 27 55 10 40 54 24 31 16 46 47 39 4 56 9 0
0 17 54 36 40 51 38 19 9 27 31 3 55 50 44 46 41 21 32 28 12 47 16 34 2 25 48 11 43 13 30 35 23 37 24 15 52 14 58 10 20 33 59 18 22 49 4 45 7 26 42 56 53 39 57 5 1 29 8 6 0
0 45 57 24 28 33 9 6 36 2 37 46 8 14 13 54 7 12 10 53 59 50 44 51 3 21 39 40 27 11 34 31 23 17 26 22 42 35 19 20 5 52 18 15 4 56 48 25 29 58 16 41 43 30 32 55 38 1 47 49 0
0 46 43 3 21 24 17 36 39 58 45 10 42 59 14 30 57 13 8 19 16 56 53 54 29 41 28 6 9 4 40 5 35 34 15 44 22 27 38 26 25 48 7 31 32 50 18 47 20 49 2 11 51 23 55 52 1 37 33 12 0
0 43 45 13 1 15 5 46 35 53 24 38 19 54 44 20 41 59 23 57 55 42 50 8 27 56 30 58 51 3 9 2 52 14 4 25 6 22 37 12 16 49 32 47 28 17 29 36 11 7 31 40 10 18 26 34 33 21 39 48 0
0 30 59 24 7 49 43 21 12 29 5 6 28 31 1 44 33 36 46 40 32 47 23 16 13 17 18 15 56 52 37 41 25 55 3 42 2 34 35 4 26 20 39 51 22 58 10 38 48 14 54 9 45 8 11 19 50 57 27 53 0
0 20 40 14 42 6 28 3 47 35 59 45 41 15 37 44 7 53 11 31 18 32 21 56 5 4 33 46 54 43 52 23 10 48 2 8 24 34 26 1 29 51 13 57 27 12 49 17 39 36 30 19 38 25 9 22 16 50 58 55 0
0 8 9 22 59 20 28 35 41 33 11 55 57 54 52 38 18 40 56 53 4 6 1 34 50 51 45 29 47 32 25 21 13 14 37 27 31 10 43 58 36 49 23 39 2 26 12 44 42 16 46 15 17 7 24 48 19 5 3 30 0
0 18 22 23 30 54 28 48 59 51 31 35 11 29 56 53 58 26 39 50 36 44 12 16 14 45 32 55 27 40 41 57 38 49 24 21 10 5 13 2 15 47 9 1 3 6 33 17 4 8 37 25 34 7 46 20 43 42 19 52 0
0 35 58 54 16 25 13 20 37 27 55 40 29 30 52 41 56 24 17 1 44 6 15 39 21 50 34 23 10 43 48 22 32 18 59 14 28 4 12 49 3 33 9 11 57 38 46 19 7 45 31 26 2 42 5 8 36 51 47 53 0
0 32 35 33 7 12 46 37 38 40 59 53 42 8 31 11 58 5 4 34 22 49 9 10 14 55 20 17 47 1 51 21 36 39 15 13 48 3 26 2 50 19 6 18 43 24 54 28 57 23 41 52 25 27 16 29 44 45 56 30 0
0 52 25 28 9 6 22 54 44 10 27 36 4 23 48 41 37 56 55 35 8 18 11 43 12 45 31 58 49 15 26 30 3 14 33 32 38 39 51 42 34 2 13 21 19 16 24 57 29 5 59 20 7 53 17 47 1 46 50 40 0
0 9 54 25 20 28 1 51 52 18 32 34 35 38 50 47 4 41 29 56 57 6 13 21 22 3 8 58 11 19 30 14 39 23 48 46 7 24 2 44 49 59 17 10 33 15 43 5 27 37 55 42 12 45 36 53 31 16 26 40 0
0 1 28 54 46 33 24 3 32 9 5 47 8 35 44 25 7 23 56 29 51 43 57 50 20 38 37 59 15 31 22 36 30 13 34 12 21 11 27 42 18 4 49 16 26 45 52 19 58 40 41 55 39 48 10 2 14 6 53 17 0
0 19 12 25 14 28 40 3 26 48 7 46 55 58 44 36 43 59 42 37 32 11 23 21 6 31 38 1 24 49 41 39 8 27 53 34 45 16 33 50 15 56 17 30 9 10 18 22 35 5 29 52 20 2 13 57 54 47 4 51 0
0 58 18 39 46 35 55 40 10 12 15 1 44 38 26 11 57 9 33 48 32 51 23 22 24 28 41 42 50 25 21 36 13 30 53 52 3 20 56 59 43 5 47 37 19 16 8 49 17 7 2 31 27 45 6 54 14 4 34 29 0
0 31 26 50 17 27 42 41 55 37 51 2 45 46 18 20 59 58 52 54 28 3 36 43 44 5 4 1 38 19 8 47 14 57 48 16 7 40 33 39 53 10 29 22 35 32 6 21 15 49 25 56 23 12 34 11 9 30 24 13 0
0 26 21 8 36 31 38 4 32 18 34 23 14 17 28 43 49 53 19 29 47 2 37 24 3 54 9 58 5 56 41 13 44 39 12 52 22 30 59 48 11 40 55 6 50 7 16 33 45 27 46 20 35 10 1 42 57 25 15 51 0
0 26 40 1 6 17 39 18 24 14 56 11 3 38 8 34 33 43 59 7 48 31 2 37 53 27 46 4 30 22 10 15 44 25 49 13 9 41 55 20 42 54 12 16 50 32 58 23 35 19 57 29 28 51 52 21 5 47 36 45 0
0 5 9 51 1 24 45 40 36 47 39 41 25 37 3 27 42 46 38 21 19 35 52 18 58 22 31 53 54 56 17 20 26 16 33 14 11 48 43 28 55 7 8 29 32 6 50 10 57 15 12 4 59 44 23 13 49 2 34 30 0
0 13 47 16 10 53 33 8 2 5 7 6 25 52 42 3 4 59 35 30 48 56 29 49 27 20 40 54 19 58 46 14 23 11 21 57 12 26 24 39 15 50 43 18 36 1 41 32 55 45 37 44 28 31 9 22 38 17 34 51 0
0 38 30 4 58 39 3 10 29 6 46 48 12 21 36 23 37 35 26 16 56 33 20 57 2 34 19 5 7 15 59 13 17 41 18 49 28 51 50 14 42 40 24 43 1 32 8 27 53 11 52 47 54 22 31 44 25 55 45 9 0
0 6 49 44 23 27 56 52 12 39 35 13 36 50 18 45 46 9 26 40 22 17 47 15 37 30 28 58 20 5 10 8 32 41 33 1 55 54 3 42 16 7 53 25 2 48 14 11 31 38 29 4 57 19 51 21 24 34 43 59 0
0 46 38 1 44 18 5 37 48 23 21 43 30 45 24 2 4 26 53 50 16 7 25 12 39 8 49 20 47 52 57 56 14 40 32 29 59 54 55 33 3 11 19 41 28 31 6 42 9 10 51 36 34 17 35 15 13 58 27 22 0
0 4 5 35 30 18 20 6 29 25 52 7 15 45 55 50 28 58 33 31 27 2 48 38 16 47 56 37 59 11 9 44 13 19 1 3 57 49 21 17 34 22 8 46 41 23 14 36 24 39 40 32 42 51 10 53 26 12 54 43 0
0 30 9 10 32 46 25 21 35 37 36 48 3 18 56 53 1 15 5 58 12 26 51 2 13 28 38 8 34 49 47 17 31 54 41 44 7 43 20 16 27 45 39 59 55 52 11 42 22 29 50 40 57 24 4 6 14 19 23 33 0
0 15 41 12 47 36 52 50 8 22 1 58 37 5 17 26 21 6 11 28 19 14 29 34 44 13 55 16 45 18 2 53 48 3 43 25 24 39 57 35 4 31 7 42 10 54 49 59 32 9 46 56 20 27 40 30 33 38 23 51 0
0 51 28 45 58 39 13 21 53 8 26 20 54 32 6 56 15 25 2 57 52 46 59 16 37 5 3 40 34 22 27 41 24 49 50 55 48 11 47 7 43 18 9 12 10 36 35 14 31 29 19 30 1 44 42 17 33 23 38 4 0
0 47 14 5 49 16 25 2 15 18 41 10 42 58 7 26 51 27 54 33 50 1 31 13 38 37 35 59 57 43 3 21 28 9 36 8 34 53 48 4 40 17 6 55 30 39 46 29 19 23 12 22 20 44 32 11 24 45 52 56 0
0 38 4 37 35 54 26 14 41 15 27 22 59 12 30 16 25 39 40 2 33 17 6 32 13 50 43 52 47 1 46 49 28 29 5 10 57 36 21 31 55 24 44 53 42 20 7 19 45 48 34 3 9 56 11 58 18 23 8 51 0
0 41 38 56 58 54 36 59 7 32 2 45 22 24 46 5 12 21 42 51 9 25 15 3 44 43 30 26 50 35 6 18 55 57 10 49 37 13 48 39 53 31 8 34 11 29 16 1 47 14 40 19 52 33 20 27 17 4 23 28 0
0 58 57 6 40 12 48 38 45 8 16 51 24 30 54 26 10 22 13 53 3 37 18 21 33 55 34 39 9 4 28 1 44 47 59 35 32 17 20 23 7 5 52 31 49 46 14 43 15 2 41 42 25 36 19 56 50 29 27 11 0
0 33 54 13 30 12 23 32 38 58 39 17 48 45 50 22 15 42 36 1 49 21 18 16 37 5 52 56 29 34 53 6 51 26 14 19 41 9 27 4 47 55 11 59 25 31 3 40 28 35 10 8 20 7 43 57 2 46 44 24 0
0 36 19 24 13 14 18 29 1 40 4 34 31 16 6 46 57 12 10 22 53 27 5 30 25 33 58 15 49 37 9 59 44 52 28 48 38 3 39 8 51 56 7 23 2 42 26 35 41 50 45 21 20 17 11 32 54 55 43 47 0
0 16 29 9 39 13 50 42 43 23 51 1 53 46 54 56 58 49 18 59 38 25 4 6 33 32 7 55 31 40 22 24 12 35 52 14 5 41 34 57 48 17 47 10 44 45 21 27 20 2 3 15 26 8 36 37 11 28 30 19 0
