# n n_solutions
60 1000
# n x n distance matrix
0 5300 1802 4609 3900 1486 4640 4219 3301 5456 2915 5099 5098 6013 4850 2061 3753 5448 6140 5889 3780 2745 2247 4548 583 2012 5234 5481 5412 5464 3573 3300 6053 5360 5852 3443 3721 2220 824 2692 4382 4588 4494 447 4720 3041 4118 3807 5954 5456 3544 3584 6185 4440 3894 4308 3807 3280 2865 2549
5300 0 6453 9526 4373 6762 1615 4827 8169 10718 8163 7731 6519 8757 9411 6168 1615 8321 2505 8220 5554 6933 3323 8122 5099 7144 6718 10602 9805 200 4295 8207 2418 5980 6740 4753 8266 5060 4545 3634 9682 1802 2024 4909 5921 7203 6319 7602 8318 10744 5308 1769 9408 9454 5869 5968 8296 2353 7009 7636
1802 6453 0 4933 5700 1303 6126 6020 3894 5035 2886 6603 4031 7420 5500 3535 5077 6860 7707 7409 2942 984 3860 5805 1552 1000 4114 5414 6129 6585 3373 3847 7615 7138 7596 3014 1964 1772 2118 4440 3765 5300 6053 2202 3832 4252 5793 2061 7462 4569 5315 4686 7424 4657 2912 6044 4661 4792 4123 1300
4609 9527 4933 0 6228 3687 8411 6155 1360 2121 2061 4272 8953 4404 1019 3400 7911 4044 9521 4866 7858 5636 6203 2912 5100 3992 9024 1303 1565 9714 8039 1334 9462 6414 6356 7792 5403 6477 5423 6041 2416 9141 8112 4850 8764 2549 4687 6466 4850 3337 5162 7981 3832 360 7844 5243 1500 7209 2701 4031
3900 4373 5700 6228 0 5099 2807 500 5032 7981 5682 3401 8229 4404 5768 3052 3130 4004 3401 3847 6887 6618 2332 4049 4229 5770 8407 7494 5994 4570 6046 5108 3361 1838 2561 6226 7610 5502 3785 1476 7343 5110 2402 3505 7702 3679 2022 7652 3945 8547 1118 3744 5115 6293 7117 1603 4763 2385 3535 6296
1486 6762 1303 3687 5099 0 6121 5333 2594 4110 1700 5456 5322 6212 4204 2473 5234 5660 7600 6260 4176 2193 3720 4560 1700 707 5412 4310 4830 6920 4400 2549 7516 6307 6675 4119 2668 2807 2220 4071 2952 5909 5964 1920 5092 3023 4805 3220 6306 3982 4500 5021 6161 3436 4178 5135 3360 4762 2915 1204
4640 1615 6126 8411 2807 6121 0 3238 7083 9823 7300 6200 7169 7211 8170 5011 1200 6800 1627 6648 6003 6800 2408 6708 4614 6628 7368 9571 8507 1802 4837 7134 1529 4365 5126 5208 8062 5099 4031 2370 8910 2884 412 4201 6575 5961 4801 7640 6747 10044 3811 1923 7902 8386 6300 4410 7077 1360 5777 7156
4219 4827 6020 6155 500 5333 3238 0 5021 7987 5777 3026 8683 4001 5622 3138 3623 3634 3668 3413 7335 6958 2801 3801 4589 6020 8858 7441 5798 5021 6521 5103 3640 1345 2061 6688 7900 5923 4176 1941 7424 5608 2828 3847 8163 3623 1708 8006 3512 8632 1000 4243 4751 6247 7558 1216 4666 2884 3500 6537
3301 8170 3894 1360 5032 2594 7083 5021 0 2968 1341 3701 7915 4148 1615 2080 6554 3667 8246 4428 6741 4720 4846 2451 3820 3061 8006 2500 2236 8357 6806 100 8183 5478 5554 6596 4780 5288 4101 4716 2617 7792 6795 3512 7669 1431 3733 5663 4440 3785 4022 6621 3846 1303 6762 4254 894 5860 1526 3255
5456 10718 5035 2121 7981 4110 9823 7987 2968 0 2555 6378 8757 6519 3101 4957 9126 6165 11103 6987 7900 5407 7463 5021 5793 4044 8782 1077 3522 10890 8400 2884 11034 8409 8415 8049 4684 6789 6264 7507 1303 10008 9577 5818 8709 4390 6664 5943 6971 1442 6988 9035 5903 1868 7802 7200 3511 8521 4494 3801
2915 8163 2886 2061 5682 1700 7300 5777 1341 2555 0 4949 6894 5470 2765 2640 6573 4972 8636 5707 5824 3577 4920 3764 3298 1931 6963 2617 3405 8335 6100 1252 8562 6453 6637 5813 3471 4504 3733 5024 1664 7494 7072 3264 6718 2500 4751 4440 5727 2865 4810 6484 5187 1772 5797 5217 2235 5981 2507 2000
5099 7731 6603 4272 3401 5456 6200 3026 3701 6378 4949 0 10182 1044 3401 3080 6334 608 6670 806 8840 7580 4976 1360 5658 6132 10324 5536 3301 7930 8381 3801 6649 2523 2202 8386 8077 7283 5531 4272 6303 8190 5800 4951 9767 2500 1414 8645 860 7432 2433 6800 1726 4512 8980 1811 2915 5531 2563 6519
5098 6519 4031 8953 8229 5322 7169 8683 7915 8757 6894 10182 0 11112 9526 7158 5983 10547 8728 10962 1360 3373 5903 9621 4527 4964 200 9316 10151 6537 2334 7871 8628 9998 10623 2024 4210 2900 4686 6753 7454 4738 7334 5234 600 8080 9090 2915 11031 7902 8323 5246 11261 8664 1204 9160 8645 6264 7920 5021
6013 8757 7420 4404 4404 6212 7211 4001 4148 6519 5470 1044 11112 0 3423 3959 7375 565 7595 721 9783 8381 6016 1708 6585 6860 11248 5573 3132 8956 9374 4244 7580 3289 2778 9360 8765 8221 6500 5316 6648 9234 6805 5903 10716 3190 2451 9430 640 7705 3470 7844 921 4700 9908 2801 3275 6573 3301 7200
4850 9411 5500 1019 5768 4204 8170 5622 1615 3101 2765 3401 9526 3423 0 3255 7810 3104 9141 3928 8356 6296 6118 2059 5393 4632 9614 2158 640 9604 8395 1655 9091 5700 5556 8200 6222 6896 5622 5818 3417 9219 7839 5008 9284 2213 4031 7200 3905 4356 4661 7976 2816 1360 8377 4596 1118 7060 2404 4763
2061 6168 3535 3400 3052 2473 5011 3138 2080 4957 2640 3080 7158 3959 3255 0 4560 3394 6171 3883 5841 4517 2863 2505 2640 3178 7291 4580 3705 6360 5546 2140 6107 3911 4219 5470 5141 4280 2640 2641 4294 6000 4716 2012 6780 1104 2334 5590 3940 5500 2184 4726 4134 3383 5954 2700 2137 3827 905 3634
3753 1615 5077 7911 3130 5234 1200 3623 6554 9126 6573 6334 5983 7375 7810 4560 0 6905 2816 6896 4804 5685 1708 6600 3623 5671 6180 8989 8220 1802 3649 6592 2716 4909 5660 4011 6977 3929 3047 2102 8121 2000 1360 3342 5393 5608 4924 6484 6992 9209 3905 761 7962 7839 5100 4648 6694 806 5412 6184
5448 8321 6860 4044 4004 5660 6800 3634 3667 6165 4972 608 10546 565 3104 3394 6905 0 7278 824 9219 7823 5502 1216 6020 6312 10682 5262 2906 8521 8820 3765 7256 3088 2690 8800 8229 7657 5940 4827 6212 8736 6400 5341 10153 2641 2002 8874 806 7300 3014 7349 1118 4318 9342 2418 2816 6100 2745 6664
6140 2505 7707 9521 3401 7600 1627 3668 8246 11103 8636 6670 8728 7595 9141 6171 2816 7278 0 6946 7600 8411 3894 7446 6173 8148 8927 10744 9391 2607 6407 8309 100 4401 5103 6800 9656 6726 5594 3612 10282 4205 1655 5693 8130 6989 5375 9264 7045 11447 4518 3500 8395 9542 7902 4876 8099 2915 6824 8682
5889 8220 7409 4866 3847 6260 6648 3413 4428 6987 5707 806 10962 721 3928 3883 6896 824 6946 0 9616 8386 5635 2000 6444 6935 11107 6086 3716 8417 9121 4527 6935 2596 2059 9143 8876 8062 6296 4884 7002 8801 6239 5728 10538 3289 2012 9451 100 8105 3008 7409 1640 5135 9762 2256 3601 6103 3361 7316
3780 5554 2942 7858 6887 4176 6003 7335 6741 7900 5824 8840 1360 9783 8356 5841 4804 9219 7600 9616 0 2531 4569 8323 3201 3931 1526 8348 8969 5604 1264 6706 7500 8645 9264 806 3676 1562 3330 5412 6603 3862 6129 3889 943 6795 7733 2523 9687 7218 6963 4101 9962 7592 316 7800 7424 5000 6628 4100
2745 6933 984 5636 6618 2193 6800 6958 4720 5407 3577 7580 3373 8381 6296 4517 5685 7823 8411 8386 2531 0 4652 6747 2400 1664 3420 5943 6933 7045 3312 4661 8316 8102 8572 2863 1345 1910 2915 5303 4104 5586 6772 3114 3301 5200 6777 1077 8438 4687 6281 5197 8354 5331 2402 7021 5531 5508 5080 1649
2247 3323 3860 6203 2332 3720 2408 2801 4846 7463 4920 4976 5903 6016 6118 2863 1708 5502 3894 5635 4569 4652 0 5035 2308 4254 6083 7289 6548 3510 3720 4884 3807 4140 4816 3894 5824 3255 1746 860 6511 3255 2247 1802 5370 3931 3623 5608 5724 7638 2662 1902 6500 6132 4810 3500 5000 1063 3733 4788
4548 8122 5805 2912 4049 4560 6708 3801 2451 5021 3764 1360 9621 1708 2059 2505 6600 1216 7446 2000 8323 6747 5035 0 5131 5186 9745 4178 2051 8321 8048 2549 7409 3679 3498 7975 7071 6767 5142 4501 5003 8287 6334 4517 9265 1555 2109 7780 2002 6107 2941 6935 1640 3157 8420 2662 1603 5800 1702 5507
583 5099 1552 5100 4229 1700 4614 4589 3820 5793 3298 5658 4527 6585 5393 2640 3623 6020 6173 6444 3201 2400 2308 5131 0 2051 4666 5903 5966 5249 3008 3811 6083 5787 6315 2863 3516 1640 583 2906 4652 4215 4518 761 4140 3623 4632 3423 6511 5661 3992 3342 6767 4909 3324 4785 4368 3264 3448 2561
2012 7144 1000 3992 5770 707 6628 6020 3061 4044 1931 6132 4964 6860 4632 3178 5671 6312 8148 6935 3931 1664 4254 5186 2051 0 5032 4418 5269 7291 4356 3000 8061 7011 7382 4011 1964 2745 2624 4681 2789 6140 6500 2459 4804 3671 5510 2617 6977 3671 5200 5381 6762 3700 3883 5842 3889 5269 3577 538
5234 6718 4114 9024 8407 5412 7368 8858 8006 8782 6963 10324 200 11247 9614 7291 6180 10682 8927 11107 1526 3420 6083 9745 4666 5032 0 9362 10242 6736 2531 7960 8827 10171 10790 2213 4201 3047 4841 6931 7481 4936 7531 5381 800 8200 9245 2901 11175 7900 8487 5445 11385 8731 1345 9323 8746 6456 8043 5069
5481 10602 5414 1303 7494 4310 9571 7441 2500 1077 2617 5536 9316 5573 2158 4580 8989 5262 10744 6086 8348 5943 7289 4178 5903 4418 9362 0 2500 10783 8705 2441 10682 7717 7648 8400 5412 7100 6305 7211 2024 10068 9291 5787 9207 3820 5990 6612 6063 2505 6444 8988 4904 1204 8287 6545 2801 8324 3959 4295
5412 9805 6129 1565 5994 4830 8507 5798 2236 3522 3405 3301 10151 3132 640 3705 8220 2906 9391 3716 8969 6933 6548 2051 5966 5269 10242 2500 0 10001 8973 2282 9347 5728 5500 8793 6859 7494 6166 6184 3981 9702 8159 5543 9900 2617 4140 7840 3676 4850 4876 8429 2408 1923 8996 4701 1612 7452 2816 5403
5464 200 6585 9713 4570 6920 1802 5021 8356 10890 8335 7930 6537 8956 9604 6360 1802 8521 2607 8417 5604 7045 3510 8321 5249 7291 6736 10783 10001 0 4341 8393 2523 6167 6928 4808 8381 5162 4701 3832 9846 1802 2213 5077 5941 7397 6519 7694 8515 10901 5508 1910 9608 9638 5920 6166 8489 2549 7203 7779
3573 4295 3373 8039 6046 4400 4837 6521 6806 8400 6100 8381 2334 9374 8395 5546 3649 8820 6407 9121 1264 3312 3720 8048 3008 4356 2531 8705 8973 4341 0 6789 6307 7860 8527 500 4604 1612 2906 4580 7138 2600 5000 3534 1746 6592 7158 3606 9200 7905 6293 2915 9664 7816 1580 7141 7376 3956 6407 4657
3300 8207 3847 1334 5108 2549 7134 5103 100 2884 1252 3801 7871 4244 1655 2140 6592 3765 8309 4527 6706 4661 4884 2549 3811 3000 7960 2441 2282 8393 6789 0 8246 5571 5651 6573 4701 5263 4104 4770 2517 7808 6850 3522 7632 1523 3827 5597 4539 3687 4104 6648 3935 1252 6723 4346 984 5903 1612 3182
6053 2418 7615 9462 3361 7516 1529 3640 8183 11034 8562 6649 8628 7580 9091 6107 2716 7256 100 6935 7500 8316 3807 7409 6083 8061 8827 10682 9347 2523 6307 8246 0 4400 5108 6700 9563 6628 5503 3538 10206 4110 1565 5608 8030 6933 5345 9167 7034 11370 4477 3400 8374 9481 7802 4850 8045 2823 6767 8595
5360 5980 7138 6414 1838 6307 4365 1345 5478 8409 6453 2523 9998 3289 5700 3911 4909 3088 4401 2596 8645 8102 4140 3679 5787 7011 10171 7717 5728 6167 7860 5571 4400 0 761 8015 8945 7201 5423 3280 8036 6906 3956 5028 9487 4049 1746 9167 2692 9233 1824 5560 4162 6576 8858 1236 4924 4201 3984 7502
5852 6740 7596 6356 2561 6675 5126 2061 5554 8415 6637 2202 10623 2778 5556 4219 5660 2690 5103 2059 9264 8572 4816 3498 6315 7382 10790 7648 5500 6928 8527 5651 5108 761 0 8660 9338 7789 5994 3962 8158 7655 4716 5554 10125 4159 1900 9646 2147 9338 2325 6300 3689 6555 9466 1552 4904 4940 4130 7851
3443 4753 3014 7792 6226 4119 5208 6688 6596 8049 5813 8386 2024 9360 8200 5470 4011 8800 6800 9143 806 2863 3894 7975 2863 4011 2213 8400 8793 4808 500 6573 6700 8015 8660 0 4134 1315 2860 4750 6774 3087 5346 3466 1476 6484 7212 3111 9219 7500 6389 3300 9604 7553 1118 7234 7211 4244 6306 4275
3721 8266 1964 5403 7610 2668 8062 7900 4780 4684 3471 8077 4210 8765 6222 5141 6977 8229 9656 8876 3676 1345 5824 7071 3516 1964 4201 5412 6859 8381 4604 4701 9563 8945 9338 4134 0 3255 4080 6395 3417 6931 8005 4143 4295 5594 7473 1300 8915 3701 7125 6519 8598 5060 3478 7792 5661 6741 5515 1565
2220 5060 1772 6477 5502 2807 5099 5923 5288 6789 4504 7283 2900 8221 6896 4280 3929 7657 6726 8062 1562 1910 3255 6767 1640 2745 3047 7100 7494 5162 1612 5263 6628 7201 7789 1315 3255 0 1802 4052 5531 3676 5135 2334 2500 5247 6200 2563 8132 6332 5470 3361 8405 6239 1702 6296 5923 3905 5077 3067
824 4545 2118 5423 3785 2220 4031 4176 4101 6264 3733 5531 4686 6500 5622 2640 3047 5940 5594 6296 3330 2915 1746 5142 583 2624 4841 6305 6166 4701 2906 4104 5503 5423 5994 2860 4080 1802 0 2402 5162 3764 3939 632 4242 3699 4404 3901 6370 6200 3671 2801 6760 5261 3500 4494 4554 2683 3511 3140
2692 3634 4440 6041 1476 4071 2370 1941 4716 7507 5024 4272 6753 5316 5818 2641 2102 4827 3612 4884 5412 5303 860 4501 2906 4681 6931 7211 6184 3832 4580 4770 3538 3280 3962 4750 6395 4052 2402 0 6670 3921 2080 2256 6226 3605 2879 6303 4976 7840 1878 2529 5869 6019 5646 2692 4716 1300 3417 5219
4382 9682 3765 2416 7343 2952 8910 7424 2617 1303 1664 6303 7454 6648 3417 4294 8121 6212 10282 7002 6603 4104 6511 5003 4652 2789 7481 2024 3981 9846 7138 2517 10206 8036 8158 6774 3417 5531 5162 6670 0 8856 8700 4780 7405 4002 6306 4657 7005 1208 6447 7961 6184 2061 6500 6800 3401 7574 4052 2507
4588 1802 5300 9141 5110 5909 2884 5608 7792 10008 7494 8190 4738 9234 9219 6000 2000 8736 4205 8801 3862 5586 3255 8287 4215 6140 4936 10068 9702 1802 2600 7808 4110 6906 7655 3087 6931 3676 3764 3921 8856 0 3201 4295 4143 7100 6800 6103 8894 9811 5793 1392 9751 9002 4178 6579 8109 2729 6900 6573
4494 2024 6053 8112 2402 5964 412 2828 6795 9577 7072 5800 7334 6805 7839 4716 1360 6400 1655 6239 6129 6772 2247 6334 4518 6500 7531 9291 8159 2213 5000 6850 1565 3956 4716 5346 8005 5135 3939 2080 8700 3201 0 4049 6746 5636 4404 7648 6338 9849 3423 2118 7505 8098 6419 4004 6754 1264 5456 7032
447 4909 2202 4850 3505 1920 4201 3847 3512 5818 3264 4951 5234 5903 5008 2012 3342 5341 5693 5728 3889 3114 1802 4517 761 2459 5381 5787 5543 5077 3534 3522 5608 5028 5554 3466 4143 2334 632 2256 4780 4295 4049 0 4816 3067 3883 4159 5798 5872 3231 3220 6140 4707 4036 4024 3931 2842 2879 2996
4720 5921 3832 8764 7702 5092 6575 8163 7669 8708 6718 9767 600 10716 9284 6780 5393 10153 8130 10538 943 3301 5370 9265 4140 4804 800 9207 9900 5941 1746 7632 8030 9487 10125 1476 4295 2500 4242 6226 7405 4143 6746 4816 0 7738 8637 3036 10610 7940 7840 4652 10904 8489 921 8683 8363 5692 7571 4925
3041 7203 4252 2549 3679 3023 5961 3623 1431 4390 2500 2500 8080 3190 2213 1104 5608 2641 6989 3289 6795 5200 3931 1555 3623 3671 8200 3820 2617 7397 6592 1523 6933 4049 4159 6484 5594 5247 3699 3605 4002 7100 5636 3067 7738 0 2308 6242 3324 5192 2624 5813 3189 2624 6881 2823 1118 4850 200 4031
4118 6319 5793 4687 2022 4805 4801 1708 3733 6664 4751 1414 9090 2451 4031 2334 4924 2002 5375 2012 7733 6777 3623 2109 4632 5510 9245 5990 4140 6519 7158 3827 5345 1746 1900 7212 7473 6200 4404 2879 6306 6800 4404 3883 8637 2308 0 7854 2102 7500 1019 5408 3101 4837 7902 565 3190 4123 2256 5968
3807 7602 2061 6466 7652 3220 7640 8006 5663 5943 4440 8645 2915 9430 7200 5590 6484 8874 9264 9451 2523 1077 5608 7780 3423 2617 2901 6612 7840 7694 3606 5597 9167 9167 9646 3111 1300 2563 3901 6303 4657 6103 7648 4159 3036 6242 7854 0 9501 5000 7349 5923 9372 6140 2282 8095 6505 6395 6129 2441
5954 8318 7462 4850 3945 6306 6747 3512 4440 6971 5727 860 11031 640 3905 3940 6992 806 7045 100 9687 8438 5724 2002 6511 6977 11175 6063 3676 8515 9200 4539 7034 2692 2147 9219 8915 8132 6370 4976 7005 8894 6338 5798 10610 3324 2102 9501 0 8102 3101 7502 1561 5124 9831 2353 3605 6198 3401 7353
5456 10744 4569 3337 8547 3982 10044 8632 3785 1442 2865 7432 7902 7705 4356 5500 9209 7300 11447 8105 7218 4687 7638 6107 5661 3671 7900 2505 4850 10901 7905 3687 11370 9233 9338 7500 3701 6332 6200 7840 1208 9811 9849 5872 7940 5192 7500 5000 8102 0 7655 9000 7169 3014 7071 8000 4517 8697 5249 3269
3544 5308 5315 5162 1118 4500 3811 1000 4022 6988 4810 2433 8323 3470 4661 2184 3905 3014 4518 3008 6963 6281 2662 2941 3992 5200 8487 6444 4876 5508 6293 4104 4477 1824 2325 6389 7125 5470 3671 1878 6447 5793 3423 3231 7840 2624 1019 7349 3101 7655 0 4401 4101 5248 7156 848 3679 3104 2500 5700
3584 1769 4686 7981 3744 5021 1923 4243 6621 9035 6484 6800 5246 7844 7976 4726 761 7349 3500 7409 4101 5197 1902 6935 3342 5381 5445 8988 8429 1910 2915 6648 3400 5560 6300 3300 6519 3361 2801 2529 7961 1392 2118 3220 4652 5813 5408 5923 7502 9000 4401 0 8374 7874 4404 5189 6859 1360 5614 5869
6185 9408 7424 3832 5115 6161 7902 4751 3846 5903 5187 1726 11261 921 2816 4134 7962 1118 8395 1640 9962 8354 6500 1640 6767 6762 11385 4904 2408 9608 9664 3935 8374 4162 3689 9604 8598 8405 6760 5869 6184 9751 7505 6140 10904 3189 3101 9372 1561 7169 4101 8374 0 4159 10060 3535 2952 7156 3342 7045
4440 9454 4657 360 6293 3436 8386 6247 1303 1868 1772 4512 8664 4700 1360 3383 7839 4318 9542 5135 7592 5331 6132 3157 4909 3700 8731 1204 1923 9638 7816 1252 9481 6576 6555 7553 5060 6239 5261 6019 2061 9002 8098 4707 8489 2624 4837 6140 5124 3014 5248 7874 4159 0 7569 5385 1655 7155 2758 3712
3894 5869 2912 7844 7117 4178 6300 7558 6762 7802 5797 8980 1204 9907 8377 5954 5100 9342 7902 9762 316 2402 4810 8420 3324 3883 1345 8287 8996 5920 1580 6723 7802 8858 9466 1118 3478 1702 3500 5646 6500 4178 6419 4036 921 6881 7902 2282 9831 7071 7156 4404 10060 7569 0 7988 7470 5277 6720 4011
4308 5968 6044 5243 1603 5135 4410 1216 4254 7200 5217 1811 9160 2801 4596 2700 4648 2418 4876 2256 7800 7021 3500 2662 4785 5842 9323 6545 4701 6166 7141 4346 4850 1236 1552 7234 7792 6296 4494 2692 6800 6579 4004 4024 8683 2823 565 8095 2353 8000 848 5189 3535 5385 7988 0 3744 3862 2751 6319
3807 8296 4661 1500 4763 3360 7077 4666 894 3511 2235 2915 8645 3275 1118 2137 6694 2816 8099 3601 7424 5531 5000 1603 4368 3889 8746 2801 1612 8489 7376 984 8045 4924 4904 7211 5661 5923 4554 4716 3401 8109 6754 3931 8363 1118 3190 6505 3605 4517 3679 6859 2952 1655 7470 3744 0 5948 1300 4123
3280 2353 4792 7209 2385 4762 1360 2884 5860 8521 5981 5531 6264 6573 7060 3827 806 6100 2915 6103 5000 5508 1063 5800 3264 5269 6456 8324 7452 2549 3956 5903 2823 4201 4940 4244 6741 3905 2683 1300 7574 2729 1264 2842 5692 4850 4123 6395 6198 8697 3104 1360 7156 7155 5277 3862 5948 0 4657 5798
2865 7009 4123 2701 3535 2915 5777 3500 1526 4494 2507 2563 7920 3301 2404 905 5412 2745 6824 3361 6628 5080 3733 1702 3448 3577 8043 3959 2816 7203 6407 1612 6767 3984 4130 6306 5515 5077 3511 3417 4052 6900 5456 2879 7571 200 2256 6129 3401 5249 2500 5614 3342 2758 6720 2751 1300 4657 0 3956
2549 7636 1300 4031 6296 1204 7156 6537 3255 3801 2000 6519 5021 7200 4763 3634 6184 6664 8682 7316 4100 1649 4788 5507 2561 538 5069 4295 5403 7779 4657 3182 8595 7502 7851 4275 1565 3067 3140 5219 2507 6573 7032 2996 4925 4031 5968 2441 7353 3269 5700 5869 7045 3712 4011 6319 4123 5798 3956 0
# set of given starting solutions
0 14 46 57 39 53 55 47 50 23 19 10 45 25 12 7 8 59 18 13 42 41 33 1 22 27 51 29 48 36 56 3 32 34 52 31 38 20 9 37 24 54 21 11 30 49 44 2 28 26 43 58 5 40 35 4 16 15 17 6 0
0 1 33 51 27 54 43 9 39 21 36 19 34 31 59 44 25 16 46 55 23 4 53 17 10 3 47 8 56 29 38 40 50 41 13 18 28 11 26 58 35 42 14 52 49 57 5 7 22 37 45 24 48 6 20 2 32 12 15 30 0
0 54 27 42 45 33 29 8 56 22 58 24 36 2 38 9 5 40 50 39 10 20 37 14 49 48 30 55 34 28 4 51 53 35 12 16 57 41 6 52 43 3 47 1 11 7 59 31 17 18 23 32 15 26 21 25 46 19 13 44 0
0 51 49 15 1 57 9 3 7 55 2 37 32 22 45 34 52 41 42 50 27 35 24 43 30 58 29 36 56 6 11 53 54 16 46 26 33 19 10 20 4 38 18 39 48 40 13 59 14 25 17 44 8 28 23 5 12 31 21 47 0
0 38 46 10 8 50 56 9 49 16 26 36 2 3 57 20 42 1 35 53 52 48 59 41 45 6 34 55 29 58 40 23 4 22 43 31 25 27 47 33 19 54 18 30 15 51 39 28 32 11 24 14 5 21 44 12 7 37 17 13 0
0 14 32 16 5 36 19 31 24 6 47 56 40 45 9 11 59 23 10 46 18 54 41 26 55 38 49 25 3 13 58 30 52 43 22 50 35 51 4 48 39 42 57 53 1 28 37 27 21 7 2 44 12 29 33 8 34 20 15 17 0
0 4 37 3 33 48 32 51 36 18 53 59 21 43 45 23 6 24 57 2 16 12 39 55 14 28 26 25 38 58 56 35 49 47 52 9 34 44 7 50 30 42 8 20 29 54 1 15 17 11 22 41 27 46 10 5 31 40 19 13 0
0 33 36 23 41 40 25 17 32 3 59 46 42 6 26 35 27 21 54 30 43 49 10 58 5 31 45 12 18 22 20 47 1 8 34 14 38 56 7 53 13 24 19 11 16 50 15 2 4 51 57 28 52 39 55 48 9 29 44 37 0
0 55 49 2 32 36 51 28 56 24 59 39 48 13 9 45 38 22 33 30 17 12 47 10 20 31 37 52 19 34 7 58 11 4 44 15 41 29 14 35 18 43 40 26 1 25 50 42 8 21 54 6 5 3 27 46 16 23 57 53 0
0 18 27 51 1 48 42 16 5 9 39 15 30 3 38 22 24 8 4 45 33 14 44 29 37 7 31 49 40 52 59 26 25 55 46 19 32 17 57 36 34 11 2 21 35 53 10 23 43 56 6 50 20 58 13 47 28 54 41 12 0
0 17 59 24 27 53 25 40 54 37 21 20 45 50 32 9 30 55 47 19 52 5 51 7 8 38 57 44 13 31 18 16 6 56 11 48 41 58 43 3 33 35 23 29 22 36 12 34 26 14 46 39 2 49 1 10 15 28 42 4 0
0 47 25 26 30 59 32 22 13 31 10 9 20 37 57 23 5 28 51 17 38 45 53 11 43 12 18 49 6 19 27 24 29 8 44 35 36 48 16 1 58 42 46 55 33 54 2 41 21 4 7 40 34 56 50 39 52 3 15 14 0
0 12 14 22 57 54 34 9 38 28 5 2 6 58 41 23 45 25 44 51 4 31 3 59 35 21 46 18 19 49 47 13 15 39 55 26 20 33 37 43 24 53 1 56 27 11 40 7 52 29 48 17 8 10 32 30 36 16 42 50 0
0 30 17 56 54 50 9 16 38 44 22 25 18 49 1 46 40 11 47 53 28 48 35 39 2 43 4 24 58 45 31 5 37 12 7 27 23 29 14 15 34 36 57 51 20 33 21 55 41 32 42 6 52 8 26 59 19 13 3 10 0
0 46 53 41 37 47 16 32 29 4 28 22 11 48 45 15 40 5 6 59 20 7 31 17 51 12 10 52 38 13 27 3 58 1 9 34 24 18 36 56 57 30 14 39 21 50 33 49 44 35 8 23 54 19 26 2 25 42 55 43 0
0 31 29 2 22 35 20 7 19 48 58 14 45 39 9 42 57 51 10 34 30 43 12 23 49 4 26 36 54 11 6 18 52 59 25 44 28 15 46 37 32 33 8 27 24 17 40 56 3 38 1 13 5 53 50 41 47 16 21 55 0
0 5 10 21 37 27 54 48 36 32 12 43 55 11 14 25 35 29 59 1 20 38 4 22 6 51 8 13 33 3 57 39 49 31 45 34 19 41 30 2 17 24 9 28 23 18 58 46 56 52 47 7 53 50 26 42 44 40 16 15 0
0 6 11 15 10 4 17 52 3 13 57 27 25 1 30 40 8 20 50 44 5 47 55 24 34 31 39 19 56 43 41 46 29 58 12 53 59 37 36 18 28 49 48 22 9 38 23 14 54 45 7 16 32 35 2 21 51 26 33 42 0
0 17 33 4 2 35 36 24 10 8 47 37 58 38 55 56 44 22 51 12 6 27 15 48 45 7 40 9 50 59 29 30 41 31 18 34 21 26 52 57 19 16 39 1 54 32 53 23 13 3 11 14 46 49 5 20 43 42 25 28 0
0 5 45 6 43 41 7 2 19 56 58 4 31 47 53 13 28 10 57 55 18 35 40 38 30 22 20 12 15 8 1 42 16 34 27 25 11 49 33 39 52 9 44 14 24 46 23 50 54 17 29 32 21 3 26 37 51 48 36 59 0
0 37 21 45 29 56 38 53 12 31 48 46 43 54 52 49 30 23 24 58 59 9 16 15 1 13 51 19 34 50 55 25 3 6 7 26 33 42 20 44 36 18 47 28 57 35 11 5 32 41 8 22 27 39 2 17 14 4 40 10 0
0 32 16 34 27 7 33 45 53 6 44 51 41 29 31 46 57 38 37 54 56 49 59 35 24 52 10 14 26 50 20 3 18 1 40 23 22 36 42 12 43 19 47 21 2 17 4 48 11 30 55 39 28 15 8 58 5 13 9 25 0
0 25 43 19 50 47 51 11 22 12 34 41 17 38 49 27 24 21 55 30 35 32 36 46 3 8 14 15 53 29 13 16 9 18 26 45 57 37 54 56 59 20 4 23 31 1 5 28 42 40 44 7 52 33 39 2 58 10 6 48 0
0 11 9 55 58 35 2 19 56 18 22 17 28 46 20 53 44 39 8 10 36 31 5 7 43 50 32 52 33 13 34 40 59 23 24 37 16 42 1 15 30 3 41 12 25 27 21 49 48 51 45 14 29 54 6 4 47 38 57 26 0
0 53 25 48 9 14 13 20 35 34 16 17 51 56 10 39 28 7 54 50 26 44 49 41 42 18 8 12 19 47 27 32 21 58 3 30 11 4 15 52 46 55 45 59 40 2 24 6 22 29 57 43 38 23 36 5 33 1 31 37 0
0 5 11 13 45 49 17 26 20 30 28 3 29 48 6 37 21 53 15 18 41 35 19 56 59 24 1 40 43 57 46 44 58 42 36 38 14 10 2 31 50 27 54 39 51 32 47 34 33 12 16 52 7 55 23 4 8 22 25 9 0
0 7 47 49 5 32 30 50 14 16 37 11 20 1 54 55 46 3 31 44 48 45 19 40 34 56 9 42 29 52 26 4 8 17 27 28 43 51 6 2 23 25 10 12 13 18 35 15 36 38 41 33 21 59 39 53 58 22 57 24 0
0 59 28 5 57 17 37 9 54 1 36 40 41 3 4 12 19 50 34 52 16 49 45 29 22 30 32 56 58 53 8 39 33 18 10 26 7 31 20 14 44 51 38 25 48 11 35 6 15 43 24 21 2 46 27 42 23 13 55 47 0
0 30 5 47 58 17 37 59 13 1 18 21 23 41 25 40 9 4 45 22 50 52 54 16 12 19 34 32 42 7 36 15 48 43 49 29 10 35 14 31 2 11 20 26 56 3 55 28 6 38 53 33 44 27 24 57 8 39 46 51 0
0 31 23 8 49 46 5 30 7 24 43 59 36 28 14 54 6 4 39 26 41 32 2 58 57 12 11 13 51 29 20 35 33 18 45 56 50 25 40 53 48 10 47 9 34 17 42 22 21 3 55 16 37 27 1 38 19 15 52 44 0
0 25 14 56 21 15 10 34 24 36 32 16 54 7 17 22 43 6 51 44 11 48 57 41 49 31 39 46 37 3 18 29 53 33 58 4 28 40 2 35 8 9 47 13 1 23 5 45 12 26 52 50 55 42 19 59 30 38 20 27 0
0 8 38 42 1 26 9 27 53 22 58 46 40 23 14 55 29 45 44 4 7 31 43 30 16 39 37 34 56 28 49 35 6 15 54 17 41 2 57 11 36 5 3 12 50 51 52 13 24 59 18 19 47 21 10 33 25 48 32 20 0
0 27 39 48 33 2 34 13 38 6 7 49 21 30 3 29 31 54 47 1 15 9 19 59 57 55 44 45 51 32 17 18 56 20 4 52 42 28 46 43 53 22 50 26 36 12 24 41 58 5 14 25 11 10 23 40 8 16 35 37 0
0 12 25 45 18 28 20 15 22 35 21 59 23 32 19 34 11 39 49 29 52 48 17 38 40 7 57 1 31 46 37 27 42 54 51 6 14 2 9 8 4 30 53 16 36 56 58 55 3 13 44 47 43 50 10 5 26 33 24 41 0
0 19 28 18 42 25 13 59 44 56 52 7 34 46 3 9 21 4 27 38 22 58 31 40 39 26 1 32 41 5 17 6 14 35 33 55 51 48 45 10 29 24 30 36 12 16 2 43 37 54 57 50 53 23 15 8 20 11 47 49 0
0 24 55 34 29 54 26 7 8 2 18 36 40 27 20 22 47 56 44 10 46 41 51 5 58 25 9 1 15 53 16 38 31 45 57 14 11 52 32 35 59 12 39 30 6 13 37 23 49 3 19 50 42 28 4 21 33 48 17 43 0
0 22 16 34 55 5 28 59 47 27 13 15 52 39 50 23 12 20 53 35 18 10 40 38 56 41 48 29 25 21 54 9 1 24 49 45 26 4 11 42 33 30 36 37 32 31 2 19 51 17 46 44 57 14 8 43 3 58 7 6 0
0 12 34 18 56 43 32 14 1 24 47 28 55 19 10 59 49 5 58 15 8 37 42 13 54 20 27 3 29 26 2 35 41 22 40 30 38 23 25 51 31 16 48 44 50 36 21 53 17 46 33 45 52 39 7 57 9 4 11 6 0
0 57 17 52 12 14 45 26 50 56 58 41 5 40 18 23 10 27 48 55 54 19 46 38 33 25 24 53 29 2 30 51 13 43 4 37 49 15 22 39 20 44 28 16 47 59 42 11 36 21 8 1 3 35 34 32 31 6 9 7 0
0 5 29 41 34 33 31 22 12 53 18 49 8 40 46 59 9 32 48 52 28 37 19 17 3 27 44 2 1 50 21 11 23 47 57 6 10 39 26 13 55 54 38 45 58 14 43 20 16 36 25 30 51 56 24 15 35 42 7 4 0
0 55 50 12 29 47 11 15 20 31 59 10 28 45 32 6 13 38 22 42 34 43 7 5 2 46 27 52 14 1 36 8 54 48 53 58 57 3 4 51 44 49 16 24 39 33 18 35 40 25 37 9 41 56 23 30 26 21 19 17 0
0 49 24 46 25 10 28 7 22 34 6 12 53 20 59 48 41 38 51 14 4 9 8 27 54 43 2 19 58 16 26 18 42 32 17 56 1 52 3 44 55 33 23 30 5 50 31 21 29 45 13 37 40 39 47 57 11 35 36 15 0
0 38 18 20 27 45 53 10 30 7 57 35 26 11 48 49 37 2 17 54 25 31 59 46 24 23 40 47 51 55 8 43 14 36 21 44 4 9 58 52 16 41 15 1 22 12 42 39 50 3 34 13 6 56 19 32 29 33 5 28 0
0 27 37 4 26 57 49 12 30 44 23 14 1 20 32 21 42 48 7 36 5 31 56 35 10 39 28 58 15 55 59 43 40 2 18 25 34 53 22 54 11 29 41 52 46 17 50 6 3 33 51 24 13 45 16 8 38 19 47 9 0
0 31 55 23 48 35 40 12 34 22 50 18 16 37 51 1 11 25 24 26 36 7 9 41 8 59 3 20 21 13 29 45 38 4 5 27 15 30 33 2 44 57 32 14 47 28 10 52 17 49 42 46 53 54 58 39 56 6 19 43 0
0 38 5 30 55 4 56 23 53 47 40 39 25 44 3 9 18 34 24 58 37 22 42 28 7 11 49 59 12 1 17 36 8 35 6 19 10 15 14 51 13 27 50 54 33 32 57 2 20 26 45 52 31 43 46 41 48 21 29 16 0
0 4 38 53 18 31 19 25 11 10 33 34 56 41 55 54 2 42 14 43 27 6 49 47 44 20 16 9 52 50 57 30 3 29 23 8 51 58 26 28 1 45 12 7 39 40 35 17 32 21 46 13 37 5 24 22 36 48 59 15 0
0 44 57 40 34 4 25 32 43 41 26 24 28 52 51 23 47 42 33 29 36 39 11 2 6 21 27 19 37 1 17 31 30 48 22 13 9 59 55 54 45 50 53 35 20 10 18 46 58 38 49 56 7 14 16 8 12 5 3 15 0
0 24 7 13 26 33 21 29 59 55 30 39 56 43 1 11 32 10 4 3 42 51 40 25 58 44 34 6 20 48 38 19 53 23 47 36 15 8 14 41 28 12 5 52 57 2 18 49 45 17 27 46 31 9 37 16 54 35 50 22 0
0 31 17 51 8 4 58 5 3 18 59 49 28 33 53 7 40 13 2 14 22 57 39 55 46 25 24 11 1 29 6 41 10 43 45 26 23 35 42 52 20 36 32 48 16 9 56 19 54 15 34 27 50 44 12 37 21 30 47 38 0
0 51 35 5 2 14 47 31 57 32 19 50 42 29 53 33 59 37 46 1 52 16 12 17 45 44 15 11 24 27 34 58 26 56 54 18 28 39 6 30 36 25 9 40 23 22 55 10 20 3 8 21 43 48 49 4 41 13 7 38 0
0 51 12 43 24 59 22 55 56 37 38 45 19 15 14 5 3 20 28 4 57 17 31 47 18 7 52 39 58 16 44 2 6 50 34 23 10 33 42 21 1 8 13 36 40 9 26 46 30 27 35 49 25 32 29 48 11 54 41 53 0
0 2 10 11 47 40 50 30 9 42 16 13 25 46 20 29 37 57 7 41 3 39 4 58 27 26 45 33 32 23 5 18 52 35 12 14 21 44 15 17 54 36 6 56 38 28 48 43 49 51 55 31 1 59 8 22 34 24 19 53 0
0 13 58 44 56 35 26 43 49 31 11 23 4 32 24 45 34 48 3 42 51 14 57 53 2 50 18 9 39 29 17 6 15 7 16 25 19 22 59 37 55 36 1 5 20 47 33 54 21 40 30 46 52 38 27 28 8 12 41 10 0
0 33 45 29 5 56 54 42 15 39 53 21 19 24 36 25 43 46 22 12 44 57 41 17 9 35 1 20 27 48 10 58 50 14 47 30 3 6 52 49 7 23 13 18 59 11 40 16 34 37 8 2 55 51 38 26 32 28 31 4 0
0 54 37 4 19 8 28 42 43 2 23 22 18 58 52 11 3 59 25 21 46 26 7 9 30 32 33 10 39 12 50 15 1 34 17 47 16 27 38 49 51 24 55 57 14 31 45 41 56 48 53 29 44 35 20 13 40 36 6 5 0
0 13 29 24 17 58 21 1 14 35 31 12 55 6 41 22 52 16 43 47 39 40 4 50 44 11 53 25 30 45 38 49 48 34 8 5 23 27 9 56 36 33 42 15 57 51 37 18 46 54 2 59 20 28 19 7 3 32 10 26 0
0 21 16 56 2 24 53 38 5 19 50 18 27 6 30 20 8 26 54 42 11 41 51 10 12 22 37 55 48 49 29 17 44 4 1 14 28 7 35 15 59 3 32 9 39 13 33 40 31 34 57 47 23 58 52 45 25 46 36 43 0
0 22 24 52 46 40 28 55 27 51 58 34 33 18 11 43 50 30 6 16 49 48 44 2 56 25 42 3 12 7 5 59 37 19 15 32 21 41 31 35 9 53 10 36 54 14 26 57 45 38 20 8 47 23 29 17 4 1 13 39 0
0 14 4 29 15 45 8 34 54 55 49 56 26 24 36 41 39 42 28 25 33 22 17 32 52 37 30 58 2 13 16 18 38 51 44 20 57 23 10 27 5 12 7 47 21 59 31 19 48 3 6 1 50 43 9 53 11 40 35 46 0
0 22 7 24 23 32 26 29 6 8 35 21 10 42 43 55 38 5 57 58 15 13 49 33 3 59 1 36 45 30 19 54 37 46 48 51 25 50 34 47 41 39 4 12 9 28 20 31 14 56 2 53 17 18 52 40 27 44 16 11 0
0 45 32 51 49 5 26 50 20 58 53 2 8 23 42 52 22 34 24 27 28 56 55 47 44 48 59 38 9 21 25 4 39 17 43 36 11 35 7 37 31 19 29 41 46 12 3 33 13 54 16 14 40 57 30 1 10 6 18 15 0
0 30 49 50 17 39 27 53 19 45 44 1 51 10 31 8 38 52 29 22 15 6 34 28 9 14 42 56 43 26 47 35 16 41 4 37 20 5 55 32 54 25 36 48 33 2 11 57 23 13 12 59 7 21 58 24 46 18 3 40 0
0 56 19 20 14 59 13 4 41 29 36 46 2 5 8 25 23 18 17 11 34 51 24 26 40 28 38 43 32 35 54 12 30 16 10 42 15 22 48 9 49 1 45 37 33 47 7 3 58 55 53 39 57 21 50 52 31 6 44 27 0
0 30 18 3 6 7 33 52 27 42 59 32 4 38 47 14 26 28 39 16 1 45 56 36 51 20 48 58 53 24 8 46 57 2 11 22 49 37 54 13 23 44 43 21 40 9 41 55 35 17 12 50 15 34 29 5 25 10 31 19 0
0 25 53 45 33 24 27 10 31 29 26 40 37 2 23 5 57 13 43 38 30 36 32 59 51 54 3 42 19 56 11 16 17 46 6 50 22 15 44 21 12 35 14 55 28 1 18 9 39 7 58 48 34 49 52 20 47 8 4 41 0
0 11 23 28 44 5 16 35 58 40 50 26 8 43 3 15 7 49 37 9 2 31 47 6 19 27 45 4 36 12 39 21 54 38 24 13 29 55 32 56 57 52 51 1 42 22 53 59 48 20 25 14 46 41 10 18 30 34 17 33 0
0 53 30 36 29 3 56 11 7 38 55 20 57 50 44 8 12 39 5 22 46 43 21 10 6 14 33 41 47 59 32 31 17 48 4 52 58 35 34 23 15 45 18 9 42 51 49 40 2 54 19 27 13 1 37 28 25 24 26 16 0
0 53 41 30 18 58 43 52 36 15 32 5 28 40 45 9 25 47 42 19 8 38 24 10 55 1 34 37 29 3 59 44 31 21 6 46 51 49 11 48 27 16 26 13 50 57 14 2 56 23 35 12 17 7 4 22 33 39 20 54 0
0 7 10 30 8 57 34 26 46 43 31 51 18 15 54 40 29 13 20 22 48 25 58 42 32 17 5 59 56 2 9 16 35 3 52 53 6 23 21 45 11 37 27 55 44 12 39 28 4 36 19 24 41 1 49 47 14 33 50 38 0
0 1 54 7 14 40 5 12 58 32 51 18 2 30 24 33 52 41 57 27 50 3 43 47 55 8 45 38 29 11 37 19 46 53 42 4 10 48 9 22 35 36 44 39 34 13 31 21 49 26 59 23 6 20 56 16 15 25 17 28 0
0 6 45 23 28 58 48 31 25 29 5 53 42 27 33 9 49 14 47 46 59 38 54 40 51 4 10 16 1 20 55 3 43 24 11 7 18 2 36 41 57 19 21 26 17 12 35 32 13 56 39 37 8 22 30 34 44 50 15 52 0
0 16 27 52 51 28 5 46 44 34 11 1 32 9 41 35 20 59 15 24 22 31 56 57 29 45 30 38 49 37 10 39 6 4 19 14 18 7 21 53 17 40 48 3 58 12 50 33 55 23 26 47 8 43 36 13 25 2 42 54 0
0 33 38 9 23 30 48 50 16 56 25 12 17 5 58 52 43 26 3 24 39 42 7 45 46 55 44 15 40 10 22 51 37 8 4 36 28 1 13 21 35 27 31 6 11 14 29 2 53 57 32 49 20 54 34 41 47 18 19 59 0
0 24 14 18 20 40 30 42 57 32 37 19 45 17 33 26 16 52 15 1 10 21 59 53 56 28 41 2 38 39 22 8 43 51 12 44 5 6 50 48 46 54 3 9 31 23 35 4 25 29 7 13 47 36 27 55 11 34 49 58 0
0 30 37 33 29 40 58 53 32 50 11 34 23 45 57 2 18 47 24 7 20 54 59 35 51 1 6 52 42 41 46 8 16 43 3 27 15 13 56 39 22 21 48 55 17 9 36 5 10 28 4 12 26 44 49 25 19 14 31 38 0
0 46 9 20 14 5 12 29 53 19 18 6 37 31 42 38 36 39 13 43 35 17 52 34 25 59 4 23 51 16 22 27 45 54 40 28 10 30 8 21 48 58 26 15 47 3 56 7 50 2 49 44 55 11 41 32 57 24 33 1 0
0 44 6 42 20 51 26 41 18 13 17 49 8 32 11 22 34 29 10 33 56 40 53 1 27 59 14 39 36 16 38 21 57 43 35 58 46 12 37 30 52 4 47 45 15 55 23 28 24 50 19 9 54 48 31 5 25 7 2 3 0
0 16 45 55 47 57 58 24 4 3 56 41 50 5 12 34 38 36 53 20 25 2 40 35 7 1 51 54 15 8 19 49 42 27 9 26 30 32 23 10 31 17 29 39 44 22 14 6 28 52 59 21 48 18 11 46 13 43 33 37 0
0 31 48 2 25 23 45 12 6 56 44 53 14 21 30 40 39 27 28 22 24 55 37 5 33 1 49 42 11 32 7 19 36 26 50 34 43 51 15 47 18 57 52 35 59 16 41 38 54 46 10 58 17 20 8 29 3 9 4 13 0
0 16 30 39 28 55 36 14 47 23 44 46 9 40 20 26 50 10 54 13 22 52 11 7 58 6 17 45 49 29 38 12 37 31 21 53 19 56 32 59 3 4 51 33 35 2 43 24 15 34 42 8 18 1 25 48 41 5 57 27 0
0 41 51 59 4 42 48 27 44 36 54 29 52 12 8 37 30 56 46 6 35 24 34 33 18 55 19 31 58 26 45 53 21 28 16 14 57 13 3 47 50 7 23 25 49 43 2 17 32 5 39 40 20 10 1 38 15 11 22 9 0
0 29 41 56 55 12 4 8 23 25 16 31 58 54 57 9 21 35 33 32 36 53 17 59 45 19 37 44 49 46 15 38 26 34 47 42 39 30 14 13 5 3 24 40 1 27 20 10 22 2 50 51 7 48 52 28 6 43 18 11 0
0 35 42 33 4 21 56 9 40 36 58 13 7 57 11 19 23 3 34 30 59 51 52 48 26 17 46 6 45 50 53 1 22 29 54 28 18 14 38 24 31 16 43 5 49 39 44 2 25 8 37 47 12 15 10 32 41 27 55 20 0
0 5 23 39 49 44 8 14 7 34 28 58 45 56 25 6 20 55 18 22 32 26 38 47 27 3 4 35 36 41 13 15 16 24 33 42 1 46 2 37 48 29 52 57 17 51 54 11 10 53 30 9 59 50 12 21 19 40 31 43 0
0 49 17 36 9 13 55 59 44 51 3 56 12 23 48 24 39 16 58 33 7 20 27 15 10 45 14 57 28 46 52 2 50 30 54 19 37 34 21 35 53 11 47 31 29 40 43 41 18 1 6 22 26 4 25 5 38 42 32 8 0
0 3 54 48 7 19 32 15 47 6 18 1 13 38 50 20 42 17 4 43 51 36 22 41 29 59 26 49 8 11 24 44 14 16 52 31 30 55 46 10 53 39 58 2 27 12 34 28 25 33 37 40 56 21 35 5 57 23 9 45 0
0 33 28 44 45 50 7 36 32 27 1 31 23 40 14 19 6 42 53 30 37 21 2 16 13 22 3 39 4 57 9 49 35 48 55 38 56 59 58 10 24 43 5 29 18 52 15 41 54 25 26 17 51 8 46 34 12 20 47 11 0
0 20 40 49 27 56 44 6 50 26 22 45 59 57 18 3 46 38 55 4 52 10 13 32 39 53 30 2 21 47 1 17 28 54 9 12 15 24 33 7 37 11 14 8 31 35 23 16 25 43 51 42 34 19 29 58 48 5 41 36 0
0 9 12 59 37 17 16 4 42 51 18 13 57 3 50 7 25 47 52 20 43 44 11 8 34 39 48 27 30 24 54 36 5 28 2 23 29 32 15 6 41 33 38 46 49 40 26 55 45 53 19 58 22 21 31 1 14 10 35 56 0
0 34 1 12 18 43 36 3 33 16 28 27 40 30 14 5 8 57 42 52 47 22 19 21 41 59 11 44 31 9 26 32 13 51 35 49 39 53 56 29 20 38 15 10 37 24 55 7 6 45 17 25 23 54 50 58 4 2 46 48 0
0 57 16 15 41 34 37 59 11 46 1 10 23 50 22 8 6 5 48 53 25 13 33 30 24 3 58 32 7 31 21 49 14 9 19 45 20 35 54 27 44 51 17 39 47 36 42 43 12 55 52 4 38 40 56 26 28 29 2 18 0
0 15 23 4 21 10 31 20 16 9 29 1 32 42 34 59 3 2 14 38 57 28 40 47 8 25 7 56 53 41 5 58 49 51 35 43 54 24 27 18 48 11 44 12 37 46 22 50 6 17 33 19 36 26 55 52 39 30 45 13 0
0 58 17 16 1 27 19 54 14 26 41 23 31 57 48 49 11 32 40 39 38 12 51 55 36 34 46 42 21 37 6 52 8 59 43 20 33 7 24 45 47 10 15 25 28 18 4 2 56 29 9 22 5 44 50 53 35 13 3 30 0
0 16 31 32 18 15 7 1 21 50 19 25 42 24 13 5 43 36 9 51 44 38 37 30 26 14 39 48 34 27 56 28 41 29 12 46 57 17 8 10 54 52 22 55 40 4 2 11 49 35 59 33 45 47 6 53 20 3 23 58 0
0 51 43 30 35 38 12 48 56 45 5 50 57 18 4 10 21 16 14 40 15 27 32 2 19 55 1 59 3 6 17 54 7 47 42 58 29 33 37 26 52 34 22 31 23 8 49 11 24 9 13 44 20 36 25 28 41 46 53 39 0
0 19 55 12 35 44 26 4 15 5 51 52 23 43 6 14 48 3 16 33 37 25 32 22 17 30 11 1 59 28 9 49 58 18 8 47 2 57 13 38 39 54 27 31 10 56 40 53 41 20 46 50 42 29 36 45 34 24 21 7 0
0 8 3 15 29 59 36 9 53 34 39 40 6 52 35 5 12 4 48 41 30 19 38 33 37 47 20 54 23 26 50 1 56 18 13 16 58 17 28 7 57 45 55 51 44 24 2 10 43 11 49 31 21 42 32 14 27 25 22 46 0
0 14 33 22 50 26 21 44 42 54 53 38 59 57 8 15 6 41 25 46 4 20 19 18 13 37 29 40 43 7 51 32 52 10 48 11 23 35 27 31 36 55 45 24 1 58 30 39 28 49 16 47 17 34 9 5 2 12 56 3 0
0 35 33 40 31 8 39 38 20 51 2 5 30 32 18 22 3 44 57 52 27 48 11 21 15 13 4 41 43 28 59 42 36 23 26 50 53 1 56 10 14 47 6 49 46 25 17 29 34 24 16 37 9 55 7 19 12 45 58 54 0
0 25 16 36 14 24 31 53 47 9 40 44 12 35 30 13 23 38 45 46 19 1 50 51 21 27 59 56 41 28 37 26 5 17 43 18 55 11 3 29 4 57 54 48 2 20 8 34 42 58 7 6 49 33 10 39 52 22 32 15 0
0 58 34 24 14 47 45 28 3 59 17 36 11 5 31 44 39 55 1 26 46 6 51 2 22 23 53 8 10 30 9 27 13 20 29 52 37 56 38 4 15 32 40 50 42 25 33 49 54 35 7 19 43 48 57 16 12 41 18 21 0
0 18 46 17 5 57 42 26 58 52 36 15 59 7 10 16 41 29 35 27 56 55 38 45 25 24 47 23 28 2 37 13 31 39 11 20 54 14 6 9 3 33 32 21 40 4 43 34 22 12 50 53 48 8 19 51 49 30 44 1 0
0 3 23 28 6 19 43 8 57 2 59 35 13 4 42 20 58 46 39 9 49 24 11 52 7 40 16 25 51 29 15 45 54 32 38 41 44 17 18 31 47 27 10 1 5 22 37 14 36 48 55 56 34 12 30 33 50 21 53 26 0
0 47 21 29 12 19 54 48 31 18 56 52 36 3 22 24 45 46 55 10 41 23 35 25 43 28 13 38 8 17 14 40 27 32 34 1 2 11 42 26 16 58 9 30 51 49 15 6 44 5 53 33 20 50 7 57 59 37 4 39 0
0 29 53 54 8 1 59 55 20 15 18 14 50 30 46 44 36 3 34 28 52 22 35 43 21 4 5 49 57 9 19 10 37 7 31 27 11 16 47 23 48 40 6 13 24 41 56 2 58 45 39 26 12 42 51 38 33 32 25 17 0
0 48 47 20 6 25 38 24 1 18 2 45 22 27 26 11 12 5 57 28 4 59 52 29 49 15 17 44 14 51 8 54 39 19 21 13 41 53 33 9 35 46 32 37 55 30 34 10 31 43 40 23 7 56 42 16 3 58 36 50 0
0 59 39 48 9 12 18 32 58 11 47 13 42 10 45 29 53 49 38 55 37 54 15 6 8 5 34 16 24 2 30 26 41 43 22 21 7 17 27 1 31 51 50 14 4 57 20 52 44 33 46 23 35 56 3 36 19 40 25 28 0
0 24 11 6 23 46 38 35 13 21 28 3 54 55 27 57 15 7 1 19 59 41 45 25 12 18 30 29 8 47 37 9 42 52 5 50 34 17 4 32 51 20 48 40 56 58 31 14 22 33 53 39 2 43 10 49 26 36 16 44 0
0 9 1 28 49 22 52 31 26 4 48 13 56 47 58 33 37 43 30 44 41 7 14 27 3 50 17 46 35 57 23 29 11 39 42 38 59 12 16 18 53 5 54 45 20 6 15 2 19 34 36 24 40 21 10 55 51 32 25 8 0
0 7 17 57 49 55 47 4 37 27 13 31 33 46 5 12 22 38 34 35 53 40 9 50 18 16 25 8 30 23 41 2 14 56 43 29 6 48 1 54 59 44 36 32 15 20 21 58 19 51 11 45 24 52 42 10 26 39 28 3 0
0 18 22 45 38 4 36 7 11 6 20 23 48 54 47 35 21 8 57 26 59 46 42 16 44 34 40 13 50 9 15 56 5 43 51 53 1 29 24 33 58 12 14 55 28 2 17 32 39 3 30 31 49 25 37 19 41 10 27 52 0
0 38 7 10 48 44 58 12 11 6 59 37 9 53 34 28 50 45 19 22 26 36 31 24 32 46 14 49 55 18 42 57 30 27 43 23 47 56 33 17 4 16 51 3 41 5 2 15 40 29 1 39 13 52 35 25 8 20 54 21 0
0 3 55 50 35 28 59 33 27 40 17 36 57 53 31 38 10 30 41 34 1 7 19 11 6 52 51 45 18 56 49 14 58 4 46 43 22 23 16 25 37 13 39 2 42 12 24 20 8 47 21 32 48 44 26 54 15 9 29 5 0
0 20 2 24 11 57 14 59 26 10 36 19 48 58 44 13 41 4 42 46 21 1 47 55 43 45 33 28 50 30 34 15 3 40 32 8 56 6 52 54 51 9 49 35 7 25 29 18 39 22 38 17 27 23 53 12 16 31 37 5 0
0 52 7 9 6 38 18 50 22 41 10 47 45 39 29 19 17 30 31 55 51 59 27 33 25 56 14 57 49 21 54 8 37 20 12 36 26 3 58 42 1 24 11 53 23 28 40 16 35 2 44 43 4 34 13 15 46 5 48 32 0
0 41 26 53 43 7 31 33 11 52 13 46 19 38 8 14 22 17 6 25 10 59 32 5 45 47 37 56 39 21 23 4 42 51 3 49 57 35 30 24 12 29 20 2 34 54 50 55 18 27 15 58 44 48 16 1 28 9 36 40 0
0 44 45 25 27 17 38 35 3 16 23 4 9 22 20 37 30 29 26 11 1 40 36 41 53 8 42 32 49 5 51 54 57 31 13 34 43 24 10 58 28 21 7 46 59 12 33 2 14 19 15 39 6 50 52 56 18 48 47 55 0
0 4 32 38 55 25 29 35 44 20 10 23 13 3 43 15 7 24 33 30 58 40 52 45 48 46 26 12 8 51 34 41 47 16 28 18 6 42 19 31 53 5 36 9 2 59 17 50 57 39 27 21 56 37 54 1 22 11 14 49 0
0 40 41 45 9 46 15 3 51 6 54 24 44 48 1 43 25 4 11 38 59 31 52 47 56 26 49 27 2 55 13 34 7 42 32 33 37 10 50 20 57 5 8 58 22 21 18 35 29 16 14 23 36 53 28 17 30 39 19 12 0
0 46 15 23 11 40 54 47 43 3 2 13 12 51 31 22 27 6 55 38 14 42 52 34 39 10 20 56 49 5 59 36 50 45 19 8 53 24 25 48 35 28 32 18 17 44 7 1 21 4 9 37 33 29 16 41 30 57 58 26 0
0 47 49 9 24 28 4 32 15 31 56 48 20 43 11 39 29 58 16 40 12 55 51 27 53 18 8 17 44 35 21 14 33 30 23 26 50 36 34 59 54 3 22 1 42 52 10 6 7 25 37 5 45 46 19 13 38 41 2 57 0
0 40 23 46 22 27 17 32 5 34 49 20 28 37 39 19 35 13 11 3 7 54 42 4 29 47 45 9 6 15 24 59 36 50 8 25 10 38 58 21 2 41 12 31 51 44 1 33 55 18 43 52 56 16 57 14 30 53 48 26 0
0 37 6 1 46 28 50 19 4 20 43 56 40 52 38 41 49 27 10 36 13 2 57 9 22 42 24 8 7 5 18 58 3 15 17 31 30 48 26 25 59 14 33 11 54 21 45 51 23 44 32 29 12 34 35 47 39 53 16 55 0
0 45 43 6 9 20 36 8 41 55 42 12 59 32 27 39 37 2 24 34 44 38 35 58 25 23 15 26 18 13 28 14 56 53 54 17 21 51 1 52 47 5 50 49 19 4 16 48 22 46 11 29 57 3 7 40 30 31 10 33 0
0 4 52 48 55 1 42 30 26 22 58 39 57 24 45 14 23 10 46 27 19 47 15 44 51 41 53 37 32 59 9 5 33 28 54 36 21 25 6 31 43 50 56 13 11 2 3 18 20 17 12 40 35 34 16 49 38 8 7 29 0
0 27 45 47 16 9 38 25 14 1 19 46 54 8 29 5 37 53 49 15 17 42 13 58 34 36 41 31 30 57 33 12 32 22 26 4 6 48 51 44 11 43 50 24 3 39 7 28 18 10 2 21 40 20 59 23 55 35 52 56 0
0 59 21 25 16 23 1 10 48 18 46 41 9 12 3 57 35 13 24 22 58 7 45 15 50 44 20 43 29 19 5 17 36 42 55 38 8 51 31 40 39 30 26 53 6 47 34 11 28 49 52 27 32 2 14 33 56 4 54 37 0
