# n n_solutions
60 1000
# n x n distance matrix
0 7529 5777 6609 6549 1838 6735 4031 1920 3535 3546 3500 3023 6873 3512 1769 5738 6020 3324 2370 2507 2751 6296 8340 2158 8005 5503 7021 1526 2549 2088 4110 7106 2865 6074 6224 5008 5643 1118 6963 3686 6016 2220 1984 2600 6603 5370 3214 6579 5885 5968 3400 3132 5869 1720 5731 7472 8861 3613 2282
7529 0 6216 2600 4600 5769 5900 6529 5635 10113 4060 8657 6800 4809 4609 9235 8828 5035 5632 9013 8909 8503 1708 1303 8414 7333 6525 1711 7648 5604 8273 6806 2624 6560 8807 9198 4365 1886 8587 5308 7769 4661 9377 7424 7629 7354 6648 9350 6519 5852 7040 10575 4545 1860 5818 6198 5841 2009 9200 5247
5777 6216 0 3700 1920 5381 1118 1824 5166 5922 4118 8987 2863 1984 3162 6575 10677 1252 7043 8143 5103 4410 4539 7513 4804 2247 9319 4617 4609 6228 4709 8504 7840 2941 10897 11173 2022 5115 6735 1700 2942 8486 7937 4079 7860 1236 670 5079 806 9170 824 6935 3940 4601 5108 9278 1923 8220 4560 4738
6609 2600 3700 0 2000 5200 3301 4386 5000 8431 3201 8747 4940 2220 3132 8095 9617 2473 5946 8600 7306 6767 1166 3901 6847 4751 7627 921 6224 5510 6711 7392 4742 4770 9706 10062 2121 2262 7727 2716 5727 6151 8746 5859 7595 4785 4204 7602 3931 7170 4522 9123 3512 1555 5103 7420 3275 4604 7310 4501
6549 4600 1920 2000 0 5608 1303 3231 5385 7502 3827 9322 4100 360 3195 7716 10625 721 6881 8807 6525 5882 3059 5900 6139 2789 8909 2906 5721 6226 6020 8381 6609 4044 10780 11101 1581 3939 7623 761 4561 7710 8769 5246 8153 2846 2545 6648 1964 8591 2692 8393 3891 3289 5408 8778 1389 6603 6216 4884
1838 5769 5381 5200 5608 0 6129 3966 223 5126 2000 3716 3231 5961 2416 3606 5315 5234 1940 3405 3956 3920 4687 6521 3492 7605 4341 5458 2647 1019 3373 3224 5280 2954 5560 5813 4030 3900 2830 6171 4244 4393 3640 2800 2549 6444 5173 4609 6171 4509 5813 5186 1746 4220 316 4455 6759 7029 4816 728
6735 5900 1118 3301 1303 6129 0 2901 5907 7040 4601 9811 3920 1170 3764 7641 11345 1029 7638 9082 6212 5522 4328 7202 5900 1612 9808 4209 5656 6888 5800 9128 7833 3962 11536 11834 2280 5124 7736 721 4060 8770 8928 5135 8660 1612 1772 6197 721 9569 1640 8050 4534 4512 5883 9720 806 7905 5675 5440
4031 6529 1824 4386 3231 3966 2901 0 3773 4271 3306 7375 1044 3448 2300 4751 9261 2529 5813 6400 3337 2668 4837 7747 3001 3992 8193 5200 2789 4924 2900 7186 7566 1166 9521 9761 2267 5000 4939 3337 1360 7709 6146 2256 6293 2580 1341 3417 2596 8190 1941 5197 2942 4701 3661 8228 3700 8430 3001 3443
1920 5635 5166 5000 5385 223 5907 3773 0 5107 1802 3939 3067 5738 2193 3679 5522 5011 2088 3601 3921 3847 4512 6420 3448 7387 4492 5277 2596 1170 3324 3413 5243 2785 5762 6020 3807 3757 2952 5948 4100 4455 3807 2707 2772 6236 4967 4560 5954 4627 5607 5220 1528 4052 223 4589 6536 6942 4738 509
3535 10113 5922 8431 7502 5126 7040 4271 5107 0 6122 6500 3498 7716 5517 2308 8962 6800 6844 4870 1220 1664 8570 11152 1720 7700 9027 9121 2555 6016 1860 7602 10295 3661 9338 9414 6363 8297 3354 7569 2983 9492 4162 2690 5921 6100 5277 854 6549 9420 5614 1208 5622 8273 4884 9265 7844 11761 1400 5235
3546 4060 4118 3201 3827 2000 4601 3306 1802 6122 0 5604 3104 4187 1019 5197 6800 3606 3061 5403 4903 4579 2751 5032 4404 6184 5220 3492 3606 2416 4263 4560 4368 2816 6965 7280 2334 2193 4648 4482 4197 4438 5590 3440 4438 5322 4143 5408 4825 5053 4753 6519 500 2325 1923 5162 5108 5640 5366 1315
3500 8657 8987 8747 9322 3716 9811 7375 3939 6500 5604 0 6435 9677 6132 4197 2501 8943 3026 1700 5777 6177 8022 8998 5547 11232 3546 8827 5021 3238 5507 2220 7130 6228 2900 2927 7746 7000 3162 9884 7183 5131 2501 5481 1170 9948 8683 6462 9790 4313 9308 5821 5442 7516 3935 3962 10464 9297 6977 4438
3023 6800 2863 4940 4100 3231 3920 1044 3067 3498 3104 6435 0 4356 2236 3721 8431 3436 5154 5385 2435 1835 5173 7940 2039 5032 7558 5663 1746 4237 1923 6440 7472 300 8713 8930 2865 5100 3900 4304 1104 7306 5107 1216 5390 3584 2376 2662 3640 7648 2952 4301 2647 4940 2915 7640 4709 8595 2408 2844
6873 4809 1984 2220 360 5961 1170 3448 5738 7716 4187 9677 4356 0 3546 8005 10985 921 7241 9144 6767 6113 3324 6102 6395 2531 9263 3101 6007 6586 6279 8741 6894 4318 11140 11461 1931 4248 7940 500 4753 8044 9093 5522 8508 2772 2640 6862 1878 8937 2701 8633 4248 3584 5758 9128 1077 6800 6407 5239
3512 4609 3162 3132 3195 2416 3764 2300 2193 5517 1019 6132 2236 3546 0 4964 7582 2830 3894 5656 4327 3894 3061 5714 3841 5303 6158 3671 3138 3124 3701 5374 5295 1972 7779 8072 1615 2865 4627 3758 3289 5457 5700 2842 4965 4341 3138 4742 3905 6041 3757 6074 781 2758 2213 6129 4356 6363 4604 1700
1769 9235 6575 8095 7716 3606 7641 4751 3679 2308 5197 4197 3721 8005 4964 0 6675 7100 4965 2563 1843 2469 7915 10089 1878 8683 6942 8600 2000 4272 1931 5474 8872 3701 7057 7119 6280 7349 1104 8002 3900 7692 1886 2507 3705 7147 6041 2420 7334 7433 6552 1746 4741 7517 3471 7227 8428 10621 3041 4000
5738 8828 10677 9617 10625 5315 11345 9261 5522 8962 6800 2501 8431 10985 7582 6675 0 10385 3744 4201 8160 8486 8672 8802 7877 12876 2408 9457 7249 4459 7818 2247 6702 8184 412 500 9121 7527 5608 11280 9315 4410 5000 7647 3138 11758 10488 8860 11456 3238 11128 8321 6811 8170 5608 2828 11901 8914 9330 5939
6020 5035 1252 2473 721 5234 1029 2529 5011 6800 3606 8943 3436 921 2830 7100 10385 0 6660 8324 5846 5192 3400 6338 5474 2641 8796 3394 5100 5940 5359 8156 6844 3405 10564 10870 1272 4123 7071 948 3848 7741 8237 4609 7782 2319 1843 5946 1503 8544 2061 7712 3580 3535 5008 8700 1526 7044 5503 4527
3324 5632 7043 5946 6881 1940 7638 5813 2088 6844 3061 3026 5154 7241 3894 4965 3744 6660 0 3661 5742 5800 5098 6008 5315 9196 2404 5903 4501 921 5208 1500 4272 4870 3905 4220 5390 4019 3944 7543 6184 2729 4244 4716 2061 8184 6933 6428 7798 2601 7571 6685 3114 4589 2255 2517 8168 6356 6700 2370
2370 9013 8143 8600 8807 3405 9082 6400 3601 4870 5403 1700 5385 9144 5656 2563 4201 8324 3661 0 4272 4763 8075 9575 4123 10375 4964 8856 3764 3417 4110 3498 7932 5235 4600 4617 7236 7203 1640 9272 5954 6224 806 4280 1702 8969 7740 4924 8947 5630 8335 4130 5103 7595 3501 5333 9803 9976 5491 4100
2507 8909 5103 7306 6525 3956 6212 3337 3921 1220 4903 5777 2435 6767 4327 1843 8160 5846 5742 4272 0 707 7387 9935 500 7070 8000 7963 1341 4883 640 6617 9082 2549 8516 8633 5280 7083 2641 6674 2220 8343 3687 1486 5044 5491 4501 707 5803 8338 4936 1868 4404 7076 3700 8209 7017 10542 1220 4024
2751 8503 4410 6767 5882 3920 5522 2668 3847 1664 4579 6177 1835 6113 3894 2469 8486 5192 5800 4763 707 0 6931 9580 640 6363 8129 7465 1303 4904 670 6806 8863 2000 8825 8969 4700 6720 3123 6001 1513 8302 4244 1170 5348 4785 3800 848 5100 8400 4229 2531 4081 6652 3634 8305 6328 10207 900 3860
6296 1708 4539 1166 3059 4687 4328 4837 4512 8570 2751 8022 5173 3324 3061 7915 8672 3400 5098 8075 7387 6931 0 2983 6902 5846 6586 806 6185 4801 6762 6484 3584 4951 8732 9100 2657 1166 7399 3807 6103 5024 8319 5903 6902 5707 4947 7779 4901 6080 5360 9126 3178 509 4657 6351 4396 3687 7581 4052
8340 1303 7513 3901 5900 6521 7202 7747 6420 11152 5032 8998 7940 6102 5714 10089 8802 6338 6008 9575 9935 9580 2983 0 9436 8620 6412 3001 8637 6171 9295 6972 2137 7685 8720 9119 5632 2860 9347 6602 8947 4428 10023 8464 8065 8657 7930 10420 7822 5643 8336 11526 5531 3046 6621 6029 7125 707 10317 6095
2158 8414 4804 6847 6139 3492 5900 3001 3448 1720 4404 5547 2039 6395 3841 1878 7877 5474 5315 4123 500 640 6902 9436 0 6844 7605 7488 854 4440 141 6251 8588 2118 8221 8357 4846 6585 2483 6328 2024 7885 3612 1000 4743 5288 4229 1118 5532 7915 4707 2284 3905 6585 3228 7800 6700 10042 1456 3534
8005 7333 2247 4751 2789 7605 1612 3992 7387 7700 6184 11232 5032 2531 5303 8683 12876 2641 9196 10375 7070 6363 5846 8620 6844 0 11401 5622 6767 8417 6768 10677 9396 5147 13081 13368 3883 6706 8931 2039 4850 10382 10138 6229 10101 1600 2657 6906 1442 11177 2137 8814 6082 6072 7340 11322 1500 9313 6300 6942
5503 6525 9319 7627 8909 4341 9808 8193 4492 9027 5220 3546 7558 9263 6158 6942 2408 8796 2404 4964 8000 8129 6586 6412 7605 11401 0 7335 6826 3324 7510 1486 4300 7273 2308 2707 7528 5420 5846 9620 8585 2002 5727 7085 3324 10495 9266 8700 10043 854 9897 8688 5385 6105 4657 447 10259 6506 9027 4753
7021 1711 4617 921 2906 5458 4209 5200 5277 9121 3492 8827 5663 3101 3671 8600 9457 3394 5903 8856 7963 7465 806 3001 7488 5622 7335 0 6809 5603 7349 7280 4049 5467 9507 9878 2941 1931 8132 3601 6519 5700 9079 6489 7705 5706 5107 8309 4850 6795 5440 9741 3889 1315 5412 7083 4130 3700 8062 4805
1526 7648 4609 6224 5721 2647 5656 2789 2596 2555 3606 5021 1746 6007 3138 2000 7249 5100 4501 3764 1341 1303 6185 8637 854 6767 6826 6809 0 3612 728 5510 7741 1702 7576 7738 4317 5798 2195 6003 2193 7040 3400 538 4114 5280 4110 1964 5385 7102 4661 2941 3111 5841 2376 7002 6438 9231 2202 2683
2549 5604 6228 5510 6226 1019 6888 4924 1170 6016 2416 3238 4237 6586 3124 4272 4459 5940 921 3417 4883 4904 4801 6171 4440 8417 3324 5603 3612 0 4328 2280 4669 3955 4669 4951 4687 3832 3330 6850 5263 3478 3858 3805 2102 7340 6080 5557 7000 3501 6720 5948 2360 4300 1334 3436 7463 6603 5803 1500
2088 8273 4709 6711 6020 3373 5800 2900 3324 1860 4263 5507 1923 6279 3701 1931 7818 5359 5208 4110 640 670 6762 9295 141 6768 7510 7349 728 4328 0 6166 8453 1992 8159 8300 4716 6444 2475 6220 1969 7766 3623 860 4681 5220 4143 1236 5445 7809 4632 2416 3764 6444 3104 7700 6600 9902 1529 3401
4110 6806 8504 7392 8381 3224 9128 7186 3413 7602 4560 2220 6440 8741 5374 5474 2247 8156 1500 3498 6617 6806 6484 6972 6251 10677 1486 7280 5510 2280 6166 0 5000 6171 2408 2720 6888 5360 4373 9042 7409 2915 4248 5824 1838 9620 8360 7324 9269 2140 9000 7217 4596 5977 3535 1835 9667 7203 7694 3780
7106 2624 7840 4742 6609 5280 7833 7566 5243 10295 4368 7130 7472 6894 5295 8872 6702 6844 4272 7932 9082 8863 3584 2137 8588 9396 4300 4049 7741 4669 8453 5000 0 7184 6603 7002 5821 2729 7990 7368 8561 2302 8481 7696 6313 9066 8102 9660 8336 3512 8620 10462 4838 3324 5464 3905 7971 2220 9693 5060
2865 6560 2941 4770 4044 2954 3962 1166 2785 3661 2816 6228 300 4318 1972 3701 8184 3405 4870 5235 2549 2000 4951 7685 2118 5147 7273 5467 1702 3955 1992 6171 7184 0 8459 8683 2731 4837 3794 4301 1403 7006 4997 1204 5166 3744 2505 2842 3733 7354 3106 4401 2353 4701 2640 7349 4738 8335 2640 2549
6074 8807 10897 9706 10780 5560 11536 9521 5762 9338 6965 2900 8713 11140 7779 7057 412 10564 3905 4600 8516 8825 8732 8720 8221 13081 2308 9507 7576 4669 8159 2408 6603 8459 0 400 9295 7576 5984 11447 9617 4301 5400 7962 3478 11997 10729 9217 11669 3101 11369 8714 7003 8234 5860 2700 12073 8800 9676 6161
6224 9198 11173 10062 11101 5813 11834 9761 6020 9414 7280 2927 8930 11461 8072 7119 500 10870 4220 4617 8633 8969 9100 9119 8357 13368 2707 9878 7738 4951 8300 2720 7002 8683 400 0 9604 7947 6063 11761 9811 4701 5408 8141 3624 12256 10986 9330 11950 3501 11626 8746 7300 8600 6107 3100 12384 9200 9808 6435
5008 4365 2022 2121 1581 4030 2280 2267 3807 6363 2334 7746 2865 1931 1615 6280 9121 1272 5390 7236 5280 4700 2657 5632 4846 3883 7528 2941 4317 4687 4716 6888 5821 2731 9295 9604 0 3101 6100 2163 3606 6530 7224 3889 6579 3255 2319 5522 2600 7294 2801 7130 2332 2630 3827 7440 2780 6332 5200 3310
5643 1886 5115 2262 3939 3900 5124 5000 3757 8297 2193 7000 5100 4248 2865 7349 7527 4123 4019 7203 7083 6720 1166 2860 6585 6706 5420 1931 5798 3832 6444 5360 2729 4837 7576 7947 3101 0 6708 4700 6132 3889 7527 5608 5913 6338 5403 7560 5608 4920 5902 8711 2687 707 3935 5186 5322 3498 7462 3361
1118 8587 6735 7727 7623 2830 7736 4939 2952 3354 4648 3162 3900 7940 4627 1104 5608 7071 3944 1640 2641 3123 7399 9347 2483 8931 5846 8132 2195 3330 2475 4373 7990 3794 5984 6063 6100 6708 0 8006 4360 6673 1208 2729 2601 7468 6276 3310 7527 6356 6844 2844 4244 6964 2773 6140 8492 9840 3858 3361
6963 5308 1700 2716 761 6171 721 3337 5948 7569 4482 9884 4304 500 3758 8002 11280 948 7543 9272 6674 6001 3807 6602 6328 2039 9620 3601 6003 6850 6220 9042 7368 4301 11447 11761 2163 4700 8006 0 4588 8459 9178 5500 8720 2332 2370 6718 1442 9323 2334 8532 4494 4049 5950 9501 640 7300 6229 5458
3686 7769 2942 5727 4561 4244 4060 1360 4100 2983 4197 7183 1104 4753 3289 3900 9315 3848 6184 5954 2220 1513 6103 8947 2024 4850 8585 6519 2193 5263 1969 7409 8561 1403 9617 9811 3606 6132 4360 4588 0 8402 5547 1702 6212 3275 2308 2137 3601 8713 2716 4004 3748 5916 3929 8688 4865 9615 1655 3920
6016 4661 8486 6151 7710 4393 8770 7709 4455 9492 4438 5131 7306 8044 5457 7692 4410 7741 2729 6224 8343 8302 5024 4428 7885 10382 2002 5700 7040 3478 7766 2915 2302 7006 4301 4701 6530 3889 6673 8459 8402 0 6888 7156 4525 9714 8572 9002 9128 1216 9170 9402 4767 4596 4669 1603 9097 4504 9192 4504
2220 9377 7937 8746 8769 3640 8928 6146 3807 4162 5590 2501 5107 9093 5700 1886 5000 8237 4244 806 3687 4244 8319 10023 3612 10138 5727 9079 3400 3858 3623 4248 8481 4997 5400 5408 7224 7527 1208 9178 5547 6888 0 3935 2418 8676 7483 4301 8730 6362 8052 3354 5234 7858 3667 6082 9677 10461 4904 4275
1984 7424 4079 5859 5246 2800 5135 2256 2707 2690 3440 5481 1216 5522 2842 2507 7647 4609 4716 4280 1486 1170 5903 8464 1000 6229 7085 6489 538 3805 860 5824 7696 1204 7962 8141 3889 5608 2729 5500 1702 7156 3935 0 4527 4742 3573 1972 4850 7306 4123 3264 2941 5590 2501 7233 5921 9080 2039 2692
2600 7629 7860 7595 8153 2549 8660 6293 2772 5921 4438 1170 5390 8508 4965 3705 3138 7782 2061 1702 5044 5348 6902 8065 4743 10101 3324 7705 4114 2102 4681 1838 6313 5166 3478 3624 6579 5913 2601 8720 6212 4525 2418 4527 0 8852 7582 5748 8660 3944 8213 5433 4272 6400 2778 3667 9305 8417 6198 3269
6603 7354 1236 4785 2846 6444 1612 2580 6236 6100 5322 9948 3584 2772 4341 7147 11758 2319 8184 8969 5491 4785 5707 8657 5288 1600 10495 5706 5280 7340 5220 9620 9066 3744 11997 12256 3255 6338 7468 2332 3275 9714 8676 4742 8852 0 1272 5308 894 10375 640 7217 5110 5803 6155 10470 2193 9363 4700 5841
5370 6648 670 4204 2545 5173 1772 1341 4967 5277 4143 8683 2376 2640 3138 6041 10488 1843 6933 7740 4501 3800 4947 7930 4229 2657 9266 5107 4110 6080 4143 8360 8102 2505 10729 10986 2319 5403 6276 2370 2308 8572 7483 3573 7582 1272 0 4440 1303 9178 640 6312 3891 4949 4883 9257 2570 8634 3905 4580
3214 9350 5079 7602 6648 4609 6197 3417 4560 854 5408 6462 2662 6862 4742 2420 8860 5946 6428 4924 707 848 7779 10420 1118 6906 8700 8309 1964 5557 1236 7324 9660 2842 9217 9330 5522 7560 3310 6718 2137 9002 4301 1972 5748 5308 4440 0 5721 9027 4801 1910 4909 7500 4340 8905 7002 11043 670 4623
6579 6519 806 3931 1964 6171 721 2596 5954 6549 4825 9790 3640 1878 3905 7334 11456 1503 7798 8947 5803 5100 4901 7822 5532 1442 10043 4850 5385 7000 5445 9269 8336 3733 11669 11950 2600 5608 7527 1442 3601 9128 8730 4850 8660 894 1303 5721 0 9861 984 7605 4686 5035 5903 9985 1389 8528 5162 5517
5885 5852 9170 7170 8591 4509 9569 8190 4627 9420 5053 4313 7648 8937 6041 7433 3238 8544 2601 5630 8338 8400 6080 5643 7915 11177 854 6795 7102 3501 7809 2140 3512 7354 3101 3501 7294 4920 6356 9323 8713 1216 6362 7306 3944 10375 9178 9027 9861 0 9798 9176 5292 5622 4816 412 9963 5700 9300 4805
5968 7040 824 4522 2692 5813 1640 1941 5607 5614 4753 9308 2952 2701 3757 6552 11128 2061 7571 8335 4936 4229 5360 8336 4707 2137 9897 5440 4661 6720 4632 9000 8620 3106 11369 11626 2801 5902 6844 2334 2716 9170 8052 4123 8213 640 640 4801 984 9798 0 6700 4517 5408 5522 9883 2370 9042 4219 5220
3400 10575 6935 9123 8393 5186 8050 5197 5220 1208 6519 5821 4301 8633 6074 1746 8321 7712 6685 4130 1868 2531 9126 11526 2284 8814 8688 9741 2941 5948 2416 7217 10462 4401 8714 8746 7130 8711 2844 8532 4004 9402 3354 3264 5433 7217 6312 1910 7605 9176 6700 0 6030 8780 5000 8973 8856 12096 2549 5456
3132 4545 3940 3512 3891 1746 4534 2942 1528 5622 500 5442 2647 4248 781 4741 6811 3580 3114 5103 4404 4081 3178 5531 3905 6082 5385 3889 3111 2360 3764 4596 4838 2353 7003 7300 2332 2687 4244 4494 3748 4767 5234 2941 4272 5110 3891 4909 4686 5292 4517 6030 0 2778 1603 5366 5103 6140 4875 1019
5869 1860 4601 1555 3289 4220 4512 4701 4052 8273 2325 7516 4940 3584 2758 7517 8170 3535 4589 7595 7076 6652 509 3046 6585 6072 6105 1315 5841 4300 6444 5977 3324 4701 8234 8600 2630 707 6964 4049 5916 4596 7858 5590 6400 5803 4949 7500 5035 5622 5408 8780 2778 0 4205 5882 4661 3733 7340 3605
1720 5818 5108 5103 5408 316 5883 3661 223 4884 1923 3935 2915 5758 2213 3471 5608 5008 2255 3501 3700 3634 4657 6621 3228 7340 4657 5412 2376 1334 3104 3535 5464 2640 5860 6107 3827 3935 2773 5950 3929 4669 3667 2501 2778 6155 4883 4340 5903 4816 5522 5000 1603 4205 0 4767 6529 7150 4527 608
5731 6198 9278 7420 8778 4455 9720 8228 4589 9265 5162 3962 7640 9128 6129 7227 2828 8700 2517 5333 8209 8305 6351 6029 7800 11322 447 7083 7002 3436 7700 1835 3905 7349 2700 3100 7440 5186 6140 9501 8688 1603 6082 7233 3667 10470 9257 8905 9985 412 9883 8973 5366 5882 4767 0 10141 6100 9204 4808
7472 5841 1923 3275 1389 6759 806 3700 6536 7844 5108 10464 4709 1077 4356 8428 11901 1526 8168 9803 7017 6328 4396 7125 6700 1500 10259 4130 6438 7463 6600 9667 7971 4738 12073 12384 2780 5322 8492 640 4865 9097 9677 5921 9305 2193 2570 7002 1389 9963 2370 8856 5103 4661 6529 10141 0 7816 6475 6053
8861 2009 8220 4604 6603 7029 7905 8430 6942 11761 5640 9297 8595 6800 6363 10621 8914 7044 6356 9976 10542 10207 3687 707 10042 9313 6506 3700 9231 6603 9902 7203 2220 8335 8800 9200 6332 3498 9840 7300 9615 4504 10461 9080 8417 9363 8634 11043 8528 5700 9042 12096 6140 3733 7150 6100 7816 0 10960 6646
3613 9200 4560 7310 6216 4816 5675 3001 4738 1400 5366 6977 2408 6407 4604 3041 9330 5503 6700 5491 1220 900 7581 10317 1456 6300 9027 8062 2202 5803 1529 7694 9693 2640 9676 9808 5200 7462 3858 6229 1655 9192 4904 2039 6198 4700 3905 670 5162 9300 4219 2549 4875 7340 4527 9204 6475 10960 0 4729
2282 5247 4738 4501 4884 728 5440 3443 509 5235 1315 4438 2844 5239 1700 4000 5939 4527 2370 4100 4024 3860 4052 6095 3534 6942 4753 4805 2683 1500 3401 3780 5060 2549 6161 6435 3310 3361 3361 5458 3920 4504 4275 2692 3269 5841 4580 4623 5517 4805 5220 5456 1019 3605 608 4808 6053 6646 4729 0
# set of given starting solutions
0 2 30 34 10 20 57 1 22 49 23 8 32 48 21 27 11 33 39 17 16 24 59 46 9 55 56 28 42 29 45 26 50 44 35 51 4 41 40 14 12 5 52 3 36 19 7 43 53 37 31 25 18 13 54 15 6 47 58 38 0
0 49 7 29 48 50 58 4 22 19 42 14 27 15 38 18 25 34 17 37 23 12 8 6 44 31 1 41 11 10 46 28 51 2 55 56 59 26 35 52 40 39 32 30 20 33 47 54 21 13 36 5 9 24 53 43 45 16 57 3 0
0 30 8 28 18 43 59 12 40 1 34 44 23 13 14 50 20 56 22 36 52 27 4 24 10 5 47 31 58 17 6 33 46 35 41 21 37 45 39 9 54 15 49 7 16 53 38 11 2 26 19 3 51 32 57 29 42 48 25 55 0
0 27 14 17 28 10 53 43 31 35 33 39 1 24 25 4 38 59 21 36 30 6 26 12 47 45 42 32 3 22 34 5 54 52 56 8 50 46 19 16 13 57 11 2 29 18 9 20 37 44 48 51 58 7 49 55 40 41 15 23 0
0 41 21 42 8 25 46 10 9 18 5 1 44 37 20 3 2 53 6 19 34 23 11 52 38 50 58 7 48 54 31 36 17 15 4 16 32 30 51 43 59 28 22 40 12 29 56 49 45 55 26 13 27 14 57 47 39 24 33 35 0
0 6 15 52 38 20 57 29 4 28 47 25 42 39 33 19 55 11 37 7 53 24 27 54 51 17 10 14 1 40 59 35 50 12 46 58 13 8 5 26 16 48 3 22 49 45 36 44 9 31 18 43 2 30 56 32 41 23 34 21 0
0 49 57 53 45 56 40 29 37 22 19 54 52 9 41 36 46 16 42 25 39 7 27 32 4 15 5 12 2 38 50 26 11 58 24 55 17 47 23 51 21 3 48 43 44 30 59 35 14 1 31 18 20 8 13 10 34 6 28 33 0
0 27 50 24 36 37 41 48 17 30 10 38 51 35 52 34 42 16 26 47 14 44 31 5 58 49 29 57 23 19 46 40 22 20 8 55 4 13 3 56 39 6 18 32 7 59 54 11 2 45 25 21 33 43 9 15 28 12 1 53 0
0 59 19 20 33 41 42 55 32 34 51 7 8 13 38 36 43 25 54 44 49 37 4 48 9 15 40 10 52 22 1 21 3 23 6 31 14 12 29 28 26 17 18 2 50 27 11 45 24 47 39 5 58 56 35 46 16 53 57 30 0
0 4 48 54 29 8 9 53 37 26 34 43 46 36 52 39 31 57 59 25 14 18 13 45 6 51 58 15 56 28 20 50 11 27 30 47 33 3 17 40 2 10 7 49 5 38 22 16 35 1 21 32 23 55 41 19 42 24 12 44 0
0 12 31 21 32 47 28 24 22 53 10 33 59 50 6 44 19 36 35 41 39 38 30 3 42 25 40 43 55 51 15 1 7 46 20 18 34 56 16 48 2 45 29 52 58 37 49 13 26 9 57 23 4 8 5 11 14 17 27 54 0
0 36 43 26 10 56 39 47 48 57 30 22 28 45 42 6 29 52 55 32 24 53 21 4 14 1 7 18 12 46 16 31 35 2 13 50 17 8 34 3 15 44 5 49 37 58 27 59 38 51 33 11 25 9 54 20 19 41 23 40 0
0 45 7 22 16 4 6 17 18 39 37 20 46 13 52 53 50 51 38 5 40 21 54 24 25 47 42 10 49 30 31 28 26 27 34 9 12 55 41 57 2 59 35 36 29 44 19 48 58 1 8 23 33 15 56 11 32 14 3 43 0
0 11 21 56 19 48 57 37 49 23 24 5 27 51 33 42 58 3 12 41 40 9 59 4 14 2 45 43 8 1 13 32 46 6 53 29 50 7 25 34 16 54 36 10 30 39 15 26 47 20 17 44 28 35 22 52 55 18 38 31 0
0 32 46 55 26 29 58 42 24 44 2 37 49 1 10 54 38 50 59 12 41 48 33 11 23 18 15 4 51 6 35 56 28 25 57 14 5 8 40 7 17 19 43 13 52 45 27 36 31 39 20 47 9 3 21 22 16 34 53 30 0
0 54 45 51 28 25 15 57 27 18 59 35 44 26 17 29 34 5 21 14 36 11 31 4 22 39 47 37 32 55 12 41 24 3 53 40 8 48 43 30 10 33 2 19 9 56 42 46 1 49 50 7 20 23 52 6 38 13 58 16 0
0 16 8 28 21 22 42 37 45 19 51 35 36 10 4 31 23 1 14 11 52 57 33 24 44 17 47 29 20 59 2 13 12 38 40 25 41 56 48 58 39 53 5 50 26 32 30 27 6 46 54 18 9 3 7 34 43 49 55 15 0
0 25 11 17 18 22 26 5 57 41 53 47 50 21 12 55 35 54 59 6 23 43 1 8 44 27 15 20 24 45 13 40 2 34 19 14 10 49 31 16 36 46 58 4 37 32 56 7 28 42 33 9 30 38 39 29 52 51 48 3 0
0 9 51 8 41 56 19 43 45 31 6 4 27 3 34 24 44 26 58 38 46 36 13 30 28 55 57 2 12 25 14 16 1 50 54 39 21 49 59 32 42 17 53 11 23 47 10 20 33 15 52 37 22 40 18 29 5 35 48 7 0
0 52 13 32 25 29 5 28 26 6 19 11 22 1 31 33 21 38 39 23 35 34 48 43 17 16 3 10 18 51 14 44 8 12 45 20 40 50 30 55 58 7 57 15 9 59 27 36 4 24 41 2 37 49 46 42 54 53 47 56 0
0 10 9 54 17 56 11 48 33 29 21 40 52 36 57 25 37 27 6 20 16 14 22 24 42 19 50 31 49 53 8 12 13 32 15 55 59 51 4 7 18 46 58 35 23 43 34 39 2 47 45 5 41 3 30 38 26 28 1 44 0
0 34 54 39 21 53 32 31 35 51 7 33 11 26 3 15 18 16 2 28 6 14 9 49 29 48 45 59 57 30 44 58 12 41 5 13 17 25 10 38 42 19 37 52 8 22 56 50 23 20 55 1 4 46 40 47 43 24 36 27 0
0 21 22 58 15 19 1 43 40 32 3 5 6 50 57 41 45 51 48 7 18 33 55 20 39 12 11 8 30 44 29 23 54 35 46 17 26 28 31 27 16 36 52 10 49 47 4 25 2 38 37 9 13 59 53 56 14 34 24 42 0
0 24 43 8 51 15 31 18 30 27 52 44 45 58 7 14 32 4 37 19 46 36 25 39 49 57 47 9 42 2 35 12 56 33 41 26 59 17 48 40 10 22 38 6 3 23 28 16 21 11 13 55 20 34 29 5 53 1 50 54 0
0 7 11 59 37 45 54 53 33 10 3 1 51 39 18 13 24 15 5 14 19 50 28 57 40 27 36 26 47 20 8 49 32 58 43 56 29 23 55 30 38 16 46 4 41 22 42 44 35 25 6 21 48 34 52 12 9 2 31 17 0
0 2 52 26 10 11 46 25 13 30 20 47 38 4 44 41 55 34 7 35 3 29 32 40 43 57 6 16 24 37 28 53 15 12 5 59 19 31 14 9 49 8 50 58 18 1 48 54 56 21 23 27 17 22 42 33 39 51 45 36 0
0 34 6 53 55 46 33 14 16 26 51 19 45 40 23 43 36 48 56 25 22 7 3 13 57 38 17 52 5 31 28 1 24 21 50 29 12 4 35 59 58 42 44 39 9 15 30 20 11 8 47 18 10 41 27 54 32 49 37 2 0
0 56 53 24 59 50 39 37 2 21 32 31 19 34 51 18 40 41 20 28 38 5 1 54 25 23 3 48 45 16 15 4 13 46 57 43 29 17 26 6 55 36 14 30 42 33 9 12 8 52 49 7 27 47 22 11 10 58 35 44 0
0 40 39 47 51 3 15 37 59 54 9 48 28 27 33 44 55 31 53 32 11 30 12 43 18 38 22 4 5 34 35 10 56 1 7 49 25 17 2 19 6 50 36 45 26 41 24 21 20 8 58 52 57 29 14 42 13 16 23 46 0
0 6 55 45 23 49 13 56 24 46 42 34 41 33 17 19 32 20 43 18 3 9 2 16 51 48 53 39 38 57 1 28 35 30 50 58 10 5 52 36 12 14 54 27 11 4 7 29 47 21 37 22 40 44 8 25 59 31 15 26 0
0 29 56 26 3 18 1 23 53 8 20 36 27 34 46 52 22 4 48 35 24 19 2 50 37 33 6 40 32 5 30 38 12 49 16 47 25 13 51 17 57 58 14 59 39 45 31 7 28 42 55 41 43 9 11 10 21 54 15 44 0
0 5 44 4 32 40 19 11 2 52 20 37 54 25 31 7 49 9 14 59 45 30 6 18 10 39 51 1 42 28 41 38 57 56 34 58 15 17 22 53 47 48 3 16 23 24 12 8 26 13 21 36 50 35 29 46 27 55 33 43 0
0 24 3 21 34 50 59 31 13 4 45 49 27 26 19 42 33 48 58 40 17 12 52 14 41 2 37 15 28 47 32 8 55 35 53 43 22 36 25 6 38 1 39 18 44 9 29 46 23 20 30 51 57 5 56 16 54 11 10 7 0
0 24 13 57 35 10 58 42 27 54 39 30 28 53 55 59 26 32 56 1 38 25 36 6 37 40 45 15 43 20 47 48 33 41 7 9 14 29 31 11 18 34 16 52 8 23 4 22 46 44 2 5 50 12 17 3 19 49 51 21 0
0 29 59 22 43 11 32 54 35 13 52 33 46 23 19 36 42 18 51 48 56 37 53 50 21 34 12 39 40 30 49 47 25 7 10 57 58 45 38 15 27 3 2 8 5 41 9 31 16 17 1 4 28 55 20 24 44 14 6 26 0
0 41 38 50 46 57 51 22 43 30 12 8 15 7 55 21 54 36 28 25 44 32 48 23 58 24 5 9 26 27 56 10 3 42 14 49 13 29 19 1 33 2 4 34 11 20 35 31 52 40 17 6 16 39 37 18 53 45 59 47 0
0 55 25 23 50 2 15 59 21 48 58 33 5 29 34 6 12 43 14 39 7 53 37 3 17 10 56 54 36 45 26 30 32 1 42 57 13 40 22 28 18 49 24 41 51 38 31 9 8 35 16 46 11 52 20 4 44 19 47 27 0
0 50 4 42 18 36 52 53 37 12 34 33 35 57 31 21 16 24 14 45 10 56 32 28 2 55 49 44 25 17 13 1 48 51 19 8 7 30 43 15 11 6 46 54 22 23 59 39 58 9 29 38 3 5 20 27 41 26 47 40 0
0 17 34 27 19 32 23 58 57 18 38 52 8 12 5 53 54 59 37 2 20 51 35 16 11 56 24 9 14 46 55 22 47 30 6 48 31 29 28 43 26 15 41 21 36 33 44 45 49 50 7 42 1 3 39 10 25 4 13 40 0
0 36 47 59 57 8 34 42 3 32 30 27 25 49 22 7 39 20 41 51 16 44 40 17 35 52 2 26 37 9 4 58 54 45 53 10 33 29 11 23 12 50 48 31 1 19 43 56 21 6 46 24 14 18 28 55 13 38 15 5 0
0 12 50 58 18 26 53 42 47 48 46 15 3 56 8 7 4 24 55 51 30 25 28 29 57 33 22 14 54 6 13 37 11 10 41 40 2 19 44 32 17 39 52 20 35 43 23 9 38 36 1 34 27 49 31 21 16 5 45 59 0
0 44 7 39 21 41 13 3 2 31 55 52 26 50 54 6 45 37 29 43 18 4 22 12 14 48 47 46 32 10 49 23 40 16 28 35 25 56 15 20 8 53 38 58 5 33 30 1 9 51 34 19 24 42 57 59 11 17 27 36 0
0 54 49 20 38 52 28 29 42 32 35 59 51 56 14 31 19 50 24 55 26 12 43 40 21 46 39 33 58 44 25 53 23 27 6 1 30 3 7 57 47 17 9 11 15 13 45 36 22 16 37 10 41 5 2 18 4 48 8 34 0
0 50 31 41 26 27 37 49 14 20 16 30 21 9 38 1 35 22 46 56 57 33 2 24 54 3 36 53 11 25 45 5 40 8 43 55 12 7 4 29 15 32 10 58 44 52 47 28 23 59 42 19 13 18 17 39 51 48 6 34 0
0 16 56 48 27 53 10 17 29 18 41 50 25 37 46 52 45 36 26 9 14 24 28 3 33 59 31 5 38 34 57 2 30 21 49 19 20 6 23 13 42 55 44 51 32 22 58 35 7 47 1 8 11 54 12 15 4 39 43 40 0
0 3 2 22 43 18 41 57 16 30 17 7 28 19 25 37 35 15 58 32 12 33 45 47 10 23 56 9 21 20 38 5 34 59 46 14 39 8 40 54 11 50 49 13 42 6 31 24 55 26 53 27 52 51 1 48 4 44 36 29 0
0 1 50 42 10 28 5 26 39 43 59 44 14 21 8 33 57 19 47 58 41 9 20 3 16 56 4 24 17 53 38 51 22 23 29 11 40 49 30 13 2 6 45 31 37 12 52 34 32 48 36 35 46 15 7 54 18 55 27 25 0
0 54 4 42 52 29 36 51 27 53 2 40 59 16 57 12 21 28 7 19 44 56 13 9 10 45 18 20 24 46 15 35 49 11 22 17 55 5 50 30 32 34 37 14 3 8 43 48 1 23 33 39 41 58 47 31 25 26 38 6 0
0 13 32 39 6 24 20 21 1 4 43 42 56 50 28 58 37 33 46 29 36 31 25 55 41 45 12 30 54 47 5 27 14 59 35 34 18 52 17 40 16 9 22 57 3 19 44 10 23 2 26 15 38 8 48 7 11 53 51 49 0
0 48 4 25 20 3 50 46 16 8 42 59 29 32 23 26 55 54 40 44 18 52 34 49 58 56 12 7 57 13 27 53 2 45 14 37 6 31 33 21 43 47 38 39 9 24 22 10 5 41 1 28 15 35 11 19 17 51 30 36 0
0 39 37 33 6 16 55 45 43 11 32 42 51 57 46 24 59 10 48 49 38 34 31 7 17 27 56 4 36 35 50 40 28 41 5 44 25 21 3 2 29 8 47 30 52 20 1 13 53 15 9 18 19 26 58 23 14 54 22 12 0
0 56 39 23 50 27 54 41 8 44 33 45 9 14 10 43 18 13 17 31 25 22 37 4 42 24 58 7 15 11 49 57 47 46 2 26 30 48 36 28 34 12 20 5 55 21 6 19 16 35 29 3 38 40 53 32 1 59 52 51 0
0 6 16 45 1 9 26 49 50 7 44 4 11 51 21 28 42 19 52 31 53 34 48 23 13 37 36 43 54 22 15 41 17 46 18 35 56 57 47 3 10 5 29 12 40 58 33 8 38 20 59 24 27 55 2 39 25 32 14 30 0
0 40 9 49 22 26 17 29 47 2 59 4 32 21 14 8 12 39 16 1 18 50 37 13 24 56 34 58 20 31 27 45 25 35 46 43 54 55 3 57 41 53 23 6 48 52 15 42 51 30 33 19 11 44 28 36 38 5 7 10 0
0 23 12 29 25 34 53 4 17 10 56 26 31 50 27 28 15 20 54 49 41 48 9 18 1 6 57 38 59 39 45 32 2 19 36 7 55 30 33 46 47 21 3 44 22 51 11 40 42 35 13 14 43 5 52 16 8 24 37 58 0
0 31 40 59 12 18 36 24 38 44 9 14 57 55 10 45 13 2 8 58 43 53 32 35 49 33 28 41 19 56 26 3 39 25 30 42 46 11 22 23 54 50 52 27 4 15 47 17 34 7 21 29 5 1 20 51 16 37 6 48 0
0 30 58 26 49 14 27 59 54 35 20 51 38 15 22 32 46 23 50 56 19 34 29 41 13 43 57 39 2 55 12 52 24 4 21 31 6 25 48 53 44 8 5 3 28 9 10 42 45 1 47 40 37 36 11 7 16 18 33 17 0
0 22 16 43 48 11 42 23 54 8 10 57 3 58 46 21 18 51 14 36 27 24 25 4 31 49 47 56 50 52 1 41 33 28 2 59 35 44 7 55 37 38 9 17 12 45 34 40 19 32 6 53 26 20 29 13 39 30 15 5 0
0 34 53 4 16 50 47 48 45 43 33 12 2 55 40 21 3 49 44 1 18 31 26 10 59 57 7 8 24 36 54 52 27 11 30 42 6 41 56 14 20 15 58 46 13 9 28 25 19 35 51 23 32 29 37 38 22 5 17 39 0
0 57 17 3 21 6 38 43 20 4 26 2 55 34 11 56 14 10 27 47 22 5 23 46 41 24 7 37 49 50 52 32 19 39 29 48 9 16 53 36 25 58 12 35 15 13 40 45 18 1 28 42 59 31 51 54 33 8 44 30 0
0 25 19 32 52 5 15 40 18 47 29 1 45 42 54 44 38 37 23 11 31 46 39 2 49 41 56 3 59 48 50 26 8 35 24 6 4 53 30 20 14 34 13 17 21 43 9 28 16 22 58 55 51 33 27 57 7 36 12 10 0
0 13 25 11 38 30 16 45 7 52 55 29 49 33 23 9 58 50 6 57 26 14 53 1 2 19 39 20 56 40 43 22 24 54 17 21 8 4 44 31 46 28 10 47 5 15 37 36 42 12 34 18 48 32 27 3 51 41 35 59 0
0 36 17 56 45 20 10 23 31 5 35 21 37 42 18 22 43 50 24 26 49 7 51 47 12 8 27 28 38 6 9 4 58 46 57 33 16 39 32 14 13 1 53 52 59 41 3 55 54 48 30 34 25 40 29 2 19 44 15 11 0
0 48 47 1 9 51 41 21 42 7 30 24 56 22 54 4 36 8 35 13 44 29 52 46 43 39 49 27 3 6 15 50 55 31 45 18 33 11 20 40 53 34 14 23 28 25 5 37 58 19 12 17 26 32 16 57 2 38 59 10 0
0 14 51 40 16 45 1 33 19 30 12 28 53 43 49 34 39 35 17 26 4 11 29 2 20 8 38 10 9 23 5 59 7 27 24 31 54 21 37 50 55 22 32 57 56 41 48 3 58 47 18 6 52 46 15 25 42 44 36 13 0
0 13 5 21 25 4 28 34 35 48 59 47 16 51 27 53 33 44 50 39 42 18 36 1 37 2 9 49 38 12 46 30 26 54 10 23 20 31 6 7 56 3 41 29 57 11 52 55 40 17 45 22 43 24 58 8 15 19 14 32 0
0 4 55 21 42 40 51 56 5 44 27 18 19 24 20 59 52 38 39 58 28 53 30 50 15 33 13 32 57 10 8 54 16 22 14 1 46 29 3 23 49 43 25 47 36 41 12 9 35 37 31 7 11 34 17 45 26 48 6 2 0
0 35 21 46 28 19 6 29 49 7 48 54 41 36 13 38 9 3 30 52 2 14 55 45 17 53 56 32 15 10 33 44 47 23 4 34 40 22 16 26 31 43 18 50 5 11 27 42 58 12 20 39 8 51 1 37 59 25 24 57 0
0 2 58 1 43 47 48 45 33 23 5 12 46 9 4 41 8 34 16 54 18 53 56 21 24 38 31 10 19 11 59 28 57 6 29 36 22 32 7 20 3 27 44 37 30 15 26 35 14 25 52 55 17 50 39 42 40 51 49 13 0
0 24 54 17 33 31 10 25 39 55 29 35 41 2 21 14 23 1 27 11 50 19 15 43 6 12 58 48 18 7 34 51 44 9 57 42 4 28 53 32 16 22 13 40 47 52 8 20 3 46 56 37 5 59 30 26 36 49 45 38 0
0 42 20 52 53 36 27 34 12 14 35 43 8 38 45 54 49 29 11 32 2 18 48 19 47 51 30 13 25 57 15 4 39 55 31 41 28 21 9 58 40 44 59 24 7 56 10 16 46 33 17 23 22 26 37 3 5 50 6 1 0
0 35 18 8 5 12 58 36 55 46 48 50 51 19 31 13 27 17 16 43 57 52 38 53 40 37 20 49 2 6 4 1 9 30 41 59 3 21 26 24 34 23 32 11 22 42 54 56 47 39 15 28 7 25 14 33 45 44 29 10 0
0 32 55 41 34 13 21 44 58 24 15 23 4 8 11 51 59 48 18 2 38 25 20 30 56 57 27 28 12 45 7 42 5 19 53 36 35 14 49 16 17 39 6 3 10 54 9 29 52 26 46 1 22 50 40 33 43 47 31 37 0
0 55 15 8 34 4 43 30 56 16 20 47 6 41 45 22 51 32 23 59 13 29 54 7 53 50 48 36 39 21 12 37 2 11 46 5 3 1 24 31 38 28 10 26 58 17 42 44 25 19 9 57 49 14 27 40 18 35 52 33 0
0 5 53 9 36 34 32 4 41 8 16 56 48 33 30 54 1 6 27 2 11 15 20 19 25 13 35 38 23 42 40 57 51 50 21 52 12 10 43 14 46 39 44 24 7 17 28 37 58 22 55 47 26 49 29 18 3 45 31 59 0
0 5 50 14 32 22 33 49 27 16 57 24 37 6 58 38 1 31 45 34 59 11 44 23 2 20 42 29 46 55 25 28 17 19 56 18 35 8 41 39 30 9 15 26 13 36 43 52 21 54 4 51 40 48 12 3 10 53 47 7 0
0 50 14 16 25 9 13 32 59 58 5 54 24 44 15 35 39 46 28 47 48 49 34 17 53 45 37 56 8 40 51 6 41 33 29 38 2 31 18 36 1 11 22 30 52 4 23 43 12 26 57 55 7 20 27 19 10 42 21 3 0
0 9 56 31 3 18 47 42 1 28 35 58 16 53 8 48 17 4 12 2 27 33 5 44 37 26 14 54 36 57 41 22 50 11 10 24 55 32 7 40 23 29 46 51 49 34 39 43 6 21 13 45 20 52 30 25 38 59 15 19 0
0 21 43 31 48 15 52 28 2 42 5 30 36 8 12 55 29 6 9 17 23 13 19 4 11 22 27 25 38 39 3 59 24 54 37 34 1 18 46 40 49 10 41 53 32 57 14 45 58 50 51 56 44 35 26 16 33 20 47 7 0
0 15 2 44 48 8 23 51 21 9 4 38 30 52 33 17 45 29 35 59 54 53 11 47 40 12 25 22 19 1 42 27 18 16 14 46 39 37 24 5 6 55 31 34 20 36 3 43 13 58 56 57 7 41 28 50 10 32 49 26 0
0 17 55 51 16 1 45 10 11 46 14 52 8 43 2 56 9 50 48 3 15 27 32 59 22 36 34 58 25 18 5 19 30 37 44 4 35 57 33 49 39 47 29 42 21 38 40 53 7 41 26 54 12 24 6 28 13 23 31 20 0
0 46 37 42 36 26 29 14 31 55 50 33 49 5 41 28 43 52 7 47 1 45 58 56 48 39 30 21 6 44 18 32 10 13 19 12 54 40 25 27 57 24 11 15 8 4 51 20 22 38 9 35 53 59 2 34 23 3 17 16 0
0 47 52 25 16 28 1 22 40 29 14 37 27 34 13 53 31 49 20 32 51 50 17 39 56 43 26 59 10 42 38 5 21 2 44 57 54 45 7 12 6 35 11 18 30 33 48 55 3 19 23 46 24 4 41 58 15 9 8 36 0
0 47 36 46 38 18 26 52 8 16 3 14 1 39 24 25 56 41 59 28 54 20 42 31 19 23 17 9 12 5 4 34 44 58 53 55 50 10 21 22 27 48 13 11 15 7 33 37 43 30 57 51 40 29 2 35 32 6 45 49 0
0 29 1 21 39 55 48 42 8 50 47 58 12 16 19 35 41 3 6 20 32 4 18 36 40 56 2 30 27 23 25 46 7 53 13 24 31 26 49 34 17 54 10 5 59 15 14 57 28 22 9 52 51 44 43 33 11 45 37 38 0
0 48 44 9 31 45 43 57 7 25 58 23 30 14 35 6 18 28 16 47 38 3 54 11 55 27 39 32 50 1 21 20 37 24 59 41 53 49 42 4 22 29 26 2 51 5 17 13 8 36 19 15 56 40 46 52 12 34 33 10 0
0 26 56 36 49 4 45 23 40 16 34 48 13 12 17 53 32 43 21 37 20 39 38 14 27 33 28 22 5 35 11 54 44 46 24 1 31 9 7 42 2 51 25 18 15 3 19 55 30 29 6 47 58 50 41 59 52 8 57 10 0
0 11 23 42 34 12 21 4 6 28 53 39 40 44 19 41 29 33 38 50 56 14 57 13 48 49 16 3 30 35 46 24 31 52 37 45 7 59 5 25 58 54 20 27 9 26 22 8 2 55 10 15 36 43 47 1 32 51 18 17 0
0 57 13 38 28 49 7 41 19 55 54 33 12 51 9 3 46 21 47 43 27 40 17 20 48 25 26 42 10 18 11 1 45 29 8 32 53 58 23 39 4 16 35 36 59 30 2 50 24 31 56 22 14 52 44 5 37 34 6 15 0
0 29 41 2 27 5 46 38 11 48 15 22 3 28 35 49 6 50 42 53 13 54 8 18 12 9 19 39 47 20 10 30 26 16 4 37 52 31 36 59 23 57 40 21 25 1 32 45 33 51 14 34 43 24 44 17 55 7 58 56 0
0 47 34 42 54 53 59 18 20 8 35 26 36 40 24 31 10 50 12 13 2 16 57 6 52 28 29 45 19 38 48 58 15 9 30 4 41 27 32 23 46 17 49 43 56 33 22 21 5 44 1 37 25 14 11 55 7 3 39 51 0
0 32 52 44 20 49 57 7 43 31 6 4 29 34 35 51 37 38 59 14 48 11 42 30 47 45 22 13 1 58 2 46 41 8 26 15 53 3 39 16 54 33 9 17 50 10 25 28 18 24 36 56 5 12 40 19 55 23 21 27 0
0 49 50 9 43 37 41 21 54 30 27 34 28 45 38 1 55 6 44 56 4 15 13 47 58 24 40 42 33 3 48 59 51 32 16 26 29 52 31 17 36 14 8 11 2 12 46 35 18 57 10 7 25 5 53 39 20 23 19 22 0
0 2 47 44 23 3 4 54 39 33 55 17 35 30 59 50 31 28 15 9 25 57 26 37 8 19 20 46 48 52 53 40 58 12 36 41 29 16 5 27 1 56 13 11 42 7 6 43 10 32 49 14 34 18 51 24 21 22 38 45 0
0 54 46 48 32 43 21 58 41 18 6 26 47 19 2 36 40 38 35 31 39 11 33 56 57 44 20 16 7 10 53 49 14 30 8 34 45 17 4 42 28 5 52 1 15 3 25 27 59 9 37 23 13 22 55 29 24 12 50 51 0
0 12 7 41 9 48 33 14 47 4 8 55 49 21 37 36 15 2 51 50 17 31 38 40 19 26 30 6 3 32 1 54 46 42 27 5 16 53 13 45 35 22 57 52 43 56 10 28 39 20 34 58 23 24 11 59 25 29 18 44 0
0 58 20 31 9 8 51 45 1 54 4 6 24 38 50 59 3 21 10 14 15 37 36 40 43 2 41 18 26 49 27 16 35 47 57 46 44 22 55 23 42 30 25 52 17 53 48 19 11 7 12 34 32 33 39 28 5 13 29 56 0
0 4 37 50 35 11 52 15 47 19 2 10 58 3 1 49 56 6 24 20 9 23 39 57 14 55 43 8 12 16 25 17 41 33 51 5 59 44 40 31 42 26 54 29 30 45 38 21 32 27 7 13 46 34 53 18 22 48 36 28 0
0 52 49 33 40 28 11 48 3 24 34 15 39 19 54 18 59 17 55 14 27 4 5 44 42 23 8 25 53 35 6 50 57 30 58 12 7 56 41 16 51 22 32 36 1 47 21 38 10 29 13 26 37 46 2 9 43 31 45 20 0
0 5 47 38 41 21 54 24 22 55 50 26 39 19 42 1 15 57 49 30 9 56 33 4 13 43 8 40 28 32 3 31 2 48 25 6 35 18 58 51 23 59 17 16 11 27 37 53 7 45 14 34 52 12 36 10 46 20 29 44 0
0 29 20 24 25 34 30 13 45 26 33 6 1 28 23 31 2 58 21 12 57 7 18 42 46 39 49 55 8 35 10 56 15 38 9 22 50 41 40 52 36 32 17 5 44 3 16 51 53 48 11 4 54 43 27 59 47 14 19 37 0
0 25 46 35 17 51 3 34 41 15 16 5 37 19 45 14 9 43 58 39 24 6 20 50 32 23 26 33 1 29 27 54 4 44 52 10 47 53 56 49 30 42 55 59 28 11 48 38 40 2 8 22 31 36 13 21 7 12 57 18 0
0 54 27 14 41 52 21 25 6 34 59 43 13 20 7 49 12 44 24 48 28 55 40 33 3 8 31 51 56 26 10 32 47 23 15 42 16 19 58 18 5 9 17 36 29 35 4 57 46 1 39 37 38 2 45 22 30 53 50 11 0
0 18 20 3 17 4 33 44 57 49 58 29 55 35 28 24 31 27 34 59 51 8 26 53 43 7 37 40 1 54 47 21 14 25 19 50 48 56 15 10 36 11 39 2 32 16 41 5 42 12 38 9 45 23 30 46 13 6 52 22 0
0 11 30 56 21 35 32 38 47 49 10 18 31 51 33 52 17 50 28 23 42 43 14 41 4 26 22 1 55 16 15 29 40 37 7 27 46 48 44 2 58 59 13 19 5 53 57 24 45 36 6 12 20 39 3 25 9 8 54 34 0
0 37 42 24 18 21 32 55 53 49 56 59 8 54 25 6 39 20 57 12 4 3 33 10 5 1 43 26 50 35 38 40 16 23 22 36 17 52 31 14 7 19 30 48 15 51 46 13 47 45 41 34 9 28 44 11 2 29 58 27 0
0 25 56 23 6 9 40 35 51 11 18 39 53 24 55 42 31 46 1 33 43 37 7 58 54 52 49 27 22 5 4 3 45 2 19 44 15 38 59 32 21 20 34 36 47 30 17 10 50 8 29 26 16 12 13 41 48 28 14 57 0
0 54 2 3 18 42 28 12 4 16 56 15 29 41 13 53 58 19 26 47 20 22 50 43 51 5 59 10 1 35 11 32 17 45 24 21 49 33 7 48 39 36 9 8 31 52 55 14 34 37 38 6 30 44 57 23 27 40 25 46 0
0 15 19 30 34 12 41 55 50 2 26 3 23 6 39 42 11 24 29 58 21 8 9 57 35 43 37 20 25 31 22 53 14 4 28 56 18 44 36 47 48 51 33 16 17 40 54 45 32 38 49 27 13 59 1 52 10 5 46 7 0
0 15 21 5 33 30 52 59 17 45 31 50 4 14 49 54 20 55 42 28 13 24 47 9 23 57 35 41 38 39 6 40 51 16 2 36 12 27 58 25 43 7 37 53 29 11 3 44 18 1 32 34 56 19 26 22 48 10 46 8 0
0 57 22 50 15 31 48 6 12 55 8 39 17 47 56 46 27 38 30 10 14 11 37 45 44 5 9 53 54 43 41 24 40 52 49 36 29 18 34 58 26 21 20 25 3 16 28 59 32 23 51 35 7 13 33 42 1 4 2 19 0
0 29 33 22 30 50 5 55 17 18 58 23 41 13 43 39 51 20 8 53 1 34 15 52 35 9 25 11 7 47 48 10 49 31 44 12 16 6 37 4 46 36 24 3 54 26 14 56 40 32 45 19 21 2 42 38 57 27 59 28 0
0 40 3 5 15 31 20 4 14 28 52 34 7 30 24 57 22 44 19 45 27 18 35 46 2 58 53 59 42 8 51 10 17 54 36 38 26 32 16 33 56 41 48 29 11 37 23 39 55 25 49 9 1 12 43 6 50 21 47 13 0
0 12 31 36 21 56 50 24 45 58 54 13 5 17 53 19 4 9 57 49 59 1 8 26 14 29 51 3 33 46 16 28 2 25 42 47 37 35 55 7 41 43 40 30 11 44 34 22 52 32 20 39 23 18 38 10 15 27 6 48 0
0 52 13 12 33 32 21 14 16 55 5 3 37 50 11 23 6 26 58 36 29 34 43 20 46 54 41 44 22 59 51 25 45 31 24 57 19 9 39 1 38 18 35 47 28 42 8 2 30 40 27 48 49 7 56 4 15 17 10 53 0
0 27 59 10 54 37 55 58 21 6 53 48 8 26 51 35 15 5 22 1 19 38 29 25 43 17 45 49 40 24 14 20 36 2 31 9 23 16 13 42 7 41 47 57 30 34 3 11 4 18 44 39 28 33 46 50 52 56 32 12 0
0 41 9 22 5 33 32 29 10 11 37 35 24 43 58 51 42 47 30 20 57 19 38 26 50 4 31 44 27 55 16 39 48 45 28 40 34 2 14 15 12 56 59 25 13 52 1 7 53 46 17 21 54 3 6 8 36 49 18 23 0
0 15 42 38 10 36 35 32 37 28 19 39 47 25 7 9 16 1 12 41 34 14 23 56 13 18 6 27 8 59 45 52 17 43 48 49 44 4 20 51 29 11 30 40 24 5 54 57 50 31 33 21 46 53 22 58 55 2 26 3 0
0 40 19 1 7 49 11 37 45 27 30 58 23 18 56 50 43 39 51 44 17 26 21 13 47 55 16 10 29 22 41 57 4 25 48 24 14 9 6 42 36 20 33 46 34 54 59 32 15 3 28 5 31 52 8 38 12 2 53 35 0
0 54 15 14 59 4 17 52 2 34 45 19 18 51 26 56 35 1 8 44 50 27 23 38 42 21 5 55 57 36 46 37 31 32 20 3 25 7 16 13 40 22 48 49 33 39 11 53 24 47 58 10 9 28 12 41 29 30 43 6 0
0 22 12 59 3 39 30 14 58 20 41 54 37 57 51 44 8 42 24 50 45 4 38 13 28 32 27 15 11 23 19 36 29 55 43 26 31 6 7 16 52 53 33 1 34 46 21 47 25 9 2 40 17 48 35 5 18 49 10 56 0
0 56 1 43 45 42 7 53 38 12 34 22 54 14 35 40 28 27 48 24 37 9 55 15 10 32 49 50 18 29 19 51 46 41 47 6 44 59 13 30 26 33 5 17 31 2 20 57 8 3 16 11 58 25 36 21 4 52 39 23 0
0 39 37 21 13 41 44 48 20 19 10 36 35 33 27 16 47 46 17 12 14 1 58 42 52 55 54 23 56 15 30 8 11 9 40 45 32 24 51 3 43 31 25 4 28 5 26 34 38 59 18 29 7 49 53 50 2 22 6 57 0
0 45 50 39 28 59 30 5 8 3 37 29 40 47 38 42 27 6 41 32 13 24 10 23 17 19 9 55 22 7 57 35 31 52 51 34 56 4 26 36 18 44 11 16 1 58 2 46 14 25 48 53 20 12 43 54 49 33 21 15 0
0 43 11 34 31 23 5 33 27 19 46 25 41 16 12 59 8 51 22 47 48 36 35 17 3 57 18 28 53 9 58 44 30 42 1 21 10 7 2 13 14 15 29 40 26 55 45 39 24 6 49 52 20 50 38 54 37 4 56 32 0
0 27 59 46 21 44 24 1 34 50 53 38 36 54 11 5 33 42 28 43 3 55 17 41 10 32 57 58 35 47 12 37 39 45 13 9 56 19 30 7 22 49 23 52 31 20 18 6 15 16 25 26 29 40 2 48 14 4 8 51 0
0 45 54 10 21 58 29 8 6 32 14 30 35 49 26 52 2 16 44 24 51 1 18 23 7 37 15 38 31 48 47 4 59 41 5 36 19 42 40 55 12 9 28 46 50 20 27 53 13 22 25 39 11 43 17 33 34 3 57 56 0
0 55 20 49 38 26 19 4 27 54 11 41 1 6 57 42 46 28 14 35 12 59 43 48 3 33 2 40 39 10 18 44 52 15 21 47 53 31 25 23 37 58 24 9 5 51 22 56 8 50 36 13 29 32 17 16 45 34 7 30 0
