# n n_solutions
40 1000
# n x n distance matrix
0 2720 5799 5738 1802 7186 1204 7025 7134 2915 9656 1788 9749 9302 7242 4242 7909 4049 7119 3736 4579 7854 7025 7843 9219 4104 3613 6942 2435 8324 9626 565 10062 10394 5535 7021 2668 8930 4720 1341
2720 0 6072 6113 921 7864 2334 9044 8828 2745 8500 3492 8845 8417 8500 2973 5824 1612 8646 1523 5503 8927 4903 6684 8988 2360 1476 7210 4143 6989 9104 2690 9135 10307 3014 7543 1077 8402 4681 2828
5799 6072 0 223 5769 1910 6780 5385 4393 3361 5048 4123 4704 4300 3244 3605 6030 5603 3889 5215 1627 3289 5660 3757 3498 4401 5124 1166 3721 4427 4110 5234 5008 4601 6216 1503 5000 3492 1414 7093
5738 6113 223 0 5777 1800 6742 5162 4177 3383 5261 4036 4901 4501 3052 3721 6236 5700 3679 5303 1456 3132 5852 3980 3623 4509 5208 1204 3605 4650 4272 5173 5203 4686 6356 1431 5044 3667 1500 7043
1802 921 5769 5777 0 7463 1612 8270 8139 2418 8746 2692 9000 8560 7930 3138 6428 2334 8002 2100 4981 8417 5514 6911 8902 2720 2002 6931 3373 7289 9121 1780 9300 10183 3807 7186 1170 8414 4441 2109
7186 7864 1910 1800 7463 0 8276 4491 3257 5119 5813 5408 5186 4884 1788 5514 7685 7500 2657 7102 2607 1500 7424 5020 3201 6307 7006 1204 4841 5663 4143 6637 5440 3794 8121 500 6806 3764 3300 8523
1204 2334 6780 6742 1612 8276 0 8215 8338 3623 10242 2940 10430 9985 8420 4661 8039 3905 8318 3705 5679 9013 7124 8407 10111 4317 3612 7940 3613 8823 10434 1676 10737 11335 5346 8077 2765 9730 5586 500
7025 9044 5385 5162 8270 4491 8215 0 1303 6760 10218 5578 9656 9330 2801 8000 11269 9482 1900 9035 4313 3512 10748 9130 7665 8598 8900 5502 4904 9800 8631 6675 9920 8005 10622 4876 8246 8246 6082 8200
7134 8828 4393 4177 8139 3257 8338 1303 0 6324 9047 5500 8443 8134 1513 7381 10396 9047 608 8603 3623 2209 9948 8070 6395 8052 8475 4338 4801 8736 7375 6706 8697 6702 10062 3676 7930 7021 5300 8401
2915 2745 3361 3383 2418 5119 3623 6760 6324 0 6741 1964 6847 6400 5821 1581 5412 2731 6063 2284 2816 6203 4623 4933 6519 1910 2154 4518 2247 5434 6811 2404 7158 7780 3905 4808 1702 6107 2024 4022
9656 8500 5048 5261 8746 5813 10242 10218 9047 6741 0 8417 948 989 7601 5608 4052 7144 8458 7029 6612 7186 4561 1835 3201 6140 7043 4716 8287 1562 2282 9141 1000 4123 6603 5371 7600 2193 5246 10688
1788 3492 4123 4036 2692 5408 2940 5578 5500 1964 8417 0 8381 7937 5481 3544 7376 4242 5423 3820 2801 6074 6578 6675 7602 3758 3679 5234 700 7233 8100 1264 8697 8720 5622 5263 2842 7424 3231 3129
9749 8845 4704 4901 9000 5186 10430 9656 8443 6847 948 8381 0 447 6964 5889 4866 7592 7843 7427 6319 6484 5280 2220 2334 6505 7424 4177 8174 2213 1360 9213 316 3178 7206 4780 7887 1431 5154 10855
9302 8417 4300 4501 8560 4884 9985 9330 8134 6400 989 7937 447 0 6670 5456 4617 7184 7539 7009 5907 6226 4972 1835 2220 6082 7003 3832 7736 1923 1360 8766 761 3228 6842 4459 7451 1204 4712 10410
7242 8500 3244 3052 7930 1788 8420 2801 1513 5821 7601 5481 6964 6670 0 6609 9261 8452 905 8023 3006 806 8904 6747 4883 7349 7907 2941 4808 7402 5869 6744 7211 5215 9297 2247 7510 5536 4401 8570
4242 2973 3605 3721 3138 5514 4661 8000 7381 1581 5608 3544 5889 5456 6609 0 3832 2039 7026 1708 3758 6824 3046 3773 6082 806 1655 4617 3801 4162 6140 3805 6184 7424 2692 5100 2000 5440 2236 5126
7909 5824 6030 6236 6428 7685 8039 11269 10396 5412 4052 7376 4866 4617 9261 3832 0 4219 9915 4341 6980 9180 921 3041 6462 3805 4428 6500 7596 2701 5900 7542 5021 7716 3088 7186 5303 5423 5200 8537
4049 1612 5603 5700 2334 7500 3905 9482 9047 2731 7144 4242 7592 7184 8452 2039 4219 0 8764 447 5481 8746 3298 5381 8062 1236 583 6648 4763 5597 8026 3847 7864 9415 1486 7106 1442 7343 4200 4404
7119 8646 3889 3679 8002 2657 8318 1900 608 6063 8458 5423 7843 7539 905 7026 9915 8764 0 8324 3289 1627 9500 7521 5787 7725 8200 3758 4726 8184 6768 6661 8095 6107 9716 3087 7710 6419 4887 8417
3736 1523 5215 5303 2100 7102 3705 9035 8603 2284 7029 3820 7427 7009 8023 1708 4341 447 8324 0 5044 8329 3423 5234 7782 943 141 6280 4327 5500 7793 3492 7707 9128 1835 6718 1077 7101 3805 4204
4579 5503 1627 1456 4981 2607 5679 4313 3623 2816 6612 2801 6319 5907 3006 3758 6980 5481 3289 5044 0 3436 6435 5166 5056 4438 4924 2555 2262 5824 5728 4031 6627 6046 6440 2475 4504 5119 1780 5916
7854 8927 3289 3132 8417 1500 9013 3512 2209 6203 7186 6074 6484 6226 806 6824 9180 8746 1627 8329 3436 0 8900 6506 4301 7595 8221 2701 5423 7142 5314 7338 6711 4500 9483 2000 7905 5053 4589 9192
7025 4903 5660 5852 5514 7424 7124 10748 9948 4623 4561 6578 5280 4972 8904 3046 921 3298 9500 3423 6435 8900 0 3224 6600 2927 3512 6276 6844 3067 6166 6675 5478 7910 2220 6935 4400 5614 4669 7622
7843 6684 3757 3980 6911 5020 8407 9130 8070 4933 1835 6675 2220 1835 6747 3773 3041 5381 7521 5234 5166 6506 3224 0 3423 4327 5240 3820 6606 670 2942 7337 2483 4700 5008 4527 5768 2400 3605 8856
9219 8988 3498 3623 8902 3201 10111 7665 6395 6519 3201 7602 2334 2220 4883 6082 6462 8062 5787 7782 5056 4301 6600 3423 0 6844 7736 2529 7219 3832 1029 8655 2500 1360 8102 2915 7932 1077 4525 10469
4104 2360 4401 4509 2720 6307 4317 8598 8052 1910 6140 3758 6505 6082 7349 806 3805 1236 7725 943 4438 7595 2927 4327 6844 0 921 5423 4140 4632 6850 3748 6789 8193 2024 5900 1552 6158 3014 4805
3613 1476 5124 5208 2002 7006 3612 8900 8475 2154 7043 3679 7424 7003 7907 1655 4428 583 8200 141 4924 8221 3512 5240 7736 921 0 6198 4186 5521 7766 3361 7707 9079 1972 6627 948 7072 3712 4110
6942 7210 1166 1204 6931 1204 7940 5502 4338 4518 4716 5234 4177 3832 2941 4617 6500 6648 3758 6280 2555 2701 6276 3820 2529 5423 6198 0 4780 4468 3313 6377 4455 3500 7125 707 6134 2807 2529 8246
2435 4143 3721 3605 3373 4841 3613 4904 4801 2247 8287 700 8174 7736 4808 3801 7596 4763 4726 4327 2262 5423 6844 6606 7219 4140 4186 4780 0 7200 7787 1941 8489 8280 6082 4737 3413 7130 3041 3769
8324 6989 4427 4650 7289 5663 8823 9800 8736 5434 1562 7233 2213 1923 7402 4162 2701 5597 8184 5500 5824 7142 3067 670 3832 4632 5521 4468 7200 0 3201 7833 2416 5035 5047 5173 6129 2765 4229 9284
9626 9104 4110 4272 9121 4143 10434 8631 7375 6811 2282 8100 1360 1360 5869 6140 5900 8026 6768 7793 5728 5314 6166 2942 1029 6850 7766 3313 7787 3201 0 9069 1486 1868 7877 3805 8080 707 4909 10823
565 2690 5234 5173 1780 6637 1676 6675 6706 2404 9141 1264 9213 8766 6744 3805 7542 3847 6661 3492 4031 7338 6675 7337 8655 3748 3361 6377 1941 7833 9069 0 9527 9829 5322 6463 2416 8376 4161 1886
10062 9135 5008 5203 9300 5440 10737 9920 8697 7158 1000 8697 316 761 7211 6184 5021 7864 8095 7707 6627 6711 5478 2483 2500 6789 7707 4455 8489 2416 1486 9527 0 3224 7443 5044 8183 1676 5470 11164
10394 10307 4601 4686 10183 3794 11335 8005 6702 7780 4123 8720 3178 3228 5215 7424 7716 9415 6107 9128 6046 4500 7910 4700 1360 8193 9079 3500 8280 5035 1868 9829 3224 0 9459 3667 9243 2300 5762 11672
5535 3014 6216 6356 3807 8121 5346 10622 10062 3905 6603 5622 7206 6842 9297 2692 3088 1486 9716 1835 6440 9483 2220 5008 8102 2024 1972 7125 6082 5047 7877 5322 7443 9459 0 7679 2906 7242 4904 5842
7021 7543 1503 1431 7186 500 8077 4876 3676 4808 5371 5263 4780 4459 2247 5100 7186 7106 3087 6718 2475 2000 6935 4527 2915 5900 6627 707 4737 5173 3805 6463 5044 3667 7679 0 6475 3373 2915 8348
2668 1077 5000 5044 1170 6806 2765 8246 7930 1702 7600 2842 7887 7451 7510 2000 5303 1442 7710 1077 4504 7905 4400 5768 7932 1552 948 6134 3413 6129 8080 2416 8183 9243 2906 6475 0 7375 3605 3255
8930 8402 3492 3667 8414 3764 9730 8246 7021 6107 2193 7424 1431 1204 5536 5440 5423 7343 6419 7101 5119 5053 5614 2400 1077 6158 7072 2807 7130 2765 707 8376 1676 2300 7242 3373 7375 0 4219 10121
4720 4681 1414 1500 4441 3300 5586 6082 5300 2024 5246 3231 5154 4712 4401 2236 5200 4200 4887 3805 1780 4589 4669 3605 4525 3014 3712 2529 3041 4229 4909 4161 5470 5762 4904 2915 3605 4219 0 5946
1341 2828 7093 7043 2109 8523 500 8200 8401 4022 10688 3129 10855 10410 8570 5126 8537 4404 8417 4204 5916 9192 7622 8856 10469 4805 4110 8246 3769 9284 10823 1886 11164 11672 5842 8348 3255 10121 5946 0
# set of given starting solutions
0 10 23 2 39 29 4 35 28 36 30 6 11 33 1 17 25 12 15 3 13 22 37 16 5 7 9 14 24 21 27 34 31 38 18 20 8 26 32 19 0
0 17 18 22 6 21 16 14 28 10 26 9 19 35 2 8 5 23 13 37 7 38 24 39 3 31 1 29 27 32 4 25 15 34 20 36 30 33 11 12 0
0 14 16 36 29 24 26 1 35 8 28 13 15 18 12 20 38 2 22 21 39 33 11 32 23 7 25 9 34 19 4 17 5 27 30 37 3 10 31 6 0
0 1 27 23 21 20 16 35 33 11 39 36 9 12 29 4 30 8 5 13 14 37 18 31 24 19 17 28 3 32 38 15 34 2 22 6 10 26 7 25 0
0 17 7 8 25 27 38 14 23 35 37 33 12 31 10 18 29 36 15 13 16 1 24 2 34 11 6 4 28 26 9 32 5 19 3 22 30 20 39 21 0
0 4 21 27 25 10 3 9 13 19 28 18 16 22 26 36 1 32 15 14 12 11 30 6 5 17 7 31 33 38 8 2 39 20 35 37 23 24 34 29 0
0 14 31 4 7 24 5 25 2 20 12 30 15 35 8 29 17 36 13 22 26 16 21 3 10 23 39 28 19 6 27 33 38 18 34 37 32 1 9 11 0
0 36 24 21 38 34 39 35 22 9 15 2 23 37 1 14 16 30 18 32 33 19 10 27 29 4 17 11 3 13 12 8 31 26 5 28 25 20 6 7 0
0 28 10 9 22 3 13 7 32 33 4 35 14 12 30 1 39 2 18 31 6 5 34 25 8 15 21 20 38 19 16 36 17 27 29 11 37 26 23 24 0
0 32 34 21 12 36 3 23 37 14 17 19 16 4 1 18 22 30 26 38 39 11 33 35 20 31 29 10 25 2 8 13 6 9 28 24 5 27 7 15 0
0 32 22 36 16 9 20 15 19 21 34 17 37 35 24 11 14 6 18 30 1 7 10 5 25 31 28 23 8 26 2 27 33 4 29 12 3 39 13 38 0
0 25 11 15 18 31 16 17 9 27 22 36 3 23 38 19 29 35 1 8 37 13 5 21 30 33 20 32 12 4 26 39 28 14 7 2 6 34 24 10 0
0 19 11 23 32 1 16 15 31 29 13 3 37 38 18 35 14 8 4 7 10 17 2 20 24 22 5 34 39 6 25 26 28 36 12 30 21 9 27 33 0
0 28 37 10 2 24 3 4 35 29 20 1 30 6 32 12 18 39 34 17 19 22 9 8 13 31 38 11 5 25 21 23 15 16 36 14 27 33 7 26 0
0 35 18 22 15 11 21 9 37 24 14 19 20 30 28 31 25 16 36 10 4 17 3 23 5 33 38 2 8 26 6 13 29 1 32 39 34 12 27 7 0
0 39 27 8 13 10 32 26 16 28 22 25 12 4 17 15 20 24 33 19 30 11 7 31 14 9 37 34 18 36 2 21 23 29 35 1 6 5 3 38 0
0 6 4 8 39 37 10 2 21 30 27 36 12 13 17 1 9 28 25 14 18 5 22 15 38 33 35 29 19 34 16 23 32 20 11 24 31 26 7 3 0
0 37 12 24 16 3 20 13 1 25 10 4 34 21 14 38 22 5 32 28 19 6 7 26 18 17 8 31 9 29 27 36 15 39 33 2 35 23 11 30 0
0 8 15 11 35 28 26 14 36 13 6 30 7 32 4 23 2 34 24 18 25 21 31 38 3 5 10 19 20 33 9 17 39 22 29 37 16 12 1 27 0
0 30 33 24 32 39 9 17 15 4 10 31 20 23 25 7 22 6 18 28 12 37 11 36 34 14 1 3 16 8 27 26 35 5 2 38 29 21 13 19 0
0 33 27 20 9 39 4 28 5 26 19 17 14 29 22 23 18 13 35 36 6 31 38 32 21 30 8 11 1 24 37 16 15 34 2 10 12 25 3 7 0
0 26 38 33 29 15 6 37 10 4 13 39 22 11 24 17 12 2 8 5 3 34 28 9 35 30 27 19 23 36 18 32 7 16 1 31 25 14 21 20 0
0 18 17 21 15 9 23 2 37 24 36 3 27 33 38 30 29 7 5 8 20 39 32 28 22 11 31 12 13 4 35 10 16 19 25 14 1 26 6 34 0
0 28 11 2 29 35 6 16 31 13 18 36 38 4 5 12 21 24 10 34 32 15 7 26 37 33 3 25 27 20 9 22 14 17 8 39 19 23 1 30 0
0 1 4 23 31 34 27 5 14 26 16 21 30 24 25 33 28 39 9 20 32 19 18 37 36 35 15 22 11 17 10 12 38 29 6 13 2 7 3 8 0
0 12 17 3 25 16 21 14 5 22 34 19 32 7 10 6 29 26 24 1 33 20 37 31 27 39 23 15 30 35 8 18 2 9 11 28 13 38 36 4 0
0 39 33 9 15 18 21 8 16 13 30 6 10 11 3 1 4 37 28 2 38 29 17 31 24 19 7 5 27 25 26 36 23 14 12 20 35 22 32 34 0
0 29 31 27 7 35 8 37 15 11 23 33 38 2 20 10 25 17 4 28 19 9 14 34 30 12 6 39 16 18 26 1 13 3 5 36 24 22 32 21 0
0 13 10 7 31 5 4 16 32 9 11 27 39 14 38 36 35 17 24 33 20 28 29 30 8 18 23 26 1 34 37 25 22 15 21 6 19 3 12 2 0
0 29 26 21 17 13 24 11 6 34 31 30 7 8 4 25 22 33 35 9 12 14 20 5 32 23 3 28 18 27 16 15 2 39 36 10 38 1 37 19 0
0 19 28 11 23 17 37 33 25 12 22 36 15 16 8 31 7 14 10 4 35 24 39 21 6 5 9 13 38 26 20 3 32 27 1 2 30 34 18 29 0
0 16 29 33 26 15 28 18 10 39 12 17 32 13 35 4 37 34 22 1 30 14 38 19 36 8 11 27 3 6 24 20 23 31 5 7 9 2 25 21 0
0 10 39 14 22 2 26 16 31 18 7 15 17 30 24 1 4 9 21 35 25 38 13 32 5 20 34 27 33 6 28 36 3 37 29 23 19 11 12 8 0
0 19 37 20 3 33 35 5 16 34 25 8 6 15 2 31 18 36 14 28 39 10 23 27 22 17 13 38 4 30 24 26 1 9 11 29 12 32 21 7 0
0 27 6 9 7 28 33 26 19 23 14 16 2 32 31 11 38 5 10 8 12 30 22 4 21 20 13 3 37 1 25 35 24 34 29 18 39 15 36 17 0
0 31 37 18 7 35 10 28 27 16 19 11 38 9 36 30 17 6 12 34 23 15 25 29 33 26 8 2 24 13 1 22 32 5 3 14 20 21 39 4 0
0 35 5 20 22 8 27 36 30 24 10 2 39 32 21 4 14 16 38 7 18 1 3 12 17 28 29 26 19 6 37 34 23 31 13 11 15 33 9 25 0
0 33 15 5 32 39 34 22 35 21 16 6 14 17 23 12 37 4 2 18 19 24 31 13 26 8 3 9 10 38 11 1 29 36 28 30 27 25 7 20 0
0 11 3 5 2 29 23 20 14 10 36 22 24 28 31 15 27 13 6 38 37 34 7 32 12 26 4 1 39 33 21 35 17 19 18 9 25 16 8 30 0
0 19 20 36 3 31 2 32 27 29 5 24 30 34 39 4 8 26 15 10 1 13 9 7 16 21 17 23 37 12 14 35 33 22 6 25 38 28 18 11 0
0 25 21 22 27 20 16 31 1 35 18 8 33 6 10 32 9 26 23 37 13 15 7 19 28 12 11 3 17 24 4 36 2 34 29 38 14 5 30 39 0
0 38 11 15 4 16 25 12 26 19 6 35 23 32 37 34 13 7 21 9 30 33 1 17 8 2 14 28 31 36 5 24 27 20 18 22 39 29 3 10 0
0 26 13 34 18 20 19 28 2 3 38 9 25 23 16 22 5 36 31 17 8 27 14 32 39 4 7 12 21 33 29 11 37 35 15 30 24 6 1 10 0
0 9 39 13 23 16 28 14 20 5 15 31 1 8 32 18 38 7 26 4 19 24 29 22 2 6 25 33 21 27 11 34 35 30 3 17 36 10 37 12 0
0 4 34 5 9 29 20 23 10 22 31 15 33 14 38 36 11 2 24 3 6 8 37 19 16 21 25 26 7 12 13 18 32 39 1 17 27 28 35 30 0
0 26 39 28 24 14 9 13 22 10 30 3 15 23 38 33 27 2 18 4 5 1 7 32 11 36 17 21 29 25 37 20 8 16 6 35 34 19 31 12 0
0 3 23 38 9 5 36 4 26 30 12 22 17 6 14 20 1 16 35 13 28 10 25 27 34 15 39 24 2 7 29 32 31 21 8 37 33 19 11 18 0
0 38 21 18 27 13 23 37 1 33 30 11 36 28 16 34 14 8 3 7 32 15 5 39 20 19 12 25 24 17 35 29 4 6 31 10 9 26 22 2 0
0 30 8 33 17 34 1 39 18 2 36 15 22 24 25 9 38 5 31 26 35 27 19 6 29 20 32 14 10 28 12 7 13 16 23 37 21 4 11 3 0
0 17 2 30 20 15 25 5 38 6 4 16 26 32 36 37 23 7 10 14 18 34 24 1 8 31 39 35 12 3 13 27 33 11 9 22 29 21 28 19 0
0 35 12 21 33 11 18 30 37 32 22 39 9 28 23 3 13 16 31 14 8 26 5 27 24 25 17 34 20 15 6 10 36 19 4 7 29 38 2 1 0
0 25 37 8 27 5 14 12 10 6 17 21 39 29 18 9 20 30 31 22 15 26 24 28 4 38 13 23 34 19 7 16 36 2 33 3 11 1 35 32 0
0 2 32 17 29 13 31 23 30 5 12 4 34 38 15 11 28 36 8 10 7 14 33 18 21 22 9 1 3 26 39 27 35 6 16 25 24 20 37 19 0
0 29 20 22 27 5 32 31 25 8 12 26 10 38 34 30 19 28 11 24 14 21 39 37 15 9 23 3 33 35 13 4 18 6 7 36 16 1 2 17 0
0 6 10 24 26 2 32 29 12 39 37 9 36 20 11 33 5 7 23 16 13 31 19 30 35 8 21 1 28 38 3 18 4 17 34 14 22 25 15 27 0
0 14 39 17 2 20 10 5 9 36 23 28 1 32 16 34 29 18 31 6 35 13 33 15 27 4 25 7 38 12 37 11 3 21 24 8 19 26 30 22 0
0 9 37 21 34 32 8 14 38 6 12 3 28 33 24 5 2 23 20 35 18 22 26 15 36 1 39 17 29 31 7 4 19 27 11 13 16 25 10 30 0
0 32 3 31 23 11 37 6 18 10 16 36 39 2 24 28 9 8 29 12 13 5 26 25 34 14 27 30 17 22 38 19 4 35 20 21 1 15 33 7 0
0 12 32 17 30 6 19 36 21 26 11 8 38 34 22 10 4 13 20 25 29 2 16 31 5 14 18 35 39 27 3 37 1 9 23 7 24 33 15 28 0
0 12 23 9 19 4 17 27 8 3 32 35 21 29 37 39 33 10 2 11 1 34 7 26 24 15 31 36 22 14 5 28 13 30 16 6 18 38 25 20 0
0 26 13 38 33 18 22 24 31 8 17 23 36 20 14 10 9 15 28 35 6 7 21 16 12 29 39 34 3 2 11 5 27 30 25 4 32 1 37 19 0
0 38 34 3 16 30 39 22 29 15 12 10 35 19 4 24 6 17 8 37 25 20 26 32 11 2 7 31 9 27 36 21 33 18 13 28 1 14 23 5 0
0 22 35 12 36 6 4 26 21 27 9 2 24 20 29 10 5 17 7 34 33 28 16 30 31 32 3 38 18 13 8 25 14 19 23 39 11 15 37 1 0
0 19 12 37 1 32 29 15 11 10 35 24 25 14 38 31 18 30 2 28 16 26 17 21 8 5 3 6 20 4 33 39 13 34 7 22 9 27 23 36 0
0 4 2 29 36 8 23 3 33 21 10 19 25 20 7 16 13 11 14 39 30 6 38 32 15 1 12 27 31 26 17 18 24 34 5 9 28 35 22 37 0
0 34 25 30 15 28 18 21 4 9 1 23 14 20 37 39 12 16 8 24 13 33 5 26 6 31 38 29 32 22 35 7 2 19 27 36 3 10 17 11 0
0 6 3 19 11 20 9 38 16 33 29 25 14 39 2 27 32 4 22 7 28 24 30 5 12 15 36 1 37 35 18 31 26 34 8 23 13 17 10 21 0
0 13 37 4 35 31 23 5 36 3 14 7 34 39 8 9 12 10 19 11 29 27 30 33 6 18 25 38 2 28 32 16 24 17 22 26 1 20 15 21 0
0 39 1 33 3 27 31 38 32 10 30 35 15 2 5 25 6 14 28 18 34 8 12 19 16 9 11 29 24 22 20 36 7 17 26 37 4 13 21 23 0
0 33 16 34 10 2 26 25 3 35 36 5 19 29 28 38 27 22 17 37 14 12 21 4 13 6 31 15 1 9 11 7 32 30 8 18 23 20 39 24 0
0 26 6 33 32 30 24 31 27 10 22 28 9 39 21 4 29 16 11 1 7 3 13 38 5 36 19 18 20 17 37 35 25 8 34 12 15 23 2 14 0
0 18 10 16 17 6 23 8 5 4 21 15 39 22 31 1 28 34 20 11 26 38 2 30 35 37 36 14 3 7 29 32 24 27 33 13 12 25 19 9 0
0 33 11 29 39 2 5 37 17 32 27 9 30 3 23 18 8 31 12 24 14 38 13 10 21 4 19 35 20 28 7 36 15 1 22 25 26 6 16 34 0
0 14 19 34 36 6 8 12 35 29 11 22 27 28 4 9 31 33 21 5 18 7 15 32 39 2 1 38 20 10 37 25 24 13 16 23 26 3 30 17 0
0 22 18 7 21 9 25 3 19 37 15 27 29 4 10 14 1 2 35 26 38 33 13 24 36 23 28 20 39 30 34 12 16 11 32 31 6 17 8 5 0
0 25 34 20 12 9 39 16 18 4 32 33 2 27 11 31 23 37 38 8 30 17 6 26 29 3 19 7 10 14 36 5 13 21 15 28 1 24 35 22 0
0 1 24 23 10 17 31 19 13 15 9 32 35 14 37 11 21 25 34 27 4 7 3 20 18 2 12 30 6 8 16 22 29 33 26 5 28 38 36 39 0
0 1 22 36 35 4 26 25 21 32 20 14 38 9 7 19 31 17 5 30 28 27 18 33 34 24 8 37 11 2 6 16 10 12 15 13 3 23 29 39 0
0 7 28 32 36 13 26 21 12 3 16 17 38 22 27 20 18 39 24 25 5 35 33 4 23 8 29 19 14 1 34 10 2 15 6 9 31 30 11 37 0
0 39 22 33 36 25 16 13 31 2 9 19 3 24 32 27 5 23 30 29 17 38 37 18 4 1 7 11 15 34 21 35 20 12 28 8 26 6 10 14 0
0 2 39 36 16 21 15 1 25 5 32 12 8 23 7 37 22 35 26 31 19 3 10 20 6 28 11 27 9 13 24 18 4 14 34 29 17 33 38 30 0
0 24 10 23 12 3 9 6 19 29 33 20 21 31 26 17 15 1 7 22 14 25 38 36 2 11 5 37 4 18 27 16 28 13 39 30 32 35 8 34 0
0 29 37 22 28 14 6 5 39 30 1 13 38 3 10 35 2 36 15 25 9 23 20 8 21 34 16 27 12 7 31 4 11 26 18 19 33 17 24 32 0
0 14 11 2 6 26 17 31 21 27 39 15 28 8 9 7 30 34 1 20 25 29 10 35 38 22 24 33 32 19 12 4 13 18 16 37 5 23 3 36 0
0 31 26 4 16 22 19 25 3 27 12 29 30 5 2 14 23 39 18 34 15 33 17 21 10 20 32 36 1 11 9 7 13 6 35 37 28 8 24 38 0
0 22 23 33 37 1 39 7 16 6 15 2 35 25 5 20 11 12 18 21 13 34 30 26 3 8 29 19 32 31 4 27 14 17 28 10 9 38 24 36 0
0 7 28 5 2 21 10 22 32 24 3 17 16 37 30 27 9 12 13 18 19 25 34 31 39 38 1 29 20 26 36 6 4 23 11 35 14 8 15 33 0
0 38 1 37 34 28 18 26 12 20 16 13 31 24 14 22 39 21 29 9 6 3 5 33 17 23 32 36 15 25 30 19 35 4 11 8 7 2 27 10 0
0 29 39 28 27 26 12 8 22 16 19 1 38 3 5 30 6 9 37 13 20 24 25 14 15 7 21 2 17 23 34 32 11 18 10 36 31 4 33 35 0
0 31 7 29 21 3 36 26 28 17 8 38 14 6 16 4 27 9 1 37 25 33 2 32 22 11 19 23 30 35 39 34 12 15 5 18 10 13 24 20 0
0 2 22 16 1 35 4 29 14 18 8 15 27 9 21 36 6 37 12 33 11 32 30 7 13 25 5 39 3 24 26 10 17 28 38 19 23 31 34 20 0
0 28 34 3 27 39 9 10 4 30 21 22 17 26 25 13 8 11 12 15 24 31 14 18 23 16 32 7 29 20 33 2 6 36 38 19 35 37 1 5 0
0 39 31 10 38 34 32 13 15 16 3 8 9 12 29 17 35 33 21 22 1 24 25 26 5 2 4 20 37 36 19 23 18 6 11 28 7 14 27 30 0
0 17 24 21 39 18 25 35 36 5 34 9 15 2 26 33 27 23 38 11 3 16 7 12 22 6 31 37 19 30 8 29 1 28 20 4 14 10 13 32 0
0 2 21 25 37 17 27 12 31 4 3 20 14 35 19 13 36 22 5 38 9 18 26 23 16 28 24 29 30 8 11 34 1 10 7 6 32 33 15 39 0
0 6 31 14 27 28 16 4 3 30 19 22 9 32 17 33 18 34 12 25 13 2 11 24 21 5 20 37 36 29 23 8 15 1 10 26 39 7 35 38 0
0 12 7 24 37 33 9 26 8 2 36 18 10 17 31 1 20 32 23 13 39 27 22 15 4 28 29 6 35 25 30 14 3 38 16 34 21 5 19 11 0
0 1 7 27 24 11 39 17 29 22 35 3 8 14 19 13 37 2 21 30 26 4 16 28 25 32 9 18 34 15 12 23 10 5 31 20 33 36 6 38 0
0 22 17 1 39 10 28 38 15 36 25 16 33 13 23 2 5 31 12 24 21 9 19 35 8 30 20 6 7 34 26 32 14 4 11 29 27 18 37 3 0
0 19 14 10 30 21 28 17 33 25 1 16 32 38 2 26 39 23 20 29 34 37 4 31 3 12 24 9 11 22 18 27 8 7 36 13 15 6 35 5 0
0 35 15 27 33 3 26 38 17 32 19 4 29 1 37 2 39 21 7 31 34 10 8 20 16 9 6 13 24 30 22 12 5 23 25 36 28 18 14 11 0
0 6 31 17 21 38 27 24 4 39 33 29 3 32 12 8 28 30 36 37 20 16 19 5 35 18 2 10 11 13 15 26 22 14 9 1 7 23 25 34 0
0 9 11 29 19 17 7 33 6 13 30 24 8 35 14 21 15 23 2 25 36 18 38 3 39 16 1 28 27 26 37 20 34 4 10 5 31 32 12 22 0
0 35 4 28 31 5 15 2 8 7 33 37 23 39 30 36 10 11 18 1 38 16 26 29 21 27 3 9 32 34 25 20 14 12 22 24 19 6 17 13 0
0 9 1 35 30 29 33 37 27 31 36 17 39 22 32 4 15 23 24 10 21 12 3 11 6 14 19 25 13 20 26 28 34 7 18 16 8 2 5 38 0
0 28 14 34 25 22 4 23 13 9 29 19 12 37 5 24 39 6 35 27 7 21 31 20 16 18 3 26 11 30 36 1 2 17 8 33 38 10 15 32 0
0 31 33 18 4 36 37 16 8 22 21 26 9 2 29 12 27 25 15 30 20 34 3 5 23 13 7 24 14 17 1 11 39 32 35 6 38 28 19 10 0
0 35 20 5 7 32 14 25 24 2 18 38 22 29 15 21 9 17 16 34 10 28 13 3 1 11 12 39 33 4 19 8 26 36 27 30 37 23 31 6 0
0 5 1 4 13 32 17 37 14 21 2 20 28 19 23 10 27 30 12 16 31 33 29 3 11 39 38 24 36 9 26 25 6 15 8 18 34 7 35 22 0
0 27 29 25 32 31 1 12 28 36 17 34 33 11 16 21 20 6 9 37 26 39 8 5 2 13 3 30 7 22 38 18 10 15 35 4 24 23 14 19 0
0 35 38 16 18 2 11 13 25 33 3 4 14 7 39 23 36 6 10 34 28 15 30 21 29 32 20 19 5 26 31 27 22 12 17 8 24 37 1 9 0
0 10 7 34 9 2 20 27 6 4 3 25 31 8 22 15 1 29 38 12 37 19 18 26 16 36 33 35 28 30 24 21 23 39 5 11 32 13 14 17 0
0 13 12 35 25 24 36 38 18 37 16 23 11 29 6 20 32 2 33 26 3 4 30 22 8 27 7 1 14 19 21 28 5 31 15 10 9 17 39 34 0
0 2 21 28 18 37 25 13 26 35 5 8 23 33 9 17 4 36 38 22 20 3 14 1 24 16 34 11 29 27 30 31 10 19 6 7 32 15 39 12 0
0 8 24 9 17 26 35 21 20 36 18 32 38 10 1 12 6 3 37 7 15 30 14 4 2 34 27 16 22 39 25 5 31 13 29 23 11 19 28 33 0
0 14 38 23 4 11 22 27 21 19 5 8 37 36 39 3 26 9 18 16 24 31 1 10 6 33 28 30 7 15 2 13 25 35 29 34 32 12 20 17 0
0 4 23 19 34 39 6 11 2 10 12 37 17 8 33 21 9 24 3 35 22 30 28 7 31 14 1 29 25 32 27 15 36 26 5 20 38 13 16 18 0
0 10 36 39 4 6 13 19 12 30 24 17 22 21 11 8 26 37 14 35 18 32 7 31 15 25 1 38 2 5 34 9 16 33 29 20 27 3 28 23 0
0 13 23 39 19 32 4 24 5 31 16 1 25 34 35 9 29 21 36 8 14 2 11 18 33 12 22 10 15 28 6 38 37 20 3 17 27 26 30 7 0
0 3 12 20 25 39 22 6 34 7 31 36 8 11 38 37 16 1 26 28 33 19 14 13 30 5 18 24 9 10 4 32 35 21 27 17 2 23 29 15 0
0 27 10 4 26 24 28 38 37 8 13 23 30 11 25 2 34 32 3 21 39 17 14 20 18 33 31 15 36 1 12 5 9 19 35 6 29 22 16 7 0
0 31 24 23 3 8 2 38 26 28 27 17 25 19 22 13 9 1 30 37 39 15 35 11 21 29 7 10 20 34 33 4 36 14 12 5 6 16 18 32 0
0 17 28 25 18 8 27 12 6 9 16 3 11 24 23 4 13 15 37 21 1 20 22 19 2 39 38 30 34 10 33 26 35 7 36 32 31 5 29 14 0
0 29 11 5 35 33 1 9 22 17 39 18 2 12 8 24 32 10 26 23 21 37 20 13 16 30 27 28 7 6 4 34 15 14 31 36 25 38 3 19 0
0 30 7 22 23 8 18 1 14 19 13 26 28 3 20 11 17 12 4 9 10 5 36 27 35 31 29 32 6 25 33 38 37 39 16 15 24 2 34 21 0
0 6 8 34 18 2 4 9 17 1 11 14 39 7 38 30 13 26 27 32 28 19 35 31 5 21 36 23 16 33 22 24 3 20 15 25 37 10 29 12 0
0 39 17 22 19 33 9 23 7 34 3 35 29 15 30 11 1 32 37 36 26 10 4 16 12 31 18 13 28 38 2 21 25 6 27 20 8 24 14 5 0
0 7 14 35 13 10 18 28 20 12 8 38 16 29 11 19 4 26 30 5 33 24 6 21 36 9 32 27 39 15 31 25 34 22 3 37 17 2 23 1 0
0 35 17 21 24 16 30 29 15 39 9 13 1 5 28 14 7 37 3 11 36 25 20 2 27 4 33 19 34 18 23 38 31 8 10 6 32 22 26 12 0
0 2 16 32 1 9 34 18 19 12 4 10 6 15 31 8 21 28 33 7 38 37 29 25 23 17 35 5 26 20 14 3 39 27 24 13 36 22 30 11 0
0 3 15 19 35 6 37 25 23 13 21 28 14 31 16 5 20 34 29 8 9 11 10 2 1 22 27 30 36 18 12 26 39 38 4 24 33 17 32 7 0
0 16 34 25 7 29 22 23 33 36 5 26 20 27 24 14 2 32 38 13 28 15 12 3 10 19 8 1 11 31 4 39 35 30 17 6 18 21 37 9 0
0 19 21 22 27 10 2 28 15 23 26 18 31 13 25 9 33 12 1 30 8 20 6 39 24 11 7 16 29 4 37 35 3 14 34 17 5 36 32 38 0
0 33 35 13 34 6 21 17 5 8 11 28 16 38 22 9 39 24 10 30 1 25 36 12 31 19 32 4 29 26 15 23 18 14 7 20 27 2 3 37 0
0 6 2 27 37 8 38 5 26 16 7 11 23 36 10 24 35 33 22 4 29 19 14 31 34 9 12 13 3 15 39 18 20 25 17 30 28 32 1 21 0
0 3 13 26 10 14 23 21 32 7 15 27 16 2 35 28 20 38 31 11 34 36 9 39 1 8 29 4 24 22 25 30 6 5 19 17 33 37 18 12 0
0 36 27 8 23 9 18 39 14 17 37 2 38 10 12 25 6 30 24 16 22 11 21 26 33 15 3 13 4 28 5 34 7 31 20 32 29 35 1 19 0
0 33 32 13 9 16 19 30 3 28 18 17 26 34 36 35 31 14 2 27 25 7 6 15 37 4 5 10 29 21 23 20 22 24 39 12 38 1 11 8 0
0 15 7 28 34 13 26 16 20 9 38 37 30 31 36 24 33 29 17 8 5 12 22 11 27 10 21 25 4 3 35 2 23 14 1 18 6 32 39 19 0
0 21 35 24 32 16 23 26 15 14 39 10 36 30 25 18 7 3 27 38 1 37 11 19 4 28 9 2 8 12 22 34 6 20 17 5 13 31 33 29 0
0 30 34 1 12 9 14 36 28 29 8 24 20 19 25 4 13 3 2 33 26 23 27 5 18 31 38 32 7 6 15 10 16 37 21 11 22 17 35 39 0
0 27 31 11 34 35 36 16 15 12 14 10 17 33 2 19 1 3 18 8 9 5 24 38 22 21 23 29 30 4 25 20 28 39 13 6 7 26 32 37 0
0 38 31 1 5 12 34 3 11 2 7 26 6 22 20 35 28 39 24 9 21 15 29 16 33 25 30 13 36 19 27 14 8 4 32 18 23 17 37 10 0
0 34 5 11 9 35 32 14 29 20 15 17 31 13 8 7 19 38 23 16 30 12 26 28 2 18 6 22 21 4 39 25 10 24 33 27 1 37 3 36 0
0 2 18 24 10 6 28 21 35 38 22 16 34 30 1 37 33 39 26 13 23 14 11 19 8 15 20 25 4 3 7 32 27 9 29 36 17 12 5 31 0
0 6 36 26 35 15 21 19 20 13 11 25 5 39 27 7 17 32 1 33 9 22 37 18 2 23 12 10 14 34 24 16 3 38 29 28 8 30 4 31 0
0 18 35 2 3 22 39 17 12 7 38 36 27 20 8 14 26 30 25 24 1 9 6 29 11 19 32 34 10 15 13 31 33 16 5 37 4 28 23 21 0
0 3 34 31 7 24 35 13 36 14 16 37 11 19 26 29 38 33 28 25 10 4 6 23 20 9 27 1 39 21 17 32 15 2 22 12 18 8 30 5 0
0 30 35 39 11 21 4 6 34 13 33 12 37 32 18 7 26 25 2 24 19 3 36 9 14 22 29 38 8 10 15 28 31 20 5 23 1 16 27 17 0
0 16 4 33 32 27 15 26 23 25 29 14 3 12 39 24 9 38 31 28 30 1 35 6 8 7 11 22 2 36 13 17 21 34 5 18 20 19 10 37 0
0 3 20 32 1 18 39 36 7 25 14 24 6 33 8 21 22 11 35 16 5 31 29 13 10 15 26 17 2 9 38 27 23 34 12 30 19 28 37 4 0
0 28 7 39 33 11 24 21 18 23 19 13 37 38 12 20 8 4 22 26 32 30 6 27 3 35 2 10 15 36 16 29 5 9 31 34 17 14 25 1 0
0 18 27 38 10 8 14 23 15 26 24 31 33 32 7 34 4 35 17 20 21 29 5 36 1 6 25 9 22 16 2 13 37 11 19 12 28 39 30 3 0
0 32 11 23 26 39 10 38 27 35 18 19 1 16 13 15 36 21 22 14 7 9 6 12 8 33 31 2 5 3 17 4 34 28 30 25 20 29 24 37 0
0 34 4 11 10 7 27 15 18 9 25 31 19 23 12 26 22 29 32 3 33 5 35 38 37 36 2 13 17 28 20 14 16 1 39 6 30 21 8 24 0
0 31 7 26 9 13 21 5 23 14 24 37 38 2 3 33 12 28 32 25 34 10 6 29 15 8 36 30 1 17 18 19 27 16 20 39 22 11 4 35 0
0 14 1 34 20 36 13 8 30 24 4 2 38 26 21 29 7 11 15 10 9 33 35 39 22 25 18 37 3 27 32 19 31 5 28 17 23 12 16 6 0
0 17 20 1 5 26 10 9 14 7 39 28 36 18 3 31 22 16 24 25 19 23 12 29 15 27 4 33 37 8 6 35 38 32 34 30 21 11 13 2 0
0 38 26 32 13 28 33 30 39 22 10 25 4 17 36 5 37 11 20 3 29 9 19 1 18 7 8 2 15 35 31 27 21 23 16 14 24 12 34 6 0
0 16 2 36 33 38 31 24 32 35 10 26 1 20 25 7 15 8 27 30 19 5 22 21 3 29 13 6 17 39 12 37 9 11 14 4 28 23 34 18 0
0 9 15 12 2 35 20 1 26 29 3 14 6 36 19 10 4 25 23 16 38 11 22 8 13 33 27 39 34 24 32 18 17 37 5 7 21 28 30 31 0
0 35 37 25 38 21 34 28 18 26 10 36 9 2 27 16 33 20 1 31 8 30 32 4 24 19 14 11 3 23 15 29 5 17 13 12 7 6 22 39 0
0 34 2 15 37 39 27 14 20 38 1 19 4 8 32 33 21 22 29 16 24 5 36 7 30 25 17 12 31 11 9 10 23 6 26 13 28 18 35 3 0
0 21 37 1 28 17 36 23 10 19 5 16 11 12 32 14 29 33 8 2 31 38 15 22 34 6 20 3 9 25 30 18 24 39 4 35 7 27 26 13 0
0 35 22 16 32 3 12 18 31 1 20 10 36 13 33 34 37 11 2 5 27 24 38 14 4 6 19 15 26 30 8 29 25 17 9 39 7 21 28 23 0
0 37 20 3 14 31 39 24 30 29 17 1 5 8 21 16 34 25 11 12 6 15 23 32 35 7 33 9 13 28 2 27 26 19 18 36 38 4 22 10 0
0 4 29 37 26 14 10 38 3 12 24 9 2 31 19 25 15 17 27 20 28 22 6 30 7 1 34 16 8 18 13 11 23 39 5 32 21 36 35 33 0
0 6 25 30 24 2 8 28 37 20 33 7 4 27 29 23 21 14 3 13 16 15 35 39 31 32 1 12 26 17 22 9 19 36 5 38 34 10 18 11 0
0 11 13 15 24 35 3 12 9 29 34 36 4 7 17 5 33 20 22 28 26 2 21 16 25 31 30 14 32 6 19 27 37 39 38 23 1 18 8 10 0
0 30 31 28 26 29 9 18 35 17 13 5 38 14 34 20 21 4 24 36 27 10 23 11 3 6 22 8 12 25 7 32 16 15 1 19 2 39 37 33 0
0 2 37 16 6 8 28 4 19 20 39 33 38 23 10 24 27 3 29 5 26 32 14 25 12 34 36 1 18 13 21 15 22 9 30 31 35 11 17 7 0
0 7 14 9 28 25 3 33 5 22 11 30 2 39 36 26 32 8 18 38 17 4 21 29 24 27 6 10 19 34 12 15 31 16 37 13 1 20 23 35 0
0 16 35 39 15 17 8 12 9 26 10 4 11 30 22 6 13 29 23 19 21 24 25 36 38 2 5 14 18 3 34 20 7 1 37 32 28 27 31 33 0
0 34 21 38 16 30 6 32 33 18 8 36 17 12 26 35 9 5 10 1 19 31 14 27 4 28 13 22 37 15 20 11 23 24 3 7 25 29 39 2 0
0 4 35 30 39 28 32 37 27 38 1 31 14 5 2 33 26 36 12 3 10 6 18 16 17 15 9 19 22 25 13 29 23 11 24 8 21 20 34 7 0
0 19 20 8 25 23 24 31 27 4 14 11 36 15 21 18 35 37 13 33 38 3 16 6 30 26 7 10 5 17 34 39 9 28 29 1 32 2 12 22 0
0 26 35 36 21 32 4 13 10 9 2 3 14 15 5 28 27 19 22 6 17 25 7 16 1 30 11 38 12 34 37 20 23 39 18 24 29 8 31 33 0
0 1 18 21 11 25 36 13 8 30 10 19 23 28 32 35 31 14 26 38 2 12 17 6 29 16 24 4 5 27 22 34 37 15 7 20 9 33 3 39 0
0 14 19 3 36 23 33 12 16 7 21 34 25 27 6 20 9 18 28 8 30 17 32 38 15 26 24 13 39 37 2 35 22 31 4 29 5 10 11 1 0
0 2 18 3 17 7 15 25 13 27 4 24 38 22 8 10 12 23 6 21 35 1 33 32 30 37 5 36 31 11 28 29 39 9 26 20 19 16 34 14 0
0 39 19 8 25 24 28 18 23 5 17 14 38 4 2 3 15 9 30 6 27 16 32 7 35 12 37 20 36 1 11 31 10 21 33 26 34 29 13 22 0
0 15 38 27 36 32 37 8 4 35 2 12 17 25 28 39 11 21 33 19 6 34 1 10 3 26 16 13 20 14 7 9 31 29 30 5 24 18 22 23 0
0 23 16 24 13 11 36 10 6 27 14 39 22 37 3 18 4 31 25 30 35 12 29 9 33 20 19 2 21 32 7 28 8 5 38 17 34 1 26 15 0
0 37 13 29 1 27 25 12 11 2 30 16 39 33 19 15 32 5 35 8 6 36 10 21 26 28 14 34 9 4 18 17 7 38 20 3 24 23 22 31 0
0 11 28 7 38 21 33 23 12 36 20 39 19 25 34 35 30 10 4 2 37 29 18 31 1 22 26 15 17 16 8 32 5 14 13 24 9 3 6 27 0
0 3 7 39 8 5 10 20 31 37 35 25 18 30 11 28 12 14 38 21 23 34 9 32 1 36 6 13 26 27 22 15 17 16 4 19 33 2 29 24 0
0 22 8 25 38 21 28 33 26 3 12 37 27 14 34 5 7 29 35 2 24 13 39 18 4 19 16 31 30 23 17 36 9 1 10 20 32 15 6 11 0
0 37 9 17 27 32 18 33 19 10 4 6 28 15 36 5 30 29 34 16 2 8 23 1 20 12 24 31 11 38 26 25 22 3 35 7 13 14 21 39 0
0 10 34 1 13 35 22 24 5 23 32 16 17 11 3 29 27 26 36 38 31 39 30 21 28 15 33 4 9 20 7 18 2 37 19 14 8 12 25 6 0
0 3 16 22 12 27 35 1 8 15 28 23 20 11 5 2 37 10 30 24 14 38 17 18 29 7 31 25 9 21 19 36 34 26 6 13 32 33 39 4 0
0 4 2 27 36 28 31 23 33 10 15 17 38 22 24 25 34 3 21 13 26 19 14 5 9 37 12 35 6 8 30 11 16 32 1 20 18 29 7 39 0
0 2 22 17 31 13 35 12 29 33 21 23 9 36 14 34 18 20 30 39 1 5 28 4 16 11 15 25 10 24 8 6 27 32 38 3 7 37 19 26 0
0 27 30 31 28 13 10 4 1 23 39 6 32 2 34 17 29 22 12 26 5 35 33 7 18 3 25 14 11 19 24 20 37 38 9 21 15 36 8 16 0
0 9 37 13 21 16 36 5 6 23 2 7 26 38 20 24 19 1 29 17 15 32 27 33 8 18 22 30 3 28 10 12 39 31 11 4 14 25 34 35 0
0 22 35 21 31 26 33 36 34 1 2 5 4 39 10 23 32 18 12 25 14 38 9 7 8 24 17 11 27 28 6 20 29 3 37 19 15 13 16 30 0
0 10 11 4 22 17 29 19 12 24 31 32 20 23 36 26 15 2 7 1 27 14 21 30 33 39 5 28 13 3 35 34 25 8 18 6 9 37 38 16 0
0 37 35 6 34 26 11 39 10 33 1 3 4 29 18 17 19 8 25 21 22 28 24 38 15 2 12 5 9 27 20 30 14 36 23 7 16 32 31 13 0
0 30 28 16 3 14 12 6 35 36 19 32 1 22 18 13 5 2 29 25 10 33 27 21 7 24 23 15 4 11 26 31 17 38 34 20 8 39 37 9 0
0 12 32 1 38 23 29 33 8 9 26 36 28 18 6 35 22 20 13 4 25 2 31 15 21 11 5 39 16 37 27 7 34 19 24 14 30 10 3 17 0
0 10 27 18 21 7 16 12 25 24 30 20 28 26 33 36 13 32 35 39 34 14 8 31 22 1 29 5 23 19 9 3 2 11 37 15 17 38 4 6 0
0 33 15 6 22 13 8 23 21 30 3 39 26 24 4 17 36 31 14 27 10 12 16 34 2 5 32 1 9 11 20 28 25 35 7 29 18 37 38 19 0
0 36 35 30 1 28 38 27 39 17 31 25 9 29 6 4 23 33 24 21 19 12 7 13 37 20 32 18 11 26 15 34 8 5 10 16 14 22 3 2 0
0 35 17 4 37 10 3 16 25 11 14 7 33 32 6 20 27 5 39 9 13 18 28 15 8 12 21 38 31 23 29 1 30 19 26 24 34 22 2 36 0
0 34 8 32 35 33 23 2 21 24 39 29 3 1 36 15 7 28 20 27 12 17 37 4 31 10 14 5 9 11 25 13 26 38 18 30 6 16 19 22 0
0 35 34 3 26 16 30 17 33 20 23 36 9 27 7 39 38 8 37 4 6 1 22 14 28 5 29 24 25 18 13 10 15 19 12 21 11 31 32 2 0
0 7 23 3 15 14 31 26 18 32 8 5 21 25 12 11 2 20 4 39 19 13 30 38 16 29 27 1 34 6 9 24 17 22 28 33 37 10 36 35 0
0 19 20 9 22 24 32 36 38 18 17 30 27 12 15 13 25 28 39 10 34 2 14 21 35 7 5 33 6 11 37 1 4 29 3 31 8 23 16 26 0
0 1 3 23 20 9 8 16 6 12 14 38 4 34 21 30 11 18 26 19 31 37 35 28 7 39 27 2 22 33 17 5 29 10 25 15 36 32 24 13 0
0 20 13 38 11 19 1 2 39 7 17 15 23 34 30 16 5 26 21 36 24 28 33 31 25 3 27 8 32 6 35 29 18 14 10 4 9 37 12 22 0
0 12 39 7 1 31 25 34 4 11 23 32 38 21 8 3 30 15 6 26 14 10 33 29 35 27 22 5 28 24 2 18 16 37 36 19 13 9 17 20 0
0 15 36 39 2 4 24 17 9 5 16 27 10 28 3 32 18 37 25 6 13 34 20 26 38 33 22 14 7 19 1 8 31 12 35 11 30 23 29 21 0
0 18 13 19 8 29 24 11 3 2 37 23 10 9 1 39 16 14 21 32 15 6 17 4 26 38 22 7 31 12 30 34 5 36 35 27 20 28 25 33 0
0 19 13 15 7 29 1 6 39 37 33 4 25 31 8 18 20 2 5 21 30 12 22 9 16 17 35 23 10 24 14 32 27 36 28 38 34 3 26 11 0
0 29 35 3 34 4 24 39 26 11 14 36 23 13 6 32 5 1 18 30 25 21 7 15 33 20 27 17 2 12 8 38 19 31 10 28 9 22 16 37 0
0 20 26 36 32 37 11 1 31 19 27 24 28 10 14 17 39 9 30 12 35 38 21 4 33 23 7 16 34 8 18 29 2 15 13 3 5 6 22 25 0
0 28 18 32 26 37 29 13 5 30 35 33 14 8 34 21 3 12 2 31 11 1 27 6 25 15 23 7 4 36 17 19 22 10 39 20 38 16 9 24 0
0 12 36 19 4 16 35 18 15 10 30 1 38 39 13 14 7 22 9 32 23 25 21 6 31 8 26 3 2 17 29 33 28 5 24 34 11 20 27 37 0
0 8 3 6 20 23 13 36 29 37 31 32 15 2 19 21 34 26 35 16 4 11 39 27 18 7 9 33 1 30 10 14 17 22 12 24 25 38 28 5 0
0 2 25 35 22 24 15 11 36 38 20 10 29 18 16 31 26 28 6 1 21 7 12 32 33 37 13 17 3 34 9 19 39 4 23 5 14 27 30 8 0
0 26 13 2 29 10 6 31 23 37 12 25 17 38 30 9 21 27 24 1 34 14 39 32 36 5 8 19 22 16 18 4 15 33 7 35 20 28 3 11 0
0 25 30 39 29 37 31 19 8 17 38 21 16 13 2 34 24 33 23 15 35 1 22 36 28 26 20 4 32 10 11 14 12 9 18 27 6 3 5 7 0
0 3 19 35 29 8 33 36 26 2 38 28 4 1 10 24 15 30 11 21 14 6 16 32 5 12 27 25 9 13 31 7 17 34 39 18 37 22 20 23 0
0 16 24 26 5 9 19 33 36 20 23 21 25 17 7 3 29 18 11 15 32 1 22 14 10 35 4 39 34 27 31 2 38 28 8 6 13 12 30 37 0
0 1 27 6 34 17 12 24 13 21 20 28 22 38 10 25 18 35 32 30 37 14 19 26 11 23 16 29 8 7 3 5 39 2 33 36 4 9 31 15 0
0 33 23 25 20 24 26 27 6 18 10 22 39 13 38 11 32 35 9 17 12 37 16 29 4 36 31 7 14 8 1 34 2 15 19 30 21 5 3 28 0
0 38 11 24 14 33 18 27 23 25 36 5 20 35 12 6 3 30 9 16 21 15 13 26 28 7 2 39 37 1 34 4 17 29 8 19 22 10 31 32 0
0 14 10 22 1 24 15 20 19 30 35 33 26 29 16 28 2 27 3 9 11 38 31 4 5 6 39 18 21 13 25 12 8 36 34 37 23 17 32 7 0
0 4 18 32 22 27 6 20 23 14 3 29 25 30 26 19 15 28 39 7 13 16 17 38 33 37 12 5 1 2 9 11 36 34 10 31 8 21 35 24 0
0 28 5 12 9 26 36 25 35 13 39 20 18 21 37 2 1 11 15 4 6 7 38 8 22 32 16 29 24 3 19 10 30 17 23 27 14 33 31 34 0
0 13 31 22 18 24 28 7 9 3 10 19 4 14 8 15 16 38 2 11 37 1 17 6 5 25 34 29 20 27 39 26 21 35 33 30 32 23 12 36 0
0 28 3 36 33 24 17 30 19 11 5 38 20 21 1 9 29 6 34 27 2 16 25 18 32 10 22 35 37 12 13 31 8 23 26 15 7 4 39 14 0
0 39 14 33 6 8 38 27 36 31 7 37 3 9 34 22 13 19 29 2 30 5 24 35 25 17 11 1 10 23 20 32 26 16 21 28 15 12 18 4 0
0 30 12 27 20 10 5 1 24 22 26 31 8 37 9 11 15 36 6 2 3 18 4 32 39 35 23 17 33 7 21 19 29 34 16 28 25 14 38 13 0
0 7 20 35 36 1 39 30 38 33 3 15 16 26 29 25 10 23 9 12 34 22 6 32 2 8 14 13 37 5 17 24 27 19 11 21 4 18 31 28 0
0 18 39 7 30 38 1 9 28 32 20 35 16 24 33 19 21 5 36 11 3 22 31 17 2 15 4 10 29 8 25 37 27 23 12 6 13 34 14 26 0
0 23 6 2 15 27 19 10 39 4 7 17 33 37 25 35 18 30 13 24 8 16 31 36 26 22 14 28 1 32 20 3 29 5 34 38 9 12 21 11 0
0 37 25 29 34 26 10 24 5 14 4 27 9 3 1 6 18 30 35 23 31 15 7 33 20 39 2 17 21 16 8 38 32 13 36 19 12 11 28 22 0
0 33 35 14 37 9 23 11 31 15 26 29 25 6 20 12 3 19 32 24 4 10 27 8 7 28 16 22 5 18 13 21 34 17 1 39 36 30 38 2 0
0 22 26 38 37 3 27 16 18 30 14 39 21 29 8 24 5 6 17 15 34 25 31 1 20 28 23 13 9 4 12 33 11 32 19 2 36 7 35 10 0
0 10 39 3 26 31 6 24 23 7 22 34 38 25 4 27 12 32 1 13 37 21 36 28 9 29 20 14 30 2 8 11 16 15 35 17 18 33 19 5 0
0 2 14 31 11 12 17 24 38 20 5 30 10 36 16 35 3 9 26 39 22 21 13 34 15 23 27 32 4 25 18 37 7 19 1 28 33 29 8 6 0
0 38 14 10 2 24 9 16 4 6 30 36 28 23 17 39 21 35 32 11 20 22 31 18 3 15 19 26 25 5 12 33 13 27 29 8 34 7 1 37 0
0 2 10 28 18 24 11 1 34 21 22 15 20 8 4 16 38 7 19 27 17 14 36 26 3 30 9 35 29 12 6 25 32 37 23 31 33 13 39 5 0
0 18 17 16 39 37 11 23 15 9 22 13 8 1 34 25 36 19 27 31 30 6 33 20 7 29 3 35 26 5 32 10 24 28 2 38 21 4 14 12 0
0 34 6 11 21 30 23 16 9 24 13 31 1 29 10 19 32 20 22 3 5 36 17 38 28 35 8 7 14 25 15 2 12 39 37 4 33 18 27 26 0
0 31 18 9 28 15 25 4 38 33 17 1 22 6 16 37 10 20 23 8 3 13 35 29 24 30 7 27 39 12 14 21 11 2 19 5 32 26 36 34 0
0 39 29 3 36 33 25 19 35 11 1 31 26 27 23 17 38 13 32 16 6 14 22 30 4 37 7 21 18 10 28 15 8 34 9 12 5 24 2 20 0
0 20 19 32 18 9 29 15 11 1 38 17 26 7 5 6 34 36 3 23 4 35 12 37 28 16 14 39 24 31 13 33 27 10 25 30 8 2 22 21 0
0 2 36 19 10 13 27 6 11 12 17 33 21 8 7 31 14 4 1 26 22 35 23 3 34 20 24 37 39 9 38 30 15 32 18 5 16 25 29 28 0
0 24 36 26 35 9 14 25 12 23 16 31 11 33 3 29 6 27 10 21 28 32 17 37 19 1 8 30 38 13 2 39 7 34 5 18 15 4 20 22 0
0 16 31 2 23 17 4 39 10 24 37 25 20 7 19 22 18 34 13 27 21 11 12 35 33 26 1 38 14 6 29 32 15 8 36 28 9 5 30 3 0
0 24 8 17 11 22 16 34 2 29 38 9 7 33 4 31 26 36 20 10 3 1 5 28 13 6 18 35 12 27 15 23 32 14 30 25 39 37 19 21 0
0 6 34 30 1 37 32 25 8 39 10 12 14 31 13 19 16 38 9 26 18 20 23 7 15 21 22 35 17 28 11 4 3 5 33 29 24 27 36 2 0
0 32 24 12 33 11 15 1 6 35 2 30 18 37 19 36 39 7 28 34 17 16 25 13 38 26 21 20 27 8 5 14 23 31 4 29 10 22 9 3 0
0 24 9 32 2 13 31 21 7 20 10 19 5 38 37 30 15 23 4 11 35 28 6 18 29 8 16 39 22 34 3 17 12 33 25 1 27 36 14 26 0
0 25 1 37 31 13 39 18 14 30 2 7 34 9 11 20 35 38 17 28 21 26 23 22 24 27 19 15 33 36 3 12 5 16 4 8 6 10 29 32 0
0 3 6 2 37 26 17 15 1 18 4 29 24 7 11 32 19 38 30 13 25 28 35 31 8 27 22 10 5 39 14 16 20 12 33 21 23 36 9 34 0
0 39 23 29 10 36 21 28 24 4 22 31 1 6 5 3 20 12 2 18 14 33 30 25 9 15 26 32 19 37 8 16 13 27 7 38 35 34 17 11 0
0 1 24 16 28 14 5 38 17 19 23 35 27 32 26 33 15 36 30 34 9 21 13 29 3 31 25 12 22 6 11 10 7 39 20 8 37 18 4 2 0
0 33 39 15 35 2 7 1 36 14 19 38 25 10 28 20 30 21 6 16 34 8 24 3 23 27 4 22 32 18 26 31 11 37 12 29 9 5 17 13 0
0 35 19 10 13 33 6 28 3 2 18 5 4 11 17 12 34 23 26 37 30 32 29 9 36 21 24 39 7 27 16 14 31 22 38 20 25 8 1 15 0
0 1 27 4 14 15 26 9 2 19 5 16 23 25 6 30 36 21 31 20 37 7 28 34 13 11 3 22 10 32 38 35 33 39 24 12 18 29 8 17 0
0 7 35 2 26 20 32 28 3 5 22 11 12 38 31 6 33 39 4 25 15 10 17 13 30 34 8 27 1 19 37 16 23 14 21 18 24 9 36 29 0
0 21 24 2 20 27 17 18 12 38 34 15 33 39 36 16 13 29 26 23 1 7 6 3 5 22 28 14 30 32 4 8 10 37 19 9 31 25 35 11 0
0 22 24 17 28 34 15 26 1 39 35 33 11 16 7 21 37 38 12 23 4 10 3 20 30 5 6 32 25 19 36 13 2 8 14 31 27 18 29 9 0
0 12 8 21 14 39 7 10 4 35 17 38 34 11 22 24 27 33 1 18 15 37 25 36 2 13 23 32 31 5 19 28 3 9 16 26 29 30 6 20 0
0 22 16 11 13 32 2 17 14 24 23 31 21 30 1 19 6 29 34 36 28 25 35 18 5 37 7 15 4 38 8 20 3 9 12 39 10 26 27 33 0
0 38 39 37 29 11 1 2 21 23 4 32 16 6 25 17 8 24 28 26 5 31 15 30 13 22 34 19 18 33 7 3 9 35 27 12 20 10 36 14 0
0 38 17 25 6 32 4 39 28 7 19 37 30 22 35 34 10 23 31 21 20 16 29 13 33 12 2 3 26 1 15 18 8 24 11 9 14 36 27 5 0
0 20 27 12 33 10 16 13 37 19 2 3 9 11 4 31 26 6 35 29 18 8 25 23 5 24 22 17 30 39 7 36 38 34 21 15 32 28 1 14 0
0 2 29 4 31 13 21 18 10 17 11 16 26 3 14 33 15 32 34 22 5 7 1 23 28 24 12 27 35 19 6 9 20 39 36 8 30 38 37 25 0
0 15 24 19 6 2 23 8 28 32 27 12 14 39 16 25 10 30 29 26 35 22 3 20 21 31 9 37 36 1 11 5 34 18 33 4 13 17 38 7 0
0 17 15 26 6 30 27 3 37 21 32 24 38 31 10 13 35 16 29 12 4 14 23 19 28 11 33 18 7 36 9 1 5 25 8 22 2 20 39 34 0
0 13 39 1 32 35 25 33 23 2 4 16 37 10 30 28 24 18 17 34 20 14 15 7 8 38 22 29 11 3 27 31 12 5 21 26 36 19 9 6 0
0 16 25 2 22 26 11 19 37 30 6 33 36 10 3 14 24 31 32 8 1 21 4 9 5 28 20 38 15 23 18 17 35 13 27 7 34 12 29 39 0
0 14 8 22 26 24 38 19 39 34 30 33 7 6 29 27 37 3 12 36 32 11 28 16 25 1 31 15 23 2 10 9 18 21 35 5 4 13 17 20 0
0 8 5 39 22 24 14 13 16 38 35 25 32 30 15 3 4 6 36 23 7 26 27 2 11 33 1 12 9 17 18 20 34 28 19 10 29 37 31 21 0
0 14 5 22 27 39 1 16 28 2 31 34 25 23 33 11 15 8 21 7 30 4 6 9 17 3 38 19 18 32 13 36 37 20 26 12 29 10 35 24 0
0 38 25 19 15 36 12 9 26 35 10 27 20 21 24 8 16 5 34 7 39 2 33 23 32 22 31 1 28 4 6 17 14 37 18 3 29 13 11 30 0
0 15 2 34 8 12 16 7 11 24 3 26 20 13 5 29 33 9 38 18 39 31 1 4 35 37 14 30 19 25 17 32 23 21 28 6 36 27 22 10 0
0 18 30 24 14 28 37 19 2 15 39 11 32 22 26 16 38 36 7 29 35 25 23 13 12 21 31 17 10 1 8 4 3 6 33 27 20 5 34 9 0
0 11 12 10 9 38 4 6 36 28 26 23 22 39 8 33 2 25 5 14 7 21 18 3 31 24 37 27 15 32 34 35 20 29 1 16 19 13 30 17 0
0 13 33 30 26 16 4 9 14 27 5 20 8 24 6 22 2 36 19 37 28 32 15 25 1 11 29 12 38 10 3 17 23 31 34 18 21 39 35 7 0
0 37 30 11 29 13 35 33 28 19 16 7 20 5 34 4 38 12 1 3 17 31 23 27 32 2 8 24 15 14 6 25 18 39 10 21 26 36 9 22 0
0 36 13 27 4 25 3 9 2 16 23 26 32 19 22 39 30 7 34 6 14 21 5 1 12 17 37 20 15 24 10 29 31 28 8 35 38 18 33 11 0
0 11 23 17 16 12 36 1 2 20 33 26 38 18 32 19 13 7 4 35 24 29 25 6 15 22 10 31 34 14 39 37 21 8 9 30 28 27 3 5 0
