# n n_solutions
40 1000
# n x n distance matrix
0 6530 9484 2284 2319 9021 2282 3820 2376 4204 4904 5661 6708 8348 5692 3337 5573 1019 6403 4725 632 2080 7615 2408 4327 6020 6293 4686 4753 4849 1627 921 8429 4801 1131 4119 4709 3931 3534 1170
6530 0 5135 8052 7605 4100 8193 6500 5885 7208 6046 6236 223 3436 6161 7184 2376 6989 8028 6809 6637 8477 3257 8926 5140 7543 3635 3275 1802 6212 7300 6212 5063 7206 5622 2860 2334 6447 4252 6003
9484 5135 0 11604 11356 1140 11669 7093 7600 7528 5852 5393 5214 1702 5295 8115 7452 10324 6800 6718 9245 11552 8209 11485 9916 6511 3201 4808 5727 6044 10830 8745 1403 7083 8354 7392 7083 6964 8766 8464
2284 8052 11604 0 632 11045 223 6041 4648 6338 7177 7937 8193 10347 7970 5414 6511 1303 8570 6942 2789 1204 8305 2420 4257 8220 8450 6801 6414 7116 781 3195 10621 6972 3361 5281 5882 6161 4143 3453
2319 7605 11356 632 0 10748 854 6139 4687 6500 7203 7955 7736 10041 7981 5603 5966 1303 8713 7044 2901 1780 7716 2969 3634 8337 8241 6580 6021 7158 700 3238 10429 7110 3289 4792 5385 6250 3590 3471
9021 4100 1140 11045 10748 0 11128 7061 7340 7580 5930 5600 4159 721 5500 8052 6456 9794 7184 6826 8850 11101 7100 11150 9033 6835 2941 4356 4909 6129 10264 8352 1972 7217 7905 6536 6174 6942 7940 8077
2282 8193 11669 223 854 11128 0 5990 4623 6264 7151 7912 8338 10435 7947 5333 6691 1345 8500 6888 2751 1000 8502 2220 4472 8158 8503 6862 6536 7083 894 3178 10666 6905 3383 5440 6044 6113 4328 3443
3820 6500 7093 6041 6139 7061 5990 0 1513 721 1345 2061 6723 6561 2125 1029 6935 4837 2607 905 3255 5423 8964 4882 7209 2202 4143 3298 4939 1204 5445 2906 5769 1044 3026 5597 5941 141 5994 2700
2376 5885 7600 4648 4687 7340 4623 1513 0 2061 2529 3289 6100 6741 3324 1486 5852 3395 4119 2402 1878 4188 7940 3905 5770 3701 4429 3080 4148 2473 4002 1456 6403 2549 1513 4420 4854 1603 4604 1216
4204 7208 7528 6338 6500 7580 6264 721 2061 0 1676 2247 7431 7117 2332 948 7648 5200 2236 860 3600 5604 9682 4919 7826 1931 4704 3984 5660 1486 5800 3324 6167 670 3544 6296 6652 761 6637 3157
4904 6046 5852 7177 7203 5930 7151 1345 2529 1676 0 761 6268 5500 806 2360 6940 5920 2080 900 4401 6664 8845 6200 7736 1581 3114 2780 4742 200 6525 3984 4494 1303 3945 5770 5990 1204 6456 3736
5661 6236 5393 7937 7955 5600 7912 2061 3289 2247 761 0 6453 5246 100 3041 7357 6676 1802 1389 5162 7424 9183 6940 8354 1341 2973 3061 5103 860 7280 4743 4002 1708 4687 6276 6441 1920 7061 4492
6708 223 5214 8193 7736 4159 8338 6723 6100 7431 6268 6453 0 3512 6378 7404 2370 7147 8246 7032 6826 8640 3104 9108 5185 7762 3827 3498 2000 6435 7446 6407 5197 7429 5813 2968 2420 6670 4340 6200
8348 3436 1702 10347 10041 721 10435 6561 6741 7117 5500 5246 3512 0 5147 7531 5772 9104 6912 6400 8198 10428 6519 10511 8319 6530 2418 3712 4188 5700 9567 7702 2061 6800 7240 5818 5462 6449 7220 7430
5692 6161 5295 7970 7981 5500 7947 2125 3324 2332 806 100 6378 5147 0 3114 7306 6705 1886 1476 5200 7470 9121 7000 8336 1431 2879 3000 5047 921 7308 4775 3905 1802 4707 6239 6395 1984 7040 4522
3337 7184 8115 5414 5603 8052 5333 1029 1486 948 2360 3041 7404 7531 3114 0 7323 4310 3178 1720 2716 4657 9403 3982 7186 2879 5119 4110 5515 2202 4904 2500 6797 1615 2817 5903 6324 1166 6060 2376
5573 2376 7452 6511 5966 6456 6691 6935 5852 7648 6940 7357 2370 5772 7306 7323 0 5700 9020 7507 5894 7206 2102 7930 2906 8521 5393 4338 2284 7060 5842 5596 7200 7851 4997 1486 1000 6931 2376 5478
1019 6989 10324 1303 1303 9794 1345 4837 3395 5200 5920 6676 7147 9104 6705 4310 5700 0 7410 5742 1600 1513 7641 2340 3935 7034 7158 5517 5280 5868 608 1940 9323 5807 2059 4341 4949 4949 3436 2184
6403 8028 6800 8570 8713 7184 8500 2607 4119 2236 2080 1802 8246 6912 1886 3178 9020 7410 0 1726 5813 7833 10912 7093 9708 500 4742 4808 6811 1972 8015 5500 5400 1603 5631 7838 8070 2517 8450 5303
4725 6809 6718 6942 7044 6826 6888 905 2402 860 900 1389 7032 6400 1476 1720 7507 5742 1726 0 4159 6296 9479 5693 8005 1300 4011 3535 5390 700 6350 3811 5345 412 3911 6242 6529 800 6762 3601
632 6637 9245 2789 2901 8850 2751 3255 1878 3600 4401 5162 6826 8198 5200 2716 5894 1600 5813 4159 0 2343 7969 2340 4879 5445 6044 4494 4837 4332 2202 500 8132 4210 1019 4414 4981 3373 3996 781
2080 8477 11552 1204 1780 11101 1000 5423 4188 5604 6664 7424 8640 10428 7470 4657 7206 1513 7833 6296 2343 0 9119 1220 5249 7528 8354 6761 6741 6574 1456 2831 10466 6264 3201 5854 6462 5554 4909 3113
7615 3257 8209 8305 7716 7100 8502 8964 7940 9682 8845 9183 3104 6519 9121 9403 2102 7641 10912 9479 7969 9119 0 9929 4220 10413 6844 6122 4103 8982 7702 7689 8297 9841 7093 3584 3088 8949 4210 7576
2408 8926 11485 2420 2969 11150 2220 4882 3905 4919 6200 6940 9108 10511 7000 3982 7930 2340 7093 5693 2340 1220 9929 0 6264 6844 8292 6800 7138 6080 2523 2823 10307 5589 3352 6503 7100 5021 5748 3087
4327 5140 9916 4257 3634 9033 4472 7209 5770 7826 7736 8354 5185 8319 8336 7186 2906 3935 9708 8005 4879 5249 4220 6264 0 9234 7299 5807 4205 7788 3794 4827 9386 8245 4382 2529 2865 7261 1303 4860
6020 7543 6511 8220 8337 6835 8158 2202 3701 1931 1581 1341 7762 6530 1431 2879 8521 7034 500 1300 5445 7528 10413 6844 9234 0 4308 4313 6312 1476 7641 5108 5108 1264 5208 7342 7571 2100 7971 4901
6293 3635 3201 8450 8241 2941 8503 4143 4429 4704 3114 2973 3827 2418 2879 5119 5393 7158 4742 4011 6044 8354 6844 8292 7299 4308 0 1664 3201 3313 7683 5544 2195 4417 5162 4816 4704 4031 6041 5263
4686 3275 4808 6801 6580 4356 6862 3298 3080 3984 2780 3061 3498 3712 3000 4110 4338 5517 4808 3535 4494 6761 6122 6800 5807 4313 1664 0 2059 2941 6030 3996 3858 3935 3560 3436 3478 3228 4517 3721
4753 1802 5727 6414 6021 4909 6536 4939 4148 5660 4742 5103 2000 4188 5047 5515 2284 5280 6811 5390 4837 6741 4103 7138 4205 6312 3201 2059 0 4879 5643 4410 5197 5762 3820 1676 1503 4909 3041 4201
4849 6212 6044 7116 7158 6129 7083 1204 2473 1486 200 860 6435 5700 921 2202 7060 5868 1972 700 4332 6574 8982 6080 7788 1476 3313 2941 4879 0 6475 3929 4681 1104 3920 5866 6103 1063 6514 3687
1627 7300 10830 781 700 10264 894 5445 4002 5800 6525 7280 7446 9567 7308 4904 5842 608 8015 6350 2202 1456 7702 2523 3794 7641 7683 6030 5643 6475 0 2548 9860 6412 2640 4560 5166 5557 3501 2789
921 6212 8745 3195 3238 8352 3178 2906 1456 3324 3984 4743 6407 7702 4775 2500 5596 1940 5500 3811 500 2831 7689 2823 4827 5108 5544 3996 4410 3929 2548 0 7635 3901 608 4110 4657 3014 3841 282
8429 5063 1403 10621 10429 1972 10666 5769 6403 6167 4494 4002 5197 2061 3905 6797 7200 9323 5400 5345 8132 10466 8297 10307 9386 5108 2195 3858 5197 4681 9860 7635 0 5700 7300 6865 6661 5636 8160 7353
4801 7206 7083 6972 7110 7217 6905 1044 2549 670 1303 1708 7429 6800 1802 1615 7851 5807 1603 412 4210 6264 9841 5589 8245 1264 4417 3935 5762 1104 6412 3901 5700 0 4060 6560 6868 984 7021 3712
1131 5622 8354 3361 3289 7905 3383 3026 1513 3544 3945 4687 5813 7240 4707 2817 4997 2059 5631 3911 1019 3201 7093 3352 4382 5208 5162 3560 3820 3920 2640 608 7300 4060 0 3511 4052 3114 3324 500
4119 2860 7392 5281 4792 6536 5440 5597 4420 6296 5770 6276 2968 5818 6239 5903 1486 4341 7838 6242 4414 5854 3584 6503 2529 7342 4816 3436 1676 5866 4560 4110 6865 6560 3511 0 608 5608 1421 3992
4709 2334 7083 5882 5385 6174 6044 5941 4854 6652 5990 6441 2420 5462 6395 6324 1000 4949 8070 6529 4981 6462 3088 7100 2865 7571 4704 3478 1503 6103 5166 4657 6661 6868 4052 608 0 5939 1920 4522
3931 6447 6964 6161 6250 6942 6113 141 1603 761 1204 1920 6670 6449 1984 1166 6931 4949 2517 800 3373 5554 8949 5021 7261 2100 4031 3228 4909 1063 5557 3014 5636 984 3114 5608 5939 0 6037 2801
3534 4252 8766 4143 3590 7940 4328 5994 4604 6637 6456 7061 4340 7220 7040 6060 2376 3436 8450 6762 3996 4909 4210 5748 1303 7971 6041 4517 3041 6514 3501 3841 8160 7021 3324 1421 1920 6037 0 3820
1170 6003 8464 3453 3471 8077 3443 2700 1216 3157 3736 4492 6200 7430 4522 2376 5478 2184 5303 3601 781 3113 7576 3087 4860 4901 5263 3721 4201 3687 2789 282 7353 3712 500 3992 4522 2801 3820 0
# set of given starting solutions
0 25 20 18 13 14 21 6 39 7 35 23 28 34 19 9 24 12 31 11 2 22 38 8 26 32 10 16 33 27 29 5 37 30 4 17 36 1 15 3 0
0 13 20 39 29 25 1 24 6 7 21 9 10 28 34 31 5 2 38 15 26 17 37 27 3 4 32 30 16 14 35 8 11 18 19 12 33 23 22 36 0
0 26 30 34 27 24 38 1 7 29 5 23 35 25 16 14 8 28 33 11 36 31 4 12 18 2 17 9 21 39 37 6 22 20 19 13 10 3 32 15 0
0 38 36 33 26 6 11 37 16 21 19 1 22 8 10 14 30 18 28 4 32 29 31 35 9 2 23 13 24 3 5 7 27 34 39 12 15 17 20 25 0
0 28 19 39 17 5 24 32 3 13 10 9 29 20 11 36 8 22 1 6 7 2 14 25 26 12 30 15 21 31 37 33 18 4 16 23 34 38 35 27 0
0 39 38 1 11 34 31 18 23 5 13 29 30 7 14 22 33 3 35 8 10 32 37 9 26 24 12 2 36 17 19 21 27 6 15 28 16 4 25 20 0
0 29 32 26 17 11 6 27 1 3 34 2 12 5 24 25 18 21 23 16 15 20 28 13 7 4 14 19 31 35 10 36 37 38 33 9 8 30 39 22 0
0 10 38 16 20 11 37 3 33 6 17 18 1 29 35 2 23 13 4 27 32 39 14 19 9 5 25 22 15 12 34 31 26 36 7 30 8 24 21 28 0
0 8 14 17 12 22 19 23 24 33 13 30 18 37 34 26 28 32 7 35 3 9 31 11 10 39 6 4 38 15 2 16 20 1 5 36 21 27 29 25 0
0 36 10 6 24 23 12 25 18 5 16 14 39 32 1 35 33 7 29 11 4 20 26 19 3 37 38 15 2 28 30 34 13 31 27 8 9 21 17 22 0
0 26 5 14 11 2 35 10 23 15 24 31 38 32 33 4 34 13 27 21 29 18 20 17 12 22 28 16 19 39 8 36 25 1 37 3 30 6 9 7 0
0 24 30 16 20 32 9 37 19 31 22 21 4 2 14 1 29 26 12 17 25 35 11 33 6 18 7 28 15 8 34 39 23 27 3 10 36 5 13 38 0
0 32 15 30 2 24 13 16 10 29 11 28 19 17 12 1 31 27 20 8 18 38 4 7 14 3 5 34 9 6 37 22 39 26 23 35 21 36 25 33 0
0 32 36 39 24 12 13 17 25 1 4 15 34 37 26 38 16 23 20 10 27 30 5 7 31 18 6 33 19 14 11 28 22 35 8 2 29 3 21 9 0
0 9 4 29 22 17 34 14 32 5 13 6 38 1 26 2 31 15 3 20 24 19 27 21 39 8 30 23 11 35 37 10 33 36 16 25 12 28 18 7 0
0 19 39 11 6 30 33 10 31 21 25 12 23 34 27 26 15 18 35 20 4 36 14 17 7 13 3 22 1 9 32 2 37 5 29 24 8 28 38 16 0
0 23 20 22 34 28 38 31 33 7 11 10 6 32 19 25 4 36 30 16 1 29 14 24 13 26 17 37 5 12 39 3 27 21 2 9 18 15 35 8 0
0 24 28 34 36 6 26 39 7 29 32 23 4 19 38 35 15 3 31 20 14 16 21 5 17 2 1 27 30 25 11 37 18 22 13 8 12 10 9 33 0
0 22 15 23 4 25 39 5 33 1 36 32 3 6 10 14 24 37 17 18 13 9 12 16 35 2 34 30 20 7 28 19 8 11 31 26 29 27 21 38 0
0 1 11 33 13 16 10 18 36 8 30 12 27 34 29 21 22 23 17 7 5 19 20 31 32 6 39 9 38 3 28 24 14 4 37 15 26 2 35 25 0
0 14 27 4 6 2 30 13 9 15 35 3 32 28 1 20 22 21 7 23 18 8 24 11 5 39 37 33 17 29 10 26 12 16 36 25 31 19 34 38 0
0 3 8 11 4 12 6 10 36 7 22 25 17 24 26 37 35 1 2 14 39 19 29 38 20 23 30 27 28 13 18 15 33 31 21 5 32 34 9 16 0
0 16 35 7 9 12 27 23 20 32 26 18 14 15 25 2 21 29 13 10 30 8 1 31 3 38 22 17 5 28 36 6 24 4 39 11 37 19 34 33 0
0 20 34 32 35 7 38 36 23 5 6 33 31 18 14 30 29 19 28 22 13 37 17 15 12 9 26 3 27 21 8 24 25 2 11 16 1 39 10 4 0
0 30 6 28 21 23 39 16 10 29 17 4 13 26 37 12 20 24 35 27 33 34 9 15 11 7 22 32 5 2 31 18 14 19 3 38 25 1 8 36 0
0 22 28 29 39 13 16 30 3 18 9 35 31 23 36 11 26 32 20 24 2 1 21 4 8 34 5 37 27 14 10 25 7 33 19 6 15 17 12 38 0
0 4 10 18 24 27 1 32 39 35 37 11 16 28 12 25 30 8 38 15 33 20 14 34 6 22 7 29 5 23 13 21 2 17 19 9 26 31 3 36 0
0 4 16 22 19 13 10 28 39 6 1 36 3 35 17 26 38 23 5 37 27 2 32 34 20 31 14 29 12 21 11 18 33 25 7 15 30 8 9 24 0
0 3 15 31 25 35 21 10 18 9 37 2 32 11 38 29 30 39 13 12 27 24 1 17 14 16 5 28 36 4 20 33 8 26 22 23 19 7 34 6 0
0 35 18 19 27 31 39 15 14 26 30 13 8 36 25 6 20 9 10 23 2 17 33 22 29 38 28 3 16 21 5 37 32 7 34 1 11 4 24 12 0
0 1 38 19 21 8 29 14 6 34 39 9 15 32 20 33 35 22 7 16 3 25 12 2 30 27 4 18 24 11 10 36 17 37 26 5 28 13 31 23 0
0 5 21 35 31 32 10 24 14 22 33 12 34 30 6 20 26 19 1 17 28 36 37 15 38 2 4 39 25 29 3 18 16 27 13 8 11 7 23 9 0
0 31 3 28 20 7 16 38 23 25 21 24 30 37 27 13 35 5 4 34 22 36 26 17 39 19 2 32 8 15 33 12 18 1 6 9 14 11 29 10 0
0 37 27 6 11 8 13 4 21 17 35 10 2 32 33 38 26 30 14 20 23 18 22 9 15 7 1 12 25 3 5 29 28 16 34 24 19 31 36 39 0
0 26 27 8 33 15 12 1 7 6 22 39 18 32 28 11 30 14 2 20 16 9 36 24 29 10 19 35 23 3 38 31 37 4 21 5 25 17 34 13 0
0 21 39 22 13 38 33 20 1 35 7 4 28 31 34 30 15 17 32 5 12 6 8 3 29 9 11 23 37 27 36 18 24 26 19 25 10 2 14 16 0
0 35 2 8 24 23 38 27 30 5 19 10 16 34 17 37 32 9 13 4 26 39 33 14 1 28 11 29 15 22 12 31 36 20 21 6 7 18 25 3 0
0 31 12 21 29 14 34 18 2 7 36 22 30 24 8 6 11 27 25 37 26 1 3 23 16 17 5 33 38 10 15 9 4 13 19 20 32 28 39 35 0
0 16 25 7 34 8 2 12 33 37 39 17 35 9 13 11 14 28 20 19 10 36 26 21 24 30 5 4 31 38 27 23 32 1 15 18 29 6 22 3 0
0 34 17 14 25 4 13 18 28 38 8 32 23 15 19 37 29 3 1 35 16 9 30 26 7 21 10 5 24 2 6 11 22 12 36 20 39 27 33 31 0
0 6 11 3 22 18 33 30 1 15 28 13 23 36 34 38 12 4 8 24 25 29 14 31 10 7 37 32 5 2 27 39 20 21 16 26 9 19 35 17 0
0 3 17 8 1 13 5 29 30 10 25 15 18 16 26 33 19 35 7 12 23 39 36 11 34 38 28 4 31 32 14 27 21 37 22 24 20 9 6 2 0
0 17 6 15 19 10 16 33 27 5 14 20 3 30 12 7 34 28 4 21 1 11 31 36 24 9 23 25 38 26 32 39 8 13 2 29 37 22 18 35 0
0 6 12 9 19 15 14 7 23 13 8 26 27 36 38 17 5 20 31 24 21 35 3 18 33 30 11 1 4 25 16 29 34 22 37 32 28 2 10 39 0
0 3 20 23 17 35 9 1 2 6 31 10 32 18 34 13 24 8 30 39 25 38 16 14 29 11 21 27 12 28 5 37 15 22 19 33 4 7 26 36 0
0 17 33 34 15 31 35 36 32 9 11 24 29 16 2 13 28 38 23 26 20 14 22 5 3 8 27 21 25 6 10 30 19 4 1 37 39 12 18 7 0
0 20 18 4 32 12 6 26 27 31 7 23 25 8 13 21 15 39 36 34 14 10 37 2 11 3 9 30 19 24 29 5 16 28 17 22 33 35 38 1 0
0 7 26 1 23 25 8 30 13 11 21 34 12 6 33 18 24 31 39 22 16 36 10 38 5 3 29 32 17 37 14 9 19 35 20 15 28 2 27 4 0
0 4 33 30 29 17 5 28 15 32 35 31 6 7 3 12 13 36 19 26 37 23 18 24 9 11 14 21 27 8 34 39 1 10 2 16 38 22 20 25 0
0 14 21 16 6 5 15 32 4 38 10 18 28 17 20 33 7 13 23 12 35 22 37 36 2 26 19 25 27 9 31 39 30 34 1 29 3 24 11 8 0
0 10 21 28 26 33 14 22 15 27 30 36 37 12 39 20 5 19 16 8 9 34 25 7 13 38 18 35 24 23 4 11 29 2 17 1 3 32 6 31 0
0 2 36 23 3 18 10 29 8 27 32 16 39 38 13 30 33 28 37 22 15 19 25 1 9 12 35 24 5 21 17 6 34 4 20 11 14 26 7 31 0
0 13 15 7 11 19 14 20 18 24 3 1 9 12 30 4 26 38 33 8 6 10 17 36 22 2 23 32 28 37 29 35 5 21 27 34 39 31 16 25 0
0 28 12 8 35 27 21 14 5 16 15 3 13 30 37 22 38 33 24 17 7 11 23 36 34 1 6 2 29 19 32 25 9 20 31 26 10 39 4 18 0
0 38 22 23 19 8 20 13 4 5 7 31 16 39 10 14 37 2 25 36 15 18 3 29 11 27 30 24 6 34 1 9 35 28 12 33 17 32 21 26 0
0 20 10 1 30 31 14 37 2 36 25 8 29 24 33 17 18 35 12 22 11 9 13 19 32 26 6 15 21 34 4 39 5 16 28 3 38 23 7 27 0
0 37 18 32 19 36 2 7 26 8 14 25 29 33 24 23 28 22 3 17 21 30 35 39 31 9 34 27 13 10 15 20 5 38 1 6 4 11 16 12 0
0 32 16 25 3 37 10 20 30 11 31 5 4 26 36 6 9 29 22 2 1 39 13 35 38 15 17 33 18 27 7 24 21 34 19 8 23 28 14 12 0
0 15 30 39 12 22 38 24 28 1 21 18 29 6 17 26 3 33 16 14 19 25 2 13 32 4 27 23 8 34 20 5 31 10 11 9 35 7 37 36 0
0 28 10 4 26 12 20 33 39 8 11 15 21 14 7 34 5 30 37 19 6 32 35 29 38 25 9 24 27 23 13 2 17 22 18 36 16 31 3 1 0
0 30 28 35 39 20 16 3 1 31 8 7 5 6 4 33 14 11 18 2 34 17 36 21 10 32 27 25 12 9 15 24 19 22 38 26 29 37 23 13 0
0 29 32 22 11 20 27 35 33 4 36 1 14 37 9 17 38 12 26 21 24 18 7 31 15 28 39 5 16 8 10 30 23 6 25 19 2 13 34 3 0
0 12 21 5 16 22 30 39 25 10 13 20 11 8 28 27 33 3 2 15 17 1 7 26 4 24 19 34 31 29 37 32 14 23 36 35 18 9 38 6 0
0 12 19 39 1 29 23 31 10 16 15 27 24 21 32 6 37 25 36 13 22 4 28 2 20 35 26 18 8 33 7 5 9 3 17 34 14 11 30 38 0
0 18 11 7 14 4 1 17 6 39 36 2 20 23 35 32 30 33 10 21 13 31 37 9 16 28 24 8 34 29 15 3 38 25 27 19 12 26 22 5 0
0 4 11 39 14 18 8 22 3 1 37 10 33 12 17 24 36 30 7 21 16 28 6 23 25 31 5 27 26 32 15 2 38 13 34 9 35 19 20 29 0
0 34 38 24 13 1 9 19 6 33 39 7 29 18 20 26 11 32 4 37 25 35 15 16 3 12 23 5 2 8 21 14 36 17 22 10 31 28 27 30 0
0 18 30 4 32 11 2 17 14 37 19 39 36 22 26 23 10 29 3 24 27 28 21 34 35 38 16 25 33 20 1 15 7 31 5 6 8 13 9 12 0
0 11 15 27 24 28 29 1 22 38 35 25 21 12 33 5 19 13 26 39 7 16 20 9 36 10 18 30 17 3 6 4 14 23 31 34 37 32 2 8 0
0 11 2 30 24 31 8 17 14 7 36 37 9 13 35 15 28 34 22 1 6 10 18 32 26 20 38 19 39 4 16 33 3 25 29 12 21 23 5 27 0
0 4 7 35 21 23 10 12 16 32 18 33 19 2 22 28 37 1 24 20 13 15 9 6 34 26 3 39 11 8 5 31 36 29 27 14 25 30 38 17 0
0 17 34 20 1 29 33 28 9 6 12 26 37 3 15 5 8 22 30 32 18 31 39 7 14 10 25 27 36 2 4 24 35 11 16 38 19 13 21 23 0
0 19 30 6 13 24 10 11 32 33 37 1 28 38 3 5 17 4 39 7 18 22 26 23 36 20 25 14 21 8 35 29 2 15 27 12 9 34 31 16 0
0 2 34 27 7 18 13 4 5 30 14 10 33 26 32 28 16 36 12 24 25 22 17 9 1 19 29 21 31 20 38 3 11 6 23 37 35 15 8 39 0
0 23 32 7 11 30 37 19 28 4 22 15 18 8 29 25 20 2 33 17 34 12 1 26 9 5 10 35 36 16 38 6 21 13 3 27 31 39 24 14 0
0 19 28 9 7 37 25 3 38 20 22 2 33 36 10 39 23 1 4 6 31 16 34 8 21 17 13 29 26 18 35 15 32 14 30 24 5 12 11 27 0
0 33 9 7 18 36 16 27 39 4 38 12 29 25 35 31 13 15 34 26 17 23 20 1 5 10 24 19 22 3 30 11 37 6 28 14 32 2 8 21 0
0 3 15 24 1 27 7 16 6 32 5 36 33 19 9 20 22 17 37 23 29 28 12 25 35 10 11 8 14 13 39 30 2 21 26 34 31 4 38 18 0
0 33 12 34 23 26 2 19 21 36 17 25 32 8 20 37 39 27 35 14 29 4 18 10 13 31 5 28 11 22 1 38 7 6 30 24 3 15 16 9 0
0 36 27 3 13 8 14 17 2 11 37 26 20 28 35 15 16 12 23 21 9 29 24 39 6 1 33 7 5 10 38 31 18 19 30 25 32 22 34 4 0
0 31 5 35 9 20 17 15 36 24 34 2 37 7 19 12 38 13 8 25 27 14 21 28 29 1 30 10 23 3 6 39 18 26 22 33 4 16 11 32 0
0 2 17 19 23 24 38 20 4 27 14 12 15 16 31 28 39 37 32 6 30 36 29 26 11 1 22 10 9 7 33 3 21 5 18 25 35 34 8 13 0
0 7 20 38 28 17 5 12 21 2 24 36 37 29 25 13 32 16 31 26 11 15 33 9 23 34 30 27 6 35 8 18 19 3 22 4 1 39 10 14 0
0 3 11 28 22 21 29 19 13 32 1 18 8 17 30 5 25 39 26 35 9 33 37 20 23 4 2 31 12 38 10 15 16 27 24 6 7 14 34 36 0
0 10 1 18 3 25 34 12 23 24 16 6 32 21 7 19 11 2 13 30 20 4 5 33 29 17 31 37 39 9 35 14 28 27 22 36 26 38 8 15 0
0 8 25 36 19 17 24 35 4 7 1 29 34 21 20 31 5 12 32 3 28 33 26 18 11 13 16 2 22 6 9 23 37 27 39 30 38 10 15 14 0
0 23 39 36 9 3 38 20 31 37 33 30 25 11 28 22 4 12 16 35 34 21 17 5 2 6 8 24 29 18 14 15 19 27 13 10 1 26 32 7 0
0 29 24 12 6 37 31 34 3 17 28 10 11 15 25 32 16 18 1 21 13 26 38 2 30 19 8 5 9 14 23 22 7 35 27 33 39 4 20 36 0
0 24 4 9 30 31 13 38 27 29 36 35 12 11 17 16 7 20 25 39 21 26 6 15 33 1 10 5 14 3 18 19 23 37 2 8 32 34 28 22 0
0 36 38 35 24 28 12 33 4 14 23 3 30 20 8 26 37 9 7 21 6 34 31 10 5 13 32 11 15 22 2 25 16 18 1 17 29 39 27 19 0
0 23 32 14 11 25 1 29 17 3 20 37 34 24 30 31 7 39 33 36 15 10 16 38 5 13 26 8 2 19 18 28 9 27 4 21 22 35 6 12 0
0 4 20 5 2 24 31 13 33 38 1 19 18 27 12 7 17 14 32 37 21 26 34 39 23 15 3 22 36 35 28 11 16 10 30 9 8 29 25 6 0
0 34 18 16 35 22 27 21 12 8 28 4 33 19 39 17 37 6 25 10 30 11 1 29 3 38 7 14 36 31 23 26 2 32 13 9 15 24 20 5 0
0 33 17 22 5 30 4 18 34 25 12 21 8 36 19 32 13 37 2 24 3 23 29 20 27 11 28 38 35 31 6 15 1 26 9 10 16 7 39 14 0
0 15 19 24 38 27 22 3 2 12 13 25 21 31 33 5 6 18 36 17 14 10 8 11 20 28 16 9 34 23 37 1 4 39 26 35 30 32 29 7 0
0 38 4 11 36 37 10 16 32 2 30 6 26 35 23 17 33 24 9 31 25 34 12 19 28 5 22 27 18 8 13 14 20 39 29 3 21 1 7 15 0
0 4 34 20 32 18 24 35 26 16 23 13 28 30 36 3 31 2 37 10 7 9 19 17 12 14 5 38 8 29 15 1 25 39 6 22 11 21 33 27 0
0 38 28 12 25 8 3 21 18 17 36 5 30 20 22 34 31 10 13 4 16 26 39 9 11 37 24 15 19 32 6 35 23 2 29 33 14 1 7 27 0
0 18 12 33 32 27 24 13 10 11 35 16 4 8 39 23 1 29 25 6 31 15 37 36 22 38 2 7 34 17 19 30 28 9 3 5 26 21 14 20 0
0 31 15 39 24 29 1 22 18 33 4 21 35 27 19 12 26 23 32 38 25 30 10 8 11 34 36 14 6 37 13 7 9 28 3 17 5 16 20 2 0
0 4 24 25 38 34 21 11 27 13 26 6 39 33 15 1 2 9 19 32 18 17 14 10 8 3 36 28 31 20 7 29 23 5 30 16 37 12 22 35 0
0 17 22 33 23 6 9 4 27 24 5 10 8 25 15 32 18 26 1 12 3 38 13 7 16 37 29 21 20 30 36 19 35 14 31 2 39 11 34 28 0
0 33 23 35 15 12 39 24 37 8 2 21 1 32 27 20 36 26 5 9 7 18 3 13 4 30 17 19 22 28 38 31 16 29 6 10 25 34 14 11 0
0 17 1 31 32 28 33 37 34 20 29 25 16 14 27 30 22 24 2 10 11 12 15 38 6 18 26 39 36 7 5 23 13 35 3 21 4 8 9 19 0
0 18 23 7 30 34 12 27 8 38 2 16 29 4 21 33 35 24 9 32 25 22 15 26 6 3 11 10 39 17 14 37 28 5 19 20 31 1 36 13 0
0 6 39 9 13 21 25 32 36 30 18 16 29 35 27 4 14 31 24 20 37 26 10 1 8 28 15 12 38 3 17 19 11 5 33 23 2 22 7 34 0
0 3 15 31 27 19 32 12 4 37 35 38 11 36 23 39 28 22 5 34 8 7 25 26 13 1 6 10 9 18 16 2 29 33 14 20 17 24 30 21 0
0 12 3 6 11 39 18 4 25 38 35 5 15 30 16 31 26 21 23 17 9 32 20 14 19 8 1 2 27 13 33 36 22 34 28 29 24 7 10 37 0
0 26 16 20 32 39 21 12 8 23 18 25 33 9 30 13 22 24 3 11 37 29 7 36 10 2 17 28 19 5 35 1 14 38 31 6 15 27 4 34 0
0 5 7 27 29 11 26 2 37 14 10 12 3 39 33 28 38 21 34 1 35 32 19 22 20 4 31 17 16 13 6 9 15 18 30 36 23 8 25 24 0
0 2 9 37 33 13 30 21 38 7 39 28 31 6 15 20 16 22 14 12 27 34 17 3 11 18 26 36 8 23 25 32 24 4 1 5 19 29 10 35 0
0 21 33 18 31 6 11 22 20 26 8 24 16 7 37 3 13 25 5 15 30 17 39 36 10 14 28 12 29 1 19 23 38 35 9 32 34 4 2 27 0
0 6 26 23 14 13 27 11 29 38 1 30 22 5 21 2 3 24 7 10 28 25 37 36 20 33 39 12 19 8 9 18 16 34 17 15 4 35 32 31 0
0 4 26 38 2 8 6 9 3 16 34 28 32 33 27 30 18 39 23 37 1 11 5 31 36 24 25 20 22 35 15 14 13 29 10 12 17 7 21 19 0
0 7 16 28 1 29 30 39 2 32 23 18 5 34 38 25 36 19 11 21 13 20 24 27 8 14 33 3 35 31 4 22 26 10 17 9 15 6 12 37 0
0 7 37 1 23 25 33 3 8 11 30 36 19 28 4 5 31 13 39 29 16 17 20 15 9 34 27 6 2 10 18 14 24 35 12 26 21 32 22 38 0
0 10 38 18 31 26 15 34 30 35 7 27 3 2 37 8 33 39 17 6 32 22 36 5 28 11 16 9 4 20 19 24 29 23 21 14 13 25 12 1 0
0 11 28 34 9 36 8 20 10 12 23 4 25 37 39 31 13 7 2 15 26 14 29 30 27 5 32 35 33 19 21 22 16 18 38 6 1 3 24 17 0
0 4 19 10 23 38 31 8 9 30 6 24 21 14 5 33 2 20 7 25 35 27 22 11 29 34 16 37 17 3 28 1 26 39 15 12 36 32 13 18 0
0 12 8 36 10 33 14 27 2 34 35 9 4 19 18 16 15 29 17 25 37 5 22 38 23 21 1 13 3 20 30 28 32 39 7 26 24 31 6 11 0
0 36 5 1 38 26 32 33 24 23 20 2 11 8 9 17 28 15 37 29 7 19 16 30 12 35 10 3 4 14 13 22 27 25 34 6 31 21 18 39 0
0 25 15 7 37 35 33 39 14 3 20 21 2 18 24 31 26 29 16 22 9 8 30 28 13 10 27 36 38 5 4 34 1 19 12 6 11 23 32 17 0
0 17 9 15 31 34 33 38 23 22 25 19 30 8 7 27 2 36 26 28 13 1 21 32 14 16 6 29 3 37 35 12 18 11 24 4 20 5 39 10 0
0 39 19 1 20 35 28 9 31 34 13 17 21 26 8 12 32 38 14 30 29 37 22 33 3 11 25 5 23 2 4 10 16 18 15 6 27 7 24 36 0
0 36 22 18 13 6 24 35 14 21 11 17 34 23 1 2 31 20 33 9 30 16 32 19 29 10 12 8 28 15 27 39 7 3 5 38 26 37 25 4 0
0 16 24 5 29 34 33 3 7 22 35 32 2 15 30 19 27 17 8 13 36 11 10 23 9 25 18 14 4 20 12 26 39 31 1 38 6 28 37 21 0
0 32 8 14 36 17 13 5 6 31 15 29 11 16 39 28 22 23 27 24 38 9 4 2 25 35 19 12 1 18 37 30 33 20 34 10 21 3 7 26 0
0 3 25 16 26 7 6 29 36 37 19 15 5 11 22 10 4 28 8 18 17 14 2 38 9 1 39 33 24 21 27 34 20 12 32 31 30 23 35 13 0
0 14 12 28 4 37 22 13 11 36 26 15 33 16 23 6 35 7 8 27 29 3 34 9 10 17 31 2 32 39 24 5 19 21 20 30 1 38 25 18 0
0 15 5 20 19 4 11 39 38 18 3 28 30 33 14 8 25 23 7 21 32 17 16 2 35 26 6 24 34 36 37 12 13 9 1 22 29 10 27 31 0
0 19 20 3 39 11 37 21 18 28 33 24 22 5 26 32 12 4 2 16 29 25 23 27 15 38 8 36 6 30 17 1 34 10 9 35 14 7 31 13 0
0 4 22 39 38 18 12 34 36 28 29 11 20 35 26 25 10 23 3 2 24 6 31 19 9 15 16 14 30 13 8 27 5 32 1 33 7 21 17 37 0
0 30 35 16 33 23 38 20 22 21 18 10 19 27 2 8 31 39 7 11 34 25 3 29 36 24 1 5 9 32 28 4 15 26 17 13 6 12 14 37 0
0 25 14 1 16 23 21 18 27 3 36 34 35 22 9 33 7 38 26 20 12 28 29 37 39 11 2 8 4 17 30 31 15 32 10 19 24 5 13 6 0
0 13 36 37 32 35 10 22 19 17 5 24 7 21 31 14 27 16 8 18 11 6 28 34 29 15 1 23 3 12 9 26 25 2 33 4 38 20 30 39 0
0 14 15 22 29 25 5 16 36 9 20 35 4 28 26 37 8 34 13 10 21 33 30 6 3 32 17 7 1 12 18 2 31 23 19 39 11 38 24 27 0
0 22 18 11 17 21 24 25 16 12 2 9 32 23 5 29 13 20 35 10 19 6 7 1 37 36 15 27 31 30 38 4 33 34 3 14 26 39 28 8 0
0 16 33 10 21 6 35 31 11 15 28 26 22 17 25 24 27 9 13 1 37 38 29 5 4 3 7 8 34 23 19 18 39 20 36 30 14 32 12 2 0
0 32 29 28 6 21 12 37 17 27 39 15 31 23 22 11 14 3 2 25 20 36 18 34 24 1 35 16 7 26 19 30 38 5 9 10 8 33 13 4 0
0 7 16 24 19 27 13 28 38 34 2 32 29 31 8 33 10 25 5 39 6 12 4 37 36 26 15 9 18 11 14 3 22 17 21 1 30 35 20 23 0
0 23 8 18 26 19 28 22 11 4 9 33 37 39 12 34 25 16 3 13 7 35 6 29 10 2 32 21 5 36 38 14 20 30 15 27 1 31 17 24 0
0 31 15 11 5 10 26 22 36 7 14 6 37 34 23 29 27 35 4 39 3 1 33 19 12 2 28 24 20 21 13 25 9 16 38 8 17 30 18 32 0
0 12 20 24 3 28 31 39 4 1 17 37 38 25 35 23 15 11 32 36 9 21 22 7 34 16 10 2 19 5 30 29 18 26 6 8 27 14 33 13 0
0 19 11 18 13 38 28 16 32 9 6 22 25 12 17 10 7 39 26 4 29 27 1 30 15 33 24 31 35 8 21 34 20 23 3 37 5 36 14 2 0
0 21 39 17 27 8 37 22 20 34 28 11 14 3 13 1 29 16 6 15 25 38 19 23 33 12 4 24 7 26 35 36 5 32 10 9 2 30 31 18 0
0 38 27 1 11 6 35 5 32 30 28 9 17 23 29 15 33 21 20 12 2 7 4 37 8 13 10 3 25 18 22 36 31 26 14 19 34 24 39 16 0
0 10 5 34 2 17 3 35 29 7 8 18 31 16 22 6 4 32 12 23 39 24 1 37 20 26 33 9 27 11 13 25 36 21 38 19 14 15 28 30 0
0 34 22 32 37 26 38 19 6 11 14 5 27 28 9 10 16 23 13 35 36 8 33 2 21 39 18 17 25 3 31 20 30 1 15 12 29 7 24 4 0
0 36 20 26 23 14 31 21 3 18 10 37 9 17 29 19 11 6 7 5 12 4 38 35 24 34 27 30 15 32 1 22 8 33 16 39 2 13 25 28 0
0 4 33 11 2 15 22 25 5 1 13 39 20 24 12 17 38 29 10 26 18 21 32 6 3 37 16 14 8 19 28 30 9 23 7 35 36 34 31 27 0
0 34 28 32 22 25 2 8 23 10 5 9 1 29 30 7 38 14 17 37 16 19 20 35 4 27 24 26 18 12 31 6 13 11 33 15 3 36 39 21 0
0 17 2 11 3 1 4 28 37 29 24 8 35 31 19 27 9 14 18 25 7 23 21 22 30 33 13 34 16 39 15 20 5 36 32 6 38 10 12 26 0
0 24 38 22 15 34 9 17 25 23 16 36 31 2 6 1 35 4 29 27 37 19 13 12 33 5 11 32 7 28 26 8 10 20 18 3 30 14 39 21 0
0 22 16 29 30 28 8 12 10 1 36 15 11 20 2 24 13 21 17 38 7 34 35 39 6 31 25 27 18 26 33 19 5 37 32 3 23 9 4 14 0
0 5 32 39 36 22 15 35 17 14 7 29 1 37 18 3 11 25 30 19 31 24 27 2 9 34 21 6 16 20 13 33 23 12 26 28 38 4 10 8 0
0 22 29 39 27 24 11 16 18 32 6 17 31 28 26 9 33 14 20 10 15 1 30 8 12 23 38 4 2 13 21 36 35 5 34 37 7 25 19 3 0
0 12 31 25 8 28 3 6 14 17 37 9 26 15 5 11 24 35 36 19 16 32 13 20 1 30 33 34 23 4 27 38 10 21 2 22 18 29 7 39 0
0 35 11 36 20 8 24 6 39 1 13 2 34 28 23 17 25 18 33 12 31 27 21 14 9 22 30 26 19 38 5 3 7 32 10 4 29 37 15 16 0
0 9 36 15 37 24 21 30 25 7 22 29 20 11 26 16 19 39 27 4 6 34 13 12 35 8 3 5 32 38 18 28 1 31 23 33 2 17 14 10 0
0 26 6 15 3 2 20 32 19 30 25 37 4 8 11 33 36 18 21 13 24 28 9 27 5 22 17 7 35 39 38 12 16 23 34 14 1 31 10 29 0
0 28 18 9 37 34 10 33 6 19 35 12 27 23 3 11 14 2 15 32 39 25 29 22 21 31 38 4 7 20 24 1 8 26 30 17 5 16 13 36 0
0 20 8 33 24 9 22 14 11 21 3 17 37 2 32 1 10 35 13 26 4 30 19 15 6 29 23 12 7 18 38 25 16 31 27 36 5 28 34 39 0
0 7 6 31 16 8 23 29 2 26 9 17 38 21 33 24 27 15 14 34 30 19 28 32 36 3 12 25 5 13 39 18 11 20 35 37 22 4 1 10 0
0 16 35 38 17 24 25 31 23 26 1 37 21 20 13 33 10 15 18 27 4 7 5 14 22 8 28 32 36 19 3 2 30 12 9 6 11 29 39 34 0
0 30 27 13 9 21 39 6 38 5 31 19 35 10 12 1 28 34 36 37 23 4 20 16 22 18 7 29 2 8 14 3 24 26 11 25 17 33 15 32 0
0 39 35 11 8 24 3 37 34 30 32 25 17 22 7 31 28 18 2 12 15 6 21 10 14 13 26 27 36 20 1 33 23 29 19 16 38 5 4 9 0
0 29 13 19 1 38 35 17 32 30 5 2 25 4 3 16 23 27 26 39 15 9 18 37 28 12 34 21 14 6 24 31 22 11 10 20 36 8 7 33 0
0 12 3 16 9 24 25 21 36 31 4 33 39 29 7 1 11 2 27 30 26 17 32 6 13 10 14 35 20 8 34 22 38 19 5 18 28 15 23 37 0
0 19 6 1 11 2 21 9 4 29 8 5 31 37 22 27 24 12 28 10 30 17 39 15 33 23 32 36 38 18 13 7 26 3 25 14 20 34 16 35 0
0 32 3 19 7 37 25 18 24 23 13 11 34 26 29 36 4 27 8 5 30 1 17 16 35 20 2 33 28 31 39 6 21 38 10 14 15 12 9 22 0
0 32 18 39 9 1 30 14 20 6 16 28 10 8 26 25 15 4 29 27 31 7 11 2 3 23 33 36 12 34 17 24 22 19 38 35 21 37 13 5 0
0 16 38 18 26 28 36 22 9 33 1 31 30 23 34 35 6 14 5 32 11 10 27 2 13 7 20 8 4 29 37 21 25 15 19 24 17 39 12 3 0
0 8 39 5 15 21 9 28 29 26 25 30 10 6 20 23 22 18 36 35 32 19 31 27 3 2 33 13 37 14 12 24 1 7 16 38 4 34 11 17 0
0 24 35 23 8 38 18 26 12 3 11 15 28 37 14 32 10 31 4 30 7 16 5 19 33 21 6 29 1 34 2 17 36 9 27 25 13 20 39 22 0
0 35 24 21 25 3 37 32 10 17 23 5 4 27 31 36 9 8 1 2 20 30 14 39 22 12 19 13 33 26 15 34 16 29 7 38 18 28 6 11 0
0 21 19 9 2 11 32 3 27 8 34 29 5 22 13 39 35 33 36 31 20 10 14 12 16 26 1 37 30 6 4 23 25 38 17 24 7 28 15 18 0
0 8 39 6 35 25 16 27 12 24 15 34 23 36 2 5 37 4 20 7 11 29 19 21 13 10 32 17 31 9 22 30 33 14 26 1 38 18 28 3 0
0 17 16 30 20 15 5 13 12 37 4 24 22 38 8 11 6 18 3 33 1 26 2 29 28 23 34 27 31 39 10 7 25 21 35 32 36 9 19 14 0
0 22 11 4 35 38 30 19 8 15 18 27 28 3 39 37 23 29 36 25 9 13 10 31 24 34 1 16 17 33 32 14 7 26 21 20 6 5 2 12 0
0 13 23 21 28 17 7 10 38 3 26 34 22 35 9 31 25 6 5 1 12 39 14 37 20 2 29 30 18 33 15 4 24 8 32 27 16 36 11 19 0
0 12 32 37 34 28 31 15 35 33 39 16 21 9 11 22 14 29 13 19 8 4 10 6 5 36 2 17 26 27 18 24 1 23 38 30 7 25 20 3 0
0 29 5 37 38 32 35 21 6 28 16 22 30 3 1 12 13 11 25 17 18 7 33 39 9 26 24 31 4 23 27 34 14 8 20 2 10 19 36 15 0
0 10 33 4 21 8 19 25 24 15 30 29 34 32 27 9 37 38 39 28 12 26 18 5 36 17 11 31 6 16 7 23 20 13 22 2 3 14 35 1 0
0 1 12 27 8 15 29 30 33 16 10 39 23 7 20 34 26 36 2 35 4 25 13 9 32 14 24 18 17 11 3 28 37 22 6 5 31 19 21 38 0
0 37 32 6 30 35 4 20 39 9 25 28 16 1 7 22 18 27 26 11 29 21 10 3 33 14 13 17 5 36 15 34 12 19 24 31 8 2 23 38 0
0 24 35 20 33 16 12 10 25 4 22 27 32 18 3 1 39 30 17 6 28 29 21 13 36 34 2 38 8 26 7 9 19 5 37 23 15 11 31 14 0
0 35 29 5 25 8 28 23 14 30 26 36 13 3 32 27 10 19 6 34 18 17 15 31 16 2 33 37 11 1 24 9 21 12 20 22 38 7 4 39 0
0 11 3 21 19 38 17 23 32 33 35 6 5 26 1 2 16 31 25 36 7 24 20 18 22 39 4 37 8 12 29 30 10 27 14 28 9 13 34 15 0
0 29 8 23 21 20 24 26 25 22 16 3 37 39 32 11 27 36 38 19 12 10 6 35 2 15 1 34 4 30 33 5 28 18 31 7 13 17 14 9 0
0 17 32 31 35 7 12 20 25 6 2 34 11 23 21 27 1 29 24 36 15 5 38 22 4 8 26 39 3 37 33 9 18 28 14 13 10 16 30 19 0
0 32 14 20 9 26 11 22 35 34 23 37 18 10 7 38 19 15 25 39 2 33 17 30 3 31 1 6 29 28 21 24 36 4 8 13 5 16 27 12 0
0 7 12 20 4 38 29 24 6 9 8 39 2 23 30 33 26 10 31 27 28 11 17 37 36 13 18 34 21 35 3 1 32 5 15 22 25 19 16 14 0
0 1 13 35 36 2 32 4 37 29 21 6 24 30 5 39 3 23 31 10 12 7 17 27 26 9 15 14 19 28 18 20 16 25 11 22 33 38 8 34 0
0 13 9 26 33 25 11 24 12 20 3 4 1 29 32 7 28 10 30 17 18 23 35 16 31 8 5 6 38 36 2 14 15 37 22 27 21 34 19 39 0
0 26 33 10 34 11 39 31 37 1 28 24 29 19 25 30 35 3 16 32 8 9 17 14 36 5 22 6 20 2 7 4 38 23 27 15 18 21 13 12 0
0 36 25 31 15 22 23 5 10 11 19 8 1 16 13 26 20 29 21 32 3 39 35 24 37 28 30 12 33 18 2 27 38 17 9 6 7 34 4 14 0
0 39 16 29 24 1 4 19 17 35 7 20 30 22 10 5 8 12 36 37 38 34 26 33 14 25 15 21 32 2 6 18 11 13 23 31 27 3 9 28 0
0 34 28 15 26 5 16 11 21 12 19 9 18 1 17 20 31 3 36 39 30 8 32 6 14 33 23 27 24 7 25 35 38 2 13 10 29 37 4 22 0
0 15 22 32 25 10 4 9 5 37 24 7 38 18 26 11 39 30 28 1 3 16 17 2 8 27 35 33 36 19 29 12 23 20 13 34 31 21 14 6 0
0 26 11 30 4 19 34 27 1 39 2 18 9 16 5 7 12 32 3 38 31 24 6 25 23 20 36 15 14 28 10 21 35 13 29 22 37 17 33 8 0
0 21 13 16 1 5 17 24 19 32 8 33 18 6 31 9 25 35 34 37 14 39 22 11 4 28 36 26 29 30 7 38 20 10 27 23 2 12 15 3 0
0 6 31 17 3 32 29 11 27 13 28 20 26 7 33 18 38 37 1 16 21 12 19 34 8 14 5 25 15 10 9 30 22 23 2 24 35 39 36 4 0
0 16 22 27 17 14 36 8 35 39 33 2 37 38 31 19 6 10 11 32 1 4 30 15 23 24 18 3 21 9 26 29 20 7 25 13 5 12 34 28 0
0 9 15 23 7 26 14 22 12 35 30 21 24 37 31 8 19 20 28 10 4 18 13 3 6 38 5 16 33 1 36 27 11 32 2 34 17 25 29 39 0
0 30 23 8 3 24 33 34 25 29 16 31 20 13 21 5 38 37 18 9 22 15 1 26 36 6 28 19 4 14 12 27 39 10 17 11 7 35 2 32 0
0 8 20 5 37 26 39 14 33 21 12 27 19 11 7 38 2 17 36 18 23 31 4 6 1 32 16 30 15 25 22 13 24 29 3 35 34 28 9 10 0
0 29 15 24 13 9 14 22 6 8 33 30 28 26 3 21 11 5 25 17 37 19 2 4 38 32 18 35 27 36 39 34 20 31 10 7 16 23 12 1 0
0 26 25 10 22 7 29 12 6 4 20 36 38 14 19 17 11 3 37 1 15 2 28 5 8 32 18 23 33 13 31 21 30 27 34 24 35 16 39 9 0
0 2 12 21 11 31 33 30 34 35 16 4 32 9 28 18 8 7 5 38 3 22 23 39 13 20 19 36 14 17 29 10 1 24 37 26 15 6 25 27 0
0 20 17 13 5 24 36 14 27 21 9 29 33 19 25 32 39 15 11 12 7 4 1 26 8 35 31 18 22 28 16 2 37 30 23 10 34 6 38 3 0
0 21 13 8 14 18 38 33 6 22 30 26 25 9 10 19 34 1 5 37 27 16 32 20 23 29 39 36 4 15 28 3 11 35 2 7 17 12 31 24 0
0 30 36 20 7 39 37 32 15 29 18 25 6 8 33 1 28 13 16 26 35 3 31 14 22 19 9 4 24 27 38 10 34 21 5 12 23 2 17 11 0
0 25 34 4 14 20 16 1 27 9 11 30 32 33 39 19 29 8 7 17 12 35 24 2 6 23 38 26 21 5 36 15 10 28 37 22 18 3 13 31 0
0 22 35 17 27 39 30 11 14 16 13 1 6 31 34 23 21 3 36 38 26 18 15 4 28 32 29 19 33 25 5 20 7 12 2 37 24 9 8 10 0
0 27 23 18 29 15 2 14 10 25 5 17 35 20 8 7 28 22 32 38 19 4 6 3 31 13 21 9 34 39 1 33 30 16 37 24 12 26 11 36 0
0 25 11 32 19 9 13 28 7 22 31 18 14 3 15 35 23 30 39 36 2 34 1 20 5 27 16 38 24 29 26 37 4 8 17 21 6 33 10 12 0
0 36 14 22 18 38 6 3 30 15 19 31 29 33 16 4 7 10 25 32 21 26 5 2 35 8 11 20 9 34 17 39 28 37 27 1 12 13 24 23 0
0 16 17 29 31 19 7 2 37 23 8 38 3 5 30 4 28 39 33 27 14 21 25 24 18 1 36 22 35 10 26 6 15 11 9 32 20 12 13 34 0
0 16 13 25 10 6 27 24 21 15 1 32 9 12 14 39 20 22 18 8 38 29 34 19 4 26 33 5 3 30 36 17 23 28 2 35 11 37 7 31 0
0 17 39 15 12 28 37 9 2 22 20 10 4 11 1 3 16 36 29 6 24 35 32 26 23 38 19 7 8 34 30 21 31 14 27 25 18 13 33 5 0
0 30 4 32 36 37 7 10 38 34 16 27 19 12 22 11 33 9 1 39 25 29 17 28 3 26 15 14 2 8 24 5 13 20 23 6 31 21 18 35 0
0 28 3 22 11 4 19 23 32 2 27 5 30 10 25 15 38 1 31 7 17 26 8 21 33 6 24 35 37 9 12 14 13 18 36 34 39 20 29 16 0
0 17 8 9 4 36 16 28 31 30 25 29 37 18 11 32 26 12 27 10 3 38 19 24 22 1 33 23 34 35 6 7 21 20 5 2 13 15 14 39 0
0 26 37 28 22 31 7 33 10 23 17 20 32 6 11 3 14 39 15 34 25 18 5 36 27 4 21 9 8 24 13 12 19 2 38 29 16 1 35 30 0
0 31 12 11 22 37 4 18 1 17 26 2 5 30 9 21 10 28 32 25 20 7 27 24 35 13 3 39 8 33 16 15 38 34 36 29 6 23 14 19 0
0 16 23 20 39 9 19 11 24 18 8 28 1 35 37 7 2 14 29 31 12 10 33 34 3 21 5 6 15 36 25 13 26 27 30 4 32 22 17 38 0
0 11 38 20 13 37 23 21 34 39 5 9 19 4 15 31 1 32 26 30 12 14 3 29 2 7 25 27 28 33 36 6 18 35 22 17 16 10 24 8 0
0 8 6 26 18 2 3 17 39 11 34 24 21 9 14 12 25 19 28 15 4 31 29 23 36 35 30 32 33 1 10 22 7 37 16 5 20 13 27 38 0
0 15 22 30 27 32 35 24 29 1 36 39 4 10 18 26 20 25 8 38 7 14 11 17 13 34 33 2 23 16 28 3 31 19 21 37 12 5 9 6 0
0 34 35 39 11 23 7 5 28 27 18 17 32 16 15 1 36 14 26 6 22 29 24 13 20 4 2 31 21 9 3 37 8 12 25 38 30 10 19 33 0
0 10 22 24 17 36 8 18 35 34 27 32 38 7 21 13 20 3 14 2 19 4 11 9 1 30 15 33 16 25 39 28 5 23 12 6 37 29 31 26 0
0 35 11 12 17 31 26 32 38 10 23 37 3 14 21 27 28 36 25 34 8 6 9 2 20 5 39 7 19 13 29 4 22 16 33 30 1 24 15 18 0
0 20 14 29 5 3 7 9 13 11 16 19 23 12 24 10 35 26 4 18 2 37 30 38 32 27 28 22 36 21 15 39 8 17 31 6 1 34 25 33 0
0 31 26 2 4 6 21 10 32 19 38 14 16 22 28 24 8 9 37 12 29 1 25 35 27 15 39 34 36 5 11 33 18 17 23 3 30 20 13 7 0
0 30 35 19 9 27 24 38 26 23 17 34 1 4 28 11 7 3 39 36 14 21 10 16 13 25 5 6 29 37 8 18 33 31 20 2 22 12 15 32 0
0 29 6 3 35 26 18 13 34 25 37 36 7 28 32 11 38 30 2 20 16 39 22 27 17 31 10 15 9 24 8 5 4 21 14 12 19 33 23 1 0
0 3 34 7 20 24 18 21 33 14 19 36 12 15 17 4 38 35 8 9 6 39 30 31 29 26 1 23 25 2 10 28 16 11 13 5 37 22 27 32 0
0 17 19 20 3 6 12 21 5 14 7 4 34 2 35 37 18 27 29 31 23 16 24 33 38 39 26 25 36 22 9 1 11 32 30 10 15 28 8 13 0
0 22 33 19 30 7 28 34 20 39 26 25 11 36 12 15 10 29 32 21 3 9 27 14 38 35 37 8 2 6 24 23 13 17 1 16 31 18 4 5 0
0 30 32 38 33 12 3 34 28 19 16 25 4 26 15 13 18 20 6 2 23 17 9 24 29 37 1 10 8 7 22 35 14 36 5 31 39 11 21 27 0
0 38 14 31 2 11 21 25 1 33 37 16 10 32 22 29 15 34 35 23 20 17 28 6 13 24 19 39 27 4 8 36 3 7 12 30 26 9 5 18 0
0 14 2 11 3 30 4 33 29 36 31 7 18 19 8 16 5 1 23 26 32 27 35 17 10 12 9 20 37 38 39 28 15 6 24 34 22 21 13 25 0
0 13 16 36 5 14 30 39 18 27 38 12 24 20 1 32 22 11 4 7 2 31 17 23 33 25 15 26 8 10 37 3 28 6 19 29 35 9 34 21 0
0 31 13 28 7 5 38 14 25 12 16 11 30 21 10 26 4 34 3 8 15 18 24 2 32 35 9 37 20 19 17 39 23 29 36 6 1 27 33 22 0
0 4 28 5 31 18 8 30 38 3 29 34 7 6 33 10 36 9 1 11 23 22 39 32 19 27 2 20 24 17 12 35 14 25 16 15 37 21 26 13 0
0 38 24 21 8 20 37 27 16 34 32 29 25 35 39 30 14 28 18 10 4 31 5 1 19 3 33 6 15 2 22 13 9 26 17 11 12 36 7 23 0
0 34 5 38 17 31 7 23 24 36 8 18 20 13 37 21 14 3 33 39 29 27 15 22 11 25 16 19 2 12 10 32 28 9 4 6 35 26 30 1 0
0 2 23 31 8 36 4 7 10 14 39 24 37 18 33 25 15 6 5 32 17 19 22 29 9 1 20 13 3 34 35 28 11 21 27 30 12 26 16 38 0
0 17 10 15 36 34 29 21 35 23 38 12 25 26 11 13 9 14 22 31 24 8 30 16 39 20 33 37 28 4 2 27 18 19 6 5 1 7 32 3 0
0 13 8 32 14 7 31 22 23 33 11 29 25 27 36 24 39 15 1 4 6 5 35 30 38 19 28 34 26 2 12 18 37 21 3 9 16 17 10 20 0
0 28 22 7 38 16 8 37 21 4 19 29 23 11 39 27 12 14 34 20 2 36 5 3 9 24 18 1 31 35 13 6 26 25 33 32 15 30 10 17 0
0 3 7 17 12 20 29 18 5 22 9 37 38 8 31 27 2 24 35 15 32 1 16 28 34 36 33 23 4 13 6 19 10 11 14 39 25 21 26 30 0
0 16 7 33 23 38 26 30 18 25 19 9 1 35 6 12 2 39 37 3 5 28 10 17 11 4 21 13 22 15 31 32 14 36 34 29 20 24 27 8 0
0 15 13 24 28 5 34 25 39 11 3 19 37 31 21 4 27 12 10 14 18 38 26 35 9 7 8 16 20 29 22 36 30 33 23 6 32 1 2 17 0
0 20 34 38 25 37 6 18 23 21 15 19 13 27 11 32 10 9 28 7 33 36 35 2 3 22 39 1 31 8 5 14 29 12 16 30 24 17 4 26 0
0 4 34 35 14 37 38 7 21 26 12 27 30 16 1 11 31 32 23 8 29 13 5 9 39 18 6 22 24 10 15 2 17 33 36 28 20 19 3 25 0
0 11 2 29 28 37 12 9 36 30 6 23 8 38 27 14 1 39 16 22 5 20 7 31 19 3 33 32 34 17 15 21 4 25 18 10 26 13 35 24 0
0 34 11 25 15 12 20 14 28 24 2 8 22 4 3 30 27 18 17 9 5 16 26 13 1 36 23 35 32 33 21 10 38 7 29 39 19 37 6 31 0
0 26 39 13 21 22 29 28 9 33 4 15 32 3 18 24 7 25 35 37 27 17 31 8 11 5 1 30 19 2 20 14 16 23 10 6 38 34 36 12 0
0 11 1 12 35 17 7 33 6 21 29 24 14 28 9 5 22 27 2 19 38 3 15 39 18 4 34 20 13 30 23 31 16 37 10 32 26 36 8 25 0
0 3 37 33 14 23 4 9 27 12 21 7 30 36 2 32 22 28 6 15 25 31 5 39 11 10 8 17 19 35 29 24 16 38 1 13 34 26 20 18 0
0 7 26 23 11 18 9 29 36 3 10 28 35 31 39 38 5 17 19 12 1 33 34 21 2 14 16 15 25 20 13 4 8 24 32 30 22 37 27 6 0
0 32 3 29 36 2 33 9 1 4 21 22 25 6 12 35 14 7 27 31 28 30 13 17 8 19 23 5 39 15 20 18 16 34 10 37 24 26 38 11 0
0 20 24 19 16 2 3 38 31 36 35 9 1 15 6 37 7 11 29 22 28 5 26 14 10 30 17 8 18 27 34 33 39 25 12 32 13 21 23 4 0
0 29 22 19 35 9 31 18 23 32 26 2 8 5 11 24 34 16 28 36 20 38 30 10 1 33 13 27 7 12 37 14 17 3 4 6 21 39 25 15 0
0 32 11 22 37 12 5 2 23 34 21 36 35 14 7 24 20 26 19 28 38 1 9 29 13 27 10 31 39 25 8 18 3 6 33 17 16 4 15 30 0
0 14 3 25 17 7 12 27 39 13 31 33 28 23 21 20 9 34 38 35 2 32 8 4 22 24 1 37 16 26 15 10 5 11 6 19 29 30 36 18 0
0 31 2 25 39 26 19 14 17 4 6 7 3 35 34 29 27 24 11 37 15 32 9 1 23 5 8 10 36 20 30 16 21 33 38 12 22 13 18 28 0
0 32 4 10 38 13 36 35 27 3 18 20 17 24 23 19 14 22 25 34 26 16 1 21 7 15 8 6 9 2 30 29 31 12 28 37 39 5 11 33 0
0 39 36 8 15 21 5 20 3 10 31 19 18 16 32 28 22 27 9 30 26 12 13 34 35 1 24 4 29 11 37 2 7 23 14 17 6 33 25 38 0
0 28 16 33 7 18 2 15 27 29 21 24 25 1 6 14 20 22 32 11 3 37 38 31 12 5 17 39 13 36 23 34 4 30 26 19 9 10 35 8 0
0 13 18 6 25 31 1 10 14 4 24 26 17 3 38 27 22 12 23 7 21 11 19 34 32 29 33 16 28 8 39 15 9 2 37 35 36 20 30 5 0
0 10 24 14 22 4 5 19 33 13 12 1 23 25 27 30 18 38 21 15 36 7 39 34 8 9 2 3 11 35 16 32 31 28 29 37 6 20 17 26 0
0 24 21 8 35 38 15 19 31 25 32 6 23 30 1 12 20 11 13 28 29 37 3 34 2 18 9 33 14 5 17 27 26 16 22 39 36 4 7 10 0
0 1 29 13 5 20 12 27 28 23 7 15 4 2 30 25 18 32 39 38 34 33 11 31 16 8 10 9 24 21 26 19 3 35 14 22 17 37 36 6 0
0 7 17 5 19 22 37 39 12 33 18 38 15 34 30 3 25 11 14 6 21 24 27 9 35 23 26 28 36 16 4 29 1 8 31 13 2 20 32 10 0
0 22 7 31 6 24 28 17 15 20 8 27 30 5 33 19 39 16 14 18 1 4 32 2 23 3 21 9 36 37 34 38 11 35 10 12 26 25 13 29 0
0 37 7 1 4 36 22 19 26 3 38 23 20 24 18 28 25 17 5 21 14 27 39 12 16 33 10 31 9 11 32 29 30 35 2 34 13 6 8 15 0
0 26 8 17 27 12 7 9 3 36 4 25 28 24 6 21 37 18 16 1 30 35 10 32 38 23 29 15 14 19 22 20 13 34 11 5 39 33 2 31 0
0 6 20 14 17 36 32 7 33 29 3 30 34 22 10 23 9 35 18 26 27 1 19 15 12 24 5 8 38 11 4 37 2 16 31 39 13 28 25 21 0
0 1 18 31 38 21 9 34 6 19 23 25 30 35 4 24 29 26 22 8 17 28 7 13 5 39 16 27 36 14 15 32 3 10 12 20 37 11 33 2 0
0 3 37 34 36 18 23 13 25 22 24 2 4 6 9 26 1 21 39 38 11 32 5 7 20 17 29 14 12 16 10 33 31 19 27 35 28 15 30 8 0
0 3 31 33 28 11 8 39 34 19 29 17 21 36 27 30 7 14 16 5 4 1 24 2 12 32 35 23 13 26 22 25 15 37 38 20 18 9 6 10 0
0 11 25 2 35 6 10 23 22 37 3 13 16 26 21 33 38 1 5 15 20 7 8 14 19 18 17 31 34 39 28 9 27 30 29 36 24 32 12 4 0
0 29 33 20 28 22 12 2 26 1 25 11 37 18 27 34 8 4 39 3 38 31 14 35 5 24 19 21 7 17 16 13 23 10 36 6 32 9 15 30 0
0 22 21 5 28 10 24 12 29 6 18 14 25 30 9 8 35 11 16 13 26 32 38 20 4 34 39 31 2 19 15 1 17 37 7 36 33 23 3 27 0
