# n n_solutions
40 1000
# n x n distance matrix
0 2523 3162 2549 1664 3453 2745 6008 2280 8527 7918 2385 5456 707 4187 6129 3224 1749 4085 1555 4876 6530 3668 2308 2109 2789 2983 2505 4707 7669 6046 4933 7335 7106 2051 3635 5420 5780 5200 2915
2523 0 5636 1941 1200 5300 4854 5872 2816 6158 5467 4808 2973 2900 2109 3624 2109 3138 1702 1044 3395 4554 3827 4356 4632 2184 5448 1204 2531 5300 3827 2601 5263 5514 2983 4346 5824 3264 2690 1878
3162 5636 0 4949 4579 2308 3023 6789 4816 11327 10840 1972 8600 3114 6952 9260 6228 3931 7244 4606 7140 9013 4884 3087 1204 5707 1702 5280 7858 10489 8772 8095 9859 9192 4428 4244 5707 8832 8249 5941
2549 1941 4949 0 1170 3889 5294 4000 4110 6389 5968 4846 4401 3224 2059 4916 3962 4019 3448 1523 2340 4104 1886 4850 4272 3883 5366 761 4365 5560 3828 4317 4940 4560 4100 2473 3883 4220 3667 3687
1664 1200 4579 1170 0 4101 4332 5131 2941 6876 6303 4049 4123 2247 2523 4743 2920 2900 2901 360 3324 4884 2900 3860 3679 2765 4640 854 3721 6020 4382 3801 5679 5557 2942 3275 4883 4254 3671 2624
3453 5300 2308 3889 4101 0 4825 4588 5682 10101 9794 3807 8174 3858 5923 8747 6621 4964 7002 4304 5640 7560 3041 4686 2778 6229 3827 4491 7805 9315 7566 7901 8402 7441 5384 2220 3436 8104 7543 6306
2745 4854 3023 5294 4332 4825 0 8515 2641 11012 10300 1063 7427 2088 6802 8134 4356 1843 6010 4123 7615 9211 6228 500 2061 3773 1456 5186 6300 10154 8631 6684 9992 9848 2247 5966 7720 8028 7481 4161
6008 5872 6789 4000 5131 4588 8515 0 8006 7355 7500 7723 7558 6705 4741 7818 7951 7725 7080 5491 3352 4704 2340 8178 6800 7881 8000 4675 8021 6802 5346 7823 5360 3794 7920 2600 1280 6862 6500 7683
2280 2816 4816 4110 2941 5682 2641 8006 0 8772 7964 3157 4904 1838 4925 5608 1720 905 3522 2596 6120 7368 5693 2193 3612 1140 3807 3649 3687 7930 6596 4100 8060 8300 412 5825 7580 5643 5142 1555
8527 6158 11327 6389 6876 10101 11012 7355 8772 0 1019 10901 4229 9020 4384 3700 7337 9266 5345 6981 4518 2692 7201 10514 10541 7783 11510 6082 5656 860 2561 5147 2002 3712 9033 8095 8319 3201 3640 7338
7918 5467 10840 5968 6303 9794 10300 7500 7964 1019 0 10264 3275 8363 3911 2707 6462 8514 4477 6363 4393 2816 7021 9800 9982 6934 10893 5560 4705 761 2280 4196 2376 4110 8249 7905 8348 2325 2830 6487
2385 4808 1972 4846 4049 3807 1063 7723 3157 10901 10264 0 7602 1910 6572 8300 4775 2256 6185 3920 7186 8900 5503 1140 1029 4205 670 4887 6618 10042 8431 6946 9712 9392 2745 5135 6844 8065 7496 4531
5456 2973 8600 4401 4123 8174 7427 7558 4904 4229 3275 7602 0 5714 2823 707 3275 5586 1421 4016 4272 4081 6100 6935 7559 3801 8266 3705 1430 3500 3001 921 4365 5521 5240 6835 7940 1140 1131 3360
707 2900 3114 3224 2247 3858 2088 6705 1838 9020 8363 1910 5714 0 4741 6407 3114 1131 4304 2059 5531 7130 4368 1627 1941 2600 2561 3101 4810 8160 6586 5099 7920 7766 1526 4294 6082 6155 5586 2828
4187 2109 6952 2059 2523 5923 6802 4741 4925 4384 3911 6572 2823 4741 0 3157 4002 5192 2500 2683 1562 2451 3400 6315 6161 4219 7161 1702 3397 3538 1860 3124 3195 3452 5080 4219 5141 2300 1824 3847
6129 3624 9260 4916 4743 8747 8134 7818 5608 3700 2707 8300 707 6407 3157 0 3966 6293 2126 4661 4477 3969 6527 7641 8236 4500 8962 4257 2061 3041 2900 1565 4118 5448 5946 7302 8297 1000 1334 4060
3224 2109 6228 3962 2920 6621 4356 7951 1720 7337 6462 4775 3275 3114 4002 3966 0 2549 1992 2580 5442 6312 5805 3894 5048 583 5442 3280 1979 6525 5403 2420 6902 7452 2109 6185 7798 4143 3710 316
1749 3138 3931 4019 2900 4964 1843 7725 905 9266 8514 2256 5586 1131 5192 6293 2549 0 4172 2607 6212 7640 5385 1360 2729 1969 2912 3711 4465 8411 6964 4841 8381 8437 500 5384 7169 6220 5685 2332
4085 1702 7244 3448 2901 7002 6010 7080 3522 5345 4477 6185 1421 4304 2500 2126 1992 4172 0 2729 4060 4512 5292 5517 6174 2459 6850 2692 943 4535 3522 900 5015 5793 3841 5920 7244 2154 1726 2012
1555 1044 4606 1523 360 4304 4123 5491 2596 6981 6363 3920 4016 2059 2683 4661 2580 2607 2729 0 3605 5092 3255 3640 3640 2408 4534 1104 3501 6122 4527 3622 5869 5830 2617 3605 5234 4243 3661 2280
4876 3395 7140 2340 3324 5640 7615 3352 6120 4518 4393 7186 4272 5531 1562 4477 5442 6212 4060 3605 0 1920 2683 7158 6576 5578 7696 2501 4957 3794 2121 4669 2765 2236 6200 3577 4000 3511 3176 5249
6530 4554 9013 4104 4884 7560 9211 4704 7368 2692 2816 8900 4081 7130 2451 3969 6312 7640 4512 5092 1920 0 4579 8731 8376 6600 9451 4031 5220 2100 1081 4792 848 1486 7531 5470 5629 3000 2996 6200
3668 3827 4884 1886 2900 3041 6228 2340 5693 7201 7021 5503 6100 4368 3400 6527 5805 5385 5292 3255 2683 4579 0 5869 4652 5663 5854 2641 6224 6462 4743 6135 5408 4404 5590 894 2000 5700 5208 5517
2308 4356 3087 4850 3860 4686 500 8178 2193 10514 9800 1140 6935 1627 6315 7641 3894 1360 5517 3640 7158 8731 5869 0 2000 3312 1700 4712 5824 9656 8139 6200 9507 9393 1788 5661 7433 7528 6981 3689
2109 4632 1204 4272 3679 2778 2061 6800 3612 10541 9982 1029 7559 1941 6161 8236 5048 2729 6174 3640 6576 8376 4652 2000 0 4517 1204 4459 6735 9689 8015 7000 9208 8732 3224 4201 5869 7881 7300 4767
2789 2184 5707 3883 2765 6229 3773 7881 1140 7783 6934 4205 3801 2600 4219 4500 583 1969 2459 2408 5578 6600 5663 3312 4517 0 4870 3264 2549 6957 5742 2973 7233 7665 1526 5966 7636 4609 4143 447
2983 5448 1702 5366 4640 3827 1456 8000 3807 11510 10893 670 8266 2561 7161 8962 5442 2912 6850 4534 7696 9451 5854 1700 1204 4870 0 5464 7288 10652 9021 7615 10272 9879 3395 5400 7045 8711 8138 5200
2505 1204 5280 761 854 4491 5186 4675 3649 6082 5560 4887 3705 3101 1702 4257 3280 3711 2692 1104 2501 4031 2641 4712 4459 3264 5464 0 3605 5232 3560 3569 4830 4726 3705 3228 4632 3640 3067 3023
4707 2531 7858 4365 3721 7805 6300 8021 3687 5656 4706 6618 1430 4810 3397 2061 1979 4465 943 3501 4957 5220 6224 5824 6735 2549 7288 3605 0 4909 4176 509 5629 6574 4060 6830 8184 2500 2256 2140
7669 5300 10489 5560 6020 9315 10154 6802 7930 860 761 10042 3500 8160 3538 3041 6525 8411 4535 6122 3794 2100 6462 9656 9689 6957 10652 5232 4909 0 1749 4404 1615 3352 8185 7353 7694 2418 2816 6514
6046 3827 8772 3828 4382 7566 8631 5346 6596 2561 2280 8431 3001 6586 1860 2900 5403 6964 3522 4527 2121 1081 4743 8139 8015 5742 9021 3560 4176 1749 0 3733 1500 2549 6800 5630 6107 1920 1931 5323
4933 2601 8095 4317 3801 7901 6684 7823 4100 5147 4196 6946 921 5099 3124 1565 2420 4841 900 3622 4669 4792 6135 6200 7000 2973 7615 3569 509 4404 3733 0 5166 6177 4459 6790 8062 2002 1802 2545
7335 5263 9859 4940 5679 8402 9992 5360 8060 2002 2376 9712 4365 7920 3195 4118 6902 8381 5015 5869 2765 848 5408 9507 9208 7233 10272 4830 5629 1615 1500 5166 0 1746 8246 6296 6360 3231 3373 6818
7106 5514 9192 4560 5557 7441 9848 3794 8300 3712 4110 9392 5521 7766 3452 5448 7452 8437 5793 5830 2236 1486 4404 9393 8732 7665 9879 4726 6574 3352 2549 6177 1746 0 8405 5234 4919 4468 4410 7299
2051 2983 4428 4100 2942 5384 2247 7920 412 9033 8249 2745 5240 1526 5080 5946 2109 500 3841 2617 6200 7531 5590 1788 3224 1526 3395 3705 4060 8185 6800 4459 8246 8405 0 5661 7433 5936 5420 1920
3635 4346 4244 2473 3275 2220 5966 2600 5825 8095 7905 5135 6835 4294 4219 7302 6185 5384 5920 3605 3577 5470 894 5661 4201 5966 5400 3228 6830 7353 5630 6790 6296 5234 5661 0 1788 6512 6000 5882
5420 5824 5707 3883 4883 3436 7720 1280 7580 8319 8348 6844 7940 6082 5141 8297 7798 7169 7244 5234 4000 5629 2000 7433 5869 7636 7045 4632 8184 7694 6107 8062 6360 4919 7433 1788 0 7397 6963 7507
5780 3264 8832 4220 4254 8104 8028 6862 5643 3201 2325 8065 1140 6155 2300 1000 4143 6220 2154 4243 3511 3000 5700 7528 7881 4609 8711 3640 2500 2418 1920 2002 3231 4468 5936 6512 7397 0 583 4162
5200 2690 8249 3667 3671 7543 7481 6500 5142 3640 2830 7496 1131 5586 1824 1334 3710 5685 1726 3661 3176 2996 5208 6981 7300 4143 8138 3067 2256 2816 1931 1802 3373 4410 5420 6000 6963 583 0 3700
2915 1878 5941 3687 2624 6306 4161 7683 1555 7338 6487 4531 3360 2828 3847 4060 316 2332 2012 2280 5249 6200 5517 3689 4767 447 5200 3023 2140 6514 5323 2545 6818 7299 1920 5882 7507 4162 3700 0
# set of given starting solutions
0 31 19 8 35 18 32 5 29 20 14 3 25 6 39 13 17 1 38 15 9 26 12 30 10 21 34 22 24 16 4 27 23 28 7 2 11 33 37 36 0
0 22 28 26 19 15 17 13 23 7 2 20 27 11 4 36 34 32 30 29 9 5 38 18 10 12 16 24 39 35 1 25 14 8 31 37 33 21 6 3 0
0 5 29 25 16 9 3 18 1 26 22 35 27 33 28 6 12 36 23 15 10 2 37 34 21 24 38 32 39 11 7 31 4 17 30 20 19 8 14 13 0
0 32 15 12 35 23 30 22 20 16 33 18 38 6 10 28 11 1 8 27 5 13 26 3 39 24 34 9 17 31 36 25 7 29 19 14 4 2 37 21 0
0 24 30 15 37 3 11 36 18 12 27 38 31 5 8 6 10 1 28 9 23 7 22 4 29 32 13 35 21 19 26 17 14 20 16 34 25 39 2 33 0
0 12 39 18 13 10 3 9 26 27 23 7 31 22 38 36 16 30 32 29 17 1 6 15 11 35 28 2 8 37 25 5 20 4 33 21 24 14 19 34 0
0 28 1 24 29 34 17 7 38 2 30 25 32 16 4 22 10 13 6 3 21 39 14 8 20 5 9 37 26 18 15 11 35 27 31 19 23 36 12 33 0
0 37 5 35 27 36 2 8 23 9 39 12 22 38 13 3 11 1 26 15 30 16 24 33 29 31 25 19 14 7 4 28 17 32 34 10 21 20 6 18 0
0 19 9 18 22 23 36 32 17 24 33 39 38 26 29 2 28 31 14 3 7 37 8 1 12 21 13 10 34 11 5 6 15 27 20 16 4 30 35 25 0
0 22 16 11 25 37 8 13 7 26 29 21 20 18 35 36 2 5 3 28 38 34 1 12 33 14 17 9 30 15 31 10 27 39 24 4 6 19 23 32 0
0 18 30 37 11 27 36 7 29 19 1 9 8 5 4 6 26 3 25 22 20 12 39 34 14 21 33 24 10 31 17 23 32 15 35 13 38 28 2 16 0
0 17 26 2 8 34 25 23 21 10 38 22 4 30 24 18 33 13 16 5 6 14 31 28 20 29 32 15 27 35 39 3 7 1 11 12 9 36 19 37 0
0 3 25 18 33 22 26 23 20 36 9 5 19 34 30 12 37 7 38 21 16 1 8 2 29 17 15 6 27 11 13 39 28 35 4 14 24 10 31 32 0
0 15 24 14 9 21 7 2 13 32 19 33 11 37 30 8 12 20 29 10 36 18 26 34 39 28 38 3 6 22 5 16 4 25 27 17 1 35 31 23 0
0 7 9 18 34 13 30 6 21 5 1 29 24 3 23 37 20 8 22 14 28 15 33 25 36 35 19 31 10 38 11 32 27 17 26 16 12 4 2 39 0
0 4 3 36 21 34 9 35 6 10 33 13 25 32 18 27 1 29 16 14 22 17 11 31 23 2 7 26 24 5 20 30 28 37 19 12 39 38 8 15 0
0 35 16 21 19 27 14 8 30 1 32 28 39 31 11 15 38 6 18 7 24 2 10 5 22 9 25 37 33 20 3 29 13 17 26 36 12 34 23 4 0
0 39 25 30 23 38 20 24 5 11 1 3 16 34 6 19 17 37 26 14 27 2 10 13 18 32 4 31 22 35 9 7 28 15 8 29 12 33 21 36 0
0 2 34 36 33 7 25 12 35 28 19 26 37 20 24 6 32 22 29 23 27 30 16 38 21 39 17 18 13 11 15 4 8 5 10 31 9 3 14 1 0
0 4 31 1 32 39 25 36 18 24 21 14 38 8 15 35 19 29 10 26 5 30 11 3 33 12 28 16 23 27 7 20 22 6 2 34 9 37 17 13 0
0 1 2 6 30 29 32 18 24 28 12 36 16 35 26 37 21 9 33 15 25 34 11 23 3 31 22 10 8 4 7 17 38 13 19 14 27 39 20 5 0
0 14 12 33 37 13 23 7 5 28 39 3 20 26 8 1 22 25 32 4 11 29 19 34 15 17 31 24 36 35 2 16 6 30 21 18 10 27 9 38 0
0 15 20 35 32 38 36 30 16 39 23 34 31 8 11 1 19 5 7 24 22 29 37 18 12 4 14 28 10 3 33 26 21 6 27 13 25 17 2 9 0
0 37 5 29 11 2 1 31 33 21 3 23 39 28 36 30 15 14 19 32 34 26 20 13 27 9 18 7 25 4 38 12 17 22 6 24 16 8 35 10 0
0 7 28 4 39 14 33 11 2 19 3 25 38 30 20 24 29 13 9 16 26 31 32 37 1 35 23 21 34 8 17 12 18 6 10 36 15 22 27 5 0
0 6 14 16 33 26 18 28 11 13 38 29 12 10 21 1 4 39 24 36 20 9 31 37 17 27 25 3 7 32 30 5 22 15 34 2 35 19 8 23 0
0 25 15 29 38 19 37 31 11 10 13 9 16 7 2 14 20 8 35 24 34 39 32 27 12 23 22 3 6 26 18 5 21 33 1 36 4 17 30 28 0
0 27 38 33 6 3 11 24 10 26 8 7 20 19 16 28 36 4 1 39 21 22 17 13 32 34 30 37 35 23 5 29 9 15 14 18 25 31 12 2 0
0 25 34 30 17 14 10 4 39 1 22 12 7 26 27 20 18 32 36 38 15 6 28 35 29 11 2 5 13 8 9 23 37 31 21 19 16 24 33 3 0
0 22 20 34 9 4 3 16 11 5 33 19 32 12 8 17 30 39 1 27 38 2 23 31 36 6 26 14 35 24 15 10 28 7 18 29 25 13 37 21 0
0 14 17 12 33 4 2 9 25 39 10 23 11 21 28 6 36 31 32 13 27 24 8 37 15 29 30 20 38 16 19 34 18 5 22 7 1 35 3 26 0
0 28 36 20 6 3 24 1 7 29 35 4 30 34 13 38 12 14 26 32 37 23 11 17 10 39 31 21 5 15 19 9 27 18 33 25 8 22 16 2 0
0 33 13 36 24 8 18 23 9 39 11 21 29 25 5 1 35 27 31 3 10 14 22 37 17 30 19 26 38 7 2 34 16 4 28 15 20 32 12 6 0
0 8 13 2 3 10 16 31 24 33 28 30 6 1 29 25 4 18 17 35 15 20 26 19 37 11 38 14 34 22 9 39 21 23 32 7 12 36 5 27 0
0 3 34 21 9 14 4 35 23 18 30 39 29 15 37 27 19 25 5 6 17 32 28 36 7 12 10 24 20 26 16 33 1 13 31 8 22 38 11 2 0
0 38 34 7 8 30 19 1 27 5 20 4 36 22 13 29 17 15 39 11 10 33 31 16 14 37 2 35 9 3 21 18 32 26 6 12 23 25 28 24 0
0 34 19 39 6 9 17 24 35 15 11 7 20 18 3 2 29 25 37 38 13 30 14 22 27 1 16 10 23 8 36 31 4 21 32 33 28 5 26 12 0
0 5 12 27 24 3 9 34 13 7 1 29 37 32 30 11 16 38 22 26 35 14 20 18 10 25 6 28 2 15 21 4 31 33 36 39 8 23 19 17 0
0 14 29 35 33 25 15 20 23 38 3 22 32 31 30 37 24 1 16 8 5 27 12 11 19 17 34 9 39 13 18 6 4 36 7 28 10 26 2 21 0
0 24 21 7 12 6 16 36 3 19 15 35 27 34 30 20 5 23 25 31 4 14 32 26 10 39 8 37 13 22 38 33 28 2 17 18 11 1 29 9 0
0 39 20 1 10 28 27 15 14 25 17 3 34 23 12 33 6 2 24 35 11 30 5 31 4 16 21 38 26 37 29 8 32 19 13 22 9 18 36 7 0
0 13 27 35 12 24 28 38 21 22 34 29 30 1 37 15 17 7 3 23 11 26 16 39 8 9 14 5 2 36 33 32 18 10 6 4 20 25 19 31 0
0 36 10 13 33 38 27 32 17 25 22 35 3 19 29 11 4 34 21 15 5 24 39 20 8 14 28 12 7 37 30 9 26 1 18 2 6 16 31 23 0
0 19 5 23 12 3 11 38 9 22 4 29 2 35 36 6 24 7 31 28 27 16 20 30 1 32 18 8 26 10 39 21 17 14 37 34 33 15 25 13 0
0 39 3 18 23 33 10 2 6 17 4 34 9 19 28 14 20 32 15 13 16 29 12 11 21 26 1 30 5 27 25 37 22 35 38 31 8 7 24 36 0
0 5 19 26 31 10 35 20 9 14 8 39 13 30 15 29 34 36 27 25 2 17 7 24 6 33 3 28 23 4 37 12 11 1 18 38 21 16 22 32 0
0 38 35 17 29 13 26 9 8 1 15 22 2 32 37 21 3 24 39 18 6 30 16 25 14 5 33 12 28 27 23 20 11 34 19 4 31 36 10 7 0
0 28 6 23 8 30 15 7 4 5 18 13 1 20 9 11 37 22 3 25 12 14 39 2 31 16 35 38 33 21 17 24 32 27 34 29 19 36 26 10 0
0 36 20 28 22 24 33 15 35 7 23 17 8 4 13 14 30 2 38 5 31 3 9 25 29 18 39 19 21 6 37 34 27 12 11 26 32 16 10 1 0
0 21 23 25 32 22 20 10 39 37 18 38 30 28 15 2 1 27 7 34 3 26 17 6 14 31 33 5 29 11 13 9 16 36 24 8 12 19 4 35 0
0 27 15 10 8 37 31 30 5 38 17 11 6 19 23 29 33 16 39 2 14 22 21 35 13 1 4 24 28 34 20 26 7 36 32 3 25 18 9 12 0
0 31 32 30 16 11 5 37 6 33 8 28 35 10 23 9 25 27 20 22 2 34 21 39 38 15 17 19 13 18 12 4 26 29 7 24 36 3 14 1 0
0 14 11 7 36 10 29 1 8 39 16 6 28 38 17 4 34 27 3 2 31 32 33 37 30 35 15 21 22 20 26 12 18 5 19 25 24 9 13 23 0
0 10 15 12 19 1 29 5 21 13 33 14 16 9 34 36 18 31 28 32 23 39 17 3 7 30 38 4 20 8 22 35 24 37 6 11 26 2 27 25 0
0 31 35 17 1 27 22 38 10 4 3 36 19 33 25 15 39 32 13 5 12 18 28 20 34 11 7 6 30 37 9 8 23 16 24 14 26 21 29 2 0
0 31 38 30 39 14 17 4 8 28 32 33 11 5 19 10 34 24 20 23 35 9 13 29 27 37 16 22 25 18 21 15 6 3 36 1 2 7 12 26 0
0 18 20 2 24 34 27 39 14 11 9 4 28 33 16 29 23 38 22 26 13 6 7 36 3 32 12 19 15 10 5 37 17 31 35 1 25 30 21 8 0
0 28 15 27 11 8 23 14 19 17 26 24 21 18 39 29 5 25 1 16 10 36 32 33 9 34 12 20 6 3 4 7 38 22 13 35 2 30 37 31 0
0 21 5 19 35 13 24 22 27 39 34 3 38 29 7 17 15 30 31 6 12 9 2 8 14 16 26 1 23 32 25 37 36 33 11 4 10 20 18 28 0
0 1 13 10 20 11 39 16 37 36 14 7 34 17 24 38 35 8 5 23 33 30 19 2 32 15 29 27 21 28 6 26 18 25 12 22 31 3 9 4 0
0 7 23 17 30 12 2 38 14 10 13 36 27 26 21 18 5 16 33 19 31 28 3 9 4 35 20 24 8 1 39 34 22 6 25 15 11 32 29 37 0
0 15 31 8 4 24 5 39 3 33 28 18 35 20 22 36 32 10 26 16 19 25 34 23 27 12 9 29 7 21 1 13 38 30 2 14 17 11 6 37 0
0 30 7 27 25 24 4 16 14 21 17 35 22 3 36 26 38 12 34 5 18 10 28 20 39 37 1 2 19 11 6 31 15 32 23 33 29 8 9 13 0
0 39 22 21 1 26 34 16 14 5 37 10 15 18 28 32 19 4 29 12 17 35 38 25 3 24 27 8 20 23 6 31 11 13 2 36 30 7 9 33 0
0 3 31 7 12 1 5 14 35 32 39 34 28 2 21 6 18 10 13 38 27 22 30 19 17 29 37 33 11 23 24 4 15 16 20 36 26 25 8 9 0
0 35 2 9 20 10 14 19 12 36 27 34 26 38 28 8 1 3 30 11 5 22 17 23 25 16 4 31 39 29 6 37 7 21 32 13 33 18 15 24 0
0 15 25 20 35 10 24 38 14 12 4 28 7 31 33 2 34 30 1 18 19 37 32 13 17 11 6 5 39 27 29 16 22 9 21 26 3 36 8 23 0
0 16 10 35 4 5 22 23 1 14 36 15 39 27 8 38 11 24 34 31 17 32 26 9 18 6 29 2 19 13 3 30 7 12 20 21 37 25 28 33 0
0 26 30 31 16 34 15 21 33 19 3 10 7 23 28 38 6 20 35 25 27 29 18 37 2 1 8 13 17 9 11 36 12 4 5 32 22 39 24 14 0
0 33 29 26 7 28 8 23 6 9 3 30 11 12 18 36 27 32 1 34 14 35 39 15 2 37 20 21 31 13 17 10 24 4 19 38 22 16 5 25 0
0 31 33 4 34 39 10 15 38 9 7 3 28 8 23 26 5 13 24 20 22 35 6 2 36 12 16 11 18 30 19 29 14 17 32 27 1 37 21 25 0
0 19 12 31 13 33 10 38 9 39 32 14 36 35 15 18 28 29 34 11 8 37 2 26 17 22 24 16 4 20 27 7 25 1 3 21 30 23 6 5 0
0 14 16 27 13 33 21 4 24 10 17 15 35 8 9 22 32 29 34 30 31 6 26 2 23 37 1 19 38 28 11 36 20 39 18 12 7 25 3 5 0
0 13 7 19 8 21 31 39 9 29 37 20 38 4 17 22 34 33 16 36 25 11 23 1 3 26 10 18 2 12 27 5 30 15 24 32 35 6 14 28 0
0 8 10 29 30 35 19 11 39 7 6 28 3 38 26 37 1 27 21 32 18 25 16 5 4 33 17 14 12 31 34 23 22 9 13 24 36 15 20 2 0
0 21 20 4 27 26 1 37 15 5 34 33 38 39 2 22 24 25 30 19 12 23 31 32 17 28 16 6 14 7 35 9 18 3 11 36 29 8 10 13 0
0 36 32 28 14 24 12 10 37 9 6 17 7 30 35 27 11 25 5 20 16 33 29 15 22 13 4 3 21 34 2 19 31 26 38 39 1 18 8 23 0
0 18 5 23 26 39 6 7 22 14 11 12 29 4 19 30 25 9 24 35 38 8 34 21 36 32 37 16 17 13 3 10 15 27 20 1 31 33 28 2 0
0 30 12 3 23 27 32 10 36 25 20 31 35 11 37 33 16 1 2 19 28 21 5 15 38 17 18 8 7 22 4 29 34 6 9 14 39 24 13 26 0
0 33 9 13 34 26 14 20 39 24 6 15 11 29 22 19 27 36 3 37 35 4 23 7 30 2 16 25 31 18 12 38 21 1 5 28 32 17 8 10 0
0 8 19 27 32 24 26 14 1 34 15 7 2 18 33 3 28 10 6 22 23 20 16 37 5 30 17 9 38 36 39 4 25 31 13 29 21 35 11 12 0
0 20 18 36 2 38 9 34 3 32 26 37 22 29 33 16 14 4 21 25 15 10 39 6 35 30 11 27 7 1 28 19 13 24 23 5 31 8 12 17 0
0 34 29 24 35 25 9 21 39 3 1 15 36 19 27 22 2 28 17 33 12 6 8 7 13 20 23 32 18 30 10 5 37 4 31 26 11 38 16 14 0
0 3 21 33 14 35 19 4 39 38 24 9 6 30 7 17 37 18 15 26 16 34 11 29 22 8 2 31 12 10 1 5 13 20 32 28 23 27 36 25 0
0 21 2 26 18 19 10 27 14 24 28 3 35 23 29 38 25 11 9 37 33 30 4 22 5 16 36 1 31 6 34 13 32 7 8 20 15 39 17 12 0
0 10 18 15 14 20 25 12 19 36 5 27 1 13 24 30 11 21 26 28 22 9 16 33 6 7 2 39 32 29 38 3 8 23 31 35 17 4 37 34 0
0 23 11 1 17 3 9 7 30 27 6 2 19 24 13 37 20 32 38 22 28 34 15 12 10 8 33 36 5 35 25 18 31 21 26 39 14 29 4 16 0
0 2 27 6 11 15 38 3 37 7 25 30 8 18 39 1 20 21 5 13 22 9 34 12 4 28 14 33 36 32 17 31 19 35 24 16 10 29 23 26 0
0 29 25 34 3 37 20 8 36 24 30 5 6 11 16 7 26 15 23 19 33 18 31 28 4 17 27 35 13 22 9 1 14 38 10 32 39 2 21 12 0
0 28 26 23 36 22 2 35 38 19 6 27 10 5 12 37 7 13 20 21 16 3 14 33 31 29 11 15 17 32 1 9 4 39 8 25 34 24 30 18 0
0 24 39 31 32 14 18 25 10 12 21 33 11 34 36 28 35 15 16 8 38 20 3 13 1 6 2 27 23 19 4 9 7 37 26 22 30 5 29 17 0
0 34 13 25 31 9 23 33 3 8 17 2 1 35 39 14 26 15 11 20 27 38 12 37 28 7 36 24 22 10 19 18 16 30 5 32 29 21 4 6 0
0 16 39 17 8 24 7 1 31 23 20 11 27 36 22 5 29 3 15 33 2 12 9 21 14 25 32 35 34 13 30 37 19 4 10 28 18 38 6 26 0
0 2 29 12 20 18 27 14 13 25 28 17 32 7 34 10 33 11 9 19 24 3 6 37 8 15 1 16 5 31 36 35 21 39 23 30 22 38 4 26 0
0 34 21 37 39 8 38 28 32 17 11 3 15 24 9 2 23 25 20 19 36 12 18 31 7 33 1 14 13 26 16 5 4 30 10 35 29 22 27 6 0
0 38 18 19 33 36 21 3 30 29 10 13 22 1 6 28 37 11 35 2 4 26 8 7 23 12 27 34 25 31 14 20 32 16 17 9 24 5 15 39 0
0 37 36 5 33 18 12 14 25 3 21 1 27 11 15 30 24 7 19 8 34 16 29 28 13 2 4 38 20 23 22 26 9 17 35 32 10 31 39 6 0
0 24 35 23 32 14 13 12 21 31 39 15 29 36 34 30 19 33 9 4 17 22 1 37 10 18 7 11 20 6 25 8 27 26 3 38 16 2 28 5 0
0 27 24 35 12 14 26 23 37 15 4 20 3 16 1 8 6 9 18 32 30 5 11 7 21 22 38 28 2 29 25 19 17 13 33 34 10 31 36 39 0
0 2 30 18 3 20 6 36 25 38 34 1 15 21 16 8 14 27 26 4 24 10 7 35 37 19 13 11 12 39 28 9 31 32 33 22 23 29 5 17 0
0 12 20 38 11 27 4 37 29 8 34 3 31 7 5 13 33 14 16 10 32 1 15 35 24 21 2 25 19 28 36 23 22 26 9 17 39 30 6 18 0
0 32 21 26 5 39 6 31 18 1 30 13 28 38 37 25 36 14 20 11 7 24 2 23 9 27 33 3 34 4 29 22 17 8 12 16 10 19 15 35 0
0 23 26 10 14 34 17 4 30 27 36 8 37 2 6 13 35 32 19 3 39 16 1 29 12 31 24 38 25 11 22 33 7 15 5 18 28 21 20 9 0
0 33 6 14 21 15 2 29 38 37 24 7 34 20 8 17 30 25 16 10 35 23 1 11 28 19 9 3 4 12 31 22 5 18 13 36 26 39 27 32 0
0 27 8 16 18 17 24 25 31 14 3 15 7 10 22 9 20 4 19 6 32 2 33 35 26 11 12 28 13 30 36 38 34 39 21 5 23 29 37 1 0
0 5 34 3 10 24 36 21 15 29 6 19 8 2 1 7 23 13 38 30 37 25 11 18 17 26 39 20 16 22 32 35 28 31 33 27 9 4 14 12 0
0 29 33 25 24 30 10 11 14 36 20 21 35 31 22 32 34 39 13 7 16 4 26 23 18 27 19 3 17 37 28 9 12 15 6 1 5 8 38 2 0
0 21 7 5 30 14 35 34 27 20 18 25 36 39 33 4 38 8 3 23 9 11 12 19 10 31 15 32 29 17 16 24 22 13 26 28 6 37 1 2 0
0 34 21 35 39 9 10 14 2 30 37 28 29 24 38 23 26 18 16 5 3 25 7 17 13 22 33 6 15 36 11 4 32 27 20 1 8 31 12 19 0
0 28 10 25 27 1 31 24 34 6 33 9 3 12 26 17 35 22 32 2 30 20 14 4 11 39 18 21 16 13 23 15 19 37 38 36 29 8 7 5 0
0 27 25 37 11 3 20 38 1 22 35 31 9 29 16 13 34 10 14 19 18 23 15 33 7 17 12 8 36 2 39 4 24 5 30 28 6 32 26 21 0
0 16 39 2 21 13 19 27 36 23 11 14 34 6 30 31 9 38 25 33 4 15 12 29 10 32 18 17 35 37 22 24 3 26 5 28 8 20 7 1 0
0 18 24 12 37 22 3 25 33 13 30 19 21 6 15 16 28 2 1 39 29 36 35 32 8 7 10 23 11 4 31 27 38 5 17 14 9 26 20 34 0
0 9 25 17 35 20 33 16 3 6 11 32 19 38 36 39 21 37 12 8 30 15 28 26 7 5 27 22 23 14 2 4 34 13 18 24 1 10 29 31 0
0 11 3 19 2 4 5 10 29 34 14 35 21 32 24 28 9 18 27 31 15 37 12 38 22 6 20 30 23 1 39 13 26 17 33 16 25 36 7 8 0
0 17 3 38 22 36 5 20 8 35 21 18 31 34 9 26 1 11 12 15 37 16 4 25 32 2 6 27 13 7 30 33 24 23 10 14 19 28 39 29 0
0 14 12 37 10 25 34 28 6 20 2 1 4 31 23 33 29 26 32 35 13 24 3 36 7 17 27 39 22 21 8 5 15 11 38 18 30 19 16 9 0
0 18 17 7 34 30 2 14 5 24 37 8 36 13 1 32 31 23 25 38 33 16 12 21 11 35 6 27 3 10 22 19 26 4 39 20 28 15 9 29 0
0 25 38 12 15 26 11 34 22 32 10 28 19 1 39 20 3 6 8 9 29 21 30 2 5 17 24 36 13 31 4 33 16 37 23 18 7 27 14 35 0
0 31 33 18 3 23 20 1 39 13 24 28 16 26 8 10 14 27 37 12 35 21 36 9 6 15 17 7 34 4 38 19 11 32 29 30 2 5 22 25 0
0 4 21 18 6 37 3 5 1 39 20 24 15 29 14 2 28 25 38 8 10 26 7 12 27 35 9 16 19 34 36 23 13 17 33 11 30 22 32 31 0
0 5 4 15 16 27 6 21 23 1 10 19 31 33 29 25 26 30 37 28 22 3 17 39 24 2 38 11 35 18 13 14 7 8 12 9 32 36 20 34 0
0 35 9 33 26 17 31 21 5 10 39 34 14 38 22 15 20 28 1 37 12 36 29 19 4 18 13 2 8 32 16 23 3 30 6 11 27 7 25 24 0
0 13 9 6 37 15 35 38 5 28 36 8 31 2 22 26 12 4 34 11 20 17 27 3 10 14 25 39 7 33 23 16 24 21 30 19 1 29 32 18 0
0 15 4 18 2 38 1 5 27 7 12 10 34 20 26 31 17 29 19 13 28 8 25 24 30 35 32 39 9 37 11 33 16 3 21 22 6 23 36 14 0
0 6 26 1 37 18 24 20 12 17 19 2 11 7 34 10 33 32 16 35 8 9 38 5 15 13 25 3 31 4 14 36 28 39 30 23 29 27 22 21 0
0 5 29 14 3 13 24 27 7 4 25 18 37 28 34 17 6 31 9 10 32 20 12 33 30 16 2 35 21 19 8 38 26 22 15 11 36 1 39 23 0
0 13 25 22 7 3 20 9 35 38 21 19 33 15 36 24 14 10 28 31 11 16 2 27 37 23 30 26 32 39 6 5 34 8 12 4 18 17 29 1 0
0 21 17 29 25 28 2 13 5 7 4 23 1 11 32 10 22 38 8 12 19 20 3 30 39 34 37 15 36 14 31 26 27 6 9 33 16 18 35 24 0
0 25 27 23 10 38 19 21 15 32 29 13 18 11 39 8 2 4 34 20 3 30 33 7 31 22 6 5 28 14 26 16 37 9 24 36 12 35 1 17 0
0 35 37 11 38 13 2 16 15 32 6 30 9 20 7 21 22 23 1 3 36 31 25 4 33 18 27 8 34 14 26 5 24 28 39 19 29 10 17 12 0
0 27 9 2 19 15 17 5 12 37 24 8 21 4 1 10 38 22 26 16 34 18 13 20 11 31 3 33 23 39 36 35 14 32 6 29 28 25 30 7 0
0 17 16 9 5 26 4 22 39 21 15 34 36 6 3 30 1 11 18 10 31 33 19 35 20 14 37 28 2 13 38 7 27 29 25 23 32 24 8 12 0
0 5 4 12 22 33 21 26 38 36 19 3 8 1 6 29 28 32 24 37 15 11 35 2 23 14 39 18 7 31 30 17 10 27 13 34 25 20 9 16 0
0 23 17 32 20 27 7 14 18 29 1 11 36 16 4 26 9 34 12 24 6 8 31 38 28 37 19 21 25 10 35 3 5 30 13 22 39 33 15 2 0
0 38 11 1 13 15 3 18 30 29 9 23 35 25 36 10 4 32 33 37 16 34 27 19 5 21 28 17 12 20 24 31 22 2 8 39 6 14 7 26 0
0 35 5 36 9 32 27 2 8 24 4 15 28 12 3 34 29 14 26 25 7 33 17 39 22 10 38 23 6 1 30 31 20 19 21 11 37 13 18 16 0
0 33 27 36 12 3 29 22 8 6 20 14 26 15 28 4 30 32 35 16 13 7 31 34 24 18 2 21 11 39 23 1 38 5 10 9 37 19 25 17 0
0 21 8 1 38 20 5 4 14 22 17 31 18 19 37 32 13 26 27 15 10 23 3 39 33 29 2 6 9 36 25 34 35 11 24 16 30 28 7 12 0
0 20 34 9 1 29 28 24 14 4 30 26 32 7 21 22 36 27 19 12 18 11 5 17 33 15 31 37 13 10 3 38 39 8 23 25 16 6 35 2 0
0 28 32 12 27 9 11 34 4 26 17 16 2 36 20 24 22 39 37 15 14 8 30 31 13 3 21 18 25 1 33 19 10 29 7 35 5 6 38 23 0
0 29 25 36 21 8 1 38 30 20 12 2 32 24 33 6 19 28 23 13 11 18 4 14 26 31 3 5 37 15 39 17 27 10 35 22 16 7 34 9 0
0 25 30 32 19 14 18 23 34 35 4 28 38 17 20 8 9 7 11 24 1 26 27 6 10 2 21 37 39 5 29 15 13 36 16 33 3 12 31 22 0
0 26 33 2 12 24 18 17 32 3 29 10 7 28 35 11 21 15 13 25 20 23 16 8 1 6 19 36 31 38 37 4 27 30 39 9 34 14 5 22 0
0 33 10 7 24 37 35 20 11 25 18 30 17 13 16 8 31 3 12 19 39 23 2 9 29 15 1 22 28 21 32 26 4 14 27 5 6 34 36 38 0
0 36 2 5 10 39 9 13 19 38 26 29 32 21 31 30 3 1 35 28 18 37 15 16 8 20 14 12 25 6 22 34 11 4 17 33 23 27 24 7 0
0 39 27 9 26 25 10 1 22 36 6 33 2 38 18 31 13 4 3 17 16 11 20 7 34 5 28 23 24 21 8 30 29 35 14 32 15 37 19 12 0
0 8 31 4 12 1 36 13 10 7 3 18 5 17 39 14 37 21 9 23 30 26 11 38 16 34 33 15 27 20 19 25 28 2 35 22 32 29 24 6 0
0 37 10 26 33 39 8 7 1 27 14 25 32 6 30 13 3 5 19 18 2 16 22 12 29 38 15 11 9 24 4 17 21 36 23 35 20 34 28 31 0
0 8 30 18 36 2 3 13 15 19 33 22 7 11 17 6 23 4 38 12 25 10 1 29 37 28 35 9 39 14 26 20 5 16 32 34 21 24 27 31 0
0 1 33 27 37 10 29 34 24 6 12 15 35 20 9 26 25 13 14 16 11 17 32 30 31 8 5 19 18 38 23 28 7 2 36 3 22 21 39 4 0
0 8 17 18 36 23 21 11 16 13 26 1 5 22 9 4 20 37 7 14 30 33 10 38 24 3 19 39 32 25 29 6 34 31 15 35 27 2 28 12 0
0 23 16 17 12 1 30 21 5 22 20 34 13 39 31 10 32 26 11 8 25 35 2 19 3 28 36 38 7 14 24 9 6 18 29 15 37 27 4 33 0
0 15 4 6 23 29 5 38 22 36 13 16 18 8 39 32 37 35 19 21 7 10 30 27 14 12 11 1 28 24 20 2 9 31 26 33 17 34 3 25 0
0 22 31 35 17 7 6 11 16 26 39 18 12 32 4 33 30 2 20 36 1 38 25 14 10 21 23 9 37 8 27 3 34 15 28 24 5 29 13 19 0
0 1 24 15 6 17 22 2 14 28 34 35 27 33 18 4 5 37 20 25 21 29 8 30 16 32 38 10 26 11 23 19 31 36 12 3 9 13 7 39 0
0 36 28 27 4 3 13 26 38 37 9 15 1 8 22 11 16 32 17 29 6 5 34 30 23 35 10 39 7 33 19 12 24 14 20 18 31 21 2 25 0
0 4 29 30 24 12 15 14 20 36 38 21 35 18 26 25 28 1 32 3 22 23 31 5 2 33 17 9 13 7 37 34 16 8 27 6 39 11 10 19 0
0 27 4 6 25 35 5 39 2 38 10 12 18 33 30 37 24 17 11 3 13 29 21 23 14 19 31 34 8 16 1 36 20 9 22 15 7 26 28 32 0
0 19 27 33 1 12 22 39 18 7 17 21 3 4 24 34 32 38 16 6 5 8 29 30 11 37 13 36 14 28 20 15 25 10 9 2 35 31 26 23 0
0 29 11 6 33 37 7 31 22 15 30 4 3 2 35 12 16 19 23 5 20 34 8 21 36 13 9 27 14 17 32 1 18 28 38 24 39 26 10 25 0
0 24 37 27 13 12 17 25 21 35 6 9 18 23 19 26 11 3 38 14 2 4 20 39 28 31 10 8 1 30 22 5 34 33 7 32 36 15 29 16 0
0 2 10 36 29 8 15 25 30 26 9 20 35 17 28 14 39 19 22 32 16 4 24 13 38 12 5 33 11 21 1 6 3 18 27 31 23 34 37 7 0
0 6 30 37 14 20 16 35 24 7 31 26 9 10 34 13 2 15 28 18 8 27 17 21 38 22 23 5 11 19 33 25 32 39 36 4 3 29 1 12 0
0 24 28 25 22 13 4 12 26 6 9 19 35 3 30 23 36 11 5 8 16 15 27 17 31 37 34 32 1 21 33 38 7 20 29 14 2 10 39 18 0
0 25 16 8 28 12 3 23 6 14 22 10 29 27 7 37 21 33 35 32 30 15 19 39 2 5 11 9 17 4 1 31 36 38 34 20 18 13 26 24 0
0 38 24 4 21 32 16 6 34 15 11 8 5 20 22 26 3 7 25 39 18 36 1 27 35 23 37 31 13 12 29 19 14 30 33 9 17 2 28 10 0
0 33 34 15 11 37 10 24 22 29 26 28 7 25 19 2 21 32 18 35 23 16 6 13 4 30 14 17 5 3 36 12 8 9 38 31 27 39 20 1 0
0 16 10 26 36 22 23 30 15 29 2 9 12 35 6 24 14 11 19 17 31 5 25 3 33 34 28 13 39 37 20 27 21 18 8 7 4 32 38 1 0
0 11 15 6 16 26 4 21 5 39 17 32 8 31 1 34 18 36 27 28 2 35 13 33 37 23 7 14 20 25 10 29 38 12 24 22 9 3 19 30 0
0 27 11 13 7 20 15 6 28 1 4 16 37 22 31 35 26 23 18 8 33 14 10 2 38 3 5 25 24 34 21 19 32 17 12 29 30 39 36 9 0
0 24 30 21 11 17 3 29 20 2 38 26 31 22 9 19 14 32 16 4 7 37 33 35 5 25 39 13 18 8 23 15 6 36 12 10 34 27 28 1 0
0 6 1 13 31 7 9 36 32 27 12 30 17 25 28 29 5 15 3 21 18 24 33 20 2 19 34 22 8 26 37 16 4 10 39 23 11 38 35 14 0
0 37 14 20 27 33 4 3 34 18 36 19 38 31 5 15 25 13 1 39 29 35 32 26 23 12 30 16 2 21 28 24 22 8 7 17 9 11 10 6 0
0 23 25 29 9 32 12 16 24 38 15 14 19 8 1 6 11 20 35 17 2 34 7 36 30 26 28 10 5 18 4 22 13 31 27 3 33 37 39 21 0
0 29 27 4 23 11 6 36 12 31 30 1 13 38 16 18 26 20 9 3 17 33 2 39 7 28 37 32 14 5 10 15 24 21 35 19 34 8 22 25 0
0 36 2 8 19 37 11 31 21 32 12 10 20 1 15 35 39 6 23 7 16 25 9 33 3 28 22 27 34 18 26 24 13 30 38 14 4 5 17 29 0
0 33 36 16 19 21 4 35 6 27 22 11 17 34 31 15 37 5 29 38 32 18 23 28 24 39 1 26 9 12 8 2 3 13 7 25 10 20 30 14 0
0 35 31 20 19 16 10 32 30 37 1 39 12 21 11 36 24 27 33 34 15 7 26 17 22 2 4 25 13 8 6 9 38 29 14 28 5 18 23 3 0
0 17 20 1 27 36 18 6 5 31 19 24 12 32 2 28 29 21 3 39 26 25 23 30 8 13 22 34 4 37 10 11 35 14 15 9 38 16 33 7 0
0 21 32 15 3 25 12 27 30 11 38 1 9 36 10 13 4 5 33 8 23 31 29 17 28 22 35 19 16 6 26 34 2 7 18 37 14 20 39 24 0
0 19 7 29 12 25 20 18 2 17 11 14 6 16 5 31 1 24 26 8 36 33 21 23 38 3 30 27 37 15 34 4 32 35 28 9 22 39 13 10 0
0 2 26 17 16 10 3 37 29 35 30 14 21 32 9 31 19 5 23 7 20 8 28 1 18 12 33 11 34 15 22 4 27 38 13 36 39 25 6 24 0
0 35 3 15 9 7 32 31 11 17 36 2 29 12 8 13 38 24 28 5 6 27 4 25 14 1 19 30 26 37 33 39 20 10 18 34 21 23 16 22 0
0 29 36 27 18 10 30 3 31 5 22 12 15 37 21 28 14 2 35 17 19 38 39 23 4 8 25 13 11 20 16 32 26 1 7 9 33 6 34 24 0
0 3 1 29 14 25 21 19 27 10 30 16 33 36 24 8 35 2 32 13 38 11 23 39 7 15 20 31 5 26 22 18 37 17 4 9 6 34 28 12 0
0 27 17 32 11 28 3 2 1 34 23 38 31 33 14 37 13 20 4 9 8 16 6 19 21 24 35 29 22 30 25 5 10 36 12 15 18 7 26 39 0
0 14 36 37 16 29 6 27 3 24 1 39 22 38 30 31 2 23 34 32 4 18 20 7 15 9 28 25 19 12 8 35 13 21 17 10 26 33 5 11 0
0 20 1 35 29 9 16 37 38 10 17 21 32 25 27 6 31 18 12 23 26 22 15 33 3 8 5 7 11 28 34 39 13 4 14 24 19 36 2 30 0
0 4 35 13 3 30 38 18 5 8 36 26 27 6 32 16 11 20 39 33 7 15 23 9 24 25 1 37 19 28 31 2 12 14 29 21 34 10 17 22 0
0 26 32 17 22 29 23 28 27 7 25 33 10 15 13 1 8 20 30 19 31 36 39 37 5 3 9 21 12 2 4 11 6 38 16 35 24 34 14 18 0
0 21 36 37 18 35 7 1 39 29 9 15 3 6 19 14 8 17 10 32 5 24 34 2 31 27 26 13 38 12 30 11 28 4 20 23 16 25 22 33 0
0 21 23 17 25 14 24 37 4 20 31 18 30 16 22 5 32 10 9 34 26 15 6 28 7 3 29 35 2 11 38 19 13 12 36 1 8 33 39 27 0
0 32 27 15 39 5 22 19 37 12 24 7 11 6 20 2 38 23 35 25 21 26 30 1 34 3 16 17 9 28 36 13 8 33 18 14 31 4 29 10 0
0 29 12 6 24 15 1 22 18 3 16 13 9 27 25 2 39 23 20 35 5 33 7 19 36 34 10 11 38 21 8 17 30 4 14 31 37 32 28 26 0
0 35 24 28 22 16 23 17 19 13 38 3 20 30 25 8 4 36 31 6 5 39 2 37 34 32 18 33 26 15 21 1 14 27 11 7 29 10 9 12 0
0 10 32 35 34 22 21 15 19 26 33 31 7 4 29 16 36 24 25 14 38 1 27 2 30 20 6 39 3 23 13 37 18 17 11 28 9 12 5 8 0
0 4 3 12 30 23 33 37 11 27 9 10 22 8 34 35 31 20 28 15 25 18 6 32 16 39 26 2 21 36 17 5 1 14 24 38 13 19 29 7 0
0 14 29 27 7 8 33 26 36 4 5 22 39 20 13 6 10 25 12 24 28 16 18 31 3 11 15 32 17 9 37 34 35 21 38 1 30 19 2 23 0
0 2 15 1 6 14 22 8 38 35 9 13 10 24 17 16 39 33 36 26 34 19 11 31 27 37 29 32 7 21 5 12 30 18 28 25 23 4 20 3 0
0 11 3 25 19 4 12 15 27 35 22 2 8 37 14 34 16 32 29 10 30 7 36 18 6 28 26 21 38 20 23 33 13 9 17 5 31 39 1 24 0
0 7 26 24 4 37 34 11 39 32 29 8 13 16 28 33 30 3 18 35 15 10 36 25 2 19 9 1 21 20 12 38 6 5 22 31 17 23 27 14 0
0 4 5 38 28 39 33 17 35 37 24 32 10 14 18 26 8 1 11 25 29 12 13 23 6 3 27 30 15 19 31 2 34 22 9 36 7 16 20 21 0
0 3 35 23 19 15 25 4 7 10 30 33 2 29 9 31 8 11 14 18 5 22 34 1 17 26 21 27 12 24 36 13 6 38 37 28 32 20 16 39 0
0 22 7 8 27 2 29 32 12 20 28 5 16 36 33 17 21 15 24 11 30 1 31 23 25 10 9 18 37 35 19 3 13 14 6 34 26 38 39 4 0
0 21 15 36 13 2 29 11 38 10 28 3 26 39 27 22 1 17 32 4 7 14 30 5 9 20 25 19 35 16 6 23 24 37 8 33 12 18 31 34 0
0 20 12 13 37 10 16 21 2 28 11 3 35 25 39 9 24 36 19 38 15 23 27 1 32 22 34 30 31 4 18 33 6 14 29 17 7 8 26 5 0
0 33 21 19 26 1 6 32 31 38 12 37 16 20 28 9 5 2 39 29 11 30 23 4 35 14 10 27 24 7 22 13 17 36 3 34 25 15 18 8 0
0 9 20 35 14 32 34 37 4 16 36 39 19 17 5 6 27 26 28 21 38 33 8 25 24 2 30 11 12 23 3 10 15 31 22 18 1 7 13 29 0
0 24 13 3 17 18 34 2 15 22 21 32 8 11 27 23 4 39 35 28 38 1 10 29 7 6 5 33 30 26 37 12 31 36 9 16 19 25 14 20 0
0 28 38 29 24 20 12 21 4 27 31 11 32 9 7 23 14 26 39 36 2 1 16 17 37 18 34 8 5 22 33 30 6 19 10 15 3 25 13 35 0
0 34 30 10 18 26 6 24 22 38 2 37 21 27 13 5 3 32 16 14 39 28 12 15 23 8 17 25 33 19 31 9 35 36 11 7 20 1 4 29 0
0 8 19 32 30 5 23 21 34 29 17 10 15 3 26 37 28 13 22 16 24 14 18 31 25 20 11 9 33 38 7 2 6 27 12 4 39 1 36 35 0
0 6 38 21 26 19 35 33 32 36 18 28 16 2 25 9 23 24 37 15 17 12 11 7 29 30 3 34 14 31 22 10 5 13 27 39 20 4 8 1 0
0 4 16 18 20 14 30 33 19 32 15 24 1 9 36 39 31 6 27 38 7 23 28 3 10 26 17 8 22 35 37 29 12 11 34 2 13 5 25 21 0
0 11 3 31 2 35 38 26 21 16 30 23 36 24 39 17 5 22 25 13 28 34 9 4 14 7 18 20 10 6 8 27 12 29 1 32 15 37 19 33 0
0 36 32 24 31 17 37 26 23 2 3 11 28 5 13 1 27 39 20 8 15 34 6 33 25 4 22 21 12 9 29 14 38 7 16 10 35 18 30 19 0
0 34 37 30 2 24 25 8 31 39 14 26 15 27 32 19 5 17 10 7 6 22 12 33 36 20 23 38 21 1 35 16 13 9 3 28 4 11 18 29 0
0 18 36 1 3 11 6 31 35 14 20 21 17 8 4 28 2 13 19 7 16 23 38 29 24 30 34 33 26 27 12 5 15 37 25 32 10 39 9 22 0
0 28 6 8 3 29 27 11 39 23 5 38 24 21 4 26 31 9 37 30 1 35 14 25 15 12 7 34 13 17 18 10 2 32 16 22 19 36 20 33 0
0 29 39 35 19 3 27 1 18 9 12 15 21 28 7 4 20 2 23 26 6 16 8 31 13 36 25 38 17 30 22 14 32 10 37 11 24 34 33 5 0
0 27 25 23 6 3 7 28 20 21 37 1 33 22 38 36 17 29 15 26 19 35 34 12 39 18 16 13 24 10 9 32 14 11 2 4 5 8 30 31 0
0 8 3 19 24 23 36 25 6 4 33 12 22 39 16 35 29 13 11 34 18 28 14 27 5 26 10 20 21 9 38 32 30 2 15 17 7 1 37 31 0
0 7 19 34 22 18 38 15 32 5 16 33 26 24 9 28 29 4 6 10 20 39 21 3 30 12 31 11 14 23 8 17 2 36 27 25 13 37 35 1 0
0 21 36 9 31 13 25 39 30 29 22 12 4 33 2 8 19 16 20 28 27 7 26 32 15 10 1 5 17 23 11 3 38 37 35 6 14 34 18 24 0
0 36 16 9 26 22 8 29 24 11 31 13 1 27 10 17 20 15 23 21 38 30 3 34 18 33 39 2 12 32 5 28 14 6 19 25 7 4 37 35 0
0 25 16 26 33 5 38 14 31 17 9 39 8 10 29 6 15 12 30 7 32 2 20 18 34 28 36 19 37 24 35 1 23 13 27 3 21 4 11 22 0
0 37 22 3 6 1 16 33 14 12 13 17 25 9 26 35 39 19 11 7 2 27 38 21 32 4 31 10 36 28 8 15 5 29 20 34 24 30 23 18 0
0 28 17 33 8 12 37 18 4 10 6 13 11 2 7 36 38 19 21 32 25 27 31 5 24 9 16 29 39 1 15 14 34 3 22 26 30 35 23 20 0
0 1 5 2 8 4 7 17 21 23 38 13 26 24 20 10 9 14 36 6 29 27 30 31 25 3 39 33 11 37 22 16 18 28 19 35 34 15 32 12 0
0 17 12 4 2 32 34 30 28 27 13 10 26 21 31 9 8 5 36 35 6 3 11 25 29 1 38 22 19 16 23 7 18 24 33 20 15 39 14 37 0
0 6 20 32 5 36 29 39 2 8 21 9 12 15 16 37 17 3 30 23 25 13 22 34 35 19 14 27 4 24 38 10 33 31 7 11 28 26 18 1 0
0 37 2 18 30 16 9 10 31 35 39 26 25 22 7 36 17 27 11 38 13 5 3 14 8 28 21 4 1 29 32 33 23 20 19 34 6 15 12 24 0
0 17 3 34 25 18 13 1 24 22 15 36 2 16 11 26 39 8 21 27 31 38 33 7 37 28 9 5 10 29 23 12 6 32 4 19 20 30 35 14 0
0 16 13 30 35 33 10 12 17 27 28 14 31 5 38 26 34 32 8 11 20 39 2 22 19 1 23 37 24 29 9 18 6 15 21 7 4 3 36 25 0
0 39 35 32 31 19 13 26 38 17 21 33 25 22 4 16 20 3 11 8 15 18 2 10 6 36 34 5 23 37 28 30 14 1 12 24 29 7 27 9 0
0 36 8 1 16 35 30 23 37 25 6 38 2 4 34 19 9 17 29 15 20 13 21 22 28 27 31 24 32 11 3 14 18 10 26 33 5 39 7 12 0
0 27 6 22 24 32 10 21 4 19 36 12 38 29 11 17 33 30 2 20 25 8 37 26 28 9 35 5 3 13 18 31 7 15 1 34 23 14 16 39 0
0 8 19 26 1 39 10 22 25 4 34 3 16 20 7 24 36 33 2 14 35 11 38 30 6 9 12 15 17 28 31 37 21 18 23 13 32 27 29 5 0
0 19 14 37 12 27 9 3 21 26 13 1 25 5 4 36 33 20 15 23 18 6 29 16 11 10 28 2 8 17 30 7 32 35 24 34 39 22 31 38 0
0 36 17 35 22 12 21 34 13 5 7 23 15 6 38 39 11 1 14 33 32 30 25 3 10 37 9 16 27 24 29 4 2 18 31 19 8 28 20 26 0
0 38 8 4 30 15 12 3 16 31 2 1 20 35 39 18 34 37 32 24 5 11 10 19 9 25 27 28 13 17 36 23 33 21 29 7 6 22 14 26 0
0 39 16 17 9 34 38 24 22 19 12 4 23 15 7 33 10 18 3 26 13 5 6 20 30 2 29 21 14 25 31 1 36 27 35 11 8 32 28 37 0
0 23 16 3 21 17 35 4 38 13 37 33 32 7 29 28 15 24 12 25 31 39 11 14 26 5 27 6 8 9 30 20 34 19 18 36 2 1 10 22 0
0 27 8 19 4 14 13 17 28 23 26 31 39 22 16 37 1 25 2 5 18 35 3 30 36 11 38 10 34 9 15 6 7 21 12 32 29 33 24 20 0
0 3 22 25 30 14 12 21 27 17 19 9 34 26 13 6 5 4 29 8 1 36 35 37 24 38 33 32 10 2 15 7 39 16 23 18 11 28 20 31 0
0 16 21 15 2 10 17 28 4 32 20 38 9 24 23 18 36 13 8 11 35 25 34 12 39 19 7 27 22 3 1 5 33 37 6 31 26 29 30 14 0
0 2 30 13 39 3 29 33 10 1 7 8 24 11 27 38 18 9 6 36 37 5 34 22 20 32 12 16 15 14 23 21 19 17 35 28 4 26 25 31 0
0 22 34 1 11 36 29 18 30 23 17 3 39 27 19 9 10 6 32 2 13 8 28 35 31 14 5 38 24 7 16 37 20 25 21 12 26 15 33 4 0
0 28 20 15 35 16 37 4 10 1 12 2 26 39 24 9 7 13 32 36 38 17 30 3 23 5 18 11 25 19 27 31 6 21 8 33 22 34 14 29 0
0 36 6 25 27 22 21 10 30 20 19 32 39 15 17 4 16 5 35 26 3 31 23 28 29 7 18 1 8 34 13 37 24 38 33 12 9 11 14 2 0
0 35 36 37 14 2 15 23 9 21 32 18 38 1 7 30 4 3 26 17 10 34 33 28 31 29 25 39 8 13 6 22 12 20 24 11 27 16 19 5 0
0 29 11 6 30 4 22 3 2 36 31 9 33 32 35 34 21 7 17 39 14 5 38 13 1 15 12 24 37 25 28 26 10 23 18 8 16 20 27 19 0
0 9 21 31 12 37 34 22 17 8 29 38 25 26 19 39 4 1 36 16 32 5 20 27 33 2 11 6 3 7 13 15 10 14 30 23 35 24 28 18 0
0 8 37 23 13 28 33 34 2 19 31 35 36 21 26 17 25 24 14 9 29 1 38 18 27 7 5 4 20 30 12 11 32 3 10 15 39 6 22 16 0
0 7 26 18 34 31 12 15 38 39 20 6 21 10 27 35 24 28 23 11 3 36 9 5 17 4 19 13 32 22 2 25 14 29 1 37 8 30 33 16 0
0 17 38 31 11 20 32 14 7 6 25 33 39 18 15 27 21 9 36 16 28 10 30 4 19 13 26 35 5 2 29 34 1 22 23 3 8 12 37 24 0
0 31 17 28 32 10 19 3 5 38 16 7 22 24 20 37 12 18 25 6 4 23 1 2 30 15 21 9 13 35 27 29 39 34 8 33 14 11 26 36 0
0 33 1 3 36 21 11 8 34 28 6 16 19 25 12 17 27 13 4 38 7 35 26 37 20 31 9 10 29 22 23 15 5 39 14 24 18 32 2 30 0
0 31 6 5 29 37 2 17 13 4 3 10 34 23 35 39 16 26 33 14 28 9 18 36 8 22 27 24 20 11 12 7 32 1 30 21 19 38 25 15 0
0 28 14 36 18 27 16 37 23 11 3 38 26 19 5 24 35 25 34 29 1 22 30 8 17 6 21 31 10 13 4 15 39 33 12 9 32 7 2 20 0
0 4 22 2 12 7 21 10 34 17 19 15 35 24 8 33 9 27 18 6 16 13 14 26 36 32 37 1 38 31 20 23 25 3 39 30 29 11 5 28 0
0 4 25 23 17 22 9 36 26 2 31 35 11 37 18 5 6 32 10 21 13 16 24 7 30 12 38 27 39 29 15 8 34 1 33 14 20 28 3 19 0
0 3 20 38 30 6 2 31 21 26 39 28 25 29 9 24 23 17 33 10 8 14 11 18 27 34 13 16 4 37 15 32 12 36 19 1 5 35 7 22 0
0 2 11 33 18 28 7 3 29 21 31 5 13 8 35 23 32 16 15 19 1 17 22 30 20 39 4 38 12 24 37 34 26 25 6 36 10 14 9 27 0
0 32 35 37 29 36 1 4 9 10 13 27 19 33 16 6 22 23 30 8 17 34 14 28 24 25 38 26 3 7 39 20 2 15 5 18 31 21 11 12 0
0 3 27 25 1 20 35 13 28 14 12 9 19 17 26 32 11 5 34 2 31 16 37 21 10 18 8 29 33 4 24 23 36 38 15 22 7 39 6 30 0
0 20 38 33 1 35 17 12 11 10 6 18 37 27 19 15 14 24 29 4 21 8 25 3 30 5 34 26 22 7 23 31 2 39 13 9 36 28 16 32 0
0 37 5 6 7 36 13 17 4 28 21 25 1 2 24 8 3 38 30 14 10 27 16 26 9 20 18 22 15 31 33 29 34 23 11 39 32 12 19 35 0
0 39 5 31 30 38 33 9 35 22 10 34 11 20 18 12 32 3 4 2 8 15 6 14 17 29 37 27 24 13 19 36 16 26 23 21 25 1 28 7 0
0 3 9 10 35 31 34 17 5 19 38 15 27 26 14 20 16 12 11 7 23 18 39 30 25 22 1 6 2 24 4 29 33 8 37 32 28 13 21 36 0
0 17 18 27 4 31 1 36 12 10 8 25 20 3 19 21 14 11 34 37 28 30 22 23 5 33 35 9 2 26 15 16 39 6 13 38 7 32 24 29 0
0 11 4 31 14 6 32 35 30 25 12 17 8 29 5 9 2 16 1 18 22 36 28 10 34 37 3 38 19 13 15 33 39 26 7 27 24 21 23 20 0
0 39 35 38 11 12 3 1 2 5 16 36 14 15 7 10 6 20 37 31 23 33 29 8 9 28 32 21 13 17 27 25 19 18 22 24 26 30 34 4 0
0 32 34 29 30 31 1 27 19 28 21 14 4 7 24 37 38 33 11 2 25 10 6 5 35 12 17 9 20 15 22 36 8 18 3 26 23 16 39 13 0
0 37 13 1 5 30 22 31 3 20 26 2 12 19 36 27 38 15 39 29 16 9 18 14 24 35 21 6 25 10 34 7 33 28 11 4 17 8 32 23 0
0 28 19 3 22 12 8 34 36 31 38 21 39 23 15 10 30 13 32 6 16 17 20 9 37 33 14 7 2 11 27 29 35 1 25 26 5 18 4 24 0
0 29 39 17 32 12 4 37 9 26 1 11 25 31 3 34 20 6 16 27 21 8 7 14 38 10 5 30 36 35 24 28 15 33 23 2 19 22 18 13 0
0 19 15 11 20 38 6 14 4 7 2 25 33 22 13 34 36 5 28 35 1 39 8 12 3 17 30 29 26 21 24 32 37 18 27 16 31 10 23 9 0
0 2 1 22 15 34 28 21 19 32 8 4 33 24 11 5 26 37 9 17 16 20 25 38 39 31 27 18 30 3 14 35 36 7 23 29 13 6 12 10 0
0 17 38 2 19 34 5 31 28 20 18 3 16 24 4 8 35 7 22 27 26 9 36 6 12 13 30 14 37 29 10 23 33 1 25 32 15 21 39 11 0
0 33 26 18 25 17 16 14 37 4 9 24 7 15 5 23 1 22 21 12 38 10 32 34 29 31 3 2 39 6 19 27 8 35 28 20 30 13 11 36 0
0 18 37 2 34 30 26 39 22 24 15 5 23 14 7 16 9 13 11 25 32 17 31 20 29 3 12 21 4 27 8 36 6 1 10 28 35 38 33 19 0
0 30 1 23 15 10 37 5 4 28 26 8 24 38 19 29 3 25 39 33 31 11 34 36 14 21 16 32 7 27 18 13 9 2 22 12 6 20 35 17 0
0 38 17 2 36 39 12 9 3 24 1 18 22 30 26 5 29 16 14 31 37 8 27 34 15 13 10 35 4 25 20 6 23 33 19 11 32 28 7 21 0
0 1 16 39 9 18 20 26 25 30 17 13 7 22 15 38 27 2 23 3 5 35 31 8 37 12 10 34 21 32 24 19 11 33 36 4 29 6 14 28 0
