# n n_solutions
40 1000
# n x n distance matrix
0 7574 8188 4879 3413 4909 6382 1140 5000 2193 8411 2765 8590 1649 6706 5943 8614 6207 7353 10542 806 8854 1800 9269 6811 10043 8373 7357 7532 4940 3041 921 5762 5941 5096 3059 8357 9402 9013 1216
7574 0 2000 2720 6140 7942 1456 7746 5135 7201 3465 5546 4327 8993 5536 4356 4701 5433 3275 3041 8203 2549 8886 1697 4850 2692 854 1476 6103 8158 7117 7083 1860 6350 6537 9518 8393 3269 1476 8297
8188 2000 0 3820 7516 7291 2009 8080 4477 8319 1526 6708 2418 9381 7446 6198 2817 4317 5269 2823 8682 707 9183 2432 3522 2147 1700 905 4609 7514 6952 7516 2716 8149 5777 9548 6926 1403 1923 8660
4879 2720 3820 0 3701 6239 1811 5162 3848 4554 4687 2912 5281 6360 4455 3114 5515 4720 3354 5745 5544 4527 6296 4404 4601 5322 3551 2915 5869 6428 4949 4465 1104 4750 5124 7077 7849 5208 4188 5685
3413 6140 7516 3701 0 7521 5508 4414 6296 1523 8338 1140 8845 5000 3354 2884 9024 7479 4601 9141 4204 8221 5208 7669 7707 8832 6992 6612 8811 7627 5660 3794 4804 2531 7076 6462 10323 8908 7589 4627
4909 7942 7291 6239 7521 0 6493 3847 2846 6861 6580 6435 6224 4632 10139 8949 6014 3189 9588 10113 4609 7702 4197 9396 4110 9437 8420 6862 3944 223 1910 4060 6312 9848 1526 3512 3712 7905 8949 4178
6382 1456 2009 1811 5508 6493 0 6435 3705 6332 3008 4707 3721 7710 5745 4429 4022 4123 3920 4177 6952 2716 7569 3052 3667 3661 2080 1104 4964 6708 5679 5805 707 6296 5108 8127 7186 3401 2701 7000
1140 7746 8080 5162 4414 3847 6435 0 4393 3312 8095 3601 8159 1303 7610 6726 8132 5532 7981 10607 806 8709 1140 9435 6236 10056 8495 7310 6802 3858 2061 728 5889 6942 4229 2102 7404 9192 9128 583
5000 5135 4477 3848 6296 2846 3705 4393 0 6229 3969 5162 3847 5632 8184 6879 3769 1236 7147 7289 5162 4940 5314 6552 1843 6624 5578 4016 2596 3067 2692 4104 3634 8203 1403 5325 4103 5234 6103 4947
2193 7201 8319 4554 1523 6861 6332 3312 6229 0 8920 1655 9302 3634 4850 4390 9419 7463 6060 10241 2912 9024 3905 8819 7864 9861 8052 7421 8823 6929 4951 2842 5632 3905 6723 5220 10034 9669 8676 3383
8411 3465 1526 4687 8338 6580 3008 8095 3969 8920 0 7400 894 9391 8723 7424 1300 3413 6684 3911 8784 1403 9130 3889 2505 3206 3224 2080 3337 6800 6640 7632 3640 9304 5060 9280 5603 1341 3383 8676
2765 5546 6708 2912 1140 6435 4707 3601 5162 1655 7400 0 7851 4414 4011 3178 8006 6352 4652 8586 3569 7414 4539 7169 6612 8207 6397 5805 7692 6551 4606 2915 4002 3453 5941 5700 9183 8075 7021 3920
8590 4327 2418 5281 8845 6224 3721 8159 3847 9302 894 7851 0 9433 9466 8149 412 3041 7507 4701 8888 2256 9138 4775 2126 4004 4118 2900 2657 6438 6536 7762 4295 9980 4742 9158 4837 2009 4272 8731
1649 8993 9381 6360 5000 4632 7710 1303 5632 3634 9391 4414 9433 0 8329 7592 9392 6726 8988 11886 854 10012 447 10688 7472 11345 9759 8605 7951 4588 3106 1910 7144 7505 5303 1720 8318 10495 10394 721
6706 5536 7446 4455 3354 10139 5745 7610 8184 4850 8723 4011 9466 8329 0 1345 9763 9154 2501 8002 7510 8065 8505 6512 9052 7951 6236 6664 10324 10288 8448 6926 5220 1280 9315 9704 12261 8792 6661 7900
5943 4356 6198 3114 2884 8949 4429 6726 6879 4390 7424 3178 8149 7592 1345 0 8438 7824 1802 7034 6746 6841 7710 5522 7707 6900 5115 5385 8982 9109 7334 6013 3883 2002 8049 8827 10940 7569 5600 7085
8614 4701 2817 5515 9024 6014 4022 8132 3769 9419 1300 8006 412 9392 9763 8438 0 2860 7851 5103 8876 2668 9082 5186 1972 4410 4517 3255 2325 6224 6440 7766 4565 10241 4560 9042 4455 2402 4681 8697
6207 5433 4317 4720 7479 3189 4123 5532 1236 7463 3413 6352 3041 6726 9154 7824 2860 0 7872 7116 6319 4623 6378 6627 921 6419 5703 4101 1360 3405 3668 5300 4254 9276 1702 6216 3138 4750 6140 6067
7353 3275 5269 3354 4601 9588 3920 7981 7147 6060 6684 4652 7507 8988 2501 1802 7851 7872 0 5508 8134 5818 9043 4031 7547 5491 3862 4609 8850 9773 8200 7253 3623 3613 8464 10043 11001 6529 4220 8411
10542 3041 2823 5745 9141 10113 4177 10607 7289 10241 3911 8586 4701 11886 8002 7034 5103 7116 5508 0 11128 2531 11737 1513 6281 707 2195 3360 7244 10336 9683 9982 4780 9019 8600 12228 9513 2716 1565 11175
806 8203 8682 5544 4204 4609 6952 806 5162 2912 8784 3569 8888 854 7510 6746 8876 6319 8134 11128 0 9329 1004 9900 7003 10604 8982 7881 7600 4606 2863 1166 6365 6726 5035 2308 8200 9841 9620 500
8854 2549 707 4527 8221 7702 2716 8709 4940 9024 1403 7414 2256 10012 8065 6841 2668 4623 5818 2531 9329 0 9800 2549 3764 1824 2051 1612 4716 7925 7496 8163 3423 8807 6177 10113 7000 728 2059 9291
1800 8886 9183 6296 5208 4197 7569 1140 5314 3905 9130 4539 9138 447 8505 7710 9082 6378 9043 11737 1004 9800 0 10575 7147 11180 9633 8429 7579 4148 2729 1835 7029 7730 4916 1341 7891 10262 10264 632
9269 1697 2432 4404 7669 9396 3052 9435 6552 8819 3889 7169 4775 10688 6512 5522 5186 6627 4031 1513 9900 2549 10575 0 5900 1486 984 2549 7034 9616 8723 8778 3546 7510 7930 11177 9353 3080 509 9990
6811 4850 3522 4601 7707 4110 3667 6236 1843 7864 2505 6612 2126 7472 9052 7707 1972 921 7547 6281 7003 3764 7147 5900 0 5578 5015 3436 1303 4326 4477 5930 3940 9300 2617 7071 3544 3846 5400 6790
10043 2692 2147 5322 8832 9437 3661 10056 6624 9861 3206 8207 4004 11345 7951 6900 4410 6419 5491 707 10604 1824 11180 1486 5578 0 1843 2758 6537 9660 9060 9449 4304 8900 7920 11627 8809 2039 1300 10630
8373 854 1700 3551 6992 8420 2080 8495 5578 8052 3224 6397 4118 9759 6236 5115 4517 5703 3862 2195 8982 2051 9633 984 5015 1843 0 1603 6198 8640 7741 7849 2617 7117 6963 10207 8515 2720 640 9055
7357 1476 905 2915 6612 6862 1104 7310 4016 7421 2080 5805 2900 8605 6664 5385 3255 4101 4609 3360 7881 1612 8429 2549 3436 2758 1603 0 4657 7083 6324 6720 1811 7308 5385 8872 6963 2300 2088 7887
7532 6103 4609 5869 8811 3944 4964 6802 2596 8823 3337 7692 2657 7951 10324 8982 2325 1360 8850 7244 7600 4716 7579 7034 1303 6537 6198 4657 0 4134 4850 6618 5243 10526 2692 7273 2319 4632 6527 7317
4940 8158 7514 6428 7627 223 6708 3858 3067 6929 6800 6551 6438 4588 10288 9109 6224 3405 9773 10336 4606 7925 4148 9616 4326 9660 8640 7083 4134 0 1984 4110 6519 9976 1749 3401 3801 8127 9170 4162
3041 7117 6952 4949 5660 1910 5679 2061 2692 4951 6640 4606 6536 3106 8448 7334 6440 3668 8200 9683 2863 7496 2729 8723 4477 9060 7741 6324 4850 1984 0 2163 5314 8052 2200 2640 5345 7864 8335 2507
921 7083 7516 4465 3794 4060 5805 728 4104 2842 7632 2915 7762 1910 6926 6013 7766 5300 7253 9982 1166 8163 1835 8778 5930 9449 7849 6720 6618 4110 2163 0 5234 6306 4176 2816 7446 8676 8485 1220
5762 1860 2716 1104 4804 6312 707 5889 3634 5632 3640 4002 4295 7144 5220 3883 4565 4254 3623 4780 6365 3423 7029 3546 3940 4304 2617 1811 5243 6519 5314 5234 0 5685 5015 7666 7379 4104 3255 6444
5941 6350 8149 4750 2531 9848 6296 6942 8203 3905 9304 3453 9980 7505 1280 2002 10241 9276 3613 9019 6726 8807 7730 7510 9300 8900 7117 7308 10526 9976 8052 6306 5685 0 9200 8993 12306 9534 7600 7156
5096 6537 5777 5124 7076 1526 5108 4229 1403 6723 5060 5941 4742 5303 9315 8049 4560 1702 8464 8600 5035 6177 4916 7930 2617 7920 6963 5385 2692 1749 2200 4176 5015 9200 0 4588 3312 6382 7472 4704
3059 9518 9548 7077 6462 3512 8127 2102 5325 5220 9280 5700 9158 1720 9704 8827 9042 6216 10043 12228 2308 10113 1341 11177 7071 11627 10207 8872 7273 3401 2640 2816 7666 8993 4588 0 7200 10499 10822 1843
8357 8393 6926 7849 10323 3712 7186 7404 4103 10034 5603 9183 4837 8318 12261 10940 4455 3138 11001 9513 8200 7000 7891 9353 3544 8809 8515 6963 2319 3801 5345 7446 7379 12306 3312 7200 0 6846 8845 7810
9402 3269 1403 5208 8908 7905 3401 9192 5234 9669 1341 8075 2009 10495 8792 7569 2402 4750 6529 2716 9841 728 10262 3080 3846 2039 2720 2300 4632 8127 7864 8676 4104 9534 6382 10499 6846 0 2624 9775
9013 1476 1923 4188 7589 8949 2701 9128 6103 8676 3383 7021 4272 10394 6661 5600 4681 6140 4220 1565 9620 2059 10264 509 5400 1300 640 2088 6527 9170 8335 8485 3255 7600 7472 10822 8845 2624 0 9689
1216 8297 8660 5685 4627 4178 7000 583 4947 3383 8676 3920 8731 721 7900 7085 8697 6067 8411 11175 500 9291 632 9990 6790 10630 9055 7887 7317 4162 2507 1220 6444 7156 4704 1843 7810 9775 9689 0
# set of given starting solutions
0 15 25 26 11 36 9 30 13 23 5 16 18 2 12 28 7 21 14 4 38 1 32 27 37 19 31 17 33 39 6 22 20 8 3 10 35 29 24 34 0
0 20 8 33 11 4 22 30 34 35 16 5 38 39 3 12 32 29 1 24 15 18 6 13 21 31 37 36 17 27 9 10 28 14 19 23 26 2 25 7 0
0 33 15 32 36 1 29 6 4 26 39 21 24 37 8 11 34 18 17 16 13 22 38 20 28 27 19 3 30 23 9 12 35 31 7 25 2 5 14 10 0
0 35 22 34 14 12 33 16 39 7 4 13 10 24 30 18 23 15 29 26 38 20 27 2 25 5 28 1 19 36 11 17 6 8 21 9 3 32 31 37 0
0 23 2 9 6 29 36 12 16 3 32 11 30 34 17 37 18 20 27 15 26 25 7 14 10 22 5 33 31 38 1 35 4 39 28 21 24 8 19 13 0
0 36 2 21 28 26 38 8 9 22 35 23 10 1 34 5 14 39 3 31 6 29 25 33 16 27 20 15 32 4 19 13 11 18 24 12 30 17 37 7 0
0 16 30 28 20 38 21 22 9 26 25 5 29 14 17 8 39 13 35 6 23 4 7 11 18 19 15 36 32 2 33 3 12 10 1 37 31 24 27 34 0
0 15 12 3 19 35 6 10 26 2 22 21 17 11 32 39 4 28 38 23 9 33 24 30 8 13 31 7 18 25 5 16 1 27 36 20 37 14 29 34 0
0 12 31 28 6 7 21 23 35 30 39 2 11 27 5 37 17 10 33 20 34 16 13 15 25 38 8 29 19 32 4 14 3 18 26 36 1 24 9 22 0
0 17 20 35 15 37 19 36 24 5 12 33 4 28 1 14 29 32 16 26 2 11 6 9 21 18 25 22 27 38 31 13 3 7 39 34 10 30 23 8 0
0 13 35 34 26 3 11 8 36 17 14 19 38 6 16 18 1 2 39 29 9 21 23 32 25 24 28 27 4 7 31 5 15 22 30 12 10 37 20 33 0
0 23 10 35 7 28 21 30 6 39 24 1 15 22 11 20 19 32 8 16 18 17 36 31 37 3 13 9 12 5 25 38 26 29 4 33 27 34 14 2 0
0 36 37 4 30 16 7 38 27 33 28 32 23 2 3 20 24 25 14 35 18 34 8 9 15 26 29 13 10 6 11 31 5 22 12 17 19 39 21 1 0
0 19 36 17 38 39 32 4 6 10 13 1 37 23 35 29 8 18 16 7 5 34 27 15 20 11 30 22 33 26 9 3 28 12 2 31 24 14 25 21 0
0 38 7 31 25 37 27 9 5 22 17 20 33 2 1 3 29 36 34 4 32 23 13 18 19 16 39 12 11 26 6 24 35 10 14 8 21 30 28 15 0
0 22 39 2 37 24 29 4 8 12 16 26 30 11 32 19 21 36 6 23 35 7 14 33 15 5 9 28 3 25 20 38 13 27 18 10 1 31 34 17 0
0 29 38 3 21 37 13 19 12 36 39 6 23 20 22 26 16 24 10 33 27 9 28 11 31 15 35 7 25 8 1 17 18 34 5 32 4 2 30 14 0
0 9 16 29 22 34 27 26 7 2 6 13 21 25 30 3 18 5 4 14 15 1 33 38 31 23 10 28 39 32 19 11 17 8 37 12 36 35 24 20 0
0 4 14 34 19 39 21 16 23 3 31 6 9 30 20 29 35 27 7 36 1 17 32 15 37 2 12 26 38 10 5 33 25 22 28 24 13 8 11 18 0
0 4 3 21 20 29 32 36 2 30 37 39 35 22 19 15 13 24 18 11 8 26 27 6 23 34 1 25 5 12 10 38 9 33 16 17 28 31 14 7 0
0 1 14 39 36 2 30 12 32 25 22 10 26 4 34 7 27 23 33 18 9 35 17 31 11 38 28 20 19 5 8 15 24 6 21 37 29 3 13 16 0
0 23 15 9 13 16 34 25 27 32 8 17 26 22 3 33 21 4 5 39 30 29 18 20 10 1 35 31 24 14 38 19 7 37 12 28 6 36 11 2 0
0 38 9 27 37 16 34 21 32 17 15 36 2 33 18 29 5 39 12 11 14 6 4 7 35 13 28 22 23 19 24 26 31 8 1 3 10 20 25 30 0
0 1 11 19 36 32 10 17 2 24 26 3 28 13 33 25 31 14 18 6 38 4 7 23 5 30 21 15 39 16 9 37 27 34 12 20 35 8 29 22 0
0 14 21 10 13 34 16 33 27 11 3 26 18 19 23 12 2 25 15 36 28 8 5 20 32 7 17 39 31 4 1 22 38 9 35 29 6 30 37 24 0
0 24 3 12 28 14 22 9 36 2 23 38 18 37 16 26 8 27 11 39 35 5 32 4 19 20 7 1 10 6 13 25 17 29 15 33 31 34 21 30 0
0 29 24 3 19 12 26 38 33 34 20 28 32 25 31 17 1 6 8 39 14 7 4 18 10 13 36 22 35 21 37 11 16 23 2 15 5 30 27 9 0
0 3 8 2 1 22 29 9 23 33 37 14 11 30 19 26 6 16 10 38 24 39 34 36 28 21 35 25 31 12 15 18 13 7 20 4 5 17 32 27 0
0 10 38 33 13 14 25 9 2 24 39 20 29 19 35 36 34 11 28 31 4 37 1 8 7 30 17 32 5 27 15 21 12 18 26 6 16 22 3 23 0
0 26 32 22 30 12 25 36 18 1 7 11 10 8 39 28 13 31 19 9 20 2 37 38 3 33 6 24 35 4 16 15 27 17 29 14 5 23 34 21 0
0 20 13 37 10 21 3 24 7 30 11 33 27 35 36 8 28 14 4 19 31 25 32 29 18 22 38 17 5 26 9 34 23 12 15 1 16 2 6 39 0
0 6 4 29 19 38 21 18 8 24 32 31 30 33 23 20 27 22 10 14 26 16 9 7 25 11 12 1 34 5 2 35 3 13 15 36 37 39 28 17 0
0 31 38 34 1 18 19 21 6 23 16 10 3 27 22 30 29 17 14 9 11 35 36 32 26 2 7 4 28 20 12 8 15 37 5 25 13 33 39 24 0
0 23 29 38 37 13 35 15 36 7 31 32 22 1 19 21 28 20 4 12 6 9 16 30 17 33 3 26 14 11 24 8 10 34 2 39 18 27 25 5 0
0 6 2 36 14 18 25 19 27 29 8 4 24 10 28 17 33 9 1 39 15 34 7 38 20 13 23 21 5 32 37 30 35 12 26 3 31 22 11 16 0
0 29 38 37 34 2 35 27 33 32 7 9 12 24 1 16 10 13 3 6 15 11 25 8 39 4 30 26 28 22 18 21 36 20 5 31 19 23 14 17 0
0 29 13 14 23 35 6 7 16 34 17 20 33 18 21 38 37 3 32 10 15 19 2 9 24 26 5 31 25 39 28 1 30 4 36 22 27 8 12 11 0
0 1 25 5 34 30 29 9 38 33 22 19 11 12 26 17 16 23 6 35 39 28 4 20 24 32 15 2 18 13 37 8 10 21 3 31 27 36 7 14 0
0 19 1 8 31 21 30 33 16 20 14 29 22 26 35 38 3 11 12 37 10 34 24 28 6 39 23 32 15 7 2 5 36 4 18 9 27 13 25 17 0
0 10 35 25 6 5 36 31 28 15 34 17 18 13 3 39 30 20 11 29 23 32 26 19 37 8 22 33 2 21 9 27 12 38 4 16 14 7 24 1 0
0 26 6 18 21 19 10 22 14 24 11 13 17 16 12 31 34 25 8 33 7 29 1 15 2 28 5 3 9 36 38 37 20 35 23 32 39 30 27 4 0
0 27 29 16 17 9 19 1 36 11 13 35 15 33 14 7 3 5 8 23 30 6 12 24 37 31 32 39 22 2 25 34 20 4 28 18 26 10 38 21 0
0 25 34 31 26 22 35 13 36 21 15 1 4 8 33 14 5 27 17 19 20 32 16 23 37 24 7 18 29 30 11 2 38 6 39 10 12 28 3 9 0
0 24 17 27 1 25 9 28 8 6 15 18 26 19 39 16 14 23 36 21 12 3 20 13 35 34 30 31 4 7 10 29 37 38 32 5 11 22 33 2 0
0 15 11 19 39 14 31 9 36 18 12 27 1 37 33 5 24 25 4 32 34 29 21 38 6 17 30 8 7 3 22 28 10 26 20 13 16 23 2 35 0
0 1 39 14 23 17 6 5 22 7 20 32 28 16 26 35 37 12 4 3 29 2 10 36 15 19 8 18 13 24 27 34 11 38 21 30 31 25 33 9 0
0 1 12 10 19 26 11 34 38 31 32 6 3 13 29 8 16 7 35 28 23 18 15 5 30 36 9 37 21 27 2 25 4 22 20 39 14 33 17 24 0
0 35 25 12 30 29 1 7 33 10 6 27 17 22 13 31 37 28 2 19 24 11 38 34 21 8 36 5 3 20 16 32 14 39 4 23 18 26 15 9 0
0 27 22 30 12 6 19 34 8 14 23 31 24 17 3 25 9 28 4 2 33 37 11 35 20 36 39 18 38 32 29 15 10 13 21 1 16 7 5 26 0
0 16 35 20 11 2 17 10 13 3 34 25 9 38 36 28 23 32 21 15 26 22 29 12 24 27 4 30 18 5 1 39 8 31 6 37 14 19 33 7 0
0 6 8 11 27 7 23 37 18 35 14 4 39 9 36 22 2 3 26 20 13 5 16 29 12 1 34 28 31 30 24 10 32 25 19 17 15 38 21 33 0
0 18 9 37 22 39 16 6 19 3 28 1 11 12 23 10 5 35 13 36 27 15 17 2 8 32 34 25 7 20 4 33 26 31 14 24 38 29 21 30 0
0 39 36 3 30 24 31 4 23 32 21 33 2 38 12 1 9 15 5 7 14 17 35 13 20 18 26 34 6 10 28 37 16 11 22 29 27 25 8 19 0
0 4 36 11 38 31 25 30 16 19 5 6 10 20 33 1 39 15 22 23 37 13 27 14 34 26 3 29 7 2 35 28 18 32 9 8 17 21 12 24 0
0 34 17 30 24 23 3 15 39 5 22 10 38 28 32 11 13 9 6 31 27 8 25 36 35 29 37 33 2 4 16 19 26 21 12 18 7 1 20 14 0
0 32 20 2 30 1 10 37 24 17 4 5 8 6 34 21 16 18 38 11 13 9 7 29 28 31 15 39 12 23 25 14 22 3 33 36 27 19 26 35 0
0 13 8 34 30 6 14 24 19 1 17 21 5 39 7 28 37 26 10 22 35 36 23 38 2 32 18 31 4 3 12 9 27 29 20 25 15 16 33 11 0
0 29 1 18 34 33 13 17 25 7 23 10 37 30 22 28 32 38 24 16 31 5 20 11 9 15 14 26 8 36 21 3 19 6 35 12 27 39 2 4 0
0 3 24 19 4 33 2 38 1 28 11 22 27 30 39 10 23 6 14 12 31 26 35 32 15 25 20 17 8 5 37 18 34 21 29 9 16 36 13 7 0
0 27 11 36 3 37 15 29 7 16 5 26 38 18 4 20 30 2 33 23 10 1 6 25 22 14 8 28 31 9 39 35 32 17 13 12 24 21 19 34 0
0 36 37 33 39 1 31 24 26 29 30 20 32 27 19 38 2 6 22 4 15 10 13 12 35 14 23 25 7 34 8 11 28 5 21 9 3 17 18 16 0
0 38 10 34 21 5 4 19 30 25 31 15 14 17 12 37 35 20 18 33 2 32 23 24 16 29 13 22 28 1 6 27 3 39 9 36 26 11 8 7 0
0 12 6 13 16 34 23 39 3 5 10 21 9 36 30 11 31 28 4 27 17 18 26 22 32 20 38 35 29 37 7 24 25 19 8 14 33 1 15 2 0
0 32 27 33 8 39 28 14 29 1 34 30 22 19 20 35 21 31 36 4 25 9 13 7 26 2 38 17 23 3 24 12 16 18 5 37 15 11 10 6 0
0 35 6 39 5 7 33 31 25 1 14 36 17 13 27 20 34 29 15 16 21 38 12 3 30 10 32 26 19 24 11 22 2 37 8 23 18 9 28 4 0
0 30 20 34 18 5 26 28 9 13 38 3 19 24 27 25 6 8 39 7 23 16 21 14 17 33 29 37 1 11 4 12 2 36 22 15 31 10 32 35 0
0 22 7 39 6 13 30 16 2 37 36 24 20 9 25 29 33 12 34 18 26 27 28 15 38 32 35 14 1 17 19 23 4 31 21 10 5 3 11 8 0
0 38 1 25 20 23 13 4 17 5 22 2 32 19 7 29 39 8 12 21 18 33 16 24 34 9 37 3 10 36 31 30 15 6 14 26 28 27 35 11 0
0 6 31 7 9 25 36 21 33 26 8 20 24 30 13 14 12 19 10 39 35 34 3 17 23 4 15 32 18 22 16 1 5 29 28 38 37 2 11 27 0
0 10 5 29 22 33 12 16 1 7 6 21 27 39 4 36 20 3 35 17 11 31 28 34 2 38 25 8 15 37 13 23 18 14 30 32 24 26 19 9 0
0 38 18 2 21 19 26 3 10 22 8 34 28 6 29 36 16 31 4 20 24 9 25 14 33 35 11 13 15 7 30 12 27 37 1 39 32 23 17 5 0
0 10 32 28 31 30 29 38 18 4 25 35 14 1 19 26 12 6 13 8 21 2 36 39 37 23 16 24 34 20 33 9 3 11 7 5 22 27 15 17 0
0 19 29 22 39 23 30 32 11 24 3 15 4 34 7 13 28 36 18 12 35 2 10 1 38 9 6 16 5 26 27 17 31 25 8 20 37 14 21 33 0
0 30 4 10 13 16 27 15 37 9 22 1 29 6 33 8 17 2 35 14 3 32 34 24 7 36 18 23 11 25 31 19 26 38 20 21 28 39 5 12 0
0 5 13 20 35 24 26 19 2 37 10 7 30 36 21 39 8 34 33 27 11 12 23 16 31 3 6 38 22 29 14 9 17 18 32 1 15 28 4 25 0
0 11 15 1 24 9 37 19 14 39 6 33 17 7 38 21 26 20 13 4 18 8 3 5 12 28 30 22 32 36 2 35 31 10 27 16 34 25 23 29 0
0 11 17 35 6 20 16 39 18 19 37 1 12 13 28 33 23 21 27 22 15 36 10 26 8 24 7 4 9 38 25 30 5 31 2 29 14 32 3 34 0
0 37 29 16 13 9 5 4 23 30 3 22 1 32 35 19 27 17 14 12 6 28 20 25 38 10 15 36 24 2 11 34 39 21 8 7 33 26 31 18 0
0 14 10 30 7 18 39 5 32 9 38 15 3 29 13 22 4 6 27 26 19 37 17 8 16 34 35 23 24 11 20 36 31 25 1 12 21 28 2 33 0
0 32 16 39 14 10 33 27 30 22 34 9 38 37 17 6 15 26 25 23 4 36 11 29 19 13 1 8 5 12 18 21 7 28 24 35 31 3 2 20 0
0 15 16 38 14 23 8 33 10 12 36 30 19 2 9 25 27 3 34 24 6 21 1 31 39 17 22 4 7 28 13 18 29 35 32 5 26 37 11 20 0
0 18 10 37 34 6 32 17 8 25 1 4 12 11 13 5 21 3 35 7 27 31 15 28 33 30 24 39 20 38 36 9 14 16 29 23 2 22 26 19 0
0 24 37 16 22 28 25 32 30 7 8 18 34 27 21 31 13 39 6 15 29 35 36 26 2 5 33 17 1 19 23 4 11 9 3 38 14 10 20 12 0
0 8 16 37 33 9 15 25 1 28 36 3 10 32 7 26 21 39 24 31 6 34 17 22 18 19 5 30 27 12 23 14 13 2 20 35 11 29 4 38 0
0 18 22 8 21 12 34 37 32 31 2 4 9 6 26 33 11 7 1 38 10 3 5 16 30 29 15 23 14 17 28 25 39 24 35 36 20 27 13 19 0
0 16 31 20 21 7 30 32 36 19 2 35 3 37 11 6 29 14 12 23 24 22 38 10 39 33 28 5 9 15 18 13 26 17 34 4 1 8 27 25 0
0 34 35 24 3 15 20 17 12 39 28 27 38 18 19 32 1 14 36 8 37 5 31 2 9 30 23 16 33 25 6 13 26 11 4 21 10 29 22 7 0
0 15 12 35 34 14 21 2 36 10 26 8 9 16 31 17 28 5 19 18 37 33 27 4 22 20 25 30 1 29 6 7 23 32 3 13 39 24 38 11 0
0 26 11 14 39 4 13 25 6 38 9 32 17 37 8 15 2 22 20 7 33 29 10 18 30 21 36 28 3 5 12 19 35 1 27 34 24 23 16 31 0
0 18 3 9 33 22 23 5 28 11 37 16 24 29 17 12 2 30 25 38 31 21 27 7 36 19 32 10 35 1 26 8 20 34 14 15 39 6 13 4 0
0 31 5 32 11 28 39 1 36 3 35 29 21 16 34 10 15 26 37 19 30 7 25 22 13 2 17 33 14 24 8 9 18 4 23 27 20 38 6 12 0
0 7 20 25 17 15 33 18 14 11 35 28 31 4 16 12 21 26 34 29 32 30 9 3 24 1 39 13 2 23 8 5 22 36 10 37 27 19 38 6 0
0 35 2 15 16 19 34 12 24 28 7 10 1 37 20 38 18 11 25 21 23 22 13 32 29 4 5 6 9 27 3 14 30 33 8 26 36 31 39 17 0
0 26 12 23 25 15 17 4 14 32 2 22 1 8 24 19 27 29 9 34 10 38 30 6 7 28 3 20 36 18 21 39 16 31 37 33 5 13 11 35 0
0 27 14 7 4 31 17 38 26 36 19 6 28 25 11 3 1 10 37 18 12 23 24 8 35 30 32 13 2 34 21 22 16 39 33 9 20 15 5 29 0
0 15 16 26 18 2 29 13 33 3 24 11 14 37 34 20 19 12 8 6 38 10 23 35 39 27 30 7 5 31 17 4 1 32 36 28 21 22 9 25 0
0 17 30 28 32 11 39 21 14 15 22 33 23 20 25 24 2 16 19 27 8 3 1 18 38 12 4 34 26 31 13 7 35 36 5 9 6 37 29 10 0
0 29 15 39 14 12 5 16 27 19 32 33 37 13 4 31 11 35 26 2 34 28 25 36 21 9 6 22 8 23 24 17 38 18 1 30 10 7 20 3 0
0 38 3 13 4 14 35 21 36 5 27 33 34 23 30 18 2 22 15 16 9 29 24 25 11 19 31 28 20 8 10 32 17 39 6 1 7 37 12 26 0
0 29 12 8 14 18 36 20 10 11 19 35 39 2 7 16 3 21 9 15 28 6 17 33 22 26 31 25 38 4 23 13 34 1 5 32 37 30 27 24 0
0 34 24 19 2 21 36 27 15 37 12 1 31 30 38 10 4 13 11 29 33 5 22 7 9 26 14 20 17 8 28 35 23 16 6 32 18 25 3 39 0
0 36 4 16 6 34 7 35 15 29 11 23 28 14 17 3 20 18 27 8 32 10 13 24 39 33 12 31 37 38 5 21 26 22 30 1 2 9 25 19 0
0 25 32 7 36 26 2 27 21 37 34 13 33 31 29 19 1 35 28 8 22 3 9 12 16 38 15 20 4 30 18 6 17 11 39 23 5 14 24 10 0
0 35 19 27 1 10 3 4 34 2 36 21 23 32 15 18 30 33 6 37 14 11 24 25 7 29 8 38 9 28 31 22 16 26 20 17 39 5 13 12 0
0 33 19 13 9 26 15 21 10 25 31 29 16 17 18 2 24 27 22 14 8 38 12 37 28 4 11 36 23 39 20 3 1 32 34 5 6 30 7 35 0
0 27 22 39 16 10 25 4 3 1 24 29 15 30 17 7 33 20 19 14 28 34 5 8 13 2 38 21 12 6 37 9 18 36 26 35 11 32 23 31 0
0 11 39 35 28 18 38 14 4 20 6 33 32 23 3 8 2 1 16 7 29 10 22 25 12 37 27 17 15 19 24 21 34 13 5 9 30 31 26 36 0
0 15 1 16 11 28 39 34 19 7 37 24 4 5 26 27 12 6 38 23 32 9 20 2 29 35 10 21 36 8 33 30 22 13 3 25 14 17 31 18 0
0 15 1 39 30 19 3 8 9 21 38 34 4 37 36 31 25 32 12 33 10 16 26 35 20 13 23 24 17 22 28 5 7 11 14 27 2 29 6 18 0
0 20 21 28 3 26 2 13 39 37 33 32 36 31 15 6 19 9 11 5 16 18 35 29 8 30 4 27 1 22 7 25 14 23 17 24 34 12 10 38 0
0 37 39 24 30 11 23 28 3 7 2 38 18 6 19 13 12 29 1 4 21 10 9 26 20 31 27 8 15 14 22 5 16 25 35 32 36 33 17 34 0
0 14 22 17 29 33 34 18 39 7 36 10 26 9 11 12 21 13 19 38 1 28 32 4 8 25 2 23 20 30 31 35 6 24 37 5 27 3 15 16 0
0 4 18 17 27 26 30 25 21 29 11 38 14 1 12 2 3 20 24 15 31 39 6 34 19 35 8 36 37 16 23 32 28 22 7 33 10 13 5 9 0
0 28 13 29 16 6 32 9 36 23 3 37 38 25 12 31 22 30 8 2 39 11 14 5 35 26 33 24 21 18 1 17 10 7 15 27 4 20 34 19 0
0 37 11 28 14 9 27 30 2 26 1 16 4 10 25 24 20 31 18 29 23 6 13 12 33 7 35 8 3 36 22 19 34 38 15 5 17 32 21 39 0
0 32 17 10 29 22 24 12 20 15 31 27 1 37 35 4 33 19 18 25 6 26 34 5 7 13 9 3 36 23 16 2 14 28 39 21 38 8 30 11 0
0 11 34 18 7 37 35 23 9 6 26 3 24 12 13 27 17 31 8 25 14 36 5 33 28 1 19 4 29 32 21 38 30 20 10 22 2 15 39 16 0
0 1 4 8 6 7 31 15 39 16 20 34 18 5 13 32 14 12 28 33 11 38 24 3 35 30 19 21 22 26 9 10 23 2 36 27 17 25 37 29 0
0 1 7 19 35 14 22 12 2 20 10 32 3 15 25 30 31 5 29 18 8 4 36 26 21 17 39 27 13 6 24 37 33 11 34 9 16 23 38 28 0
0 23 32 21 22 13 18 34 35 27 12 3 8 17 30 31 14 1 4 19 36 10 16 38 37 15 24 20 5 33 28 7 25 11 6 2 39 9 26 29 0
0 22 21 10 32 14 30 17 4 12 36 15 6 31 5 35 16 25 1 26 29 13 2 11 7 8 24 39 20 34 19 33 28 3 37 23 18 9 38 27 0
0 5 12 15 16 30 28 31 38 27 26 23 19 10 1 22 2 29 34 32 18 24 25 36 11 3 37 8 20 9 4 39 35 14 33 7 21 17 13 6 0
0 7 6 19 22 28 23 38 5 16 9 18 33 35 12 20 37 34 26 27 31 2 25 15 39 30 10 17 21 4 3 29 36 1 24 13 8 32 11 14 0
0 9 3 17 24 38 5 7 12 15 4 19 26 21 22 14 8 37 27 33 16 20 36 6 29 34 28 30 18 39 35 2 25 23 32 13 1 11 10 31 0
0 18 1 26 33 2 31 17 19 16 11 28 5 14 34 25 12 39 29 21 10 36 30 9 20 27 32 15 24 22 38 37 6 7 4 3 13 8 35 23 0
0 17 13 27 4 1 28 20 10 23 22 11 33 30 15 16 8 25 9 34 19 14 37 38 32 31 5 36 18 29 7 2 6 39 12 24 3 35 26 21 0
0 25 29 21 23 3 18 5 27 24 33 16 6 17 12 39 10 35 7 8 15 26 19 22 1 4 38 37 36 34 28 30 13 11 32 9 2 31 20 14 0
0 26 22 33 38 12 35 9 2 10 16 14 20 15 34 39 13 30 28 18 21 11 19 31 27 23 3 1 24 4 32 17 36 8 5 6 29 7 25 37 0
0 27 24 16 18 7 15 35 12 26 32 11 4 5 1 21 13 14 31 29 19 37 10 34 30 6 33 17 22 23 20 39 9 2 38 28 3 25 8 36 0
0 2 21 35 22 30 6 27 14 31 37 28 7 13 25 18 16 20 12 36 11 5 19 3 29 4 23 1 33 17 39 26 34 32 15 38 24 10 9 8 0
0 6 8 14 23 15 1 10 5 39 2 34 24 9 11 19 32 35 38 31 28 30 26 18 27 29 3 13 33 37 20 12 4 17 22 21 7 16 25 36 0
0 20 23 18 10 3 25 19 27 35 5 33 14 6 7 9 30 36 21 34 13 17 1 12 38 22 32 15 2 28 31 16 24 26 39 4 29 8 11 37 0
0 4 36 6 29 20 12 7 22 1 39 19 3 18 11 16 37 21 31 5 34 38 33 14 28 24 32 13 2 35 17 27 15 25 10 23 30 9 8 26 0
0 3 28 23 11 9 26 24 21 4 39 36 5 32 31 10 25 16 33 20 34 37 6 30 22 2 15 1 7 29 13 8 14 19 17 12 38 35 27 18 0
0 22 33 8 6 10 14 37 26 27 34 7 12 4 24 29 30 2 32 20 3 38 5 31 25 17 19 13 35 16 11 21 36 23 15 18 39 1 28 9 0
0 10 17 4 32 31 12 27 13 36 15 11 6 28 37 35 20 16 38 23 30 26 8 39 18 24 33 5 25 2 19 21 29 1 34 22 9 7 3 14 0
0 30 17 9 3 19 10 15 38 18 23 14 32 6 31 22 29 39 5 37 28 33 1 13 27 16 21 2 34 11 36 20 8 24 26 7 4 25 35 12 0
0 20 21 29 14 6 31 24 32 11 36 28 2 33 8 34 18 17 27 23 7 1 10 12 39 30 16 15 5 37 9 38 22 13 26 35 4 19 3 25 0
0 22 39 16 35 11 3 34 30 12 1 36 6 9 20 33 32 13 10 19 7 28 27 8 2 38 5 14 23 25 24 15 18 4 37 26 17 21 31 29 0
0 27 8 35 4 18 21 16 26 20 5 36 24 33 11 25 23 30 7 32 12 22 14 34 3 31 9 17 19 29 28 15 10 39 6 1 2 38 37 13 0
0 19 33 9 24 26 25 31 15 17 2 1 21 27 20 4 12 3 18 29 11 13 10 28 7 23 32 5 34 16 22 8 38 36 39 6 35 14 30 37 0
0 4 25 9 39 33 20 28 27 3 37 8 30 29 19 14 24 23 34 6 31 21 13 2 18 35 36 1 32 10 16 7 11 17 38 26 15 5 12 22 0
0 10 23 15 27 20 25 29 24 13 12 37 39 31 30 36 33 34 14 3 22 35 19 6 38 9 21 2 28 5 7 8 11 32 18 17 4 1 26 16 0
0 14 10 9 2 26 13 38 19 39 4 3 17 12 36 8 23 16 32 28 1 7 35 27 22 18 11 5 6 34 21 31 15 29 37 24 25 20 33 30 0
0 4 15 29 39 33 36 1 10 5 22 17 9 19 7 23 32 30 34 12 11 13 26 38 28 25 6 16 27 37 21 2 20 18 3 8 14 24 35 31 0
0 35 36 39 17 18 13 22 8 28 32 1 12 33 19 11 27 30 4 31 6 16 14 3 34 15 10 29 20 38 25 5 23 7 26 9 21 2 24 37 0
0 30 13 17 9 32 26 18 28 31 27 15 3 29 22 21 8 4 35 10 14 39 12 6 16 38 7 1 2 11 33 20 23 5 37 19 25 34 36 24 0
0 11 2 5 16 38 12 25 37 14 13 24 20 4 33 3 8 27 9 35 1 22 6 23 19 18 39 30 10 21 31 32 15 29 34 17 7 36 28 26 0
0 8 38 37 39 4 18 23 13 35 20 22 17 10 14 24 12 19 25 1 32 27 2 16 34 29 33 6 5 15 36 9 28 3 7 31 26 30 11 21 0
0 10 22 5 14 6 12 3 17 18 16 9 31 34 36 30 8 1 37 7 38 24 23 32 29 21 26 11 33 19 20 39 2 15 28 4 27 13 35 25 0
0 31 14 17 2 8 7 38 9 11 29 3 18 6 4 34 30 23 27 10 26 32 5 35 28 16 39 19 13 12 25 1 36 15 24 20 22 37 33 21 0
0 9 22 16 28 24 31 25 10 33 7 32 5 12 6 8 3 29 27 13 20 39 2 35 15 37 18 4 36 1 30 34 19 23 38 26 11 21 17 14 0
0 3 39 9 4 34 22 13 25 18 17 1 31 35 38 21 29 27 10 28 12 16 6 20 11 15 30 23 5 33 37 19 14 24 36 26 2 8 32 7 0
0 21 3 13 25 14 4 36 33 6 2 12 31 11 29 22 15 34 35 9 1 38 28 5 20 19 16 23 30 18 27 39 26 8 10 32 24 37 17 7 0
0 15 11 21 22 16 32 20 10 27 17 18 23 5 38 3 1 8 33 13 4 35 34 7 6 28 39 25 30 9 19 2 14 31 26 29 37 12 24 36 0
0 30 34 35 7 10 36 16 13 19 9 15 4 31 12 26 23 32 18 38 17 33 20 21 5 1 8 28 29 3 39 25 6 11 27 37 14 24 2 22 0
0 5 34 39 10 9 37 20 3 24 17 25 14 13 30 1 11 23 38 12 21 27 26 18 33 35 36 22 19 16 31 4 15 29 2 32 6 8 7 28 0
0 1 5 29 4 35 27 38 17 3 2 12 33 25 21 8 28 22 14 37 23 6 15 31 10 32 39 11 19 20 26 7 36 9 30 24 13 34 18 16 0
0 23 36 9 2 38 14 39 33 34 17 19 15 24 10 12 11 27 3 25 7 18 26 13 31 4 32 22 28 35 5 1 30 37 6 21 29 8 16 20 0
0 10 13 27 20 1 26 28 19 15 23 35 6 7 2 32 21 24 31 16 12 18 14 5 11 22 17 37 8 36 29 38 4 30 3 25 39 34 9 33 0
0 28 16 22 18 32 39 25 12 30 24 26 9 10 13 29 36 34 4 5 38 27 8 35 2 20 11 14 37 17 31 33 3 19 21 23 15 1 6 7 0
0 31 23 5 11 32 38 8 3 19 10 36 12 27 35 20 9 26 6 22 39 30 28 16 15 2 18 7 14 17 13 25 1 34 33 4 24 21 37 29 0
0 34 13 19 9 7 1 12 6 16 23 17 31 21 33 14 11 29 36 8 15 38 18 4 20 32 25 3 35 27 5 2 22 37 30 24 10 39 26 28 0
0 21 34 35 31 36 1 22 9 8 30 38 7 24 37 17 32 11 12 20 14 33 5 6 18 4 10 39 25 16 27 13 19 23 28 2 15 26 29 3 0
0 26 15 37 6 34 28 39 31 2 36 27 22 13 21 19 12 20 30 9 4 35 29 18 1 16 11 7 5 38 10 25 17 32 24 14 8 3 23 33 0
0 8 14 17 23 24 3 31 10 11 4 19 30 33 39 29 38 9 2 34 7 35 22 36 32 6 12 20 5 13 28 27 21 15 16 25 18 26 37 1 0
0 12 20 28 21 2 35 18 10 8 31 3 1 13 30 37 9 5 38 27 17 29 11 19 22 16 23 36 33 4 39 25 26 24 14 7 15 32 34 6 0
0 20 22 17 16 11 29 35 31 39 8 19 36 9 34 10 2 6 12 7 13 24 27 33 14 15 26 5 18 30 21 4 32 38 37 25 3 28 23 1 0
0 19 3 32 36 13 12 38 11 5 7 8 15 30 39 27 34 1 22 26 21 2 6 25 33 37 16 18 14 29 23 9 10 28 35 31 20 24 17 4 0
0 12 22 1 31 39 27 28 35 26 11 3 29 32 8 21 25 2 33 16 24 6 14 10 4 19 9 37 23 20 34 36 7 13 38 18 30 17 15 5 0
0 32 1 24 33 11 26 29 6 10 39 3 9 4 7 30 5 16 27 15 38 14 25 37 17 13 19 2 20 12 28 21 18 35 34 22 23 36 8 31 0
0 7 15 8 6 29 38 4 16 31 20 14 17 5 28 36 19 34 37 35 3 1 39 30 18 24 27 33 10 21 32 11 9 23 26 25 13 22 2 12 0
0 15 9 10 21 19 2 18 37 23 7 17 39 4 28 6 38 29 27 5 36 16 24 12 26 31 14 3 35 20 25 32 22 13 11 1 8 30 33 34 0
0 22 29 11 5 33 15 27 20 9 19 36 13 30 10 26 16 31 21 3 4 34 7 38 12 32 25 17 23 28 2 6 39 24 18 14 1 8 37 35 0
0 33 27 30 3 1 16 5 26 7 13 22 2 34 38 4 6 21 28 29 36 31 15 23 14 18 17 8 39 12 10 19 20 35 32 11 24 37 25 9 0
0 11 3 20 6 4 28 2 24 9 37 33 14 21 10 26 15 1 34 5 25 7 23 12 16 27 18 35 22 29 30 39 17 32 36 19 8 13 31 38 0
0 6 7 36 1 27 3 16 30 29 39 22 25 11 19 33 13 5 21 28 32 2 8 31 37 35 15 26 20 9 14 18 12 17 34 4 38 10 23 24 0
0 2 10 8 6 23 16 30 38 32 4 14 13 22 26 36 34 5 1 33 19 17 39 29 21 31 35 28 11 20 27 9 37 18 24 7 3 12 25 15 0
0 29 14 17 28 7 38 16 36 37 9 24 33 8 11 4 3 20 31 6 12 39 2 27 5 23 15 35 22 18 34 32 13 1 21 26 25 30 10 19 0
0 23 4 12 34 26 21 15 14 9 28 27 38 30 7 36 17 2 11 39 13 22 10 35 25 32 37 18 20 19 5 1 16 24 8 31 6 29 3 33 0
0 23 2 11 36 10 39 33 38 35 20 5 8 14 31 32 37 7 19 21 27 9 17 1 22 15 34 3 13 29 26 25 28 6 18 24 16 12 4 30 0
0 4 12 10 3 5 25 29 11 22 2 19 24 38 27 34 39 32 23 14 13 30 28 35 9 20 17 26 21 6 36 18 31 8 33 7 16 1 15 37 0
0 32 22 34 9 3 33 7 39 27 11 1 16 10 13 2 29 38 21 19 37 14 12 25 28 20 30 31 15 26 18 17 23 8 35 36 5 4 24 6 0
0 32 17 21 34 9 10 19 30 39 22 27 7 18 26 2 3 25 13 24 35 8 28 20 36 1 12 11 33 14 31 16 5 6 4 23 37 29 15 38 0
0 4 28 39 7 13 1 3 23 31 8 35 18 27 20 24 32 29 21 11 14 16 30 19 9 2 25 5 26 12 10 33 38 34 15 36 6 37 17 22 0
0 30 17 13 18 24 2 5 7 12 37 20 34 22 21 11 9 3 1 33 8 23 29 38 31 39 10 26 19 28 6 4 32 16 25 27 35 14 36 15 0
0 5 24 26 14 9 20 6 17 23 13 16 19 32 36 4 35 18 21 27 37 39 22 30 25 10 38 33 3 31 29 11 8 28 2 34 1 15 12 7 0
0 8 6 7 21 33 27 5 3 2 28 15 34 19 37 4 39 17 20 23 16 13 12 30 26 36 1 25 35 10 32 38 29 31 11 24 22 9 14 18 0
0 11 37 24 39 1 4 13 17 22 36 20 18 38 32 33 26 7 2 14 31 25 5 19 30 10 8 9 23 21 29 3 35 34 28 6 12 27 16 15 0
0 8 26 19 2 23 27 11 15 31 4 1 6 17 14 10 29 5 33 21 25 13 16 39 32 37 12 7 3 30 18 9 24 34 20 36 28 22 38 35 0
0 15 24 34 14 13 26 28 4 17 31 5 21 20 1 22 32 25 27 10 12 30 16 38 37 36 18 2 35 33 19 29 6 23 39 7 3 11 9 8 0
0 26 18 12 17 35 22 38 36 21 4 13 27 39 32 10 33 24 5 29 16 20 14 28 23 2 30 11 8 1 19 9 6 15 37 31 3 25 7 34 0
0 20 8 4 11 33 7 32 18 38 14 15 37 5 24 30 26 9 12 13 22 6 3 36 21 1 17 28 10 34 27 23 39 2 19 25 16 35 29 31 0
0 31 17 6 24 23 2 28 27 4 9 39 32 38 5 12 30 7 25 22 36 10 8 20 14 3 33 19 18 15 35 29 1 26 11 13 16 34 21 37 0
0 29 31 21 5 20 33 27 18 24 1 14 36 30 39 10 34 22 13 16 4 38 32 28 12 7 26 6 2 19 11 9 37 25 35 17 3 23 15 8 0
0 39 5 13 26 11 30 3 21 24 25 38 37 15 18 1 22 27 16 28 4 31 19 34 12 7 10 17 23 32 29 36 33 2 35 9 8 14 20 6 0
0 36 37 1 26 21 33 35 5 20 18 3 25 10 19 27 32 14 31 28 13 22 12 7 8 16 38 34 9 30 2 24 17 4 6 15 29 11 23 39 0
0 17 27 25 21 9 1 36 3 12 13 31 11 2 26 19 33 32 29 35 15 22 7 5 23 34 6 39 10 28 24 30 4 18 20 16 38 37 8 14 0
0 21 25 24 14 15 32 3 13 17 4 5 9 8 12 6 38 31 37 11 23 26 7 1 34 35 19 33 28 36 27 22 29 30 39 10 16 20 2 18 0
0 1 12 35 15 30 21 28 14 4 9 16 10 7 22 37 34 3 2 39 13 27 24 19 11 5 18 26 17 36 33 20 8 29 6 32 23 38 31 25 0
0 34 39 2 28 10 21 35 30 20 18 38 36 6 27 12 25 1 8 4 14 32 15 22 26 23 33 16 24 7 19 17 13 29 3 11 5 31 37 9 0
0 13 33 29 22 20 2 1 27 16 36 28 3 14 7 39 34 35 32 30 11 5 26 17 6 18 21 12 10 8 19 15 25 4 38 24 23 37 9 31 0
0 20 3 22 21 38 36 4 7 27 11 13 1 12 37 10 25 35 5 16 26 33 34 14 24 23 8 18 29 39 19 28 32 17 2 30 15 31 9 6 0
0 4 18 15 9 16 24 8 17 1 27 25 10 12 2 26 36 29 31 3 6 7 14 38 39 37 34 35 33 21 20 13 19 28 11 32 23 5 30 22 0
0 27 3 39 19 36 8 2 24 34 11 23 16 38 1 26 22 37 31 20 12 5 6 7 30 33 18 17 13 15 14 28 10 35 21 4 9 32 25 29 0
0 6 2 9 33 14 28 8 7 24 10 5 22 31 1 32 17 38 21 30 27 25 11 20 12 39 26 16 18 3 29 23 13 15 36 4 35 37 34 19 0
0 20 22 5 2 39 18 10 27 23 4 12 36 38 8 11 1 24 29 25 15 3 9 16 30 17 34 19 14 7 26 21 6 31 37 33 35 28 32 13 0
0 25 29 11 9 36 6 10 4 32 12 2 5 18 22 8 23 30 17 13 39 1 37 27 28 21 14 15 33 16 24 20 26 7 19 34 35 38 3 31 0
0 32 17 2 27 21 22 23 10 37 20 33 25 28 31 12 5 4 3 38 11 18 19 29 13 6 1 15 8 30 35 36 14 16 34 26 9 24 39 7 0
0 36 31 12 39 11 34 3 28 8 18 14 22 33 27 4 9 30 37 32 25 2 38 15 17 24 26 19 21 29 6 23 16 1 5 7 10 13 20 35 0
0 1 29 23 22 9 36 4 6 33 19 35 25 37 31 21 34 12 20 3 39 15 27 32 30 2 24 14 18 17 13 26 28 8 7 16 10 38 11 5 0
0 22 39 15 30 3 33 32 13 19 37 18 26 2 29 9 24 7 8 35 28 14 6 10 16 11 36 12 34 1 31 21 25 20 38 27 23 5 17 4 0
0 3 13 39 9 5 31 10 18 20 21 8 28 16 25 38 22 2 27 33 4 23 37 15 30 24 17 14 12 6 32 1 34 7 19 36 26 11 35 29 0
0 18 29 37 17 28 13 20 22 36 12 9 26 32 2 7 19 39 4 31 23 38 35 34 1 10 21 6 5 11 25 33 14 15 30 24 16 8 27 3 0
0 34 9 14 24 1 17 18 16 20 7 39 3 5 30 12 33 6 15 21 26 32 27 13 35 11 8 29 28 37 4 25 31 23 10 19 2 22 38 36 0
0 16 21 18 15 5 17 22 6 9 36 11 37 34 2 19 27 38 1 33 28 32 12 4 23 24 29 30 13 35 8 10 7 20 3 26 39 31 25 14 0
0 10 1 8 24 16 19 38 28 5 33 31 30 18 29 15 4 27 17 25 23 6 3 14 22 2 7 26 21 9 32 13 12 36 34 20 37 35 39 11 0
0 39 16 37 10 12 3 27 34 17 8 19 35 29 15 25 4 36 18 7 32 22 26 2 6 1 30 38 33 23 5 9 20 21 31 24 11 14 28 13 0
0 33 24 14 29 39 38 6 12 2 3 8 1 16 23 18 17 25 22 10 32 21 26 20 9 13 35 30 27 4 31 15 37 11 7 5 19 34 36 28 0
0 32 30 22 8 26 18 14 38 33 24 16 29 10 27 12 21 35 4 1 17 11 3 37 6 25 28 20 31 34 36 7 5 13 39 23 15 19 9 2 0
0 3 38 20 21 2 18 16 22 1 6 24 34 10 31 33 13 14 26 25 9 11 7 35 39 36 19 5 32 29 4 28 8 37 27 12 23 15 30 17 0
0 14 10 11 5 24 8 7 31 39 32 26 20 17 15 38 34 27 25 3 13 2 30 21 23 18 6 4 16 12 37 9 1 19 35 22 33 36 28 29 0
0 23 39 7 24 38 20 3 10 6 5 14 28 33 21 9 13 1 18 26 36 22 11 25 35 27 19 30 12 16 17 37 34 15 4 32 2 29 8 31 0
0 21 25 27 15 34 38 31 26 28 6 37 19 7 24 2 12 22 32 14 23 36 10 39 13 8 18 9 33 4 35 20 5 3 17 29 30 16 1 11 0
0 37 8 26 12 30 10 31 38 13 2 21 11 27 5 39 7 14 1 29 24 15 22 25 4 36 9 19 35 3 20 17 18 34 33 32 6 23 28 16 0
0 1 28 21 39 9 37 14 15 33 36 4 35 16 26 38 2 32 11 23 8 7 18 10 27 6 20 29 30 22 13 31 5 34 24 17 25 12 19 3 0
0 32 5 24 35 25 2 11 6 19 29 4 10 14 37 21 3 16 23 1 39 8 17 9 27 36 30 18 34 38 7 20 15 22 33 12 13 31 26 28 0
0 22 15 26 12 20 11 2 16 6 37 18 36 31 38 35 28 3 4 27 17 25 29 32 7 13 23 39 8 1 14 19 33 34 30 5 10 9 24 21 0
0 2 38 37 17 34 9 12 33 20 24 32 19 25 13 7 1 11 26 15 14 36 39 18 21 6 27 23 35 28 4 5 3 29 22 16 31 8 10 30 0
0 35 30 9 21 18 36 25 20 26 7 1 33 15 17 24 14 29 39 13 37 28 32 8 16 19 10 23 22 5 38 12 34 3 11 2 31 4 6 27 0
0 21 25 28 3 8 34 36 22 23 2 12 6 15 16 17 33 32 31 1 39 20 24 26 10 37 38 7 4 35 9 18 13 11 30 19 29 14 27 5 0
0 38 4 5 37 14 22 36 16 13 24 23 27 8 20 30 2 29 11 10 32 39 7 17 26 31 34 18 9 6 12 28 19 21 33 1 3 25 35 15 0
0 4 18 3 34 11 15 10 26 2 38 22 21 20 16 17 13 35 19 23 25 8 7 12 33 5 24 6 14 29 9 39 30 32 28 27 36 37 31 1 0
0 27 39 11 15 22 26 33 2 10 4 6 25 31 20 16 30 9 17 5 1 36 7 38 32 37 29 24 34 14 28 8 19 23 18 13 12 21 35 3 0
0 1 25 32 39 30 33 15 7 3 23 11 35 21 22 26 36 29 24 37 28 34 2 5 6 4 8 17 10 12 14 20 18 27 38 13 16 9 31 19 0
0 25 22 15 29 30 19 27 39 10 16 35 36 17 32 18 8 37 4 1 12 7 5 21 31 2 20 13 38 14 34 3 23 6 33 11 28 26 9 24 0
0 30 31 10 17 34 13 18 36 27 38 26 23 7 16 19 11 35 8 22 5 15 32 21 2 9 12 33 28 39 24 4 37 3 25 29 6 1 14 20 0
0 10 35 18 37 13 5 27 33 26 4 30 17 6 14 21 9 23 19 20 31 3 12 29 39 7 34 28 25 22 16 36 8 24 11 15 32 38 1 2 0
0 7 13 2 17 18 10 34 1 39 19 29 23 32 36 4 28 25 3 16 12 31 15 9 22 33 8 37 35 21 27 30 5 26 38 24 14 11 6 20 0
0 4 5 35 38 12 6 22 18 27 28 26 29 32 37 21 15 19 24 34 9 13 17 8 39 36 11 20 16 7 3 1 30 14 25 33 10 2 23 31 0
0 39 18 2 10 33 13 23 1 34 7 35 16 30 17 28 37 29 22 6 24 8 4 20 32 38 11 25 21 15 9 12 36 19 27 31 3 5 26 14 0
0 11 13 14 8 24 25 36 28 12 20 9 31 19 29 22 17 21 5 27 16 15 39 7 1 32 35 2 23 18 33 4 38 34 10 3 30 37 26 6 0
0 29 26 34 18 19 16 33 28 15 36 4 35 24 38 30 8 7 32 31 2 23 11 9 5 14 17 37 21 3 22 25 13 1 10 6 27 12 20 39 0
0 25 14 39 32 31 37 2 15 33 19 28 4 12 10 36 30 27 8 18 13 11 5 26 34 29 20 7 23 3 17 24 38 35 22 1 9 6 16 21 0
0 13 34 11 9 35 17 1 20 8 18 32 29 3 22 26 33 6 36 14 39 38 2 28 30 25 27 31 7 19 4 24 16 23 21 5 15 12 37 10 0
0 10 3 4 20 27 8 12 16 35 32 18 13 6 22 7 28 30 38 19 36 9 17 26 2 29 5 39 11 34 37 24 14 33 21 23 1 15 31 25 0
0 27 4 36 23 17 30 37 3 9 26 14 1 34 35 19 2 5 12 24 33 29 38 31 39 25 13 28 7 10 11 21 20 22 6 18 16 8 15 32 0
0 8 33 27 18 9 11 10 32 4 17 21 39 14 19 29 28 36 1 23 16 30 22 13 15 34 26 25 38 3 2 5 7 31 35 6 24 12 20 37 0
0 29 26 19 22 24 13 3 25 1 9 27 35 37 17 31 6 32 11 38 15 20 36 21 8 12 16 14 34 39 28 10 4 33 2 23 7 18 5 30 0
0 29 15 19 10 39 8 27 11 7 31 23 16 35 3 28 2 38 6 22 14 9 32 17 30 5 33 26 12 1 13 24 4 18 21 25 34 20 37 36 0
0 9 19 38 7 18 14 4 39 3 26 22 21 23 15 12 32 34 37 33 5 25 8 36 13 2 20 24 10 28 11 6 1 30 35 31 16 29 27 17 0
0 11 36 10 34 3 29 23 6 21 19 5 27 38 4 26 30 14 35 2 15 13 12 37 32 18 9 24 33 7 28 8 17 31 1 20 25 16 39 22 0
0 26 24 34 13 39 35 36 31 28 1 12 8 29 32 14 23 2 21 15 16 20 17 6 37 19 5 10 33 11 27 30 18 9 38 7 3 4 25 22 0
0 28 22 29 15 5 31 33 21 19 38 12 37 17 9 13 20 7 34 8 36 32 1 10 11 3 23 30 39 18 27 35 14 2 25 4 6 26 24 16 0
0 39 8 13 35 36 27 2 14 15 38 5 4 9 29 18 37 12 16 30 11 22 26 6 32 19 24 23 25 20 3 7 34 10 1 33 28 21 31 17 0
0 30 17 20 27 11 34 33 6 13 10 4 1 3 31 14 24 7 5 19 9 38 15 12 23 2 29 16 32 36 28 22 25 35 37 21 26 8 39 18 0
0 10 18 22 39 25 35 12 5 23 9 27 3 21 2 31 37 17 13 14 6 8 29 33 38 7 28 11 24 20 34 19 30 1 16 15 36 26 32 4 0
0 30 31 38 15 16 2 35 34 39 1 28 20 13 10 12 11 17 27 4 3 21 37 8 22 7 23 29 33 9 26 32 14 25 36 24 5 19 6 18 0
0 24 8 39 21 30 7 33 22 12 17 15 11 37 34 13 6 1 3 27 26 2 18 23 28 36 4 35 31 5 10 38 29 32 14 16 25 9 19 20 0
0 11 10 20 8 15 28 25 4 35 6 9 34 1 3 24 13 14 26 32 5 36 2 7 33 37 39 31 19 16 38 18 21 30 29 17 23 12 27 22 0
0 24 38 10 11 17 33 1 7 26 19 28 35 27 3 15 34 9 21 22 32 37 8 4 31 13 18 6 23 25 12 16 39 20 29 14 2 30 36 5 0
0 17 38 18 29 12 6 31 14 24 15 19 33 35 22 21 32 16 4 23 39 37 27 13 30 5 28 9 36 7 20 26 11 2 10 8 34 1 3 25 0
0 28 12 35 10 3 1 33 17 34 25 37 15 19 2 29 22 23 8 4 13 39 5 18 11 30 38 6 7 36 14 26 27 24 9 16 21 20 31 32 0
0 37 25 6 13 16 3 17 11 32 14 33 28 22 18 8 19 23 10 35 39 31 9 15 20 1 27 30 7 5 12 2 38 21 24 4 36 26 29 34 0
0 10 25 35 27 9 7 33 11 30 34 18 17 2 8 4 16 14 6 13 15 26 12 3 21 24 22 29 39 1 31 19 5 38 32 23 28 36 20 37 0
0 20 39 36 34 1 25 18 35 5 7 16 22 4 12 37 28 6 11 15 10 21 32 24 26 19 17 9 33 8 14 23 31 29 2 30 38 3 13 27 0
0 17 4 37 10 9 2 14 33 26 32 23 22 25 20 19 13 28 24 31 21 35 6 27 36 8 34 12 15 39 29 5 11 7 16 18 3 1 38 30 0
0 32 2 30 13 15 31 19 38 12 23 8 33 5 21 6 3 18 1 24 28 11 14 9 20 16 27 7 29 26 22 4 36 34 35 25 37 10 39 17 0
0 28 22 15 5 30 3 38 6 8 13 36 19 29 33 17 26 2 34 27 14 4 32 1 7 21 12 10 16 35 25 23 9 18 31 20 39 24 37 11 0
0 6 39 21 3 38 8 4 2 37 31 24 36 5 29 1 20 26 11 12 32 17 9 19 16 10 34 33 23 30 35 14 25 15 22 7 13 28 18 27 0
0 31 38 19 12 32 13 17 21 15 8 22 26 7 39 5 10 36 37 16 27 4 23 11 6 33 3 28 30 24 1 18 9 34 2 20 14 35 29 25 0
0 22 16 34 35 39 29 19 17 12 1 24 20 38 25 15 2 30 36 23 32 27 3 26 28 4 10 21 37 8 7 5 9 11 6 14 18 33 31 13 0
0 24 6 3 35 12 21 17 11 36 34 10 16 29 1 28 9 20 31 22 32 30 14 7 8 27 26 39 23 13 4 37 38 19 33 2 5 18 25 15 0
0 3 28 12 36 22 11 15 32 23 31 9 29 35 39 7 33 8 24 16 19 2 1 6 25 18 4 37 38 27 21 30 20 13 10 14 17 26 5 34 0
0 30 18 29 39 28 9 38 17 1 5 19 24 21 15 25 6 2 12 35 37 33 23 11 34 3 16 26 36 20 31 13 27 8 14 10 32 7 22 4 0
0 25 7 13 24 34 2 39 20 27 26 29 30 38 32 19 17 33 5 16 21 23 11 36 22 12 8 15 14 10 28 35 9 1 4 37 6 31 18 3 0
0 21 24 26 31 20 4 14 36 13 35 10 2 34 27 28 32 1 3 11 5 30 39 33 17 29 8 12 6 23 9 19 18 16 15 25 37 38 22 7 0
0 22 28 17 10 14 20 26 8 24 4 32 19 18 7 34 5 16 23 3 27 33 15 29 39 37 6 21 2 31 25 13 12 35 1 36 9 30 38 11 0
0 19 1 24 35 9 17 11 29 33 6 3 18 22 38 39 37 30 34 21 15 26 12 4 7 20 31 23 27 36 10 2 32 16 28 14 5 25 13 8 0
0 31 13 7 29 8 39 28 34 26 22 23 1 18 35 27 5 30 21 38 2 3 9 10 37 4 19 32 20 36 33 11 6 17 16 24 12 14 25 15 0
0 10 9 6 34 3 24 1 4 19 26 15 20 17 23 12 2 37 27 38 30 7 29 25 35 14 16 11 32 21 13 36 22 5 18 39 28 8 33 31 0
0 29 33 30 28 17 14 26 7 13 38 35 36 15 19 6 31 9 18 27 10 12 37 2 21 32 8 20 39 24 23 25 5 34 1 3 4 22 11 16 0
0 28 13 36 35 19 18 38 22 23 32 8 30 39 27 21 33 6 11 31 5 29 16 9 34 26 14 24 1 3 17 10 2 25 7 12 4 37 15 20 0
0 36 29 31 22 34 18 5 8 23 14 3 24 15 2 4 10 32 19 21 6 28 30 38 35 13 16 1 27 33 12 25 7 37 9 26 39 11 20 17 0
0 33 24 3 20 11 7 30 14 5 32 4 13 23 10 2 21 16 26 36 25 12 38 31 9 17 28 37 6 18 39 27 15 34 22 19 35 29 1 8 0
