# n n_solutions
60 1000
# n x n distance matrix
0 4438 2773 6352 4024 5707 2376 6184 3577 4548 1835 5162 4102 2580 6029 4081 721 5907 2370 5830 3305 4785 3522 1700 4114 6637 3807 4341 7150 3023 5560 1063 3008 4244 6868 4148 1400 1664 4924 2280 3324 5800 4720 4527 4215 1835 1403 3981 6435 3820 2720 3125 2200 4512 2996 4123 5597 3785 3466 5887
4438 0 1802 8575 6591 1300 6814 3106 7971 8863 4341 7220 4365 2973 1772 5099 5124 2280 3352 7793 1640 3883 7942 5115 7761 2692 8245 7291 3832 3328 4501 5348 5408 4386 3590 6129 4309 6040 1300 5021 7400 1920 5124 2236 640 5859 3138 5817 4373 4254 2915 1389 4438 2102 1612 7212 3157 5724 1612 7766
2773 1802 0 7043 4924 3101 5126 4420 6350 7306 3224 5684 4210 1345 3551 4716 3488 3189 1664 6302 1612 3125 6209 3313 6518 3883 6545 6312 4560 2900 4976 3773 3712 3220 4280 4560 2507 4429 2163 3257 5600 3546 5008 2061 1456 4404 1702 4263 4317 4001 1345 1000 2692 2906 223 5477 3231 4140 806 6296
6352 8575 7043 0 2332 9706 6239 11462 7202 8139 8187 1360 10373 5700 10295 10431 6462 8228 5389 824 8563 5262 6020 4652 9377 8972 6537 10186 8338 9140 11650 6800 3482 4365 8161 2483 5161 6694 7970 4161 4401 10484 11045 6777 7975 7500 7200 2780 6503 10095 5720 8014 4534 9915 7140 2433 6844 2906 6964 905
4024 6591 4924 2332 0 7810 4229 9318 5385 6419 5859 1204 8044 3624 8357 8100 4176 6706 3264 1843 6360 3961 4346 2325 7300 7502 4884 7990 7199 6824 9349 4535 1220 2942 6972 806 2842 4517 6216 1843 2729 8452 8713 5124 6040 5277 4890 1044 5597 7766 3676 5852 2280 7720 5052 894 5531 1004 4997 1923
5707 1300 3101 9706 7810 0 8080 2630 9204 10065 5419 8363 4964 4220 640 5780 6378 2308 4609 8906 2641 4742 9222 6411 8820 2302 9511 8221 3712 4177 4657 6580 6648 5408 3535 7300 5607 7280 1838 6296 8700 1216 5642 3047 1772 7038 4368 6985 4785 4920 4148 2596 5707 2418 2906 8464 3635 6907 2816 8868
2376 6814 5126 6239 4229 8080 0 8348 1345 2420 3352 5414 5636 4661 8385 5269 1711 8188 4341 6000 5614 6585 1216 2580 3140 8944 1431 4071 9322 4924 7261 1612 3807 5800 9043 4753 3047 948 7249 3275 1969 8115 6020 6711 6578 1720 3733 4743 8345 5371 4801 5491 3623 6711 5348 3811 7683 4554 5769 6103
6184 3106 4420 11462 9318 2630 8348 0 9200 9850 5100 10103 3534 5762 2100 4382 6691 4924 6080 10715 2996 6988 9563 7432 8104 4909 9718 7169 6338 3505 2483 6736 8098 7441 6165 8980 6663 7424 4254 7566 9492 1414 3940 5333 3744 6900 4808 8682 7338 3640 5748 3466 7049 1676 4327 9800 6146 8560 4601 10705
3577 7971 6350 7202 5385 9204 1345 9200 0 1081 4100 6530 6161 5981 9459 5630 2863 9466 5672 7071 6649 7930 1236 3920 2523 10208 860 3748 10640 5700 7810 2624 5100 7140 10360 5980 4386 1931 8500 4604 2801 9124 6390 8021 7787 2300 4837 6000 9689 5922 6122 6608 4967 7623 6573 4837 9013 5818 7032 7184
4548 8863 7306 8139 6419 10065 2420 9850 1081 0 4785 7543 6618 7017 10278 5984 3827 10455 6720 8060 7463 9002 2121 5000 2332 11183 1603 3671 11666 6350 8249 3535 6177 8220 11385 7038 5445 2884 9466 5685 3765 9895 6726 9042 8723 3036 5727 7068 10756 6407 7158 7484 6043 8336 7529 5824 10056 6887 8014 8177
1835 4341 3224 8187 5859 5419 3352 5100 4100 4785 0 6985 2360 3748 5554 2247 1920 6325 3705 7655 2778 6020 4560 3535 3420 6931 4652 3088 7766 1603 3935 1788 4810 5703 7488 5946 3132 2404 5249 4085 4882 5124 2906 5277 4386 1800 1581 5756 7467 2080 3863 2973 3905 3551 3413 5940 6440 5565 4030 7707
5162 7220 5684 1360 1204 8363 5414 10103 6530 7543 6985 0 9106 4341 8947 9213 5360 6963 4036 670 7213 4031 5440 3478 8500 7727 5977 9192 7200 7848 10340 5727 2195 3080 7002 1131 3894 5721 6648 2906 3794 9126 9799 5470 6624 6477 5907 1421 5433 8832 4360 6660 3220 8563 5780 1746 5632 1555 5608 728
4102 4365 4210 10373 8044 4964 5636 3534 6161 6618 2360 9106 0 5263 4816 860 4280 6640 5375 9775 2844 7333 6815 5762 4652 7026 6830 3640 8190 1334 1649 4134 6911 7300 7940 8013 5215 4695 5604 6212 7242 4172 800 6120 4729 3956 3220 7782 8428 282 5336 3413 5905 2561 4301 8221 7256 7605 4901 9811
2580 2973 1345 5700 3624 4220 4661 5762 5981 7017 3748 4341 5263 0 4743 5632 3264 3605 400 4957 2920 2280 5590 2376 6673 4396 6003 6735 4661 3929 6217 3640 2435 2039 4382 3220 1655 4172 2816 2102 4687 4830 6040 2059 2451 4410 2202 2920 3858 5021 141 2334 1503 4244 1442 4244 3041 2801 1414 4951
6029 1772 3551 10295 8357 640 8385 2100 9459 10278 5554 8947 4816 4743 0 5658 6674 2915 5124 9501 2816 5375 9551 6859 8906 2816 9814 8220 4257 4188 4308 6844 7178 6021 4100 7871 6053 7550 2475 6791 9119 728 5440 3679 2325 7242 4652 7557 5412 4807 4681 2906 6209 2262 3373 8984 4272 7472 3361 9466
4081 5099 4716 10431 8100 5780 5269 4382 5630 5984 2247 9213 860 5632 5658 0 4110 7353 5688 9883 3511 7800 6400 5780 3905 7782 6356 2816 8895 1843 2302 3889 7026 7665 8636 8154 5331 4360 6296 6307 7009 5024 761 6708 5408 3551 3471 7947 9009 860 5721 4026 6074 3397 4837 8184 7863 7762 5458 9931
721 5124 3488 6462 4176 6378 1711 6691 2863 3827 1920 5360 4280 3264 6674 4110 0 6628 3023 6016 3905 5420 2900 1910 3511 7357 3140 3900 7864 3361 5830 412 3306 4810 7582 4427 1897 943 5643 2600 2968 6406 4808 5240 4924 1236 2022 4304 7102 4000 3405 3785 2668 5035 3711 4118 6296 4104 4187 6087
5907 2280 3189 8228 6706 2308 8188 4924 9466 10455 6325 6963 6640 3605 2915 7353 6628 0 3984 7404 3848 2973 9178 5976 9689 806 9570 9381 1552 5546 6718 6940 5714 3883 1315 6040 5255 7571 1081 5608 8271 3517 7404 1612 1972 7592 4879 5731 2523 6519 3478 3413 5021 4328 2973 7500 1500 5714 2441 7337
2370 3352 1664 5389 3264 4609 4341 6080 5672 6720 3705 4036 5375 400 5124 5688 3023 3984 0 4666 3182 2416 5235 1992 6484 4780 5659 6621 4992 4049 6414 3413 2061 2000 4716 2906 1303 3905 3214 1702 4295 5189 6140 2416 2844 4205 2220 2617 4080 5124 509 2624 1104 4527 1788 3860 3342 2483 1811 4669
5830 7793 6302 824 1843 8906 6000 10715 7071 8060 7655 670 9775 4957 9501 9883 6016 7404 4666 0 7848 4438 5943 4143 9108 8148 6476 9831 7523 8514 11000 6378 2865 3546 7343 1780 4564 6350 7158 3576 4295 9707 10469 5961 7186 7119 6573 2051 5700 9501 4967 7286 3883 9193 6388 2236 6020 2202 6185 141
3305 1640 1612 8563 6360 2641 5614 2996 6649 7463 2778 7213 2844 2920 2816 3511 3905 3848 3182 7848 0 4657 6802 4438 6185 4326 7034 5658 5385 1700 3383 4044 5140 4830 5125 6082 3667 4751 2785 4579 6551 2501 3634 3300 1897 4427 1902 5798 5603 2692 2941 632 4080 1360 1615 6809 4418 5658 2137 7851
4785 3883 3125 5262 3961 4742 6585 6988 7930 9002 6020 4031 7333 2280 5375 7800 5420 2973 2416 4438 4657 0 7310 4031 8899 3710 7789 9013 3238 6013 8036 5818 3220 1019 3014 3214 3580 6268 2906 3420 6053 5748 8130 1697 3244 6618 4455 2927 1780 7117 2158 4026 2969 5777 3059 4826 1603 2960 2529 4368
3522 7942 6209 6020 4346 9222 1216 9563 1236 2121 4560 5440 6815 5590 9551 6400 2900 9178 5235 5943 6802 7310 0 3301 3712 9953 538 4860 10221 6139 8450 2828 4263 6435 9947 5011 3935 2158 8286 3894 1649 9303 7158 7646 7664 2863 4909 5077 9090 6555 5723 6647 4360 7922 6428 3710 8544 4909 6800 6063
1700 5115 3313 4652 2325 6411 2580 7432 3920 5000 3535 3478 5762 2376 6859 5780 1910 5976 1992 4143 4438 4031 3301 0 5295 6772 3764 5803 6935 4596 7144 2302 1400 3220 6664 2517 806 2473 5178 728 2319 6791 6407 4401 4701 3101 2720 2400 5805 5481 2500 4052 1063 5769 3505 2475 5247 2200 3721 4205
4114 7761 6518 9377 7300 8820 3140 8104 2523 2332 3420 8500 4652 6673 8906 3905 3511 9689 6484 9108 6185 8899 3712 5295 0 10327 3383 1341 11074 4742 6207 3101 6675 8321 10792 7731 5408 2828 8626 6020 5069 8409 4601 8500 7783 2284 4816 7665 10530 4491 6809 6389 6168 6762 6726 6946 9626 7466 7310 9204
6637 2692 3883 8972 7502 2302 8944 4909 10208 11183 6931 7727 7026 4396 2816 7782 7357 806 4780 8148 4326 3710 9953 6772 10327 0 10336 9948 1456 6020 6923 7655 6519 4652 1341 6826 6040 8300 1720 6413 9070 3501 7762 2418 2545 8280 5544 6519 2973 6931 4272 3969 5824 4588 3661 8302 2154 6506 3176 8077
3807 8245 6545 6537 4884 9511 1431 9718 860 1603 4652 5977 6830 6003 9814 6356 3140 9570 5659 6476 7034 7789 538 3764 3383 10336 0 4601 10652 6251 8477 3001 4780 6931 10376 5547 4356 2300 8653 4384 2184 9533 7117 8062 8000 2886 5162 5608 9567 6580 6140 6922 4827 8100 6767 4244 8987 5437 7169 6596
4341 7291 6312 10186 7990 8221 4071 7169 3748 3671 3088 9192 3640 6735 8220 2816 3900 9381 6621 9831 5658 9013 4860 5803 1341 9948 4601 0 10845 4045 5080 3501 7202 8570 10568 8315 5731 3492 8300 6500 6040 7654 3436 8364 7420 2716 4651 8202 10530 3534 6862 5981 6527 5990 6500 7762 9525 8002 7118 9913
7150 3832 4560 8338 7199 3712 9322 6338 10640 11666 7766 7200 8190 4661 4257 8895 7864 1552 4992 7523 5385 3238 10221 6935 11074 1456 10651 10845 0 7076 8249 8206 6389 4257 282 6449 6295 8795 2600 6447 9138 4925 8956 2624 3492 8909 6262 6165 1897 8065 4522 4919 5903 5869 4360 8060 1708 6198 3764 7433
3023 3328 2900 9140 6824 4177 4924 3505 5700 6350 1603 7848 1334 3929 4188 1843 3361 5546 4049 8514 1700 6013 6139 4596 4742 6020 6251 4045 7076 0 2549 3324 5661 5966 6815 6741 3982 3981 4477 4981 6306 3667 2121 4866 3584 3401 1941 6500 7170 1104 4002 2184 4632 2024 3006 7071 6020 6328 3622 8543
5560 4501 4976 11650 9350 4657 7261 2483 7810 8249 3935 10340 1649 6217 4308 2302 5830 6718 6414 11000 3383 8036 8450 7144 6207 6923 8477 5080 8249 2549 0 5723 8168 8193 8030 9220 6510 6315 5800 7506 8798 3584 1649 6592 5024 5597 4459 8962 8844 1897 6260 4015 7121 2400 4997 9619 7631 8800 5508 11020
1063 5348 3773 6800 4535 6580 1612 6736 2624 3535 1788 5727 4134 3640 6844 3889 412 6940 3413 6378 4044 5818 2828 2302 3101 7655 3001 3501 8206 3324 5723 0 3701 5220 7924 4816 2308 707 5936 3001 3124 6537 4609 5586 5188 824 2213 4701 7488 3858 3780 3984 3080 5103 3996 4428 6660 4501 4500 6453
3008 5408 3712 3482 1220 6648 3807 8098 5100 6177 4810 2195 6911 2435 7178 7026 3306 5714 2061 2865 5140 3220 4263 1400 6675 6519 4780 7202 6389 5661 8168 3701 0 2247 6140 1140 1700 3847 5124 728 2860 7249 7605 4104 4876 4501 3720 1000 4973 6637 2500 4632 1063 6500 3848 1824 4684 800 3832 2906
4244 4386 3220 4365 2942 5408 5800 7441 7140 8220 5703 3080 7300 2039 6021 7665 4810 3883 2000 3546 4830 1019 6435 3220 8321 4652 6931 8570 4257 5966 8193 5220 2247 0 4031 2202 2915 5590 3623 2549 5103 6302 8079 2416 3753 6040 4210 1910 2729 7060 1964 4205 2195 6074 3224 3807 2601 1941 2842 3492
6868 3590 4280 8161 6972 3535 9043 6165 10360 11385 7488 7002 7940 4382 4100 8636 7582 1315 4716 7343 5125 3014 9947 6664 10792 1341 10375 10568 282 6815 8030 7924 6140 4031 0 6228 6019 8514 2340 6184 8876 4751 8709 2343 3231 8627 5981 5941 1788 7810 4243 4651 5636 5643 4080 7826 1456 5968 3482 7256
4148 6129 4560 2483 806 7300 4753 8980 5980 7038 5946 1131 8013 3220 7871 8154 4427 6040 2906 1780 6082 3214 5011 2517 7731 6826 5547 8315 6449 6741 9220 4816 1140 2202 6228 0 2823 4909 5632 1868 3440 8026 8720 4491 5546 5603 4801 316 4808 7741 3244 5530 2109 7433 4661 1700 4803 424 4517 1802
1400 4309 2507 5161 2842 5607 3047 6663 4386 5445 3132 3894 5215 1655 6053 5331 1897 5255 1303 4564 3667 3580 3935 806 5408 6040 4356 5731 6295 3982 6510 2308 1700 2915 6019 2823 0 2692 4414 1000 3106 5990 5905 3711 3905 3132 2051 2624 5315 4939 1788 3257 800 5011 2701 3162 4640 2435 2942 4606
1664 6040 4429 6694 4517 7280 948 7424 1931 2884 2404 5721 4695 4172 7550 4360 943 7571 3905 6350 4751 6268 2158 2473 2828 8300 2300 3492 8795 3981 6315 707 3847 5590 8514 4909 2692 0 6586 3201 2701 7244 5103 6171 5860 860 2912 4837 7981 4428 4313 4684 3401 5800 4652 4272 7212 4638 5130 6438
4924 1300 2163 7970 6216 1838 7249 4254 8500 9466 5249 6648 5604 2816 2475 6296 5643 1081 3214 7158 2785 2906 8286 5178 8626 1720 8653 8300 2600 4477 5800 5936 5124 3623 2340 5632 4414 6586 0 4904 7496 2915 6378 1220 894 6560 3828 5316 3104 5470 2707 2332 4304 3401 1941 6946 1897 5263 1486 7111
2280 5021 3257 4161 1843 6296 3275 7566 4604 5685 4085 2906 6212 2102 6791 6307 2600 5608 1702 3576 4579 3420 3894 728 6020 6413 4384 6500 6447 4981 7506 3001 728 2549 6184 1868 1000 3201 4904 0 2692 6800 6896 4002 4539 3811 3047 1711 5200 5936 2200 4114 600 5936 3420 2236 4742 1513 3512 3624
3324 7400 5600 4401 2729 8700 1969 9492 2801 3765 4882 3794 7242 4687 9119 7009 2968 8271 4295 4295 6551 6053 1649 2319 5069 9070 2184 6040 9138 6306 8798 3124 2860 5103 8876 3440 3106 2701 7496 2692 0 8994 7733 6676 7011 3560 4684 3546 7823 6962 4804 6251 3257 7816 5800 2061 7432 3397 6040 4414
5800 1920 3546 10484 8452 1216 8115 1414 9124 9895 5124 9126 4172 4830 728 5024 6406 3517 5189 9707 2501 5748 9303 6791 8409 3501 9533 7654 4925 3667 3584 6537 7249 6302 4751 8026 5990 7244 2915 6800 8994 0 4763 4060 2549 6865 4400 7717 5961 4186 4788 2745 6238 1664 3401 9023 4785 7615 3522 9683
4720 5124 5008 11045 8713 5642 6020 3940 6390 6726 2906 9799 800 6040 5440 761 4808 7404 6140 10469 3634 8130 7158 6407 4601 7762 7117 3436 8956 2121 1649 4609 7605 8080 8709 8720 5905 5103 6378 6896 7733 4763 0 6917 5510 4304 3956 8499 9225 1019 6118 4210 6621 3224 5100 8840 8050 8319 5700 10511
4527 2236 2061 6777 5124 3047 6711 5333 8021 9042 5277 5470 6120 2059 3679 6708 5240 1612 2416 5961 3300 1697 7647 4401 8500 2418 8062 8364 2624 4866 6592 5586 4104 2416 2343 4491 3711 6171 1220 4002 6676 4060 6917 0 1615 6303 3721 4177 2308 5941 1923 2707 3420 4244 1896 5900 1170 4143 1264 5908
4215 640 1456 7975 6040 1772 6578 3744 7787 8723 4386 6624 4729 2451 2325 5408 4924 1972 2844 7186 1897 3244 7664 4701 7783 2545 8000 7420 3492 3584 5024 5188 4876 3753 3231 5546 3905 5860 894 4539 7011 2549 5510 1615 0 5768 3023 5232 3820 4588 2376 1442 3945 2647 1236 6693 2607 5147 1044 7156
1835 5859 4404 7500 5277 7038 1720 6900 2300 3036 1800 6477 3956 4410 7242 3551 1236 7592 4205 7119 4427 6618 2863 3101 2284 8280 2886 2716 8909 3401 5597 824 4501 6040 8627 5603 3132 860 6560 3811 3560 6865 4304 6303 5768 0 2745 5500 8268 3700 4548 4472 3904 5333 4622 5092 7402 5300 5166 7200
1403 3138 1702 7200 4890 4368 3733 4808 4837 5727 1581 5907 3220 2202 4652 3471 2022 4879 2220 6573 1902 4455 4909 2720 4816 5544 5162 4651 6262 1941 4459 2213 3720 4210 5981 4801 2051 2912 3828 3047 4684 4400 3956 3721 3023 2745 0 4565 5887 2954 2308 1772 2692 3132 1910 5185 4876 4390 2500 6603
3981 5817 4263 2780 1044 6985 4743 8682 6000 7068 5756 1421 7782 2920 7557 7947 4304 5731 2617 2051 5798 2927 5077 2400 7665 6519 5608 8202 6165 6500 8962 4701 1000 1910 5941 316 2624 4837 5316 1711 3546 7717 8499 4177 5232 5500 4565 0 4554 7513 2941 5240 1878 7144 4360 1931 4509 200 4205 2061
6435 4373 4317 6503 5597 4785 8345 7338 9689 10756 7467 5433 8428 3858 5412 9009 7102 2523 4080 5700 5603 1780 9090 5805 10530 2973 9567 10530 1897 7170 8844 7488 4973 2729 1788 4808 5315 7981 3104 5200 7823 5961 9225 2308 3820 8268 5887 4554 0 8249 3721 5015 4742 6462 4177 6484 1216 4623 3551 5600
3820 4254 4001 10095 7766 4920 5371 3640 5922 6407 2080 8832 282 5021 4807 860 4000 6519 5124 9501 2692 7117 6555 5481 4491 6931 6580 3534 8065 1104 1897 3858 6637 7060 7810 7741 4939 4428 5470 5936 6962 4186 1019 5941 4588 3700 2954 7513 8249 0 5099 3238 5635 2545 4101 7939 7085 7335 4709 9538
2720 2915 1345 5720 3676 4148 4801 5748 6122 7158 3863 4360 5336 141 4681 5721 3405 3478 509 4967 2941 2158 5723 2500 6809 4272 6140 6862 4522 4002 6260 3780 2500 1964 4243 3244 1788 4313 2707 2200 4804 4788 6118 1923 2376 4548 2308 2941 3721 5099 0 2343 1600 4251 1421 4317 2900 2830 1334 4957
3125 1389 1000 8013 5852 2596 5491 3466 6608 7484 2973 6660 3413 2334 2906 4026 3785 3413 2624 7286 632 4026 6647 4052 6389 3969 6922 5981 4919 2184 4015 3984 4632 4205 4651 5530 3257 4684 2332 4114 6251 2745 4210 2707 1442 4472 1772 5240 5015 3238 2343 0 3584 1910 984 6350 3847 5107 1513 7283
2200 4438 2692 4534 2280 5707 3623 7049 4967 6043 3905 3220 5905 1503 6209 6074 2668 5021 1104 3883 4080 2969 4360 1063 6168 5824 4827 6527 5903 4632 7121 3080 1063 2195 5636 2109 800 3401 4304 600 3257 6238 6621 3420 3945 3904 2692 1878 4742 5635 1600 3584 0 5440 2846 2785 4205 1700 2915 3911
4512 2102 2906 9915 7720 2418 6711 1676 7623 8336 3551 8563 2561 4244 2262 3397 5035 4328 4527 9193 1360 5777 7922 5769 6762 4588 8100 5990 5869 2024 2400 5103 6500 6074 5643 7433 5011 5800 3401 5936 7816 1664 3224 4244 2647 5333 3132 7144 6462 2545 4251 1910 5440 0 2860 8163 5246 7009 3264 9192
2996 1612 223 7140 5052 2906 5348 4327 6573 7529 3413 5780 4301 1442 3373 4837 3711 2973 1788 6388 1615 3059 6428 3505 6726 3661 6767 6500 4360 3006 4997 3996 3848 3224 4080 4661 2701 4652 1941 3420 5800 3401 5100 1896 1236 4622 1910 4360 4177 4101 1421 984 2846 2860 0 5630 3067 4243 632 6378
4123 7212 5477 2433 894 8464 3811 9800 4837 5824 5940 1746 8221 4244 8984 8184 4118 7500 3860 2236 6809 4826 3710 2475 6946 8302 4244 7762 8060 7071 9619 4428 1824 3807 7826 1700 3162 4272 6946 2236 2061 9023 8840 5900 6693 5092 5185 1931 6484 7939 4317 6350 2785 8163 5630 0 6378 1868 5651 2353
5597 3157 3231 6844 5531 3635 7683 6146 9013 10056 6440 5632 7256 3041 4272 7863 6296 1500 3342 6020 4418 1603 8544 5247 9626 2154 8987 9525 1708 6020 7631 6660 4684 2601 1456 4803 4640 7212 1897 4742 7432 4785 8050 1170 2607 7402 4876 4509 1216 7085 2900 3847 4205 5246 3066 6378 0 4527 2434 5943
3785 5724 4140 2906 1004 6907 4554 8560 5818 6887 5565 1555 7605 2801 7472 7762 4104 5714 2483 2202 5658 2960 4909 2200 7466 6506 5437 8002 6198 6328 8800 4501 800 1941 5968 424 2435 4638 5263 1513 3397 7615 8319 4143 5147 5300 4390 200 4623 7335 2830 5107 1700 7009 4243 1868 4527 0 4114 2220
3466 1612 806 6964 4997 2816 5769 4601 7032 8014 4030 5608 4901 1414 3361 5458 4187 2441 1811 6185 2137 2529 6800 3721 7310 3176 7169 7118 3764 3622 5508 4500 3832 2842 3482 4517 2942 5130 1486 3512 6040 3522 5700 1264 1044 5166 2500 4205 3551 4709 1334 1513 2915 3264 632 5651 2434 4114 0 6161
5887 7766 6296 905 1923 8868 6103 10705 7184 8177 7707 728 9811 4951 9466 9931 6087 7337 4669 141 7851 4368 6063 4205 9204 8077 6596 9913 7433 8543 11020 6453 2906 3492 7256 1802 4606 6438 7111 3624 4414 9683 10511 5908 7156 7200 6603 2061 5600 9538 4957 7283 3911 9192 6378 2353 5943 2220 6161 0
# set of given starting solutions
0 5 18 1 38 49 45 19 8 41 36 44 11 57 48 31 21 24 14 35 23 10 13 34 42 7 39 46 16 20 54 58 27 37 52 59 53 56 50 33 4 2 6 3 43 40 12 51 25 30 22 55 26 47 17 28 32 15 9 29 0
0 34 31 57 10 38 32 53 54 35 6 56 48 12 58 45 36 59 11 18 44 19 40 2 30 16 42 5 8 55 50 4 14 17 47 41 46 7 1 49 26 29 22 21 28 24 15 9 52 43 3 27 51 25 39 23 13 20 37 33 0
0 37 47 33 28 49 48 6 24 38 27 21 54 44 12 22 30 52 34 56 26 39 1 59 45 36 18 53 51 40 35 42 14 23 43 55 58 20 17 41 4 13 2 25 9 46 50 29 19 8 10 3 57 11 7 15 31 16 32 5 0
0 34 43 1 57 4 26 32 40 58 35 30 47 53 11 33 20 23 13 15 37 44 46 50 12 9 5 49 10 29 8 55 18 54 41 27 28 51 36 3 48 2 16 56 24 7 6 42 22 45 31 25 17 59 39 21 52 14 38 19 0
0 34 47 22 28 46 6 24 58 29 44 14 35 57 43 40 10 52 3 41 26 7 1 31 33 54 27 37 32 15 49 56 21 45 18 25 17 13 23 19 11 9 2 20 53 59 38 51 8 12 42 50 4 30 48 16 5 39 36 55 0
0 38 52 29 49 9 41 40 16 15 42 45 6 1 2 36 46 10 43 55 50 27 4 58 37 22 44 47 14 56 7 23 30 25 59 51 35 17 31 53 33 8 26 5 20 57 54 48 28 19 32 13 39 12 11 18 24 34 3 21 0
0 51 57 42 25 47 33 34 17 16 2 43 50 38 7 20 29 35 11 3 27 36 18 13 37 24 8 41 23 52 22 48 58 44 53 40 26 1 5 39 30 32 12 14 4 28 21 46 10 6 59 9 31 49 54 19 15 55 56 45 0
0 32 19 26 43 41 42 47 3 20 1 36 24 12 50 33 48 30 11 16 49 54 46 9 34 23 44 58 10 5 8 45 59 57 4 13 39 27 29 38 37 7 55 28 6 51 21 22 18 25 15 17 53 14 31 56 2 40 52 35 0
0 42 44 29 10 26 20 5 47 38 8 31 58 2 3 1 49 28 36 6 14 7 4 39 35 15 12 25 52 54 34 23 46 17 30 37 56 48 22 57 43 33 11 21 53 45 18 16 19 32 50 9 59 13 24 55 41 51 27 40 0
0 26 43 46 9 17 25 24 14 13 57 54 31 36 40 41 32 18 19 42 45 6 35 39 52 55 51 7 20 4 22 2 56 48 44 1 10 53 33 27 16 38 3 5 23 47 8 30 37 50 28 59 15 34 58 49 12 29 21 11 0
0 25 53 39 11 42 33 16 47 34 9 31 54 26 50 8 23 55 57 40 19 32 35 38 17 6 46 4 29 21 27 13 10 52 12 36 1 18 59 41 15 44 45 7 37 49 5 43 30 14 51 56 22 48 24 20 3 28 2 58 0
0 13 9 42 45 6 55 37 2 19 35 21 48 31 16 57 12 50 17 14 25 18 46 24 15 54 22 5 3 52 47 26 23 44 28 30 33 11 58 36 4 1 27 53 10 49 41 51 40 34 59 8 29 43 39 32 38 20 7 56 0
0 26 4 42 13 17 39 51 21 15 43 9 10 5 32 1 14 52 25 35 12 48 16 46 31 2 49 8 45 34 38 3 56 27 23 29 53 24 33 50 36 55 7 22 37 18 28 44 54 30 11 59 40 6 20 19 41 47 57 58 0
0 3 37 31 55 26 58 41 50 6 32 51 7 39 23 53 21 11 33 25 29 18 35 17 9 47 2 54 56 10 13 45 30 48 24 28 36 34 8 57 46 27 16 4 20 12 40 49 19 14 15 38 5 1 22 59 43 42 52 44 0
0 12 47 46 22 40 34 6 35 1 50 52 31 11 13 38 59 48 7 24 15 54 10 27 56 3 57 18 49 5 58 8 30 39 43 9 23 19 16 33 53 41 14 4 42 44 45 36 25 17 26 28 21 2 55 32 37 20 29 51 0
0 53 57 55 34 11 4 54 49 3 2 21 56 19 38 23 41 43 59 52 51 45 58 24 25 29 40 27 50 37 30 6 9 20 14 48 22 35 47 39 1 28 26 31 16 44 15 42 17 12 13 46 5 32 7 36 8 10 18 33 0
0 53 3 15 27 58 59 57 52 28 33 54 51 10 16 24 32 41 37 9 6 40 44 48 5 47 30 50 8 21 46 18 13 25 4 1 29 35 49 22 55 7 39 12 43 34 31 19 14 56 36 20 11 45 38 42 2 17 26 23 0
0 12 40 43 34 22 31 23 2 47 50 27 13 46 57 6 14 18 35 32 37 33 52 38 29 28 4 49 48 44 19 11 17 55 10 54 51 1 36 24 16 42 56 25 58 45 5 3 53 41 39 59 20 7 26 15 30 8 21 9 0
0 22 40 12 5 23 15 41 54 33 39 29 24 27 7 21 32 51 49 1 18 8 37 57 52 31 38 4 11 2 46 13 16 30 17 55 44 25 3 47 34 9 42 58 48 43 59 6 45 56 28 19 36 50 26 14 53 10 20 35 0
0 20 14 35 22 3 53 9 27 16 42 26 56 13 23 12 55 28 31 30 38 45 50 48 2 59 29 49 19 41 15 25 43 36 54 33 7 1 21 32 4 34 57 37 58 5 17 47 51 11 24 8 44 52 39 10 40 46 6 18 0
0 17 18 24 8 53 46 49 58 38 16 3 51 34 40 13 22 36 43 26 30 1 14 41 48 23 50 52 15 28 44 11 20 7 29 31 6 21 39 47 33 10 2 57 59 4 56 5 27 42 35 37 55 9 19 25 32 45 12 54 0
0 24 21 7 9 11 4 2 37 44 28 12 18 35 34 8 55 19 3 20 26 27 14 33 57 30 13 17 1 6 25 22 10 43 5 52 46 16 54 58 32 23 42 51 15 41 38 45 47 59 50 40 53 36 48 49 29 31 56 39 0
0 27 9 58 23 41 37 5 42 1 30 6 10 12 52 48 11 13 15 39 34 50 29 22 31 43 38 57 24 40 25 59 47 49 51 2 19 45 17 55 7 46 36 53 14 32 8 28 20 3 54 33 16 56 4 21 26 18 35 44 0
0 21 37 48 32 12 52 34 14 57 20 19 42 56 28 24 10 3 15 2 59 22 50 25 46 6 49 29 39 13 36 18 43 40 11 44 41 26 51 7 27 58 16 54 53 8 55 4 23 33 31 17 38 47 5 45 1 35 30 9 0
0 10 20 46 47 33 14 23 25 29 43 1 53 36 24 5 39 28 26 42 38 31 7 34 8 54 41 13 59 58 6 30 57 19 35 45 22 12 52 17 32 51 56 55 44 11 50 37 4 21 18 49 3 27 16 9 15 40 2 48 0
0 14 25 56 53 47 49 5 44 33 18 12 23 17 40 36 50 38 37 16 43 31 54 1 4 8 10 48 30 55 27 21 52 42 35 19 41 34 58 32 45 59 22 51 13 3 2 20 24 6 7 26 28 11 39 46 29 9 57 15 0
0 7 3 37 36 56 1 23 30 40 29 21 34 6 26 54 55 13 18 15 9 46 19 20 28 45 51 39 31 14 16 49 38 43 17 35 47 53 4 8 2 50 41 57 5 12 48 33 11 42 27 24 44 22 32 10 25 58 59 52 0
0 34 4 18 43 31 58 14 13 16 8 22 45 9 56 23 41 25 24 3 55 42 17 30 32 12 47 11 20 49 5 2 38 26 1 21 39 29 53 50 46 52 37 36 10 57 54 15 44 33 40 28 6 19 48 35 7 59 51 27 0
0 37 35 17 9 19 26 47 58 43 15 8 13 55 57 50 23 7 12 1 10 32 41 40 24 4 59 20 14 22 6 21 46 44 30 54 38 11 51 18 5 27 2 34 29 52 33 39 48 36 56 28 25 3 45 31 16 42 53 49 0
0 56 18 20 7 59 58 38 26 15 42 39 23 16 40 30 33 29 3 52 13 54 22 45 2 46 43 5 36 21 53 44 17 49 50 14 51 1 24 55 11 12 37 31 57 27 47 32 25 19 4 10 6 41 34 28 48 9 35 8 0
0 12 41 5 34 13 38 18 42 17 16 4 23 8 49 59 48 9 10 53 54 19 20 50 52 33 22 43 39 32 40 56 46 30 14 45 44 37 27 15 3 57 28 6 26 47 21 29 11 24 51 36 7 2 55 35 31 25 58 1 0
0 44 51 58 40 15 26 55 35 29 16 21 54 43 30 48 13 49 19 12 8 41 56 38 39 22 2 31 42 9 23 46 59 20 18 53 36 32 6 25 7 28 57 24 4 33 45 37 5 27 11 1 52 34 10 14 50 47 17 3 0
0 1 5 17 42 45 32 23 57 4 51 22 9 25 56 58 31 41 36 24 19 6 37 40 7 10 49 54 34 38 39 53 20 52 28 29 3 11 21 50 33 12 15 46 2 30 26 16 48 55 44 14 43 27 8 18 35 47 13 59 0
0 7 37 47 22 18 50 56 14 32 28 24 9 46 6 31 16 53 26 11 58 40 3 15 35 10 12 25 41 34 8 2 29 30 36 54 23 51 19 44 59 43 21 4 49 17 57 1 55 45 52 48 20 5 27 42 13 33 38 39 0
0 38 3 31 35 39 51 5 15 12 57 4 7 26 13 46 59 40 16 28 45 9 58 25 53 34 54 23 49 24 43 30 48 11 6 47 52 37 29 32 44 1 10 50 19 2 27 56 14 17 20 42 33 22 55 21 41 36 18 8 0
0 7 6 5 47 9 50 56 26 49 15 37 45 27 41 59 28 3 31 2 23 14 21 19 1 57 54 24 17 22 11 43 52 33 38 8 13 51 20 34 25 12 55 58 40 46 29 30 18 42 32 16 44 48 39 36 10 35 53 4 0
0 8 48 29 49 3 37 39 54 16 20 15 27 26 12 7 4 44 14 34 31 46 40 6 32 33 41 35 36 45 58 17 11 28 53 42 23 43 2 57 59 25 30 47 21 56 52 50 13 10 18 51 5 22 19 1 38 9 24 55 0
0 50 26 11 3 31 7 41 35 55 17 43 49 48 23 52 15 45 28 27 36 24 30 42 33 56 44 32 34 40 22 59 13 20 14 1 5 21 54 18 58 2 16 37 29 19 39 53 8 47 38 10 4 9 46 51 12 57 25 6 0
0 9 58 12 50 31 47 24 20 52 39 17 36 32 25 1 38 8 7 59 21 2 51 57 43 19 30 40 29 4 33 23 46 18 5 55 15 13 22 44 54 41 27 35 26 37 42 56 53 34 16 48 10 49 3 11 14 45 28 6 0
0 57 44 16 40 45 25 13 38 14 46 47 23 26 55 35 3 15 52 7 36 28 37 4 58 20 51 11 39 2 31 6 50 22 53 41 9 27 18 29 8 42 54 5 1 19 34 17 33 21 48 56 12 49 10 32 43 59 30 24 0
0 43 9 7 38 33 56 16 3 19 11 29 54 28 45 58 4 13 52 42 30 6 49 10 57 15 26 27 36 21 40 17 41 20 18 59 39 44 35 24 5 14 2 8 12 1 22 23 48 31 47 50 34 53 32 51 46 25 37 55 0
0 3 59 24 41 36 32 8 45 21 57 22 46 29 13 47 6 31 33 42 40 10 1 55 19 49 12 7 25 20 27 58 54 30 39 4 14 5 48 35 11 23 18 56 26 16 15 53 51 38 17 50 44 2 9 43 52 28 37 34 0
0 49 15 1 36 27 35 39 28 44 31 50 57 22 19 4 16 23 18 13 52 51 3 29 32 10 56 42 40 37 55 8 59 2 5 17 7 54 30 11 47 34 48 6 24 33 45 25 21 9 43 58 14 46 12 20 38 26 41 53 0
0 38 55 45 32 14 43 52 49 19 11 15 41 50 13 24 26 39 59 1 20 27 9 23 53 56 30 57 21 34 37 29 17 36 10 48 5 51 44 16 33 47 40 4 25 12 2 3 28 22 58 18 8 54 7 6 35 31 42 46 0
0 20 52 29 8 37 41 26 44 51 31 53 19 17 56 36 30 43 32 39 33 45 57 50 34 27 6 55 2 25 13 47 58 59 24 54 16 9 7 35 14 21 28 12 5 22 46 38 48 49 3 18 23 1 10 42 15 11 4 40 0
0 55 38 48 2 15 33 14 30 24 21 36 32 59 43 3 44 53 46 13 54 29 9 39 25 12 1 18 7 16 58 40 52 20 5 17 37 42 41 51 10 4 47 31 27 11 34 22 8 23 56 28 6 26 35 45 49 19 57 50 0
0 2 17 58 29 10 54 40 24 11 3 51 47 36 15 46 22 39 55 4 31 52 30 37 27 53 19 7 33 28 44 38 8 49 35 6 45 42 13 1 25 59 16 18 50 9 57 48 23 32 34 12 56 43 21 26 5 20 41 14 0
0 43 53 55 45 32 4 29 35 14 1 57 20 5 52 25 40 56 2 33 48 58 16 49 44 21 59 30 47 9 36 46 6 54 31 42 13 8 17 24 27 12 37 11 7 28 41 22 26 23 15 39 38 18 34 3 10 19 50 51 0
0 35 55 48 26 20 54 29 23 56 42 45 11 4 34 8 27 32 2 22 39 50 6 19 15 16 43 41 51 1 9 53 14 52 17 24 3 59 40 7 44 36 38 25 30 33 46 18 10 47 28 13 5 31 57 49 21 58 37 12 0
0 18 21 29 59 28 36 42 34 53 8 55 31 23 20 57 1 47 54 37 25 6 38 49 35 33 43 51 58 27 30 50 17 45 12 14 2 46 48 16 7 40 24 19 11 5 39 13 32 10 26 3 22 56 44 15 9 52 41 4 0
0 33 55 57 23 10 49 22 12 54 46 19 9 39 13 35 24 41 11 52 45 44 14 53 20 36 28 48 29 37 43 30 25 50 47 34 56 16 27 5 8 2 51 59 3 7 40 18 21 38 17 6 58 1 26 31 15 32 42 4 0
0 36 53 32 19 37 33 27 2 57 26 7 50 47 10 54 42 40 20 41 18 48 58 16 4 21 35 52 55 29 59 6 46 1 12 49 22 8 3 23 44 28 9 34 14 25 5 13 17 30 43 45 24 31 11 56 15 39 51 38 0
0 55 7 46 35 50 36 23 5 40 45 22 39 56 58 15 8 10 17 25 31 21 12 24 4 27 53 14 20 19 6 11 49 29 9 54 28 48 51 13 18 16 34 59 38 33 43 57 2 47 26 37 30 44 41 1 52 32 42 3 0
0 26 39 3 4 10 34 11 35 48 59 28 46 56 42 57 13 18 38 32 1 44 5 52 40 9 31 55 47 50 29 2 45 49 27 43 8 16 23 53 54 24 7 22 21 15 20 51 41 33 58 36 12 17 19 6 37 25 14 30 0
0 47 16 18 37 59 53 44 12 24 19 30 9 14 32 33 13 4 10 46 40 31 5 41 38 6 42 7 45 11 55 25 43 52 8 57 2 28 23 39 27 35 36 29 1 3 49 21 15 50 58 51 54 26 22 56 17 34 48 20 0
0 38 19 54 32 17 29 47 8 52 10 53 16 18 1 25 48 22 30 35 5 2 33 11 37 57 24 36 58 20 44 26 13 56 21 6 59 46 7 23 34 14 3 49 43 27 15 9 55 51 50 42 4 12 45 40 39 41 28 31 0
0 42 56 15 12 48 52 40 18 10 24 5 23 22 41 32 54 34 57 51 20 47 46 21 27 38 6 7 3 25 33 31 4 19 13 43 29 58 35 9 59 8 49 53 2 39 37 26 17 44 11 36 30 50 55 1 45 14 16 28 0
0 32 16 27 53 54 34 7 50 19 31 2 21 23 1 43 35 5 28 13 42 33 8 14 12 10 22 30 20 52 41 55 57 56 9 39 47 17 38 26 6 36 29 15 51 45 25 3 44 40 48 18 46 58 49 24 4 59 37 11 0
0 59 21 37 53 10 54 16 32 26 35 14 24 34 13 42 36 25 12 40 58 43 57 4 41 19 29 51 18 15 48 5 9 49 23 20 33 47 1 39 44 11 56 22 55 46 31 45 52 28 7 3 50 27 17 30 38 2 6 8 0
0 35 54 42 15 49 18 17 5 48 50 37 29 1 30 21 46 51 47 36 40 26 41 8 55 33 23 57 20 28 13 14 34 6 22 58 11 4 25 24 32 52 44 53 43 45 39 3 38 16 2 27 59 9 10 7 12 19 31 56 0
0 5 15 3 17 34 16 9 40 39 14 2 4 46 20 52 6 54 23 12 37 22 10 49 48 47 45 43 28 38 11 19 8 36 50 31 25 35 33 26 32 24 27 1 55 51 41 57 30 18 21 58 44 29 53 42 59 56 7 13 0
0 53 32 35 37 29 1 28 24 20 30 56 21 39 17 58 55 9 18 15 4 23 8 59 41 48 36 16 49 45 34 25 46 6 5 2 42 40 33 47 22 19 44 13 3 52 51 54 12 27 10 11 38 43 31 57 7 14 50 26 0
0 5 13 12 21 44 14 57 22 18 49 38 50 59 46 54 47 32 27 17 7 30 6 52 39 4 10 15 24 43 2 1 20 9 8 29 40 11 51 53 33 55 31 37 41 19 58 35 25 3 23 45 28 16 34 48 56 42 26 36 0
0 40 39 37 34 51 44 38 59 47 2 32 49 43 54 42 45 36 22 14 13 23 4 6 3 48 28 56 25 11 10 12 31 5 41 50 21 1 58 19 29 46 15 55 18 24 20 26 17 33 16 52 53 27 30 35 9 57 8 7 0
0 26 39 18 51 16 23 6 2 8 19 59 31 15 11 20 25 55 45 27 22 52 10 13 17 4 50 53 38 24 1 42 56 46 9 58 37 41 14 5 34 12 49 3 54 57 28 33 47 48 29 21 35 32 36 7 44 30 43 40 0
0 12 15 30 52 31 17 42 51 29 38 46 40 8 45 43 11 34 28 24 47 41 1 39 21 35 58 49 32 16 54 9 59 14 4 48 6 36 50 19 10 53 20 56 33 3 25 18 5 13 2 44 57 27 22 37 7 55 23 26 0
0 44 5 15 24 46 2 17 8 34 11 4 20 13 59 42 37 48 58 28 1 16 29 39 55 56 50 57 18 41 12 51 21 43 25 19 22 14 6 45 35 32 47 38 33 30 54 3 53 36 31 40 9 23 49 7 26 10 27 52 0
0 29 17 15 37 32 51 22 2 46 23 53 18 47 41 9 26 44 57 25 11 38 31 39 3 7 16 5 20 56 36 58 42 50 1 34 13 4 49 10 35 12 14 28 54 24 30 33 27 43 52 59 55 40 6 48 45 8 21 19 0
0 10 51 4 44 43 53 3 35 29 32 41 8 40 7 5 30 37 33 59 20 2 36 11 45 1 28 38 57 27 58 49 6 17 26 22 18 24 23 16 39 9 12 47 54 19 55 25 14 46 13 56 15 50 31 34 52 21 42 48 0
0 37 50 48 7 5 6 21 18 58 30 53 16 22 27 34 31 46 14 33 40 10 13 11 52 19 57 1 28 23 41 35 15 39 49 29 20 25 43 36 44 55 59 45 51 17 3 24 38 8 9 4 26 32 54 42 12 2 56 47 0
0 6 22 8 9 3 45 39 59 32 35 2 10 18 20 40 17 26 31 50 14 57 58 54 16 37 27 15 33 7 12 29 13 48 30 49 23 46 21 1 28 42 5 38 56 41 51 11 53 25 44 43 52 36 47 24 34 4 55 19 0
0 16 29 50 44 34 52 26 25 4 9 15 21 22 24 48 18 59 53 14 13 38 5 20 10 58 49 17 8 45 46 7 42 3 36 40 41 6 55 54 37 57 27 35 12 56 19 47 28 23 30 51 31 39 43 32 2 1 11 33 0
0 23 32 1 8 59 26 3 30 37 48 7 56 2 27 43 13 9 53 57 45 16 17 38 11 51 52 39 14 34 20 41 33 18 54 10 28 19 4 36 47 5 12 31 29 49 6 50 42 55 58 40 46 35 21 24 15 25 22 44 0
0 8 19 21 11 10 33 49 55 37 14 46 51 42 47 23 3 52 30 22 39 35 43 45 4 18 41 29 1 34 13 59 32 20 15 56 24 17 50 27 44 12 38 9 5 54 25 6 57 28 58 31 16 7 36 40 26 48 53 2 0
0 50 57 30 48 6 39 10 47 52 43 4 56 13 51 27 21 45 26 38 37 28 49 40 5 2 1 36 20 54 25 12 58 17 15 9 42 16 23 24 18 46 14 53 8 19 3 59 44 55 31 11 33 22 41 34 29 32 35 7 0
0 2 39 23 22 43 20 35 3 31 58 18 49 6 25 29 26 7 28 42 52 1 50 14 56 44 12 10 55 17 32 40 27 38 45 34 54 4 47 16 5 19 51 8 30 15 59 41 57 37 46 13 21 24 36 53 9 48 11 33 0
0 52 43 53 21 6 48 2 28 38 22 25 29 10 59 46 30 32 36 16 42 57 19 55 23 17 26 37 54 14 39 7 51 1 8 27 11 5 31 40 41 4 44 35 33 12 3 13 49 47 15 50 9 34 18 45 20 56 24 58 0
0 30 49 13 23 11 42 26 40 15 57 21 36 54 32 44 43 19 37 38 52 27 53 58 56 51 10 2 47 50 28 45 29 14 55 16 4 59 6 17 25 46 48 3 7 8 5 24 31 35 39 41 1 33 9 20 18 34 22 12 0
0 2 5 52 47 51 34 50 21 17 57 19 30 9 39 18 33 48 25 6 29 12 13 36 24 27 44 28 16 15 49 41 20 54 4 7 40 14 59 37 22 3 45 35 56 1 32 46 58 43 53 23 8 38 31 55 10 26 11 42 0
0 9 22 45 34 25 4 23 33 11 13 44 47 32 10 3 41 50 21 31 6 37 46 54 36 1 52 24 43 14 28 18 38 49 26 48 55 8 27 17 35 51 19 58 42 29 2 59 7 39 56 16 15 30 57 20 53 40 5 12 0
0 33 25 59 27 7 24 39 1 40 16 44 41 38 8 50 32 3 53 36 12 57 47 4 43 19 45 18 49 13 30 28 55 52 6 15 48 29 46 58 11 51 23 17 2 5 26 54 37 9 35 10 21 22 20 34 14 31 56 42 0
0 1 37 41 15 17 7 53 9 8 35 26 39 59 27 28 52 5 50 12 2 6 10 34 49 24 38 51 25 58 31 22 4 21 44 45 54 14 47 18 23 16 20 29 36 13 57 3 30 32 11 33 40 48 19 46 56 43 55 42 0
0 47 3 1 39 2 22 49 18 55 43 8 56 4 15 12 42 32 7 58 14 59 25 26 21 5 38 54 35 33 31 34 6 30 28 20 9 24 53 48 10 27 40 37 46 41 50 52 45 11 19 13 17 44 36 29 51 23 57 16 0
0 32 2 41 15 11 21 48 1 47 7 50 12 36 5 24 42 39 54 56 33 37 51 28 17 4 20 57 25 14 16 59 29 55 46 27 35 34 53 58 26 30 43 23 13 6 44 22 19 18 52 45 3 31 49 38 9 10 8 40 0
0 18 31 47 35 28 12 38 32 52 1 22 26 15 37 5 53 20 36 30 54 44 50 25 48 2 57 3 55 59 45 16 6 4 11 46 27 41 10 34 24 14 39 7 58 49 8 51 19 13 17 9 40 33 56 23 42 29 21 43 0
0 54 32 31 4 41 59 8 35 40 43 10 2 20 6 12 15 47 48 39 5 45 11 44 50 26 37 36 33 58 51 21 1 18 56 34 53 16 55 27 3 24 13 42 30 49 7 38 57 22 19 14 23 17 29 52 9 46 28 25 0
0 10 30 26 52 29 53 3 7 47 4 44 12 46 5 9 50 54 35 22 33 31 39 27 55 21 58 37 13 16 6 19 42 15 32 1 11 40 25 28 8 41 20 48 56 38 14 49 36 18 45 24 43 2 51 17 59 23 34 57 0
0 4 39 2 13 9 40 15 28 29 58 43 55 3 53 37 8 23 57 20 33 30 41 49 45 34 48 16 44 17 5 51 24 14 12 21 10 25 6 18 47 11 22 27 36 59 7 54 52 56 35 42 19 26 46 1 50 38 31 32 0
0 9 26 57 18 39 22 4 44 11 56 14 36 10 38 45 49 52 21 19 42 7 23 55 48 47 46 40 43 15 53 8 41 51 25 5 29 54 2 28 24 1 37 35 34 3 12 13 59 16 20 30 32 50 27 58 31 17 33 6 0
0 31 4 52 12 1 54 43 29 28 24 44 17 33 6 8 22 49 18 5 14 21 3 50 19 32 47 11 16 39 42 10 30 20 34 15 53 59 25 7 26 57 41 46 56 55 40 58 37 9 51 35 2 38 48 13 23 27 45 36 0
0 36 34 40 27 41 21 17 54 24 43 19 13 45 53 46 33 58 59 12 39 16 15 51 2 49 31 47 20 48 10 7 44 30 28 3 9 23 22 29 14 52 11 55 32 26 18 56 50 6 5 42 25 1 57 4 35 38 37 8 0
0 53 43 23 15 34 24 44 54 5 9 48 50 30 21 55 32 47 31 6 56 13 33 20 35 28 16 25 49 29 11 42 10 18 22 3 36 7 40 39 59 37 38 51 41 26 8 4 17 45 19 58 27 14 12 52 57 1 2 46 0
0 56 9 41 17 54 22 11 40 21 29 50 38 39 46 13 5 23 4 51 1 27 47 26 7 6 18 12 8 10 53 49 45 35 44 33 25 14 31 55 28 43 32 59 2 42 37 20 19 24 30 57 52 16 36 58 3 48 15 34 0
0 44 3 46 51 32 9 36 49 57 45 10 4 34 52 42 21 17 59 24 11 25 33 20 41 39 40 43 48 2 13 22 54 47 23 58 26 1 5 35 18 28 50 37 6 55 38 56 7 27 8 14 15 29 31 30 53 12 19 16 0
0 13 37 5 7 50 56 32 25 36 1 19 31 8 57 52 58 9 29 54 28 46 41 20 12 45 4 34 17 38 51 10 24 2 23 59 30 16 14 6 35 22 43 55 42 27 40 53 33 15 18 44 21 39 11 3 49 47 26 48 0
0 21 11 4 26 3 51 12 57 47 35 48 42 34 36 30 41 39 53 33 43 40 7 18 1 46 27 20 15 58 24 49 55 29 8 56 10 38 44 19 17 31 14 37 13 54 6 16 25 22 50 45 23 2 32 59 5 52 28 9 0
0 57 31 5 23 55 37 4 36 10 7 20 6 17 2 26 24 21 1 35 45 44 11 33 50 39 34 27 46 49 54 32 15 51 19 56 13 12 48 41 14 18 43 29 9 16 59 28 58 38 25 52 47 3 8 30 40 53 42 22 0
0 14 4 32 34 57 54 11 20 43 15 12 25 48 46 42 24 55 38 47 8 19 13 40 45 35 39 30 18 17 33 5 49 41 9 2 1 44 51 59 53 10 50 6 52 58 23 29 56 21 22 3 16 37 36 31 26 27 7 28 0
0 56 54 6 34 53 41 37 4 39 20 7 57 19 49 27 12 9 1 26 36 16 55 29 32 24 59 43 28 50 23 8 22 25 15 13 45 38 47 5 44 2 58 31 14 40 42 18 35 33 11 46 52 3 48 30 17 21 51 10 0
0 36 35 24 33 20 44 25 30 6 39 42 40 17 18 51 2 7 3 48 28 37 41 19 49 15 1 29 45 38 9 54 59 47 23 5 21 50 11 53 27 43 57 4 52 8 16 10 55 31 58 32 46 12 26 13 22 34 56 14 0
0 30 26 52 31 57 48 36 21 27 18 11 13 17 40 12 8 39 59 51 46 20 56 3 47 16 35 1 55 6 45 23 54 38 32 37 25 9 34 22 24 44 4 43 58 15 2 10 14 49 33 19 42 28 50 53 29 5 7 41 0
0 40 1 36 22 23 16 24 28 34 10 21 38 5 29 50 41 49 7 9 14 57 54 58 17 30 52 25 46 39 53 43 15 45 51 33 37 6 35 42 11 44 8 18 32 56 59 3 55 13 19 4 2 27 20 26 31 12 48 47 0
0 25 56 58 16 8 23 29 7 1 59 3 53 19 54 31 28 21 50 38 24 42 11 37 36 9 15 41 48 10 51 45 20 13 40 22 47 57 55 44 12 18 49 27 32 6 39 14 34 4 2 43 46 52 30 5 17 26 33 35 0
0 7 12 58 11 3 54 10 52 42 47 40 55 6 57 39 15 19 51 25 1 22 30 2 32 59 5 23 29 8 20 9 44 36 50 33 49 34 41 13 48 56 31 38 45 21 16 28 18 53 43 35 46 37 17 27 24 26 4 14 0
0 7 26 4 5 33 34 46 14 57 43 31 3 27 10 6 18 52 41 56 9 50 35 2 11 12 32 30 13 53 39 24 22 40 38 54 23 25 37 47 29 59 19 21 28 20 48 36 1 16 58 55 42 44 15 8 17 45 51 49 0
0 2 38 58 4 57 46 52 59 34 37 25 39 30 35 10 22 24 41 42 17 55 56 31 19 53 18 54 23 9 28 8 6 1 5 3 43 11 45 16 49 48 47 26 29 33 12 7 13 36 44 27 51 20 21 14 32 15 40 50 0
0 20 58 6 10 13 29 50 37 36 11 21 32 1 30 19 57 15 44 51 47 45 53 12 4 55 22 26 35 34 46 16 43 23 42 56 27 14 31 38 28 8 3 40 33 9 54 49 39 59 48 7 41 52 24 2 18 17 25 5 0
0 57 4 47 14 1 9 52 25 59 6 49 28 8 18 17 46 26 11 13 16 5 36 34 54 32 44 56 48 38 45 58 41 22 43 20 33 15 24 53 31 40 51 27 23 39 30 19 3 10 55 2 37 50 7 12 35 29 21 42 0
0 32 22 26 34 17 4 6 46 47 45 33 13 41 55 12 42 5 11 20 59 21 52 50 57 27 36 35 1 58 39 29 51 18 2 28 25 10 8 56 49 43 3 14 24 53 40 19 48 7 54 15 37 30 44 9 31 23 16 38 0
0 32 13 42 25 33 45 46 5 7 20 34 30 11 29 17 58 21 39 53 41 37 15 43 47 26 52 24 51 23 10 12 2 9 8 40 14 35 54 6 19 4 36 59 44 16 18 3 50 49 22 1 56 55 28 38 57 48 31 27 0
0 50 7 17 34 35 57 3 25 16 38 23 26 55 49 53 10 19 6 15 27 59 12 22 5 30 13 46 9 31 58 29 40 20 32 36 43 51 39 2 11 42 28 8 52 21 47 41 48 44 54 1 4 56 45 37 33 24 18 14 0
0 44 56 24 29 19 2 54 18 21 3 1 38 14 39 6 25 8 41 17 11 55 33 36 30 10 31 23 59 16 15 51 58 37 57 20 42 4 50 40 48 27 53 35 22 46 28 32 52 26 34 49 5 43 7 12 47 13 9 45 0
0 34 24 47 5 4 3 2 54 27 15 43 28 29 18 45 36 56 6 40 52 46 51 59 35 55 10 49 25 21 31 38 1 26 53 39 42 7 30 12 44 23 41 37 11 22 20 32 17 57 58 50 8 16 13 9 19 48 33 14 0
0 38 35 47 9 14 2 53 45 16 33 23 49 24 52 30 28 46 6 59 56 48 36 7 29 8 32 57 31 44 41 22 40 15 12 18 20 5 17 37 27 25 1 10 58 42 21 39 19 26 50 34 51 43 55 13 3 54 11 4 0
0 12 33 32 35 40 5 43 15 50 2 44 49 45 21 39 55 1 31 51 34 29 25 47 53 23 46 59 11 30 58 38 14 37 28 16 22 8 13 52 20 10 7 9 36 18 54 24 6 3 27 41 26 19 4 57 42 48 56 17 0
0 1 21 37 40 31 39 10 59 23 8 28 9 45 48 17 24 19 42 33 32 22 46 5 38 15 56 20 29 11 7 3 25 43 34 47 50 58 36 54 30 27 4 53 55 14 49 13 26 44 51 2 16 6 35 41 57 18 52 12 0
0 34 24 30 53 4 22 16 26 14 6 15 29 42 52 45 47 49 51 33 43 58 37 25 19 8 57 11 40 13 44 46 18 39 2 7 23 9 54 41 55 28 38 21 36 10 17 31 35 59 12 56 1 27 3 5 48 50 20 32 0
0 42 57 24 11 9 5 23 37 59 21 39 3 26 6 35 4 29 32 28 53 17 18 46 40 52 50 38 16 54 14 58 1 19 56 15 12 43 45 47 20 2 27 25 55 49 34 7 51 44 36 41 33 10 48 30 13 31 8 22 0
0 23 24 42 5 17 10 11 26 16 43 27 14 37 40 6 54 22 41 30 51 55 38 36 47 4 3 19 49 48 32 15 29 2 44 50 59 52 34 58 18 33 20 13 57 28 8 56 25 9 46 53 12 1 39 7 45 31 21 35 0
0 38 48 59 3 34 21 53 28 39 33 51 45 46 58 49 37 32 41 12 35 1 26 56 17 57 9 15 13 4 19 31 22 24 20 14 50 42 5 2 36 7 43 54 16 25 52 40 30 23 10 6 47 55 11 18 27 44 8 29 0
0 1 42 19 41 22 58 39 20 27 15 40 59 3 44 12 50 7 49 26 13 29 30 4 18 35 53 9 55 46 43 25 23 45 56 8 51 21 34 11 38 10 6 31 14 33 32 24 16 5 52 17 48 37 2 54 36 47 57 28 0
0 52 15 21 44 51 19 25 59 22 8 50 39 46 1 47 34 58 54 10 31 35 28 27 43 17 57 6 16 55 12 5 9 45 24 36 4 7 41 40 32 14 30 38 2 29 42 33 48 18 3 26 56 37 53 13 11 20 23 49 0
0 12 54 22 29 45 27 1 23 19 6 38 46 37 5 31 39 30 18 59 16 41 10 28 24 17 8 26 36 57 21 3 34 58 15 14 53 33 9 50 49 44 7 4 47 43 2 56 25 51 55 32 52 20 48 13 40 35 42 11 0
0 4 16 30 18 36 29 24 47 15 28 17 2 33 35 13 14 52 5 44 23 25 40 3 11 27 46 26 10 43 8 12 19 37 7 58 9 41 56 55 21 39 42 50 48 22 6 1 54 38 32 57 31 53 59 51 49 45 34 20 0
0 24 12 30 29 32 17 7 33 8 40 3 39 50 13 31 22 27 43 5 26 20 35 58 23 42 2 10 11 36 57 6 37 14 47 45 59 18 9 51 25 48 49 4 19 16 21 46 41 52 44 34 28 56 53 1 38 55 15 54 0
0 3 17 36 37 39 13 21 30 52 56 31 12 16 22 55 35 47 28 19 14 38 53 34 7 57 32 58 54 2 23 20 41 18 6 46 15 29 8 44 45 25 5 48 43 1 4 40 11 50 9 59 42 24 49 33 51 26 10 27 0
0 28 34 4 11 40 17 51 10 3 30 24 43 35 47 42 18 15 21 50 14 53 54 9 45 31 36 37 12 56 59 55 52 29 2 49 1 8 38 16 7 57 58 20 13 46 39 25 6 27 41 5 23 33 26 32 48 44 19 22 0
0 42 26 15 37 21 9 14 59 47 16 43 19 11 1 56 28 31 20 34 8 32 22 49 23 50 44 12 6 51 10 3 40 39 48 30 2 52 18 54 55 24 25 45 33 53 38 4 36 7 46 41 35 29 57 17 58 5 13 27 0
