# n n_solutions
60 1000
# n x n distance matrix
0 5344 10632 4509 8809 4257 9835 8415 5780 6377 2640 6933 6964 7334 5375 9008 7337 4648 2300 4024 8736 9333 7117 8266 3220 4472 7851 8421 6536 8868 8005 3178 8485 4393 7463 4396 3000 4882 7433 8080 7971 6420 6711 948 9204 2785 1843 2640 3324 4275 1664 9831 6030 8014 4780 7244 4876 5261 6476 2823
5344 0 7510 1992 8598 6356 5824 10182 3400 3324 3000 2308 5547 5348 7049 9220 6129 7169 5147 1513 5707 5220 5371 3535 8002 5131 3847 4244 4518 9501 4404 5990 10340 2780 6171 948 2640 3324 7280 3832 9780 2300 2158 4396 8988 6181 6512 2745 7443 1204 4204 5756 3231 4501 583 8133 3889 6911 8102 4123
10632 7510 0 9452 5108 7902 2247 8485 4924 4492 8233 5308 3969 3397 7443 5900 3911 8431 8745 7543 1931 2731 3676 4588 11395 6645 3705 3471 4104 6606 3106 8627 8683 6355 3773 7907 9437 5770 5092 3847 8354 5215 5400 9929 5200 9190 10489 8579 10281 8401 8969 2385 4775 3014 7851 6580 5768 7408 7539 7848
4509 1992 9452 0 9980 6876 7816 11045 5000 5108 3061 4300 7088 7020 7779 10511 7653 7621 5197 2284 7605 7212 6985 5503 7592 5981 5824 6236 6139 10685 6350 6212 11180 3939 7720 1627 1529 4623 8586 5824 10615 4242 4148 3649 10386 6217 6087 2523 7316 1140 3981 7748 4936 6438 1603 9183 5099 7638 8919 4468
8809 8598 5108 9980 0 4729 6500 3420 5220 5517 7397 7359 3114 3560 3733 824 2545 4792 6512 7696 4648 6578 3397 7599 8102 4418 6296 6576 4177 1500 5643 5805 3613 6041 2549 8407 9176 5366 1431 6688 3361 6789 7283 8514 412 6356 7809 7955 6946 8856 7416 6621 5467 5507 8595 2000 4884 3794 3140 6239
4257 6356 7902 6876 4729 0 7984 4304 4219 4936 3820 6511 3940 4579 1118 4809 4031 824 2024 4924 6313 7684 4272 7516 3560 1513 6511 7061 4178 4616 6264 1100 4410 3710 4172 5693 5597 3505 3492 6888 3858 5807 6319 4215 5099 1627 3080 4384 2408 5964 3224 8040 4617 6198 6041 3001 3001 1004 2247 2408
9835 5824 2247 7816 6500 7984 0 9625 4123 3465 7247 3517 4257 3551 7833 7324 4504 8664 8300 6226 1902 608 3863 2501 11216 6530 2059 1581 3807 7962 1843 8459 9824 5445 4401 6407 8095 5044 6003 1992 9404 3667 3668 9013 6705 8969 10080 7463 10200 6870 8202 141 3820 1860 6262 7500 5269 7762 8249 7246
8415 10182 8485 11045 3420 4304 9625 0 7200 7747 8042 9617 5578 6236 3280 2731 5178 3769 6306 8913 7723 9587 5966 10213 6500 5093 8956 9361 6484 2012 8417 5280 200 7402 5261 9693 9860 6906 3634 9368 447 8944 9481 8496 3453 5630 6865 8620 5532 10040 7528 9732 7558 8297 9990 2213 6324 3420 2126 6640
5780 3400 4924 5000 5220 4219 4123 7200 0 728 3309 2435 2147 2022 4455 5879 2729 5003 4188 2801 2996 3689 1992 3301 7155 2707 2340 2915 1140 6228 2280 4459 7379 1431 2773 3373 4627 921 3959 2692 6844 1746 2284 5024 5603 4924 5964 3668 6203 3863 4123 4140 400 2267 3478 5024 1236 4341 5281 3123
6377 3324 4492 5108 5517 4936 3465 7747 728 0 3827 1886 2404 2059 5124 6228 2973 5714 4887 3059 2570 3000 2140 2601 7872 3423 1615 2193 1345 6640 1627 5186 7930 1984 2983 3500 4947 1612 4360 1964 7409 1272 1780 5580 5879 5646 6656 4114 6928 4000 4738 3471 360 1640 3522 5546 1964 5015 5894 3800
2640 3000 8234 3061 7397 3820 7247 8042 3309 3827 0 4304 4916 5119 4763 7810 5400 4560 2213 1513 6306 6726 4964 5630 5003 3087 5234 5798 4244 7879 5440 3176 8168 1878 5503 2121 1835 2500 5966 5448 7605 3780 4081 1769 7809 3257 3522 583 4472 2247 1216 7234 3498 5464 2517 6306 2707 4622 5920 1414
6933 2308 5308 4300 7359 6511 3517 9617 2435 1886 4304 0 4263 3820 6865 8091 4816 7324 5990 2973 3640 2912 3962 1345 9024 5035 1603 1941 3220 8520 2256 6537 9798 2942 4810 2968 4720 3006 6242 1529 9270 707 223 6021 7707 6904 7655 4341 8219 3400 5455 3448 2061 2376 2773 7424 3535 6746 7716 4850
6964 5547 3969 7088 3114 3940 4257 5578 2147 2404 4916 4263 0 707 3605 3828 583 4517 4887 4827 2435 4101 400 4661 7427 2701 3383 3785 1063 4272 2844 4669 5772 3224 632 5470 6519 2517 2012 3794 5295 3676 4177 6403 3482 5240 6580 5400 6312 5948 5345 4341 2360 2729 5608 3373 2209 3546 4004 4143
7334 5348 3397 7020 3560 4579 3551 6236 2022 2059 5119 3820 707 0 4300 4326 1077 5189 5360 4816 1746 3400 316 4070 8015 3255 2773 3132 900 4830 2184 5239 6432 3313 1029 5393 6603 2630 2624 3178 5967 3301 3764 6706 3894 5800 7093 5557 6920 5885 5685 3634 2118 2061 5481 4044 2469 4237 4709 4517
5375 7049 7443 7779 3733 1118 7833 3280 4455 5124 4763 6865 3605 4300 0 3733 3535 1081 3132 5700 6040 7611 3984 7723 4382 1923 6600 7111 4119 3505 6239 2209 3405 4293 3671 6481 6580 3921 2640 7000 2842 6161 6694 5314 4080 2701 4130 5341 3220 6801 4295 7907 4850 6152 6800 1902 3352 141 1166 3360
9008 9220 5900 10511 824 4809 7324 2731 5879 6228 7810 8091 3828 4326 3733 0 3280 4729 6711 8236 5470 7400 4140 8386 8000 4753 7083 7379 4883 728 6441 5907 2915 6586 3301 8969 9620 5936 1941 7479 2745 7500 8005 8796 728 6427 7863 8381 6868 9402 7710 7445 6152 6306 9180 1843 5420 3820 2915 6573
7337 6129 3911 7653 2545 4031 4504 5178 2729 2973 5400 4816 583 1077 3535 3280 0 4522 5189 5385 2617 4418 860 5142 7574 2952 3848 4205 1640 3758 3257 4860 5375 3765 141 6040 7045 3059 1552 4254 4925 4244 4738 6824 2906 5440 6826 5902 6435 6514 5748 4601 2941 3132 6184 3006 2701 3498 3765 4535
4648 7169 8431 7621 4792 824 8664 3769 5003 5714 4560 7324 4517 5189 1081 4729 4522 0 2580 5724 6935 8393 4875 8304 3310 2300 7269 7808 4876 4418 6985 1526 3848 4534 4661 6488 6293 4318 3720 7653 3324 6618 7134 4750 5126 1868 3201 5108 2154 6741 3841 8728 5403 6912 6842 2886 3801 1063 1900 3162
2300 5147 8745 5197 6512 2024 8300 6306 4188 4887 2213 5990 4887 5360 3132 6711 5189 2580 0 3634 6931 7877 5103 7210 3036 2247 6488 7071 4669 6591 6463 1063 6400 3067 5322 4317 3780 3275 5147 6797 5859 5345 5772 2193 6906 1044 1780 2683 2302 4459 1272 8323 4527 6440 4707 4964 3047 3008 4271 1140
4024 1513 7543 2284 7696 4924 6226 8913 2801 3059 1513 2973 4827 4816 5700 8236 5385 5724 3634 0 5629 5660 4751 4318 6512 3820 4167 4687 3920 8431 4531 4492 9060 1655 5457 781 1897 2340 6305 4300 8495 2580 2758 3088 8102 4669 5035 1389 5930 1166 2729 6191 2816 4588 1118 6965 2817 5560 6801 2624
8736 5707 1931 7605 4648 6313 1902 7723 2996 2570 6305 3640 2435 1746 6040 5470 2617 6935 6931 5629 0 1931 2061 3280 9700 4940 2102 2126 2262 6087 1392 6920 7922 4427 2507 6029 7517 3858 4101 2385 7502 3413 3687 8013 4884 7465 8697 6648 8626 6527 7072 2009 2846 1264 6003 5600 3905 5980 6378 5981
9333 5220 2731 7212 6578 7684 608 9587 3689 3000 6726 2912 4101 3400 7611 7400 4418 8393 7877 5660 1931 0 3701 1910 10829 6202 1500 984 3517 8008 1431 8095 9785 4957 4328 5817 7517 4604 5953 1392 9343 3088 3067 8495 6815 8588 9651 6920 9840 6276 7715 538 3360 1486 5664 7424 4876 7531 8105 6800
7117 5371 3676 6985 3397 4272 3863 5966 1992 2140 4964 3962 400 316 3984 4140 860 4875 5103 4751 2061 3701 0 4295 7723 2969 3008 3395 854 4614 2451 4951 6161 3200 848 5360 6500 2501 2376 3417 5688 3405 3889 6514 3748 5514 6824 5423 6621 5846 5478 3945 2147 2334 5470 3765 2280 3921 4404 4295
8266 3535 4588 5503 7599 7516 2501 10213 3301 2601 5630 1345 4661 4070 7723 8386 5142 8304 7210 4318 3280 1910 4295 0 10245 6007 1303 1166 3736 8900 1984 7668 10404 4143 5099 4280 6044 4060 6670 921 9904 1878 1562 7360 7905 8077 8915 5685 9386 4687 6760 2400 2901 2125 4049 8000 4517 7616 8452 6074
3220 8002 11395 7592 8102 3560 11216 6500 7155 7872 5003 9024 7427 8015 4382 8000 7574 3310 3036 6512 9700 10829 7723 10245 0 4763 9484 10064 7463 7615 9401 2780 6503 6103 7715 7100 6063 6264 6996 9808 6103 8381 8805 3956 8430 2247 1513 5308 1166 7125 3800 11250 7515 9364 7500 6168 5953 4341 5096 4176
4472 5131 6645 5981 4418 1513 6530 5093 2707 3423 3087 5035 2701 3255 1923 4753 2952 2300 2247 3820 4940 6202 2969 6007 4763 0 5000 5554 2729 4792 4775 1984 5240 2370 3088 4601 4919 2039 3001 5375 4675 4328 4850 4101 4825 2545 3883 3667 3689 4951 3001 6579 3106 4716 4904 3224 1503 1788 2983 1824
7851 3847 3705 5824 6296 6511 2059 8956 2340 1615 5234 1603 3383 2773 6600 7083 3848 7269 6488 4167 2102 1500 3008 1303 9484 5000 0 583 2517 7602 721 6799 9148 3500 3801 4365 6037 3220 5384 412 8658 1615 1702 7003 6603 7261 8249 5420 8543 4838 6248 2024 1969 860 4244 6744 3573 6503 7255 5385
8421 4244 3471 6236 6576 7061 1581 9361 2915 2193 5798 1941 3785 3132 7111 7379 4205 7808 7071 4687 2126 984 3395 1166 10064 5554 583 0 3000 7930 948 7373 9556 4080 4143 4833 6536 3801 5756 412 9080 2109 2088 7566 6860 7839 8832 5966 9118 5292 6824 1522 2549 1077 4681 7158 4143 7017 7723 5968
6536 4518 4104 6139 4177 4178 3807 6484 1140 1345 4244 3220 1063 900 4119 4883 1640 4876 4669 3920 2262 3517 854 3736 7463 2729 2517 3000 0 5300 2121 4687 6673 2418 1664 4512 5703 1746 3023 2927 6168 2617 3124 5869 4545 5220 6435 4669 6414 5000 4876 3862 1303 2039 4617 4272 1664 4031 4738 3744
8868 9501 6606 10685 1500 4616 7962 2012 6228 6640 7879 8520 4272 4830 3505 728 3758 4418 6591 8431 6087 8008 4614 8900 7615 4792 7602 7930 5300 0 6985 5714 2193 6800 3801 9183 9708 6184 2280 8005 2061 7902 8420 8732 1456 6200 7605 8458 6511 9596 7665 8080 6529 6854 9420 1627 5640 3612 2531 6578
8004 4404 3106 6350 5643 6264 1843 8417 2280 1627 5440 2256 2844 2184 6239 6441 3257 6985 6463 4531 1392 1431 2451 1984 9401 4775 721 948 2121 6985 0 6664 8612 3611 3195 4827 6425 3201 4808 1063 8139 2109 2319 7200 5936 7158 8241 5693 8409 5315 6365 1860 1979 141 4751 6216 3448 6152 6806 5403
3178 5990 8627 6212 5805 1100 8459 5280 4459 5186 3176 6537 4669 5239 2209 5907 4860 1526 1063 4492 6920 8095 4951 7668 2780 1984 6799 7373 4687 5714 6664 0 5366 3605 5000 5220 4827 3613 4522 7146 4833 5854 6328 3224 6181 583 2024 3689 1746 5412 2334 8500 4838 6618 5597 4101 3231 2102 3298 1868
8485 10340 8683 11180 3613 4410 9824 200 7379 7930 8168 9798 5772 6432 3405 2915 5375 3848 6400 9060 7922 9785 6161 10404 6503 5240 9148 9556 6673 2193 8612 5366 0 7560 5458 9841 9980 7072 3832 9560 565 9123 9660 8588 3640 5700 6912 8745 5557 10182 7632 9931 7738 8492 10141 2404 6489 3546 2262 6762
4393 2780 6355 3939 6041 3710 5445 7402 1431 1984 1878 2942 3224 3313 4293 6586 3765 4534 3067 1655 4427 4957 3200 4143 6103 2370 3500 4080 2418 6800 3611 3605 7560 0 3847 2385 3301 707 4652 3773 7000 2280 2729 3605 6447 3962 4785 2256 5277 2817 2758 5445 1640 3623 2624 5375 1166 4158 5325 1931
7463 6171 3773 7720 2549 4172 4401 5261 2773 2983 5503 4810 632 1029 3671 3301 141 4661 5322 5457 2507 4328 848 5099 7715 3088 3801 4143 1664 3801 3195 5000 5458 3847 0 6102 7134 3140 1627 4204 5015 4252 4737 6942 2900 5580 6964 6000 6576 6580 5869 4500 2967 3067 6239 3101 2800 3635 3883 4657
4396 948 7907 1627 8407 5693 6407 9693 3373 3500 2121 2968 5470 5393 6481 8969 6040 6488 4317 781 6029 5817 5360 4280 7100 4601 4365 4833 4512 9183 4827 5220 9841 2385 6102 0 1769 3041 7032 4428 9276 2751 2778 3448 8810 5360 5600 1811 6592 500 3301 6355 3313 4903 400 7733 3551 6341 7582 3361
3000 2640 9437 1529 9176 5597 8095 9860 4627 4947 1835 4720 6519 6603 6580 9620 7045 6293 3780 1897 7517 7517 6500 6044 6063 4919 6037 6536 5703 9708 6425 4827 9980 3301 7134 1769 0 4004 7749 6140 9420 4429 4522 2121 9588 4770 4560 1252 5818 1442 2523 8052 4687 6484 2061 8140 4356 6440 7742 3220
4882 3324 5770 4623 5366 3505 5044 6906 921 1612 2500 3006 2517 2630 3921 5936 3059 4318 3275 2340 3858 4604 2501 4060 6264 2039 3220 3801 1746 6184 3201 3613 7072 707 3140 3041 4004 0 3996 3546 6519 2302 2816 4159 5769 4049 5047 2927 5345 3492 3220 5060 1252 3188 3244 4816 583 3794 4876 2202
7433 7280 5092 8586 1431 3492 6003 3634 3959 4360 5966 6242 2012 2624 2640 1941 1552 3720 5147 6305 4101 5953 2376 6670 6996 3001 5384 5756 3023 2280 4808 4522 3832 4652 1627 7032 7749 3996 0 5793 3401 5622 6140 7102 1843 5092 6545 6525 5830 7469 6002 6107 4252 4684 7240 1513 3488 2662 2459 4816
8080 3832 3847 5824 6688 6888 1992 9368 2692 1964 5448 1529 3794 3178 7000 7479 4254 7653 6797 4300 2385 1392 3417 921 9808 5375 412 412 2927 8005 1063 7146 9560 3773 4204 4428 6140 3546 5793 0 9070 1720 1676 7213 6989 7595 8547 5597 8886 4884 6500 1930 2308 1204 4272 7156 3928 6900 7665 5682
7971 9780 8354 10615 3361 3858 9404 447 6844 7409 7605 9270 5295 5967 2842 2745 4925 3324 5859 8495 7502 9343 5688 9904 6103 4675 8658 9080 6168 2061 8139 4833 565 7000 5015 9276 9420 6519 3401 9070 0 8590 9128 8049 3448 5186 6432 8183 5115 9617 7082 9508 7209 8022 9577 1923 5936 2983 1697 6200
6420 2300 5215 4242 6789 5807 3667 8944 1746 1272 3780 707 3676 3301 6161 7500 4244 6618 5345 2580 3413 3088 3405 1878 8381 4328 1615 2109 2617 7902 2109 5854 9123 2280 4252 2751 4429 2302 5622 1720 8590 0 538 5531 7150 6236 7038 3889 7550 3228 4887 3623 1389 2202 2647 6760 2828 6041 7022 4205
6711 2158 5400 4148 7283 6319 3668 9481 2284 1780 4081 223 4177 3764 6694 8005 4738 7134 5772 2758 3687 3067 3889 1562 8805 4850 1702 2088 3124 8420 2319 6328 9660 2729 4737 2778 4522 2816 6140 1676 9128 538 0 5800 7637 6691 7433 4123 8006 3220 5232 3605 1923 2433 2600 7294 3354 6573 7560 4632
948 4396 9929 3649 8514 4215 9013 8496 5024 5580 1769 6021 6403 6706 5314 8796 6824 4750 2193 3088 8013 8495 6514 7360 3956 4101 7003 7566 5869 8732 7200 3224 8588 3605 6942 3448 2121 4159 7102 7213 8049 5531 5800 0 8920 2983 2469 1700 3827 3337 1100 9002 5243 7220 3832 7106 4237 5186 6462 2308
9204 8988 5200 10386 412 5099 6705 3453 5603 5879 7809 7707 3482 3894 4080 728 2906 5126 6906 8102 4884 6815 3748 7905 8430 4825 6603 6860 4545 1456 5936 6181 3640 6447 2900 8810 9588 5769 1843 6989 3448 7150 7637 8920 0 6726 8178 8367 7280 9261 7823 6830 5841 5798 8994 2282 5292 4148 3413 6648
2785 6181 9190 6217 6356 1627 8969 5630 4924 5646 3257 6904 5240 5800 2701 6427 5440 1868 1044 4669 7465 8588 5514 8077 2247 2545 7261 7839 5220 6200 7158 583 5700 3962 5580 5360 4770 4049 5092 7595 5186 6236 6691 2983 6726 0 1456 3716 1315 5502 2247 9004 5292 7119 5748 4603 3712 2607 3733 2100
1843 6512 10489 6087 7809 3080 10080 6865 5964 6656 3522 7655 6580 7093 4130 7863 6826 3201 1780 5035 8697 9651 6824 8915 1513 3883 8249 8832 6435 7605 8241 2024 6912 4785 6964 5600 4560 5047 6545 8547 6432 7038 7433 2469 8178 1456 0 3801 1500 5614 2308 10101 6296 8220 6000 6029 4827 4044 5100 2865
2640 2745 8579 2523 7955 4384 7463 8620 3668 4114 583 4341 5400 5557 5341 8381 5902 5108 2683 1389 6648 6920 5423 5685 5308 3667 5420 5966 4669 8458 5693 3689 8745 2256 6000 1811 1252 2927 6525 5597 8183 3889 4123 1700 8367 3716 3801 0 4876 1824 1529 7440 3807 5730 2209 6888 3201 5200 6500 1984
3324 7443 10281 7316 6946 2408 10200 5532 6203 6928 4472 8219 6312 6920 3220 6868 6435 2154 2302 5930 8626 9840 6621 9386 1166 3689 8543 9118 6414 6511 8409 1746 5557 5277 6576 6592 5818 5345 5830 8886 5115 7550 8006 3827 7280 1315 1500 4876 0 6694 3352 10242 6578 8363 6987 5028 4976 3176 3981 3405
4275 1204 8401 1140 8856 5964 6870 10040 3863 4000 2247 3400 5948 5885 6801 9402 6514 6741 4459 1166 6527 6276 5846 4687 7125 4951 4838 5292 5000 9596 5315 5412 10182 2817 6580 500 1442 3492 7469 4884 9617 3228 3220 3337 9261 5502 5614 1824 6694 0 3353 6814 3811 5393 640 8121 3982 6660 7920 3584
1664 4204 8969 3981 7416 3224 8202 7528 4123 4738 1216 5455 5345 5685 4295 7710 5748 3841 1272 2729 7072 7715 5478 6760 3800 3001 6248 6824 4876 7665 6365 2334 7632 2758 5869 3301 2523 3220 6002 6500 7082 4887 5232 1100 7823 2247 2308 1529 3352 3353 0 8203 4386 6370 3701 6044 3220 4162 5456 1216
9831 5756 2385 7748 6621 8040 141 9732 4140 3471 7234 3448 4341 3634 7907 7445 4601 8728 8323 6191 2009 538 3945 2400 11250 6579 2024 1522 3862 8080 1860 8500 9931 5445 4500 6355 8052 5060 6107 1930 9508 3623 3605 9002 6830 9004 10101 7440 10242 6814 8203 0 3828 1886 6202 7600 5299 7833 8338 7262
6030 3231 4775 4936 5467 4617 3820 7558 400 360 3498 2061 2360 2118 4850 6152 2941 5403 4527 2816 2846 3360 2147 2901 7515 3106 1969 2549 1303 6529 1979 4838 7738 1640 2967 3313 4687 1252 4252 2308 7209 1389 1923 5243 5841 5292 6296 3807 6578 3811 4386 3828 0 1984 3373 5371 1627 4738 5661 3440
8014 4501 3014 6438 5507 6198 1860 8297 2267 1640 5464 2376 2729 2061 6152 6306 3132 6912 6440 4588 1264 1486 2334 2125 9364 4716 860 1077 2039 6854 141 6618 8492 3623 3067 4903 6484 3188 4684 1204 8022 2202 2433 7220 5798 7119 8220 5730 8363 5393 6370 1886 1984 0 4837 6099 3413 6067 6702 5390
4780 583 7851 1603 8595 6041 6262 9990 3478 3522 2517 2773 5608 5481 6800 9180 6184 6842 4707 1118 6003 5664 5470 4049 7500 4904 4244 4681 4617 9420 4751 5597 10141 2624 6239 400 2061 3244 7240 4272 9577 2647 2600 3832 8994 5748 6000 2209 6987 640 3701 6202 3373 4837 0 7998 3780 6661 7887 3733
7244 8133 6580 9183 2000 3001 7500 2213 5024 5546 6306 7424 3373 4044 1902 1843 3006 2886 4964 6965 5600 7424 3765 8000 6168 3224 6744 7158 4272 1627 6216 4101 2404 5375 3101 7733 8140 4816 1513 7156 1923 6760 7294 7106 2282 4603 6029 6888 5028 8121 6044 7600 5371 6099 7998 0 4244 2000 1140 4976
4876 3889 5768 5099 4884 3001 5269 6324 1236 1964 2707 3535 2209 2469 3352 5420 2701 3801 3047 2817 3905 4876 2280 4517 5953 1503 3573 4143 1664 5640 3448 3231 6489 1166 2800 3551 4356 583 3488 3928 5936 2828 3354 4237 5292 3712 4827 3201 4976 3982 3220 5299 1627 3413 3780 4244 0 3228 4294 2080
5261 6911 7408 7638 3794 1004 7762 3420 4341 5015 4622 6746 3546 4237 141 3820 3498 1063 3008 5560 5980 7531 3921 7616 4341 1788 6503 7017 4031 3612 6152 2102 3546 4158 3635 6341 6440 3794 2662 6900 2983 6041 6573 5186 4148 2607 4044 5200 3176 6660 4162 7833 4738 6067 6661 2000 3228 0 1303 3220
6476 8102 7539 8919 3140 2247 8249 2126 5281 5894 5920 7716 4004 4709 1166 2915 3765 1900 4271 6801 6378 8105 4404 8452 5096 2983 7255 7723 4738 2531 6806 3298 2262 5325 3883 7582 7742 4876 2459 7665 1697 7022 7560 6462 3413 3733 5100 6500 3981 7920 5456 8338 5661 6702 7887 1140 4294 1303 0 4522
2823 4123 7848 4468 6239 2408 7246 6640 3123 3800 1414 4850 4143 4517 3360 6573 4535 3162 1140 2624 5981 6800 4295 6074 4176 1824 5385 5968 3744 6578 5403 1868 6762 1931 4657 3361 3220 2202 4816 5682 6200 4205 4632 2308 6648 2100 2865 1984 3405 3584 1216 7262 3440 5390 3733 4976 2080 3220 4522 0
# set of given starting solutions
0 56 54 30 17 24 31 14 38 26 4 35 10 59 32 27 51 28 9 34 7 36 2 58 48 45 21 8 5 57 39 50 53 40 43 47 29 3 19 33 46 22 18 44 11 12 6 49 20 52 13 23 55 41 37 25 1 15 16 42 0
0 6 50 47 5 34 21 7 27 45 32 46 4 23 36 48 22 29 30 9 49 2 17 12 3 59 26 56 35 42 15 44 1 33 20 52 8 39 57 53 10 51 41 19 37 40 58 24 14 31 55 11 43 18 28 54 25 16 38 13 0
0 26 41 53 2 45 6 3 35 47 22 32 15 25 50 30 43 20 46 39 24 19 57 27 55 11 12 10 44 21 56 31 23 1 28 40 58 54 29 42 37 36 4 33 34 5 18 52 17 49 9 48 14 59 8 38 16 7 51 13 0
0 5 2 46 48 18 21 55 35 59 41 17 3 54 34 10 11 43 39 12 36 15 45 42 14 20 6 13 47 56 29 8 27 49 40 33 22 38 32 52 19 23 57 30 25 16 53 50 24 9 7 58 51 28 26 37 31 4 44 1 0
0 58 26 9 24 25 35 49 23 6 51 39 31 7 53 55 3 42 30 33 16 20 40 2 34 18 19 15 8 43 12 52 50 14 5 1 57 28 44 32 27 22 45 17 4 36 13 29 48 41 47 38 46 10 56 59 37 11 54 21 0
0 54 24 43 15 42 30 12 22 49 37 40 59 52 48 2 38 36 21 19 6 17 53 16 57 1 33 20 11 46 39 35 13 14 4 55 18 56 26 34 47 29 44 3 10 50 9 25 23 8 41 5 32 27 45 31 28 7 51 58 0
0 15 55 19 16 48 35 13 1 28 36 29 9 33 18 41 53 30 57 32 43 40 54 23 11 7 24 49 51 2 27 8 34 50 20 45 5 46 38 56 39 21 25 6 59 58 47 44 12 17 10 4 3 31 52 42 26 37 22 14 0
0 21 13 7 9 1 20 53 17 45 24 8 48 30 11 40 35 59 6 27 55 52 33 41 44 32 12 5 16 37 43 23 28 34 25 31 38 29 22 14 49 56 58 54 47 18 39 15 57 51 19 4 42 36 46 10 2 50 3 26 0
0 18 9 13 38 50 8 26 19 32 34 6 35 36 24 14 47 55 44 7 52 25 58 3 22 4 16 21 33 40 43 46 54 39 17 56 28 48 5 15 31 2 30 37 11 49 51 29 45 57 20 41 23 53 12 1 10 27 59 42 0
0 47 27 38 46 58 23 32 28 57 54 55 13 25 21 12 18 49 52 43 48 7 9 44 24 51 59 15 20 40 53 16 3 22 19 39 31 34 45 37 36 1 30 6 17 8 2 29 42 14 11 35 4 5 33 10 50 41 26 56 0
0 51 56 46 19 50 59 44 36 42 17 49 24 27 54 14 28 12 37 25 11 31 18 16 20 2 32 38 1 45 58 22 15 43 26 52 10 41 3 39 21 48 5 8 40 4 35 6 13 29 33 30 23 53 55 7 9 47 57 34 0
0 8 16 7 43 56 57 2 40 31 22 50 59 55 29 30 3 39 13 19 21 12 53 47 28 38 27 11 26 46 44 15 48 17 45 4 41 49 54 5 51 52 18 10 1 6 23 25 14 24 35 37 42 9 32 33 36 34 58 20 0
0 52 45 24 36 17 6 57 12 41 38 10 58 56 51 42 49 40 3 28 34 5 16 33 54 9 19 44 22 39 25 23 14 7 2 8 47 4 30 21 43 31 50 29 26 1 46 35 20 15 59 37 53 13 18 11 32 48 27 55 0
0 44 20 57 30 12 4 54 55 52 13 53 58 38 6 26 24 1 3 46 59 18 32 48 11 7 2 42 5 19 14 17 27 21 34 31 33 39 49 22 35 28 43 15 50 25 9 41 51 45 16 29 47 37 10 23 40 8 36 56 0
0 8 29 19 28 7 56 37 46 42 50 13 30 9 55 22 11 36 59 21 49 58 12 32 34 40 52 18 47 6 44 53 2 26 3 24 27 31 17 25 35 51 10 39 5 14 48 57 45 1 54 41 20 43 16 38 33 4 15 23 0
0 51 49 57 17 55 3 54 52 9 31 48 20 40 16 33 14 44 53 22 46 39 43 37 4 25 12 7 11 34 13 47 56 59 27 8 24 38 21 45 29 32 28 42 50 18 19 36 30 6 58 26 2 10 23 15 35 1 5 41 0
0 49 16 27 51 15 43 31 34 37 26 32 5 18 45 40 57 9 58 53 39 28 8 4 21 35 54 52 36 56 12 55 59 2 30 23 48 20 25 24 10 6 29 14 33 1 38 41 3 22 42 7 19 13 47 11 44 50 46 17 0
0 13 55 43 25 7 11 53 10 16 40 57 26 39 42 20 46 38 15 52 29 35 30 12 51 56 36 50 9 33 28 3 22 18 45 19 24 49 21 59 14 1 17 23 8 27 34 6 58 2 44 54 41 48 5 47 4 31 37 32 0
0 31 43 30 37 6 3 39 27 4 28 32 50 34 13 16 23 26 49 12 44 7 9 25 42 20 33 54 1 2 8 56 41 22 47 24 57 52 17 15 45 18 11 36 14 46 51 53 40 48 29 19 55 5 38 58 21 10 59 35 0
0 7 6 19 56 30 59 9 35 27 47 53 41 28 13 39 43 42 48 23 38 10 17 20 34 54 15 44 1 40 57 36 58 32 26 33 37 22 45 21 8 25 3 52 50 24 18 51 2 4 12 5 55 16 14 31 49 11 46 29 0
0 38 3 42 32 21 47 23 40 41 58 2 30 50 8 53 5 28 31 55 57 11 45 34 4 6 20 16 10 12 17 33 39 7 24 56 26 52 29 35 15 37 9 18 49 14 19 44 46 51 25 54 43 36 59 48 1 13 22 27 0
0 30 56 55 26 19 42 8 20 11 10 35 23 33 44 51 14 37 46 48 22 57 50 49 6 59 43 12 28 38 47 24 18 5 3 31 34 58 40 36 21 39 52 7 15 1 41 54 2 4 29 53 27 13 45 16 25 9 17 32 0
0 3 28 24 1 7 16 25 48 22 33 55 30 31 57 44 2 35 17 53 54 15 27 13 56 10 26 45 38 49 42 40 36 18 52 47 12 50 14 11 19 41 5 58 29 32 9 46 59 43 23 20 34 6 8 21 51 39 4 37 0
0 53 42 39 20 44 25 17 8 24 51 48 55 41 47 11 21 54 50 56 37 40 49 57 46 9 16 34 59 45 52 31 4 28 38 23 18 6 26 19 36 35 13 30 5 12 3 2 1 14 15 22 7 10 29 58 32 27 33 43 0
0 58 14 24 40 22 5 57 48 31 7 49 8 45 53 47 56 3 50 52 51 20 1 16 39 2 46 15 30 37 29 10 42 27 19 38 13 41 25 12 34 28 55 35 18 21 54 32 6 23 43 11 4 9 17 59 26 33 44 36 0
0 44 26 23 38 45 24 30 55 40 17 54 52 22 11 13 31 18 53 39 46 29 14 25 43 41 32 56 34 16 50 49 59 1 57 37 3 21 9 6 48 42 35 51 5 28 8 2 58 33 36 47 27 19 15 20 7 12 10 4 0
0 22 20 14 31 11 33 52 57 54 40 26 44 8 50 29 56 30 36 46 25 32 23 17 37 2 47 1 15 16 45 48 18 28 34 42 5 13 27 6 35 49 24 58 59 12 7 9 3 10 38 39 55 43 21 4 53 41 19 51 0
0 56 50 35 8 11 18 39 13 5 33 32 20 51 59 15 48 7 12 23 6 22 16 42 1 38 44 25 37 47 52 4 21 10 55 3 53 54 43 30 2 45 24 31 57 28 17 58 49 29 40 9 14 19 41 36 26 34 46 27 0
0 55 48 7 1 49 8 44 24 47 15 20 40 53 22 41 34 6 10 2 31 28 3 56 42 29 51 35 4 38 11 19 26 32 50 27 9 33 25 18 39 16 13 5 30 54 46 21 17 52 43 57 58 45 59 36 23 37 14 12 0
0 49 30 12 19 23 1 6 42 9 48 35 36 47 13 45 5 24 54 21 59 55 29 57 38 8 26 7 40 43 41 4 20 34 14 51 32 37 56 3 46 25 22 53 28 17 52 58 27 50 16 44 15 18 2 33 31 39 10 11 0
0 38 23 43 42 37 29 48 36 14 41 46 28 19 31 47 11 3 54 15 9 1 16 20 27 55 17 32 30 39 5 8 52 33 35 25 58 4 21 45 59 13 34 26 10 49 50 18 7 53 56 57 24 40 2 44 51 22 6 12 0
0 11 2 30 8 45 22 48 32 51 28 56 54 55 6 59 31 13 46 53 57 1 35 12 39 3 40 14 29 37 24 41 50 16 49 9 27 44 33 21 47 25 36 19 34 17 42 26 10 20 38 52 7 58 18 23 5 43 4 15 0
0 25 59 48 36 26 38 50 29 31 13 16 23 15 49 56 41 2 55 54 27 9 28 58 6 46 1 17 11 32 40 21 33 35 14 52 39 43 47 7 18 3 53 37 5 12 24 8 42 34 44 22 51 30 45 20 19 10 4 57 0
0 21 17 34 42 29 24 4 2 54 49 48 39 5 15 47 27 53 13 18 12 51 7 37 28 45 33 10 25 14 44 59 50 11 43 38 16 57 3 9 1 46 8 30 22 23 19 31 41 36 58 52 40 35 56 20 32 55 26 6 0
0 58 22 26 41 23 7 34 15 16 19 17 36 31 56 59 9 12 35 11 30 40 32 3 43 37 49 57 50 18 55 45 42 6 29 10 13 2 1 8 47 4 28 38 5 53 27 51 46 14 25 48 54 39 20 24 33 21 52 44 0
0 42 37 19 1 41 22 15 45 53 16 4 10 40 27 7 34 12 43 30 23 6 18 17 5 20 31 38 56 32 57 46 49 25 58 55 29 21 52 39 54 47 50 13 35 48 11 14 51 9 3 28 2 8 59 24 44 36 33 26 0
0 27 28 40 8 16 54 20 58 37 36 50 48 4 11 46 49 5 56 19 9 13 34 53 3 59 23 52 42 26 1 12 7 30 38 6 24 39 32 25 15 10 47 35 17 2 29 31 22 51 45 41 44 43 55 18 57 21 33 14 0
0 15 51 22 26 44 4 30 6 16 42 9 33 24 36 34 2 25 20 59 18 45 5 3 28 1 29 32 17 58 31 12 7 48 55 19 40 37 54 43 41 50 52 21 57 23 13 47 8 56 35 14 39 27 46 38 11 53 10 49 0
0 13 50 6 19 10 15 35 34 31 20 58 59 3 37 55 40 46 47 26 39 38 53 1 32 28 12 42 36 5 24 29 45 9 44 16 54 18 14 2 30 51 23 56 4 8 43 7 57 11 27 17 41 22 25 21 48 52 49 33 0
0 28 3 21 33 4 11 17 8 57 12 59 38 27 41 18 35 51 50 47 42 10 1 56 44 52 25 46 31 39 14 34 45 36 15 43 26 13 9 23 58 6 55 2 20 49 24 19 7 53 54 5 48 32 29 16 40 22 30 37 0
0 40 34 8 32 5 13 33 24 56 14 3 36 58 21 54 46 53 12 26 37 48 23 29 7 42 49 38 51 10 50 6 4 52 31 35 39 22 47 18 9 55 27 16 30 59 1 28 19 43 15 25 45 57 17 2 44 20 41 11 0
0 13 6 44 50 48 40 4 27 41 23 49 18 10 5 42 29 43 30 15 16 28 12 54 7 24 52 17 33 25 11 53 56 36 37 47 34 3 8 19 38 58 55 51 1 39 9 14 46 20 31 32 57 21 2 26 22 45 35 59 0
0 19 28 36 6 16 30 29 52 5 38 42 56 57 43 37 21 50 48 34 24 53 59 14 18 25 45 33 35 17 46 58 49 15 39 54 47 11 1 44 4 40 32 20 31 13 26 41 2 23 55 12 51 9 3 27 8 7 10 22 0
0 24 17 13 52 14 10 59 58 11 15 37 49 1 57 27 39 43 55 5 34 25 42 6 40 53 29 2 12 4 36 9 41 30 48 50 18 54 22 44 23 51 35 20 21 16 3 32 8 47 31 26 38 45 28 46 33 56 19 7 0
0 4 32 24 55 15 39 18 10 28 57 6 33 34 12 23 17 16 38 49 44 27 11 21 19 35 52 9 53 26 48 14 59 47 36 3 50 54 29 37 56 20 13 40 22 45 1 25 31 51 8 7 58 42 41 43 46 30 5 2 0
0 21 51 46 28 49 3 17 13 45 42 19 18 16 50 1 32 6 15 2 12 11 47 35 30 31 56 57 43 7 25 20 10 37 52 44 40 38 5 36 14 55 41 23 48 59 34 33 24 4 9 29 27 26 53 22 58 54 8 39 0
0 14 25 56 55 19 9 42 58 13 4 45 2 18 28 26 54 47 11 20 49 53 38 16 10 36 27 59 40 22 43 1 6 39 41 5 31 24 34 15 57 35 3 48 30 32 33 29 8 37 23 21 12 52 44 46 17 50 7 51 0
0 45 54 18 52 44 37 42 55 25 20 57 35 14 58 5 40 27 47 50 49 13 36 46 31 6 22 15 38 51 8 41 1 56 2 34 24 19 59 7 23 28 11 4 10 21 48 3 30 39 53 33 26 12 32 17 29 9 16 43 0
0 31 6 50 58 5 38 26 8 43 28 11 30 47 59 17 2 4 46 23 56 33 13 3 16 42 27 40 21 25 41 1 48 52 14 32 15 35 44 34 9 36 45 18 22 51 24 37 12 10 20 39 54 49 19 55 57 53 7 29 0
0 43 52 41 40 30 19 26 18 28 33 9 59 2 47 4 12 34 6 45 24 14 51 57 27 21 7 50 54 36 3 13 55 20 16 48 5 39 49 56 32 10 37 25 15 53 23 42 8 35 11 17 29 38 58 46 31 22 44 1 0
0 33 35 18 1 9 4 53 54 59 24 7 5 36 43 10 21 15 3 22 26 23 12 25 8 46 16 56 20 50 27 58 41 31 13 11 34 32 39 37 49 48 52 6 19 57 47 40 42 14 2 29 51 28 30 45 44 38 55 17 0
0 22 30 52 50 46 29 34 23 6 51 17 33 57 14 53 55 43 9 21 40 37 19 28 3 31 45 12 15 26 44 13 27 41 56 1 8 48 39 5 4 2 38 24 35 10 7 20 18 47 42 16 59 58 36 49 25 11 32 54 0
0 50 21 15 39 55 3 4 25 5 24 42 27 56 6 10 45 11 59 34 40 57 29 47 31 52 53 38 1 20 7 16 49 30 41 37 44 36 51 33 28 23 22 26 32 17 35 58 43 14 9 13 46 2 8 19 48 54 12 18 0
0 10 22 48 1 32 35 16 6 39 25 4 21 12 29 34 27 55 7 38 53 51 57 17 13 9 46 50 37 42 52 45 8 14 56 28 20 30 33 36 15 2 19 24 3 31 54 58 41 40 26 43 59 44 23 5 47 11 49 18 0
0 5 45 34 12 31 28 40 50 41 18 7 3 51 4 46 2 58 30 59 15 56 27 9 36 19 39 22 48 13 21 37 49 47 42 53 23 44 33 32 26 57 8 35 52 10 25 16 24 17 11 14 38 54 1 43 6 20 55 29 0
0 30 20 36 13 11 54 49 3 52 8 15 47 37 57 40 34 32 2 31 29 4 26 46 41 28 53 23 17 44 1 39 42 48 19 6 14 33 58 9 38 43 50 45 7 35 51 22 18 12 27 55 5 10 21 24 16 25 59 56 0
0 38 1 10 58 54 45 5 33 7 13 34 57 16 24 40 32 37 22 35 49 41 48 53 14 30 20 18 9 29 27 17 11 12 4 56 6 25 46 51 3 50 28 59 8 26 47 31 52 19 21 2 44 23 43 55 15 42 36 39 0
0 10 7 57 6 53 52 56 43 32 17 30 18 3 29 23 4 49 25 27 28 1 36 22 31 5 37 48 14 42 13 11 55 24 8 50 19 40 33 46 2 35 26 54 9 12 39 20 58 44 41 47 15 59 16 38 45 21 51 34 0
0 57 46 21 41 35 25 47 28 33 54 31 19 16 6 2 22 5 38 32 23 48 26 53 20 55 15 14 24 18 58 40 3 59 56 43 11 37 9 45 1 36 4 7 44 17 51 10 8 49 12 29 39 34 30 52 13 27 42 50 0
0 4 34 18 52 26 23 31 56 27 25 47 36 9 11 54 3 20 45 8 5 51 1 58 38 39 32 42 41 55 15 21 37 17 53 49 43 24 57 22 40 19 44 13 29 48 35 28 46 30 33 59 14 6 12 7 2 50 16 10 0
0 11 38 51 43 1 24 6 53 39 59 19 34 37 9 7 31 10 55 13 23 22 56 52 30 20 44 49 42 16 27 21 12 57 5 28 35 25 50 18 8 26 40 41 54 47 32 45 36 17 46 2 3 15 33 14 48 58 4 29 0
0 19 16 5 1 39 52 10 11 47 46 30 35 43 12 22 48 37 18 34 29 54 40 14 9 42 20 58 17 25 59 38 7 41 55 56 13 26 50 6 57 8 32 53 2 24 15 23 31 45 4 3 44 33 51 21 36 49 28 27 0
0 57 24 28 32 29 53 52 22 43 21 4 5 8 10 15 12 55 41 27 36 50 6 37 18 11 45 1 19 33 9 47 58 16 30 34 49 51 39 25 26 38 42 44 14 56 54 59 46 40 48 3 20 35 2 23 31 13 17 7 0
0 25 37 20 50 19 5 16 18 9 27 59 12 2 28 24 40 48 32 31 46 58 3 1 7 45 56 21 10 8 26 47 30 22 33 53 54 42 6 34 17 49 44 57 43 15 55 41 13 23 4 36 35 29 14 38 11 39 51 52 0
0 38 36 3 51 42 40 41 13 31 37 28 57 59 55 22 35 48 44 43 49 53 47 10 8 39 34 29 14 11 26 27 54 56 5 58 45 15 30 20 32 18 23 46 21 25 33 52 19 16 2 4 7 9 24 6 50 12 1 17 0
0 52 16 38 50 59 30 22 55 31 17 33 26 5 28 8 4 48 15 53 11 20 2 1 35 58 23 56 45 24 13 43 34 3 39 10 57 32 36 14 27 40 54 46 42 51 44 19 7 6 47 37 9 41 29 21 49 25 18 12 0
0 34 27 32 25 54 44 11 56 26 46 51 48 49 5 24 58 36 35 1 40 53 29 43 6 4 59 17 23 8 12 9 22 2 39 30 14 45 42 37 19 20 50 15 31 38 41 33 52 7 21 55 47 13 28 57 18 16 3 10 0
0 2 28 44 29 15 45 55 13 14 48 5 27 47 7 19 25 38 59 40 20 30 34 6 4 53 11 8 35 37 57 31 56 49 18 51 39 23 10 3 52 1 22 16 54 21 36 43 24 17 33 32 58 12 9 41 46 26 50 42 0
0 30 18 8 49 33 3 44 2 43 11 25 19 24 20 26 17 22 7 34 39 55 38 53 35 57 50 59 46 14 52 13 36 16 12 9 10 37 21 54 47 29 48 51 15 45 42 28 1 58 27 6 32 5 4 23 40 41 31 56 0
0 16 6 11 46 17 37 47 7 14 59 28 27 30 10 8 21 12 57 4 55 22 33 15 3 29 34 40 49 5 54 45 51 44 52 20 2 9 18 25 35 23 53 50 36 56 41 24 58 13 38 42 48 26 32 31 39 19 43 1 0
0 34 58 28 23 17 8 29 11 39 27 45 24 15 43 16 52 55 10 48 41 49 33 56 38 31 32 51 40 50 53 26 21 19 20 1 22 3 57 12 44 4 25 54 46 35 37 9 13 6 47 14 36 5 42 7 18 2 59 30 0
0 15 52 42 55 16 36 17 8 39 13 24 31 38 47 30 50 57 34 1 20 5 37 40 12 3 49 54 48 26 25 22 27 45 58 11 18 2 4 59 33 51 28 19 9 29 35 41 32 7 46 10 14 21 43 44 53 23 56 6 0
0 7 39 53 41 43 38 24 59 44 47 33 18 4 27 22 36 56 42 5 37 13 30 8 3 40 28 10 50 55 1 17 58 57 54 29 20 6 2 48 12 11 19 52 15 49 46 9 21 32 14 45 51 26 35 25 16 34 23 31 0
0 33 37 15 5 12 23 49 46 31 55 32 58 51 20 59 40 2 25 6 30 19 9 56 50 42 3 27 11 28 16 36 13 1 45 24 4 22 39 14 44 35 48 41 43 7 47 18 10 34 29 26 53 21 38 52 54 57 17 8 0
0 19 45 25 18 4 6 13 50 23 43 58 14 32 9 54 21 57 46 35 29 3 55 1 36 20 49 8 39 17 16 44 5 26 56 31 59 34 2 33 38 52 40 48 27 24 10 42 22 37 7 47 41 12 15 51 11 28 30 53 0
0 7 31 13 17 6 28 49 41 15 32 45 55 30 56 58 10 14 11 23 54 19 24 18 36 26 16 47 35 50 37 52 2 53 43 48 9 40 51 46 3 8 59 44 1 42 39 38 29 27 57 22 33 5 21 12 25 34 20 4 0
0 22 45 13 54 56 38 41 44 25 48 1 50 46 4 47 51 21 11 59 19 57 26 18 31 42 32 39 10 9 55 52 33 49 29 40 8 35 12 5 3 16 43 15 2 6 14 28 53 30 58 7 37 27 34 17 23 36 24 20 0
0 8 53 3 25 35 37 34 51 48 52 56 43 58 27 38 33 5 22 40 4 41 20 31 44 24 14 7 21 23 55 16 39 19 36 9 50 54 11 57 6 2 26 17 29 32 15 28 18 10 45 42 49 59 30 46 1 12 47 13 0
0 6 41 29 14 22 25 42 18 44 12 4 24 35 46 40 9 21 52 51 2 45 39 23 58 15 28 20 8 1 33 48 10 59 19 53 34 26 30 11 32 13 57 55 54 17 56 49 16 7 47 38 37 43 50 31 27 36 3 5 0
0 8 38 58 31 26 20 54 3 59 29 51 45 27 9 39 36 21 32 15 25 52 56 49 43 6 55 37 30 22 34 48 46 24 1 12 18 7 17 50 57 19 47 40 41 35 44 5 16 11 2 33 53 23 14 28 10 4 13 42 0
0 16 19 54 45 41 36 46 12 55 47 15 56 38 27 39 10 6 53 4 50 58 34 1 8 24 44 18 2 25 11 37 59 9 32 31 40 51 17 13 48 30 22 57 23 21 33 26 20 3 42 49 14 28 5 7 52 43 29 35 0
0 11 32 49 51 5 53 40 4 24 52 48 27 8 14 59 47 41 25 12 35 31 7 13 36 22 9 28 33 3 15 39 30 19 54 23 44 26 45 34 55 38 37 21 16 43 46 10 6 29 50 17 58 57 1 56 18 2 20 42 0
0 41 46 4 9 20 55 43 30 11 54 29 58 25 39 33 13 7 16 48 27 10 28 17 19 57 18 38 45 22 47 51 53 1 50 3 35 31 32 6 52 36 12 14 40 8 2 21 44 26 34 49 59 42 15 56 37 23 5 24 0
0 27 41 43 55 8 24 56 29 23 42 33 58 40 17 12 46 30 5 15 45 37 16 7 59 47 44 38 51 13 26 52 4 54 31 19 1 25 6 36 39 3 22 2 53 14 18 57 9 50 21 11 35 10 49 28 20 32 34 48 0
0 35 16 3 44 24 10 19 8 6 28 21 32 40 53 7 2 52 9 39 54 34 42 26 50 59 51 36 38 5 15 14 57 30 33 56 37 1 25 20 22 41 45 48 29 47 55 58 17 13 12 18 23 4 31 46 11 27 49 43 0
0 25 46 5 2 21 34 10 3 45 18 56 16 31 58 43 13 9 12 59 44 38 30 14 24 53 48 55 40 51 36 4 7 29 6 28 35 8 49 26 20 15 11 41 17 52 39 57 1 32 47 33 27 54 22 37 19 23 42 50 0
0 24 19 21 58 42 30 2 52 48 46 54 22 10 56 50 4 13 53 55 15 38 18 32 8 28 43 25 59 14 9 12 36 44 7 33 34 27 20 1 51 11 16 47 31 29 39 5 6 40 23 57 37 49 35 45 3 26 17 41 0
0 14 42 32 35 50 55 10 53 17 21 9 44 34 47 40 4 5 49 29 7 6 13 37 12 18 57 22 39 25 8 23 41 33 38 36 45 58 51 16 59 19 11 43 2 46 30 26 56 52 15 20 3 31 54 28 48 24 1 27 0
0 36 39 28 3 45 2 52 14 43 59 49 11 37 29 31 17 19 12 54 40 30 55 34 21 32 13 57 58 7 33 51 22 42 4 44 53 6 25 5 16 27 56 18 26 47 24 1 35 8 50 9 15 23 10 20 46 48 41 38 0
0 30 7 56 48 4 45 51 27 34 9 38 35 11 22 43 44 18 3 36 24 41 57 8 29 39 20 53 19 14 55 37 32 33 1 58 16 28 42 2 10 40 5 47 26 54 46 52 15 21 12 17 59 49 50 6 31 13 25 23 0
0 23 11 41 52 17 25 38 53 40 54 57 13 27 49 30 21 19 20 18 42 14 48 24 32 55 51 31 29 34 46 35 5 7 43 8 4 10 15 47 1 16 33 26 3 28 44 2 6 22 37 12 56 36 59 50 9 45 58 39 0
0 28 37 2 6 40 49 38 39 3 5 26 21 36 22 48 50 47 59 45 53 30 56 17 16 44 29 58 55 12 35 18 33 19 54 43 10 14 34 41 20 46 7 11 57 1 8 32 42 24 27 52 51 31 23 13 9 25 15 4 0
0 12 9 8 7 44 19 6 39 45 59 24 14 58 47 1 13 38 21 57 55 56 35 49 48 28 31 43 5 22 53 27 34 2 32 40 26 36 41 42 4 16 33 15 37 50 3 23 54 30 17 46 11 10 29 52 18 51 20 25 0
0 7 54 28 24 23 30 12 37 52 36 31 56 38 40 2 29 5 39 58 48 8 13 33 49 21 47 51 17 26 6 9 42 44 11 10 59 19 34 55 41 22 16 25 20 45 43 1 18 35 14 27 53 32 46 50 4 57 15 3 0
0 13 7 20 55 1 9 3 41 33 52 17 37 30 45 40 27 36 32 4 53 5 42 39 44 23 2 10 47 50 58 56 57 8 11 34 6 18 16 29 31 43 25 28 35 38 48 49 46 59 15 54 24 26 12 22 51 14 19 21 0
0 46 37 6 43 40 5 12 49 1 36 58 16 59 52 54 18 26 15 29 39 44 47 19 38 10 22 42 8 53 3 27 35 4 51 17 55 32 28 21 11 34 9 13 41 23 31 2 56 24 48 57 50 14 20 25 30 7 33 45 0
0 38 36 33 56 25 57 43 50 30 10 4 29 34 32 46 52 53 51 39 18 42 19 1 58 35 45 17 49 3 40 44 15 59 9 8 54 12 24 55 28 21 11 23 31 48 7 41 22 13 14 2 26 16 20 5 6 37 27 47 0
0 26 35 20 49 6 31 56 27 22 55 52 43 57 36 12 1 51 40 14 44 19 50 5 53 4 11 47 59 2 23 42 9 7 24 38 16 30 13 29 15 46 37 54 18 58 21 10 45 28 39 3 33 34 32 41 25 8 17 48 0
0 14 34 40 12 19 3 44 47 50 18 13 1 33 21 9 48 8 59 11 25 41 10 42 39 55 51 24 57 43 20 36 28 2 27 49 7 30 32 4 35 31 29 26 22 37 23 52 5 45 16 54 38 15 6 46 17 53 56 58 0
0 2 10 12 33 40 43 55 9 59 46 47 3 39 5 28 14 57 19 42 18 4 6 53 20 35 25 21 1 13 24 23 41 52 54 50 48 30 56 44 45 36 37 29 22 26 58 27 15 8 51 32 31 49 34 38 11 7 17 16 0
0 46 28 7 42 55 24 40 37 5 32 33 9 35 47 53 27 2 36 4 34 50 23 56 48 59 45 17 15 26 6 43 54 31 18 44 29 14 16 22 38 39 11 13 3 30 1 49 20 51 19 57 8 58 25 12 41 10 21 52 0
0 39 59 41 7 17 48 31 51 1 35 52 42 45 50 56 43 49 20 3 47 26 40 24 5 9 14 34 46 12 25 30 32 8 2 53 28 11 29 19 21 16 36 18 44 6 22 37 55 13 38 57 27 54 23 33 15 58 10 4 0
0 51 25 37 38 2 54 30 27 28 56 52 31 29 36 11 46 40 57 58 22 26 16 49 10 18 14 20 5 17 6 15 53 55 48 1 32 41 39 12 35 45 24 7 44 50 19 9 4 13 33 3 23 43 47 21 59 8 42 34 0
0 2 47 11 41 59 44 40 25 15 42 23 37 34 9 53 49 35 43 38 12 51 16 14 56 33 31 26 1 17 48 18 21 39 50 27 13 5 10 46 55 36 8 57 4 19 20 45 54 29 6 3 30 32 7 28 22 58 24 52 0
0 18 48 4 22 15 45 25 53 29 44 55 38 1 28 43 11 17 19 39 32 40 8 34 56 49 2 54 59 51 35 23 42 24 6 27 13 37 16 21 10 33 30 14 47 52 41 57 7 26 3 36 31 50 5 9 20 58 12 46 0
0 15 22 5 30 41 12 47 25 26 56 34 7 57 23 52 13 32 6 31 14 16 54 29 20 36 53 28 43 48 44 8 35 9 10 2 3 55 24 33 49 17 19 46 11 58 59 50 18 21 40 39 51 37 38 42 45 1 4 27 0
0 48 37 49 31 20 22 23 44 9 57 30 17 32 46 40 41 6 4 45 2 14 11 27 13 34 28 38 58 53 55 5 29 54 24 18 43 12 59 42 7 21 35 39 15 19 36 47 25 3 10 52 56 33 8 50 1 16 51 26 0
0 41 50 52 20 1 22 28 33 51 27 12 13 30 8 57 3 14 24 43 17 53 36 19 55 37 42 23 46 4 31 48 10 38 47 39 26 32 16 25 59 15 44 56 18 58 5 40 35 45 11 34 29 2 49 54 6 21 7 9 0
0 26 22 47 19 41 48 24 18 20 32 44 7 43 58 34 29 30 27 3 42 46 14 52 51 54 6 31 13 53 55 11 37 10 45 49 40 25 4 2 35 15 23 12 8 57 28 39 9 56 17 1 5 38 33 16 59 21 50 36 0
0 9 53 17 33 49 19 28 56 15 44 25 22 36 46 42 27 10 57 3 30 32 48 26 34 52 1 23 21 39 31 40 58 54 14 20 50 43 11 18 4 59 16 29 41 51 5 35 45 8 2 6 12 7 24 38 47 55 37 13 0
0 24 32 37 53 8 16 1 4 15 10 58 50 23 17 39 42 35 11 27 9 6 2 48 19 13 55 56 52 3 47 5 25 20 18 44 26 54 40 59 45 31 57 21 36 34 43 46 28 33 12 51 22 38 7 30 41 49 29 14 0
0 14 58 16 6 42 31 30 59 50 53 3 24 23 19 10 27 17 48 29 39 41 4 28 43 15 12 56 32 34 55 36 2 33 51 49 52 22 38 54 21 8 35 47 25 45 11 26 20 18 7 1 40 37 5 46 57 44 9 13 0
0 9 1 59 39 31 58 24 42 8 22 47 2 10 13 3 23 7 6 15 25 44 14 52 40 57 34 38 17 5 54 43 16 26 29 28 11 46 37 27 51 50 12 19 41 45 53 56 35 30 48 49 32 55 33 18 36 21 4 20 0
0 23 33 50 4 19 36 42 48 57 56 59 14 5 58 17 40 35 11 21 30 18 27 25 9 34 38 1 39 3 22 16 12 10 53 54 15 52 47 6 31 20 2 46 49 55 41 37 8 45 24 32 44 26 51 28 43 13 7 29 0
0 51 32 24 5 9 37 16 1 48 47 3 13 46 45 6 11 56 2 29 18 10 34 39 21 54 30 22 43 40 8 33 38 49 58 20 14 27 55 25 35 36 26 44 15 7 59 23 12 42 19 50 17 57 4 52 31 41 28 53 0
0 52 58 57 36 19 43 28 9 47 44 20 48 49 59 55 50 1 24 2 26 7 25 40 37 29 10 6 21 46 51 56 41 5 17 14 22 35 4 23 12 27 18 42 31 33 32 54 39 30 34 15 45 8 3 16 13 38 11 53 0
0 16 47 49 14 12 5 18 28 31 26 35 45 34 46 23 40 24 8 33 22 4 15 38 48 36 55 11 51 29 53 43 13 39 58 25 2 7 59 57 56 3 20 17 27 21 37 9 10 1 42 44 41 50 54 19 52 32 6 30 0
0 16 6 14 17 44 36 59 26 31 29 30 21 15 1 45 25 49 27 5 11 19 2 51 37 24 56 57 52 4 9 42 22 55 40 58 39 50 46 8 48 28 20 35 47 54 33 3 18 12 13 38 10 41 43 7 53 34 32 23 0
0 47 48 37 6 8 12 17 52 11 50 15 7 54 43 5 53 22 33 13 21 30 20 14 24 2 18 45 16 10 9 26 32 55 29 41 57 59 42 34 39 4 36 3 1 35 40 31 44 51 38 28 58 46 49 25 23 27 19 56 0
0 35 55 26 22 41 9 7 38 50 31 23 34 54 6 28 3 10 13 47 36 49 17 18 53 11 39 37 1 5 27 44 24 52 16 45 58 25 59 43 4 8 19 14 51 57 56 48 21 40 2 20 15 32 29 42 46 33 12 30 0
0 38 15 49 35 53 22 33 32 16 27 39 55 20 59 13 29 37 51 44 42 21 46 30 56 9 48 8 24 43 11 57 19 18 41 4 54 31 28 47 58 45 40 34 14 2 52 17 10 23 36 25 26 1 50 7 12 5 6 3 0
0 48 40 44 25 2 27 47 41 21 8 30 32 24 42 46 49 45 51 10 7 15 3 31 18 53 1 54 34 9 33 6 4 17 35 38 20 12 11 19 23 22 13 16 29 5 55 59 36 57 43 58 39 28 52 14 56 37 26 50 0
0 39 58 42 16 22 36 5 35 3 17 59 24 50 44 2 41 55 49 27 25 11 40 56 13 52 51 20 18 48 37 12 9 26 30 6 38 45 32 4 54 34 10 47 7 21 43 46 1 23 29 28 14 15 33 8 53 19 31 57 0
0 26 50 56 14 52 21 40 1 7 13 49 27 38 20 55 58 19 32 51 25 3 18 24 47 46 36 54 31 12 28 48 10 15 8 33 37 41 9 35 4 43 57 22 53 29 59 5 11 2 6 16 42 17 23 30 34 39 45 44 0
0 39 25 19 34 45 28 29 3 57 40 41 11 17 14 33 51 5 4 46 18 55 9 15 22 30 54 52 48 32 59 42 37 43 23 49 31 56 53 20 7 36 2 50 8 24 13 12 10 26 58 35 16 44 47 27 6 1 21 38 0
0 42 35 53 8 33 49 15 24 51 34 2 13 32 54 50 45 18 19 3 52 37 43 9 26 10 46 25 1 5 55 40 38 7 27 28 30 21 58 36 48 59 31 41 11 4 39 47 6 44 17 14 29 56 16 22 57 12 23 20 0
0 7 50 36 41 37 15 53 51 55 9 29 21 58 57 18 59 4 11 25 8 56 12 24 23 47 48 1 19 39 28 43 45 27 42 6 33 17 44 34 52 40 3 31 46 49 5 38 30 16 14 2 22 35 32 26 54 13 20 10 0
0 10 31 57 2 16 36 19 20 12 17 29 50 48 26 18 52 13 21 58 15 1 56 25 8 28 42 3 43 4 24 23 59 47 46 5 38 33 49 39 11 55 34 51 41 22 37 44 6 7 53 35 40 54 27 45 30 9 32 14 0
