# n n_solutions
40 1000
# n x n distance matrix
0 3705 4492 1166 6184 5889 707 761 1431 2404 2024 7854 7542 2863 761 2154 2469 4669 5916 8140 5322 6879 3138 7971 5731 5044 4504 2529 3522 2863 4243 5189 7500 7051 7513 1303 3114 7665 4743 6191
3705 0 1252 4767 2973 4301 3001 3001 2302 3661 5028 4750 3847 4313 3041 5731 3061 5608 3492 5470 5192 4429 3264 4548 4130 3405 5544 5008 3190 1204 2209 2600 3805 3605 3992 4883 4940 4080 1878 3399
4492 1252 0 5630 1780 3238 3794 3736 3067 3736 5414 5161 3238 5522 3939 6319 3104 6860 4373 4219 6419 5220 3041 3492 5200 4517 5200 5217 2801 2420 1360 3522 3453 2563 4045 5758 4939 4022 2807 2147
1166 4767 5630 0 7340 7003 1838 1923 2563 3361 2302 8612 8614 2720 1726 1720 3546 4386 6555 9300 5341 7473 4201 9118 6158 5547 5239 3006 4609 3800 5408 5920 8521 8193 8429 141 3765 8609 5573 7357
6184 2973 1780 7340 0 2831 5503 5423 4785 5000 6835 5536 2408 7283 5682 7864 4410 8544 5433 2624 7962 6100 4110 1824 6476 5882 5887 6500 3733 4172 2200 4707 3000 1019 4071 7472 6040 3894 4080 894
5889 4301 3238 7003 2831 0 5382 5220 4837 3801 5643 8185 5232 7970 5714 6879 3465 9581 7611 2729 9420 8440 2842 4114 8409 7700 3600 5056 2408 5197 2121 6760 5825 3701 6826 7144 4332 6685 6040 1984
707 3001 3794 1838 5503 5382 0 200 728 2200 2408 7249 6835 2901 400 2789 2088 4701 5382 7528 5154 6360 2751 7280 5315 4596 4428 2745 3087 2213 3623 4614 6800 6356 6844 1969 3162 6987 4123 5547
761 3001 3736 1923 5423 5220 200 0 700 2000 2280 7334 6818 3101 600 2745 1897 4901 5500 7402 5345 6481 2563 7211 5467 4742 4229 2580 2906 2284 3500 4716 6806 6293 6888 2059 2973 7021 4204 5437
1431 2302 3067 2563 4785 4837 728 700 0 2118 2865 6711 6120 3201 921 3436 1802 4936 4957 6868 5178 5946 2408 6555 5047 4301 4368 3041 2668 1664 2969 4140 6107 5630 6209 2692 3275 6334 3584 4860
2404 3661 3736 3361 5000 3801 2200 2000 2118 0 1897 8402 6963 5100 2600 3088 632 6900 6888 6355 7278 7874 984 6811 7119 6363 2256 1503 1431 3580 2801 6020 7177 6000 7605 3498 1280 7648 5374 4687
2024 5028 5414 2302 6835 5643 2408 2280 2865 1897 0 9576 8646 4810 2690 1272 2433 6580 7780 8246 7335 8761 2879 8657 7710 7000 3086 761 3324 4527 4652 6989 8766 7816 9013 2400 1612 9108 6449 6573
7854 4750 5161 8612 5536 8185 7249 7334 6711 8402 9576 0 3705 6700 7093 10008 7810 6718 2202 7840 5348 1700 7990 5603 3257 3413 10255 9679 7856 5053 6521 2692 2906 5135 1603 8682 9682 1923 3130 6419
7542 3847 3238 8614 2408 5232 6835 6818 6120 6963 8646 3705 0 7782 6888 9500 6334 8605 4494 4220 7641 4810 6198 1900 5742 5381 8184 8452 5887 4904 4308 4103 800 1612 2102 8729 8132 1802 3780 3255
2863 4313 5522 2720 7283 7970 2901 3101 3201 5100 4810 6700 7782 0 2501 4440 4949 1811 4504 9700 2624 5277 5590 8823 3764 3324 7310 5385 5869 3111 5953 4143 7446 7887 6963 2701 5968 7227 4110 7621
761 3041 3939 1726 5682 5714 400 600 921 2600 2690 7093 6888 2501 0 2915 2473 4301 5162 7789 4775 6129 3132 7431 5020 4318 4825 3088 3453 2121 3889 4428 6806 6500 6773 1843 3544 6935 3984 5780
2154 5731 6319 1720 7864 6879 2789 2745 3436 3088 1272 10008 9500 4440 2915 0 3546 6082 8052 9437 7060 9004 4070 9688 7780 7128 4304 2000 4517 5000 5728 7340 9533 8811 9631 1749 2860 9766 6894 7684
2469 3061 3104 3546 4410 3465 2088 1897 1802 632 2433 7810 6334 4949 2473 3546 0 6718 6360 5905 6972 7340 670 6228 6664 5903 2640 2121 1063 3088 2220 5481 6545 5400 6983 3687 1886 7021 4816 4148
4669 5608 6860 4386 8544 9581 4701 4901 4936 6900 6580 6718 8605 1811 4301 6082 6718 0 4588 11078 1513 5080 7343 9908 3471 3401 9119 7180 7595 4472 7502 4579 8127 9002 7379 4338 7778 7694 4827 9004
5916 3492 4373 6555 5433 7611 5382 5500 4957 6888 7780 2202 4494 4504 5162 8052 6360 4588 0 8023 3328 989 6688 6184 1272 1216 8958 7998 6664 3324 5632 894 3841 5440 2860 6612 8146 3201 1615 6203
8140 5470 4219 9300 2624 2729 7528 7402 6868 6355 8246 7840 4220 9700 7789 9437 5905 11078 8023 0 10570 8628 5371 2416 9095 8506 6312 7716 4924 6628 3905 7324 5000 2707 6264 9440 7034 6001 6704 2080
5322 5192 6419 5341 7962 9420 5154 5345 5178 7278 7335 5348 7641 2624 4775 7060 6972 1513 3328 10570 0 3668 7532 9126 2102 2262 9534 7839 7705 4229 7299 3538 7076 8268 6185 5325 8316 6521 3966 8544
6879 4429 5220 7473 6100 8440 6360 6481 5946 7874 8761 1700 4810 5277 6129 9004 7340 5080 989 8628 3668 0 7655 6621 1612 1964 9929 8987 7615 4313 6519 1860 4071 5968 2884 7523 9135 3244 2555 6918
3138 3264 3041 4201 4110 2842 2751 2563 2408 984 2879 7990 6198 5590 3132 4070 670 7343 6688 5371 7532 7655 0 5900 7093 6332 2280 2418 447 3511 1923 5798 6488 5124 7045 4341 1941 7049 5103 3733
7971 4548 3492 9118 1824 4114 7280 7211 6555 6811 8657 5603 1900 8823 7431 9688 6228 9908 6184 2416 9126 6621 5900 0 7379 6911 7518 8305 5503 5742 4011 5643 2700 943 4001 9247 7810 3701 5161 2256
5731 4130 5200 6158 6476 8409 5315 5467 5047 7119 7710 3257 5742 3764 5020 7780 6664 3471 1272 9095 2102 1612 7093 7379 0 761 9303 8043 7147 3584 6338 1772 5108 6592 4123 6191 8321 4468 2418 7184
5044 3405 4517 5547 5882 7700 4596 4742 4301 6363 7000 3413 5381 3324 4318 7128 5903 3401 1216 8506 2262 1964 6332 6911 761 0 8542 7310 6389 2823 5614 1280 4816 6082 3982 5590 7571 4304 1802 6551
4504 5544 5200 5239 5887 3600 4428 4229 4368 2256 3086 10255 8184 7310 4825 4304 2640 9119 8958 6312 9534 9929 2280 7518 9303 8542 0 2325 2408 5724 3911 8070 8575 6894 9245 5360 1486 9220 7381 5263
2529 5008 5217 3006 6500 5056 2745 2580 3041 1503 761 9679 8452 5385 3088 2000 2121 7180 7998 7716 7839 8987 2418 8305 8043 7310 2325 0 2844 4686 4300 7169 8640 7502 8996 3114 860 9062 6580 6151
3522 3190 2801 4609 3733 2408 3087 2906 2668 1431 3324 7856 5887 5869 3453 4517 1063 7595 6664 4924 7705 7615 447 5503 7147 6389 2408 2844 0 3590 1581 5770 6217 4751 6841 4750 2308 6823 5060 3313
2863 1204 2420 3800 4172 5197 2213 2284 1664 3580 4527 5053 4904 3111 2121 5000 3088 4472 3324 6628 4229 4313 3511 5742 3584 2823 5724 4686 3590 0 3080 2483 4738 4801 4652 3901 4827 4816 1923 4548
4243 2209 1360 5408 2200 2121 3623 3500 2969 2801 4652 6521 4308 5953 3889 5728 2220 7502 5632 3905 7299 6519 1923 4011 6338 5614 3911 4300 1581 3080 0 4753 4664 3206 5375 5546 3863 5326 4026 1969
5189 2600 3522 5920 4707 6760 4614 4716 4140 6020 6989 2692 4103 4143 4428 7340 5481 4579 894 7324 3538 1860 5798 5643 1772 1280 8070 7169 5770 2483 4753 0 3560 4833 2846 5990 7286 3138 728 5433
7500 3805 3453 8521 3000 5825 6800 6806 6107 7177 8766 2906 800 7446 6806 9533 6545 8127 3841 5000 7076 4071 6488 2700 5108 4816 8575 8640 6217 4738 4664 3560 0 2340 1303 8628 8392 1004 3354 3883
7051 3605 2563 8193 1019 3701 6356 6293 5630 6000 7816 5135 1612 7887 6500 8811 5400 9002 5440 2707 8268 5968 5124 943 6592 6082 6894 7502 4751 4801 3206 4833 2340 0 3569 8321 7057 3324 4304 1720
7513 3992 4045 8429 4071 6826 6844 6888 6209 7605 9013 1603 2102 6963 6773 9631 6983 7379 2860 6264 6185 2884 7045 4001 4123 3982 9245 8996 6841 4652 5375 2846 1303 3569 0 8521 8868 360 2906 4965
1303 4883 5758 141 7472 7144 1969 2059 2692 3498 2400 8682 8729 2701 1843 1749 3687 4338 6612 9440 5325 7523 4341 9247 6191 5590 5360 3114 4750 3901 5546 5990 8628 8321 8521 0 3883 8705 5656 7494
3114 4940 4939 3765 6040 4332 3162 2973 3275 1280 1612 9682 8132 5968 3544 2860 1886 7778 8146 7034 8316 9135 1941 7810 8321 7571 1486 860 2308 4827 3863 7286 8392 7057 8868 3883 0 8900 6648 5600
7665 4080 4022 8609 3894 6685 6987 7021 6334 7648 9108 1923 1802 7227 6935 9766 7021 7694 3201 6001 6521 3244 7049 3701 4468 4304 9220 9062 6823 4816 5326 3138 1004 3324 360 8705 8900 0 3140 4788
4743 1878 2807 5573 4080 6040 4123 4204 3584 5374 6449 3130 3780 4110 3984 6894 4816 4827 1615 6704 3966 2555 5103 5161 2418 1802 7381 6580 5060 1923 4026 728 3354 4304 2906 5656 6648 3140 0 4767
6191 3399 2147 7357 894 1984 5547 5437 4860 4687 6573 6419 3255 7621 5780 7684 4148 9004 6203 2080 8544 6918 3733 2256 7184 6551 5263 6151 3313 4548 1969 5433 3883 1720 4965 7494 5600 4788 4767 0
# set of given starting solutions
0 20 38 21 18 12 34 36 1 14 27 2 6 29 13 30 25 37 26 5 9 10 23 16 35 31 8 28 24 19 17 22 15 39 4 3 33 32 7 11 0
0 32 19 33 35 13 36 18 14 24 7 10 29 15 22 17 34 4 5 3 27 8 2 12 9 1 6 11 16 31 37 23 28 20 21 26 25 38 39 30 0
0 13 7 16 2 18 15 6 25 9 29 28 23 8 37 5 33 11 20 10 24 21 12 17 26 1 38 32 14 30 35 39 19 3 34 22 36 4 31 27 0
0 6 3 13 4 32 15 35 2 33 1 12 37 18 9 19 16 31 39 23 11 24 5 14 7 38 28 10 29 26 17 25 8 22 30 34 36 21 20 27 0
0 10 7 21 4 17 39 9 23 11 33 16 29 15 37 2 12 19 35 13 36 28 6 3 27 26 5 1 31 22 32 14 34 38 30 25 18 24 8 20 0
0 4 15 20 16 29 5 26 35 9 11 21 3 14 12 1 8 19 6 7 24 18 33 22 25 34 28 27 2 39 17 31 38 37 23 36 32 13 30 10 0
0 8 35 11 4 31 38 25 17 18 20 22 27 37 7 14 16 2 36 21 34 10 12 29 13 30 15 3 9 39 23 5 33 28 6 1 32 26 24 19 0
0 39 13 14 22 28 15 11 8 20 12 26 34 17 6 29 7 5 35 27 3 32 33 4 2 16 24 21 1 38 10 9 30 23 31 37 19 25 18 36 0
0 32 2 27 29 39 1 30 36 15 17 4 34 28 7 26 18 13 25 24 38 3 33 37 14 11 9 16 6 19 31 10 20 8 35 5 21 12 22 23 0
0 27 13 4 6 16 24 14 2 31 11 5 20 39 17 35 9 37 26 3 1 34 23 22 29 15 12 33 7 10 32 36 25 21 18 28 8 30 38 19 0
0 4 25 37 10 26 23 21 12 17 28 33 27 5 32 11 13 9 19 35 1 14 36 8 29 38 3 2 20 39 24 6 30 18 7 22 16 31 34 15 0
0 20 10 3 13 33 35 18 7 8 36 32 25 16 29 5 28 39 11 1 31 4 9 26 15 21 34 37 6 23 17 12 14 24 27 19 30 2 38 22 0
0 34 31 18 22 14 6 33 9 21 35 32 10 12 4 20 16 15 5 1 30 26 27 11 29 3 38 25 39 37 8 28 17 36 13 24 19 23 7 2 0
0 17 1 30 24 20 7 4 9 34 21 19 33 32 10 23 38 22 27 18 35 28 26 37 36 39 15 8 16 3 6 14 11 29 25 2 31 13 12 5 0
0 27 18 14 6 35 11 29 13 16 21 23 17 38 15 39 12 36 31 33 1 7 37 32 2 25 3 4 10 20 5 24 34 26 19 8 30 9 28 22 0
0 28 3 29 35 27 34 8 11 2 21 33 32 1 37 22 9 14 19 18 26 30 13 7 6 39 5 20 24 16 38 10 25 15 12 17 23 31 4 36 0
0 32 5 38 8 10 7 9 27 17 31 19 15 6 35 24 16 39 1 36 20 21 3 37 25 18 33 22 34 30 12 11 4 28 29 23 14 2 26 13 0
0 14 39 10 11 21 15 2 38 4 32 6 29 9 26 12 33 34 28 25 24 36 8 1 35 19 30 5 27 17 31 16 22 20 13 37 7 3 18 23 0
0 2 12 20 10 24 29 26 7 8 18 25 32 14 39 4 33 19 27 30 16 34 35 22 17 36 21 3 11 15 37 28 6 1 13 38 9 31 5 23 0
0 38 35 6 9 22 10 14 4 8 5 34 21 2 33 25 29 39 32 11 3 37 1 16 15 36 23 17 20 13 26 28 7 27 31 18 24 30 19 12 0
0 22 16 33 32 9 27 4 18 20 6 17 26 7 38 34 10 1 5 8 25 24 15 21 31 3 30 37 39 12 11 29 28 19 2 13 36 14 23 35 0
0 39 28 35 15 1 16 32 36 31 4 23 8 20 18 3 17 30 19 7 10 22 33 2 34 38 13 25 9 27 37 24 11 12 29 26 5 14 6 21 0
0 39 10 24 15 30 36 23 5 22 11 21 20 12 7 35 31 37 9 3 16 1 13 33 29 32 18 4 38 25 28 6 14 17 2 27 8 26 34 19 0
0 32 3 21 26 37 25 12 38 29 6 14 20 1 11 34 35 28 5 8 16 39 15 4 9 27 17 33 36 31 7 10 22 19 2 23 24 18 30 13 0
0 34 29 23 18 30 38 13 10 37 28 15 19 9 1 4 2 3 39 6 35 25 26 17 24 33 8 5 11 12 22 7 27 16 20 21 14 36 31 32 0
0 4 37 22 25 8 35 15 12 27 32 13 3 1 19 11 20 36 9 34 7 18 2 28 10 5 17 21 33 29 24 31 14 6 39 23 30 16 38 26 0
0 32 38 20 17 39 2 23 37 19 36 27 35 28 24 26 25 5 31 3 11 29 10 6 22 34 21 8 9 18 16 7 14 15 33 13 30 12 4 1 0
0 25 15 10 4 19 34 37 38 33 9 11 35 39 7 14 32 6 18 5 21 17 16 20 24 26 1 2 3 36 22 23 12 31 30 27 29 8 28 13 0
0 8 5 13 19 10 36 37 27 2 22 21 32 25 34 7 23 16 29 17 3 24 20 9 39 31 18 4 28 12 33 14 15 11 1 6 26 38 35 30 0
0 19 9 34 1 8 25 24 18 10 7 5 26 32 11 13 21 20 27 28 22 37 4 14 6 23 38 2 39 35 17 30 29 36 16 3 33 12 15 31 0
0 31 21 11 22 10 39 24 18 29 27 8 13 23 4 12 9 32 28 35 30 5 2 37 36 3 34 1 38 14 33 20 6 25 7 26 19 15 17 16 0
0 18 19 8 39 6 34 23 13 24 14 31 32 1 21 15 38 20 7 30 11 22 29 27 10 2 17 4 36 25 9 35 26 37 28 5 3 33 12 16 0
0 19 30 31 11 35 14 3 28 22 13 25 21 5 36 39 1 10 16 6 32 7 26 17 9 27 4 23 34 12 2 8 29 33 15 20 24 37 38 18 0
0 20 33 19 7 3 10 34 15 11 36 21 22 32 16 14 38 31 9 4 13 30 6 29 2 37 17 18 12 23 24 39 26 27 5 1 35 8 25 28 0
0 20 31 12 16 14 4 24 36 29 37 13 2 6 19 18 22 9 34 5 38 15 7 30 17 32 25 28 21 26 35 10 1 3 27 23 11 8 39 33 0
0 15 24 39 3 5 33 37 22 9 29 11 16 38 28 35 10 18 19 34 30 31 1 6 21 32 17 23 2 26 27 13 36 12 8 4 25 7 20 14 0
0 23 10 7 34 13 37 6 1 2 39 32 4 8 19 22 21 30 35 15 18 24 26 5 16 14 3 36 31 12 25 9 29 17 20 33 11 28 38 27 0
0 1 9 24 7 35 20 32 39 26 33 4 37 23 2 17 36 29 13 25 31 6 3 38 12 18 11 15 10 21 19 5 30 27 8 14 28 22 34 16 0
0 11 9 6 27 37 10 24 14 19 30 4 3 25 17 38 23 8 33 5 22 31 15 2 20 32 28 34 16 39 26 13 12 35 1 29 18 7 36 21 0
0 36 28 2 22 18 30 8 14 15 11 25 13 34 20 23 12 38 21 32 27 9 35 1 5 19 37 31 16 39 33 3 24 6 10 7 4 29 17 26 0
0 23 33 14 16 32 9 21 27 17 37 10 24 13 31 25 39 7 29 11 30 4 26 35 8 15 36 20 28 12 1 5 38 3 22 6 18 2 34 19 0
0 2 27 39 3 16 6 29 37 22 24 19 7 28 9 5 34 26 17 21 1 8 36 31 32 33 30 15 10 18 38 11 25 13 35 4 23 12 14 20 0
0 33 22 6 39 23 5 1 34 31 8 19 16 25 36 20 11 24 10 9 35 17 28 30 32 27 12 29 18 7 37 14 38 13 4 26 3 21 15 2 0
0 23 29 1 39 8 7 5 36 37 24 31 26 3 38 22 14 9 25 20 32 6 18 19 34 11 35 4 16 17 28 30 27 15 2 21 33 10 13 12 0
0 22 35 23 15 30 29 31 2 7 28 33 18 8 39 38 32 10 26 3 9 34 21 6 19 36 16 4 11 37 24 12 14 17 5 20 27 25 1 13 0
0 20 6 9 7 36 14 16 12 27 31 10 17 29 8 26 38 18 32 19 37 30 22 1 39 5 35 13 24 15 28 3 34 21 4 11 33 23 2 25 0
0 3 5 28 23 8 7 14 12 26 29 35 37 31 13 10 2 30 20 21 19 38 25 27 33 24 17 22 6 18 1 4 34 11 36 16 9 39 15 32 0
0 20 7 10 6 24 18 33 29 17 26 37 25 9 32 27 1 12 15 21 38 34 13 23 30 4 19 14 2 16 35 28 36 22 3 39 11 31 5 8 0
0 1 16 28 22 7 3 26 14 8 23 27 4 25 17 5 37 34 12 30 10 32 33 36 29 38 19 39 9 35 18 6 31 15 13 24 20 11 21 2 0
0 14 28 26 33 6 4 1 9 35 5 16 13 20 30 27 38 19 8 17 22 29 2 24 3 31 37 32 12 36 10 15 25 18 34 23 7 39 21 11 0
0 25 34 7 20 5 17 8 12 30 32 24 11 14 36 4 29 15 13 1 18 3 9 19 22 37 26 38 35 31 28 16 27 23 39 2 21 6 33 10 0
0 38 3 20 4 7 22 39 2 25 10 8 30 6 21 31 18 28 13 17 11 35 1 27 36 32 16 29 9 12 34 24 33 14 26 19 23 5 37 15 0
0 11 2 35 22 38 36 23 31 29 6 32 33 20 8 26 18 10 27 17 3 34 37 16 5 19 25 28 15 39 13 12 9 14 30 1 7 21 4 24 0
0 5 10 27 8 11 9 33 20 3 34 16 12 6 2 22 19 39 4 14 26 24 28 38 13 30 1 31 36 25 17 35 18 23 37 15 21 32 29 7 0
0 27 9 19 37 15 22 8 31 36 21 20 16 30 6 1 10 35 13 23 25 39 17 14 28 4 2 3 12 18 24 5 38 34 11 32 26 33 7 29 0
0 9 12 23 31 13 11 2 4 16 30 19 29 17 36 7 1 20 8 15 32 25 21 34 3 39 6 27 33 28 22 5 14 18 24 35 26 10 38 37 0
0 26 32 6 37 23 12 9 10 33 1 39 14 3 38 31 34 27 19 18 16 22 25 4 21 11 20 13 29 24 15 7 2 5 8 30 17 36 28 35 0
0 12 11 10 15 26 36 6 8 24 22 20 4 33 32 3 7 34 37 31 13 39 1 28 25 21 18 35 19 2 30 14 17 23 27 38 5 29 9 16 0
0 23 10 32 33 15 30 4 26 25 22 13 39 1 36 31 14 7 2 37 17 35 38 20 8 5 16 18 29 9 3 21 34 27 11 6 19 12 24 28 0
0 16 27 13 10 8 3 2 5 9 20 38 11 4 17 29 22 35 19 23 39 6 15 34 7 12 26 25 14 33 30 32 36 24 1 31 28 21 18 37 0
0 23 33 15 1 7 11 5 4 19 9 13 10 6 14 27 18 32 25 38 22 17 39 2 21 34 26 29 12 3 31 24 35 16 20 36 28 30 8 37 0
0 5 15 6 29 39 38 20 18 4 35 22 25 26 24 16 14 37 8 2 1 9 36 27 10 17 34 31 32 23 11 30 28 33 13 19 12 3 7 21 0
0 24 2 25 39 26 21 17 19 38 32 18 23 35 34 29 16 10 28 20 3 8 4 9 27 11 33 36 13 6 1 12 5 14 37 30 31 15 22 7 0
0 20 24 11 33 8 15 10 36 28 1 37 29 39 23 27 2 13 19 5 12 35 26 18 9 6 16 14 21 22 4 30 34 25 3 31 38 17 32 7 0
0 13 35 24 26 16 39 27 36 30 8 31 4 33 17 10 38 25 3 18 28 12 20 15 19 37 14 23 32 11 1 5 34 2 21 9 6 22 7 29 0
0 21 23 37 35 20 10 34 5 8 26 19 39 24 2 3 11 36 18 30 27 14 16 29 31 33 28 38 4 17 12 7 15 22 1 32 13 25 9 6 0
0 8 34 39 25 2 18 3 20 24 14 31 6 4 7 10 5 12 35 1 11 32 16 28 21 27 30 38 37 17 26 19 22 9 29 13 15 33 23 36 0
0 29 28 10 24 15 6 20 32 37 9 14 38 27 39 31 3 5 30 12 1 22 19 13 26 16 18 34 17 23 25 11 4 35 36 8 7 2 33 21 0
0 1 32 30 28 5 12 31 23 38 3 10 15 17 13 8 19 4 2 36 16 26 20 22 7 14 35 6 24 25 11 37 9 27 29 33 39 18 21 34 0
0 32 20 36 23 30 7 10 37 31 6 11 8 1 9 24 16 25 34 22 28 17 5 3 39 38 35 4 26 18 13 27 21 15 29 2 19 12 14 33 0
0 26 22 3 19 16 14 1 32 38 30 24 2 15 11 25 7 33 17 6 31 39 8 28 4 10 5 13 34 21 36 35 27 9 20 29 18 12 37 23 0
0 1 22 21 26 2 29 32 27 34 31 15 11 33 12 19 7 6 8 25 36 13 4 14 20 37 18 3 17 38 23 5 10 39 9 28 16 24 35 30 0
0 28 36 37 21 7 39 29 26 14 34 31 35 1 18 25 27 3 4 15 5 13 6 30 12 11 20 10 16 9 32 23 8 24 38 2 33 22 17 19 0
0 13 4 9 22 21 38 15 3 5 6 16 19 27 12 32 35 10 37 29 25 14 39 26 23 30 33 7 18 31 17 11 34 20 36 28 1 8 2 24 0
0 1 22 10 17 27 8 23 18 3 21 28 15 26 31 37 13 12 34 19 36 35 33 14 2 16 32 9 6 29 7 11 4 24 25 38 39 30 20 5 0
0 39 22 6 21 36 8 13 28 37 30 9 27 32 10 25 20 3 33 38 18 16 23 14 24 2 35 26 34 5 19 29 11 12 1 15 7 4 31 17 0
0 20 26 19 8 24 29 17 9 1 2 12 21 6 22 4 39 5 38 3 10 30 7 27 14 28 32 18 23 37 35 31 34 15 25 13 33 11 16 36 0
0 12 16 38 22 9 33 32 25 34 10 6 17 8 18 19 27 37 28 15 39 21 20 23 2 31 36 7 3 26 11 24 29 30 1 14 4 13 35 5 0
0 28 26 3 15 35 33 12 2 20 39 1 6 13 36 25 38 23 18 32 10 27 24 19 21 31 22 37 9 34 8 14 4 5 17 29 7 16 11 30 0
0 4 35 15 28 36 19 29 31 11 24 8 13 5 32 3 21 37 9 16 25 18 39 17 33 27 10 6 38 2 26 22 1 30 20 7 23 14 34 12 0
0 20 11 16 7 37 17 32 15 26 28 24 6 13 9 10 22 38 23 3 36 33 25 12 1 31 2 21 27 34 29 19 18 35 30 14 5 4 39 8 0
0 10 37 18 8 38 17 27 1 32 35 31 3 39 24 2 11 13 29 4 20 6 12 23 5 28 15 34 21 36 16 26 22 9 7 19 14 30 33 25 0
0 23 22 4 5 26 30 27 28 37 9 1 19 14 3 36 25 32 33 31 2 24 16 15 17 35 10 21 39 38 12 6 34 11 7 13 8 29 18 20 0
0 24 2 10 26 25 34 18 22 27 13 4 9 33 37 32 31 23 11 19 8 28 39 1 35 5 21 38 12 6 15 17 16 36 30 3 7 29 14 20 0
0 4 31 7 14 23 13 32 12 27 11 6 18 25 36 3 37 17 34 8 19 22 30 39 5 29 10 35 38 16 26 9 15 24 33 1 21 2 28 20 0
0 37 15 24 33 20 16 4 2 9 7 34 11 12 30 39 5 27 36 35 3 22 17 8 21 18 38 14 23 29 6 26 32 31 1 25 19 28 10 13 0
0 1 33 29 2 10 21 28 9 32 4 39 19 7 34 17 23 12 3 26 37 13 38 20 14 30 25 18 31 35 36 15 16 6 8 24 22 27 5 11 0
0 7 33 9 4 10 27 13 24 36 21 20 12 31 35 15 2 37 8 29 32 26 3 38 5 18 17 19 1 11 34 6 23 25 39 14 30 28 16 22 0
0 8 32 15 25 10 28 13 6 26 22 9 39 12 2 7 11 35 37 21 17 1 34 24 36 4 38 5 16 3 19 30 23 14 33 20 18 27 31 29 0
0 30 20 24 25 17 11 9 36 27 34 19 3 22 33 14 23 21 10 15 38 6 29 35 18 13 2 28 8 12 16 5 4 32 39 37 7 26 31 1 0
0 9 4 21 15 8 11 16 33 2 35 27 39 38 10 24 28 32 29 37 25 20 36 19 34 5 13 26 30 6 23 18 14 1 22 3 17 31 7 12 0
0 20 4 16 2 8 7 30 19 31 28 36 9 5 35 17 32 3 37 23 26 29 21 18 11 39 10 22 38 34 27 25 24 6 13 1 12 33 15 14 0
0 1 13 22 33 11 25 5 32 9 7 28 31 29 2 39 26 34 20 16 18 27 15 3 17 8 14 35 37 4 24 21 30 12 10 6 23 36 19 38 0
0 31 10 5 6 22 21 8 38 9 34 29 23 17 18 32 25 39 15 7 2 12 30 13 35 33 16 20 28 14 36 4 1 37 19 3 27 24 11 26 0
0 33 29 36 16 26 2 34 38 6 4 9 13 19 27 31 8 20 17 11 39 14 22 23 25 24 35 21 1 5 12 10 28 37 7 15 18 3 30 32 0
0 29 30 15 33 24 39 2 4 35 11 28 37 22 6 34 38 19 21 25 1 36 13 27 3 8 18 32 31 23 7 10 14 16 20 17 12 26 5 9 0
0 10 30 20 23 28 31 19 4 9 17 34 14 24 21 5 33 1 27 37 13 36 35 39 12 3 18 7 16 8 6 15 26 25 32 2 11 38 29 22 0
0 19 14 29 38 37 10 12 17 18 3 6 1 35 20 8 24 26 39 9 30 25 16 2 27 34 15 22 5 7 36 32 28 4 33 11 13 21 23 31 0
0 21 9 29 10 39 5 13 32 18 31 23 15 3 14 36 25 27 24 16 1 4 34 2 22 11 8 28 37 7 17 33 35 12 19 20 38 26 30 6 0
0 4 2 7 18 15 35 1 38 5 39 34 6 28 32 19 3 10 31 17 30 8 11 13 12 26 24 16 33 27 29 9 22 20 37 14 36 25 23 21 0
0 9 21 5 20 35 22 2 6 16 23 15 29 25 32 7 8 1 34 3 14 26 18 30 37 31 33 27 4 28 19 12 39 38 24 13 11 36 17 10 0
0 7 35 13 4 27 26 19 10 16 2 38 36 33 21 20 1 5 6 17 24 37 29 23 22 12 39 18 11 8 9 30 28 31 34 3 25 14 15 32 0
0 31 38 8 17 20 11 26 10 28 15 25 29 7 5 24 30 19 2 13 39 37 6 34 14 16 36 9 35 27 32 3 23 18 1 33 21 22 12 4 0
0 17 29 35 20 30 15 28 21 34 24 22 32 9 2 31 19 4 6 7 12 33 1 26 36 18 38 13 25 16 5 10 11 3 14 39 27 23 8 37 0
0 39 22 18 16 20 23 25 33 36 15 6 1 31 8 21 26 38 27 12 13 32 10 35 2 11 7 24 14 30 28 29 34 4 3 19 37 9 5 17 0
0 25 27 30 20 9 39 34 29 13 36 14 26 11 3 17 28 16 8 2 19 21 32 6 35 1 15 5 12 23 18 38 4 7 33 10 24 37 31 22 0
0 21 39 10 11 23 35 1 15 34 16 14 24 25 27 4 32 31 19 22 20 9 5 29 2 30 26 28 13 12 8 33 6 7 36 18 17 3 38 37 0
0 17 29 11 39 1 13 2 37 23 26 6 20 30 8 3 38 24 4 27 18 34 7 33 28 36 5 14 15 16 19 31 35 22 12 10 9 25 32 21 0
0 29 22 4 35 21 15 20 36 25 27 13 24 28 14 19 9 38 5 1 31 3 7 33 30 17 37 8 2 12 11 23 34 6 10 18 39 26 32 16 0
0 37 31 13 34 39 6 25 10 15 24 12 17 9 30 14 16 32 36 35 27 18 29 38 2 4 33 3 1 19 11 5 28 23 22 21 26 20 7 8 0
0 26 10 16 20 23 19 34 1 3 24 15 21 13 28 38 32 12 30 6 39 5 37 29 4 33 17 18 7 25 36 14 9 31 27 2 35 22 11 8 0
0 23 35 37 25 16 21 10 34 39 27 32 24 12 9 30 13 26 7 33 5 4 31 2 29 17 11 6 3 15 28 19 20 38 18 8 1 36 14 22 0
0 28 21 25 7 23 1 11 35 17 4 16 36 18 27 15 30 5 22 38 10 26 3 37 14 24 2 12 31 19 9 6 20 33 13 39 34 29 32 8 0
0 6 26 30 21 24 15 23 31 2 39 20 22 16 11 32 4 34 8 14 10 36 17 18 13 9 29 35 5 12 3 7 37 33 19 28 38 25 1 27 0
0 9 17 7 29 11 23 27 19 39 33 4 24 34 35 21 16 22 20 25 38 2 31 10 26 36 3 32 5 12 30 18 28 37 6 13 15 8 14 1 0
0 11 37 33 39 15 14 34 20 29 35 19 23 28 2 31 30 6 9 26 16 7 25 5 38 24 22 32 10 13 36 27 17 21 4 12 1 18 3 8 0
0 38 21 25 5 1 16 31 8 20 4 29 34 17 32 30 10 24 14 27 39 12 3 2 36 28 19 15 7 18 26 9 23 6 37 11 33 22 35 13 0
0 16 7 13 12 3 27 21 19 38 29 22 25 24 11 33 14 36 31 6 17 26 34 9 37 35 28 18 10 5 1 32 23 20 30 8 39 4 15 2 0
0 7 36 17 38 34 20 16 33 10 13 35 23 25 6 21 29 32 30 9 5 27 14 22 8 4 12 19 11 3 2 26 31 18 1 28 39 15 24 37 0
0 29 31 15 19 9 17 13 24 12 11 33 4 7 10 28 32 30 25 38 18 8 23 27 5 36 16 26 35 37 6 34 22 20 3 2 39 1 21 14 0
0 9 14 39 32 13 3 25 34 38 35 19 2 17 15 4 30 1 31 20 23 18 7 11 33 22 36 24 37 16 26 21 27 28 10 5 6 12 8 29 0
0 14 1 38 6 36 5 17 34 29 26 32 15 13 33 27 20 12 19 25 39 2 18 31 30 7 10 22 28 16 9 11 3 24 21 4 35 23 8 37 0
0 29 32 4 21 33 1 18 22 19 36 31 17 28 34 13 23 12 38 2 15 35 39 24 26 25 6 16 5 30 3 14 20 8 27 9 7 11 37 10 0
0 11 4 1 25 35 10 9 16 12 24 21 31 34 13 29 17 3 6 18 8 36 32 30 14 28 7 23 37 20 15 19 38 2 26 39 22 5 27 33 0
0 8 2 27 6 17 25 36 28 14 39 15 30 20 26 32 29 10 22 4 13 35 19 5 34 24 3 23 16 37 1 18 11 12 33 9 38 31 21 7 0
0 13 8 16 36 2 14 31 18 25 11 28 32 30 27 23 7 34 12 17 5 38 6 3 19 4 22 10 33 21 9 26 39 15 20 1 35 29 24 37 0
0 4 15 30 14 28 19 36 26 17 23 7 6 3 21 13 1 20 35 12 8 11 38 16 25 5 34 10 39 24 9 29 33 37 18 31 27 32 2 22 0
0 7 23 22 39 13 21 12 6 37 14 24 35 3 28 31 30 36 8 29 15 20 32 38 18 33 16 26 17 2 11 19 5 9 25 4 1 10 27 34 0
0 13 38 8 10 6 22 36 9 31 26 21 30 3 25 39 29 1 33 17 4 16 14 37 5 35 19 12 15 24 28 34 11 2 27 23 7 32 20 18 0
0 11 27 4 2 36 26 32 29 38 14 23 25 15 13 31 28 8 17 34 12 30 9 35 19 22 3 21 10 37 24 5 1 7 16 18 20 33 6 39 0
0 30 20 12 24 22 11 31 26 13 17 5 15 29 8 34 38 18 10 25 35 19 14 27 33 32 4 16 28 7 39 6 36 9 3 21 37 23 1 2 0
0 3 30 22 1 36 27 28 31 32 5 15 7 16 4 39 19 29 24 9 25 12 11 13 2 20 10 14 6 33 17 23 35 38 37 26 18 21 8 34 0
0 10 1 13 12 20 37 38 31 17 15 21 34 4 19 18 28 7 24 25 26 29 23 39 8 9 33 5 35 32 30 27 6 3 16 36 22 11 2 14 0
0 33 6 29 12 21 7 26 25 11 31 20 22 35 23 5 2 1 13 24 38 14 19 10 15 37 18 27 16 30 28 3 34 8 4 32 39 17 9 36 0
0 10 29 24 37 33 8 25 14 3 26 39 32 6 35 9 12 15 7 23 27 11 34 28 18 5 21 22 13 17 38 2 1 19 31 16 4 30 20 36 0
0 29 26 5 3 27 6 9 12 28 38 17 1 16 33 39 15 36 34 10 18 13 7 11 24 25 8 4 21 31 14 30 19 20 32 37 2 35 22 23 0
0 35 10 11 18 14 29 4 3 24 37 33 17 30 15 21 9 34 8 36 28 31 25 32 16 2 27 38 26 22 13 23 1 7 12 6 19 20 5 39 0
0 33 5 4 24 38 15 16 2 37 26 10 7 18 14 21 13 1 39 20 29 25 36 17 34 23 31 32 12 6 28 9 19 3 27 35 30 8 11 22 0
0 19 9 23 22 5 7 15 37 1 25 8 18 29 11 4 32 35 38 21 2 34 3 26 20 13 36 31 33 27 6 14 28 16 17 10 39 24 12 30 0
0 2 26 6 17 21 10 20 32 1 22 30 36 14 12 33 29 8 23 9 4 37 13 25 24 19 31 27 11 34 35 7 15 38 18 28 39 16 3 5 0
0 5 30 14 15 39 20 11 19 6 24 8 35 37 23 13 32 17 28 21 34 2 10 22 7 4 38 33 3 36 26 12 18 1 31 29 25 27 16 9 0
0 5 32 39 17 35 18 31 33 36 38 16 15 1 10 11 24 13 7 6 19 4 21 22 8 2 20 30 26 28 3 9 23 29 25 14 12 34 27 37 0
0 30 10 16 36 14 25 38 27 23 3 4 19 13 34 1 11 39 15 2 21 20 17 35 7 28 24 12 8 37 31 32 33 5 9 29 18 6 22 26 0
0 4 15 25 7 17 33 24 29 19 1 13 3 28 22 21 18 27 14 23 10 37 31 20 9 5 16 2 8 11 6 12 38 36 30 26 34 35 39 32 0
0 36 35 13 5 24 33 29 27 7 20 17 4 11 39 22 6 15 31 9 14 21 37 25 8 28 32 18 3 1 12 34 26 10 19 23 30 38 2 16 0
0 29 20 16 9 15 4 19 3 31 35 1 30 2 36 21 17 6 27 24 8 39 22 7 25 18 13 14 12 32 28 37 5 26 38 11 33 10 23 34 0
0 29 25 34 9 22 8 3 27 33 11 39 35 32 19 13 18 20 17 28 16 5 4 36 38 10 37 31 24 21 14 2 6 1 7 15 30 23 26 12 0
0 34 15 39 21 14 17 29 9 38 13 27 22 12 24 1 28 25 2 5 8 11 7 35 20 16 4 23 19 31 37 6 18 36 10 33 32 26 30 3 0
0 33 22 6 15 12 38 13 1 27 34 4 23 16 19 7 20 25 37 3 10 11 18 26 17 28 36 8 39 9 30 24 29 31 14 2 32 21 5 35 0
0 31 26 3 16 39 38 14 22 35 37 34 7 30 28 18 2 8 17 27 5 15 21 9 20 12 29 32 23 6 10 36 4 25 11 19 24 33 1 13 0
0 39 36 29 8 14 30 32 7 10 19 26 20 35 17 37 4 3 28 16 24 34 25 33 12 18 15 23 13 38 9 21 31 1 2 5 27 22 11 6 0
0 15 2 7 12 22 20 4 37 28 23 39 6 32 5 35 16 1 38 18 14 30 13 24 31 10 3 17 27 36 8 25 21 33 34 29 26 9 11 19 0
0 22 31 36 20 21 6 7 1 8 11 26 2 15 14 37 33 17 4 24 25 27 10 23 5 13 39 35 9 30 38 28 34 16 12 32 29 19 3 18 0
0 32 15 7 2 35 29 25 9 28 22 37 24 6 12 31 16 13 39 5 4 3 23 34 11 20 33 30 8 1 17 14 18 21 38 27 19 36 10 26 0
0 25 30 26 24 3 11 18 9 39 6 12 15 38 28 5 31 20 2 32 7 29 16 27 33 34 23 14 37 19 8 13 36 4 35 1 21 22 10 17 0
0 27 6 12 21 34 7 10 11 4 2 9 1 39 22 16 19 24 13 29 38 23 33 5 3 36 30 14 8 26 35 15 31 20 37 18 17 25 28 32 0
0 8 25 23 36 16 32 13 18 39 38 12 19 24 9 21 10 34 5 2 7 3 4 35 26 27 37 20 11 31 14 33 30 28 1 15 22 6 17 29 0
0 23 13 36 24 17 25 11 6 16 28 27 35 15 9 34 14 33 20 4 37 7 31 30 32 8 21 26 12 2 3 19 18 10 29 1 38 22 39 5 0
0 39 17 24 37 18 10 16 36 20 31 7 6 30 38 25 32 26 29 22 15 13 34 9 28 21 8 33 27 12 2 14 11 1 5 35 23 3 19 4 0
0 13 6 5 23 12 34 38 11 35 14 16 30 24 18 21 36 20 28 3 17 19 7 39 25 8 1 37 32 2 26 9 31 29 33 4 15 10 22 27 0
0 2 34 25 38 21 27 14 7 29 18 31 19 33 1 36 15 39 30 10 9 37 13 5 6 3 4 35 16 32 23 12 17 8 26 28 22 24 11 20 0
0 34 26 15 38 8 22 9 24 4 32 25 18 27 5 12 19 28 14 3 20 6 29 10 13 2 11 17 23 39 31 30 21 35 7 33 37 1 16 36 0
0 4 34 18 5 32 23 14 28 33 7 26 36 22 35 11 19 30 25 24 29 1 16 2 9 31 39 27 21 10 20 6 15 8 37 12 38 3 13 17 0
0 36 28 38 33 16 10 5 37 25 20 30 26 14 18 7 17 4 27 3 23 12 9 34 39 11 13 2 21 8 32 24 31 19 22 1 29 6 15 35 0
0 1 36 17 24 9 29 31 19 2 8 12 22 35 4 3 39 32 6 30 37 11 14 28 10 18 26 33 38 20 23 34 15 25 27 21 13 5 7 16 0
0 14 5 16 7 15 3 17 31 28 6 13 29 18 32 22 12 10 37 4 35 23 9 26 25 38 2 36 34 30 20 8 19 27 1 24 11 33 39 21 0
0 14 36 29 17 3 24 26 35 30 15 19 16 34 6 22 27 38 7 11 32 28 4 31 10 21 25 5 39 23 12 20 2 37 1 18 9 13 8 33 0
0 21 32 9 1 4 2 15 13 29 7 19 36 22 27 39 12 17 38 23 28 20 6 8 3 26 24 5 34 10 11 33 30 25 18 37 35 16 31 14 0
0 32 9 4 7 5 29 27 20 25 1 13 37 30 2 22 10 39 24 33 36 15 34 3 28 16 6 12 8 31 38 35 19 17 26 23 21 11 14 18 0
0 20 31 3 32 2 27 37 18 39 24 21 28 29 34 38 17 9 35 30 16 4 10 5 14 23 25 22 13 12 8 1 33 36 26 19 7 6 11 15 0
0 30 12 17 13 39 18 10 2 8 5 25 31 4 24 6 34 16 37 36 35 21 28 38 32 29 26 3 23 11 9 14 27 19 22 7 1 33 20 15 0
0 18 14 9 29 10 4 34 36 31 21 22 33 5 3 28 26 7 15 20 24 30 6 25 11 19 32 16 2 1 39 17 23 13 38 35 37 27 12 8 0
0 20 4 38 17 14 31 18 32 26 21 2 5 25 6 12 29 23 33 3 35 1 19 11 13 30 8 28 36 9 27 16 22 39 15 37 34 7 24 10 0
0 28 16 7 26 37 29 30 27 8 38 6 1 15 39 2 36 3 19 4 21 13 22 34 20 25 18 5 35 11 17 10 9 32 31 24 33 23 14 12 0
0 23 15 4 1 26 20 13 11 31 10 22 33 36 18 35 12 3 24 6 16 28 37 29 30 2 27 39 21 17 19 9 34 25 32 5 8 38 14 7 0
0 19 32 38 2 25 6 26 15 33 14 18 20 31 30 28 17 23 36 10 37 4 3 1 7 12 29 5 35 21 34 22 13 16 27 8 11 24 39 9 0
0 39 11 34 23 31 22 38 19 13 28 14 37 15 35 32 21 4 17 26 9 29 3 36 33 16 5 6 20 25 7 2 18 10 24 30 12 1 27 8 0
0 35 27 18 4 39 16 24 2 10 14 31 15 33 8 34 29 23 21 7 5 32 22 9 11 20 1 26 6 38 12 17 13 36 3 25 37 28 30 19 0
0 15 37 28 23 7 27 18 13 19 38 14 35 22 17 12 36 39 32 20 2 8 11 25 24 30 34 9 3 6 26 21 29 33 5 1 31 4 16 10 0
0 4 16 30 14 22 34 3 27 5 23 13 19 29 10 11 25 32 6 36 37 12 39 15 17 9 35 26 7 18 24 2 21 33 8 20 28 1 31 38 0
0 7 31 29 3 18 27 36 1 33 23 2 32 22 20 5 35 16 9 19 6 21 25 24 28 4 17 11 26 38 34 10 14 15 39 37 30 12 13 8 0
0 34 17 38 28 35 12 39 37 8 14 33 30 6 29 10 24 1 9 31 18 15 36 19 11 4 32 25 26 13 3 5 21 20 7 22 16 2 27 23 0
0 18 12 33 22 26 35 2 30 31 9 27 11 7 29 3 17 15 32 25 21 37 6 8 10 13 1 23 39 24 34 20 5 36 14 4 16 28 19 38 0
0 22 39 37 12 27 34 15 9 17 4 35 1 31 18 29 6 21 36 3 26 13 30 10 33 5 25 7 14 19 11 20 8 32 23 24 38 28 16 2 0
0 28 26 7 16 18 31 17 9 13 35 20 21 2 12 14 39 27 34 23 5 15 1 37 11 38 25 6 32 10 29 30 4 3 19 22 33 24 36 8 0
0 11 37 1 24 9 20 5 23 30 13 39 17 19 27 2 28 22 25 35 14 4 29 31 26 15 10 34 33 36 3 32 38 16 12 21 6 8 18 7 0
0 8 11 21 6 9 13 27 23 26 25 32 20 38 35 7 10 14 12 22 29 18 5 33 24 4 31 16 37 17 28 39 2 1 19 3 30 15 34 36 0
0 22 12 28 33 26 17 20 24 31 32 4 14 16 9 19 1 18 29 3 11 27 13 15 30 38 39 23 8 34 2 21 10 36 7 25 6 5 35 37 0
0 39 30 6 15 7 35 36 18 34 11 29 4 1 20 8 12 21 22 2 25 9 14 33 19 17 31 3 37 13 26 10 28 38 5 16 27 32 24 23 0
0 7 22 37 32 18 26 10 31 6 29 20 2 16 27 36 12 25 13 15 30 33 39 3 23 11 38 14 1 24 4 9 21 28 19 8 34 5 35 17 0
0 6 19 27 25 8 16 1 12 32 15 35 11 4 24 20 37 34 31 23 38 18 2 30 7 17 5 14 28 36 21 9 13 39 26 29 22 33 10 3 0
0 17 27 25 24 9 18 29 39 28 6 23 12 7 20 5 4 2 1 8 33 11 16 34 22 19 32 37 14 13 26 35 31 15 30 36 21 3 38 10 0
0 16 32 28 22 5 26 12 15 20 21 1 35 30 3 27 9 13 29 36 14 34 2 10 24 7 38 4 33 19 6 17 31 8 39 11 23 37 18 25 0
0 6 16 33 13 18 5 11 8 34 7 32 39 29 27 25 36 15 14 12 22 3 19 28 17 38 30 35 23 2 26 10 4 21 20 1 31 37 9 24 0
0 17 2 35 8 23 19 13 12 34 38 7 1 39 29 3 11 16 25 28 14 22 31 36 33 10 26 37 18 15 24 9 30 32 21 5 6 20 4 27 0
0 28 25 37 12 30 32 2 1 21 18 31 4 38 24 36 11 16 3 5 15 14 26 19 8 20 13 27 6 23 7 9 22 10 35 17 34 29 33 39 0
0 3 11 39 15 13 10 33 35 29 2 4 23 7 21 36 28 38 18 30 32 17 34 19 20 22 9 12 37 31 14 6 25 5 16 8 26 1 24 27 0
0 7 3 27 13 25 10 14 37 38 22 16 12 23 28 17 5 2 33 35 32 15 31 29 4 36 21 19 30 20 9 18 26 11 1 6 34 24 8 39 0
0 13 20 10 4 18 30 17 34 6 25 14 35 27 9 36 8 33 24 31 22 1 5 2 23 37 38 28 12 26 19 3 29 15 16 39 32 21 11 7 0
0 27 26 29 21 35 14 20 16 17 2 15 8 31 5 1 19 22 30 7 12 3 34 10 37 28 13 25 32 36 18 39 38 11 33 4 9 23 24 6 0
0 15 20 26 16 30 19 24 11 3 8 7 29 33 10 36 4 38 37 31 13 21 34 35 5 28 2 14 22 23 39 27 6 17 25 12 1 32 18 9 0
0 4 33 1 37 13 23 24 35 9 38 31 8 17 5 22 6 28 20 34 10 15 32 12 16 26 27 29 14 39 30 25 36 3 11 7 19 2 18 21 0
0 2 4 9 7 38 11 8 15 39 3 20 35 33 18 19 24 30 14 17 22 16 27 32 1 23 28 12 5 10 31 29 13 34 37 26 21 25 36 6 0
0 36 26 5 24 38 39 2 30 23 20 15 14 3 12 19 18 29 31 21 16 22 11 7 8 33 32 1 34 4 9 10 27 25 6 13 17 35 37 28 0
0 20 10 37 23 25 4 17 27 21 33 14 5 2 39 34 32 13 1 8 7 12 31 29 6 9 22 35 26 24 36 3 18 28 38 19 15 30 11 16 0
0 16 24 36 37 10 7 2 26 25 9 29 11 33 27 5 22 12 17 31 39 3 1 15 6 4 35 34 14 28 18 19 30 21 13 32 8 20 23 38 0
0 19 33 2 5 37 10 39 16 17 9 13 20 14 18 1 25 12 35 30 28 31 27 21 38 32 23 15 3 6 22 36 7 11 26 8 24 4 29 34 0
0 16 36 9 14 20 1 23 4 12 18 29 30 31 26 11 10 5 39 21 7 22 28 19 35 13 33 34 38 8 6 27 15 25 3 37 32 17 2 24 0
0 3 1 7 37 25 23 24 5 22 21 17 36 16 38 31 6 39 4 20 12 11 28 10 35 18 34 32 26 2 27 14 30 29 9 8 15 33 13 19 0
0 11 32 12 14 7 27 29 13 10 16 31 20 18 1 5 17 3 26 8 38 30 22 36 4 35 24 21 33 23 19 6 37 25 9 28 39 34 2 15 0
0 4 31 11 17 27 37 28 24 30 29 8 10 13 19 39 15 9 3 35 26 38 23 21 34 14 6 2 20 12 36 32 5 1 25 22 18 7 16 33 0
0 6 18 34 28 30 10 27 14 39 13 17 16 1 5 9 25 36 37 31 21 12 22 20 38 19 2 4 24 26 23 29 11 32 35 7 8 3 15 33 0
0 24 39 28 33 10 11 9 15 7 30 32 5 25 35 3 4 37 36 12 1 13 31 34 17 29 14 26 38 21 8 6 2 20 22 19 23 27 18 16 0
0 17 10 23 5 31 39 21 28 35 14 20 26 22 19 27 9 36 3 4 18 12 11 15 24 33 25 30 38 1 8 34 16 32 2 7 29 13 6 37 0
0 22 35 32 27 2 4 39 34 24 11 5 3 13 28 33 16 1 12 18 21 9 25 17 8 19 31 10 6 30 14 7 26 37 29 15 23 36 38 20 0
0 19 31 33 26 15 21 3 18 20 29 12 30 36 4 38 28 13 32 27 35 23 6 10 24 39 9 25 14 7 17 34 16 8 5 11 1 22 2 37 0
0 3 34 32 1 7 35 22 9 4 5 38 2 33 14 29 10 28 31 19 37 16 26 27 17 12 18 11 30 39 24 13 15 20 6 21 23 8 25 36 0
0 34 24 33 27 16 35 1 15 4 2 23 17 39 26 32 6 37 8 38 22 25 13 10 3 14 30 28 12 29 11 18 9 7 20 19 5 36 31 21 0
0 3 11 33 14 6 35 4 21 20 10 7 8 2 1 32 12 18 27 36 15 37 13 9 19 22 25 30 34 5 28 31 38 24 26 39 29 17 16 23 0
0 31 7 9 15 14 8 25 27 20 11 37 35 1 34 18 10 6 22 12 28 32 17 39 24 21 26 38 19 4 29 5 23 16 36 13 3 2 30 33 0
0 24 6 3 34 26 28 22 36 17 11 31 38 12 14 15 9 37 30 2 23 21 7 33 4 18 25 10 20 32 39 19 5 16 8 35 1 13 29 27 0
0 22 31 7 35 5 15 24 8 38 23 32 2 27 37 30 39 1 12 34 14 17 21 25 33 13 36 16 19 26 18 9 4 11 28 6 3 10 20 29 0
0 12 39 27 23 32 15 4 21 3 19 9 35 6 24 22 17 16 14 26 37 38 10 18 34 33 8 25 1 11 13 28 36 30 20 7 31 2 5 29 0
0 30 1 7 38 9 14 35 11 13 10 28 27 6 24 32 20 8 29 36 23 37 31 19 3 15 18 4 5 2 17 26 16 25 22 12 33 34 39 21 0
0 1 3 21 23 5 18 10 29 12 34 19 4 25 39 13 27 16 26 9 22 7 8 38 24 35 33 37 11 15 32 2 31 14 17 30 36 28 20 6 0
0 16 4 27 21 9 33 32 37 24 30 28 19 15 5 25 36 10 13 8 14 12 11 3 39 2 26 35 22 20 18 6 29 1 31 34 23 38 7 17 0
0 30 25 10 13 37 29 16 26 35 19 14 22 7 32 11 20 31 9 3 2 36 24 6 38 33 4 5 17 39 12 23 27 8 34 21 15 28 18 1 0
0 27 39 5 10 26 21 28 35 13 30 1 12 33 7 18 22 24 36 4 34 11 17 2 3 6 25 9 23 19 14 16 32 15 31 20 38 8 29 37 0
0 16 27 10 20 18 7 39 25 9 19 33 6 30 28 34 29 37 22 38 15 4 32 5 35 26 17 24 2 23 13 3 1 8 14 12 11 21 31 36 0
0 30 10 16 28 5 4 27 34 3 35 31 11 13 25 22 39 38 19 15 1 7 2 33 6 8 12 36 14 18 24 21 23 37 9 17 32 20 26 29 0
0 12 1 25 15 16 33 26 39 18 23 31 10 3 36 37 19 35 2 11 20 8 34 22 4 6 9 13 32 5 24 21 29 14 28 27 38 17 30 7 0
0 22 10 19 29 11 37 34 2 28 38 13 8 27 9 35 30 6 12 25 4 20 26 3 21 33 24 15 31 7 39 32 16 5 14 36 23 17 1 18 0
0 36 10 15 13 20 34 8 27 38 28 11 16 3 14 37 21 33 6 17 4 12 18 29 24 9 23 30 35 2 19 5 32 1 39 22 31 25 26 7 0
0 28 12 32 11 20 4 18 19 29 1 31 14 34 16 21 35 25 6 24 2 30 38 15 10 9 36 22 27 7 37 3 26 23 33 13 5 39 8 17 0
0 28 16 9 2 32 8 21 17 7 36 24 25 5 3 12 1 10 35 39 38 18 15 14 22 4 37 11 29 30 13 20 26 19 6 31 23 27 33 34 0
0 32 28 18 7 27 38 6 16 19 31 14 15 21 22 9 8 29 24 1 30 37 10 33 3 35 13 20 5 39 2 12 4 11 23 17 25 36 26 34 0
0 4 20 6 16 26 11 31 32 34 28 3 23 38 33 21 9 7 24 37 1 27 18 17 22 13 8 36 39 29 12 10 2 25 5 19 14 35 30 15 0
0 23 36 32 4 1 22 21 2 38 3 17 31 28 34 29 6 20 30 26 18 9 19 7 13 8 11 33 39 14 25 27 24 10 15 12 37 5 16 35 0
0 27 35 31 8 20 30 24 36 1 9 38 11 15 32 26 2 4 29 18 3 7 10 21 28 17 12 23 33 25 13 6 14 19 37 34 22 16 5 39 0
0 11 6 2 28 25 10 35 8 38 15 3 36 5 14 23 22 32 30 19 27 39 34 20 12 4 33 31 37 18 9 26 17 1 29 16 7 13 24 21 0
0 5 2 35 30 32 18 27 10 11 8 31 6 39 25 26 19 33 36 28 3 37 13 1 29 38 22 23 24 7 12 9 15 17 4 21 20 16 14 34 0
0 25 35 23 11 18 28 14 37 38 20 3 30 9 15 29 13 5 32 6 27 21 24 8 12 26 4 39 2 33 22 36 1 10 16 34 19 17 31 7 0
0 39 13 20 8 27 29 35 10 26 1 19 15 21 9 6 16 28 18 38 3 31 30 4 36 7 34 2 14 12 17 24 37 5 25 11 23 32 22 33 0
0 37 21 26 5 32 17 30 33 2 13 12 25 34 9 28 36 31 39 16 7 29 38 35 6 4 8 10 14 20 19 18 3 15 1 24 22 11 27 23 0
0 27 12 29 37 8 16 25 4 34 10 20 23 7 26 38 31 1 24 3 35 6 19 36 17 9 33 28 32 15 5 39 11 21 30 13 18 2 22 14 0
0 21 29 25 1 26 32 22 33 20 12 2 14 18 34 31 23 3 17 9 39 30 24 38 7 5 19 4 35 10 15 36 16 13 27 11 28 37 6 8 0
0 1 29 27 12 15 22 17 30 4 19 20 36 37 23 3 32 13 35 33 21 31 39 9 26 7 24 8 2 14 18 16 38 11 34 25 5 10 6 28 0
0 4 12 27 3 7 39 21 38 20 5 22 25 35 26 9 6 37 14 32 34 1 10 24 31 16 29 13 17 19 28 2 18 15 11 33 30 23 8 36 0
0 32 25 23 22 2 21 6 4 12 16 5 7 37 34 8 18 24 29 20 14 11 27 28 19 17 13 26 30 15 3 33 38 10 1 35 31 9 39 36 0
0 20 9 17 27 14 6 4 36 21 18 30 39 11 23 33 8 26 7 37 25 34 31 19 16 2 28 22 32 35 13 3 10 29 15 38 1 24 12 5 0
0 28 37 38 35 24 21 19 22 11 33 9 16 18 20 27 26 15 13 7 31 36 39 5 8 2 17 25 14 4 34 10 3 23 6 12 30 1 29 32 0
0 26 38 34 20 4 14 35 6 24 13 2 9 33 1 39 19 25 36 12 10 22 5 18 30 3 28 29 21 15 37 8 17 31 7 16 11 32 27 23 0
0 15 27 14 21 36 10 33 6 3 20 39 28 26 22 34 1 31 37 8 12 23 38 9 25 16 19 5 30 29 2 4 13 18 11 7 24 17 35 32 0
0 13 20 26 5 8 17 21 14 7 22 6 27 36 31 16 3 37 23 33 9 12 28 29 19 1 32 24 34 18 15 38 10 2 35 39 11 30 25 4 0
0 9 31 30 16 23 26 35 7 18 19 14 13 2 15 11 3 1 37 21 39 17 6 33 4 32 10 24 36 20 29 22 8 38 28 34 27 25 5 12 0
0 28 8 38 11 34 19 14 15 17 21 27 13 1 36 3 20 35 25 33 2 5 23 9 22 6 29 18 24 26 32 7 30 39 31 4 37 16 12 10 0
0 24 5 32 34 7 20 39 16 27 38 10 23 6 3 31 30 15 1 12 33 2 25 22 4 9 29 21 13 26 19 17 8 18 14 37 36 28 35 11 0
0 29 20 9 6 28 12 3 30 16 24 13 19 21 2 34 18 15 11 27 26 31 22 38 5 10 36 8 1 14 32 17 33 25 35 37 23 7 4 39 0
0 7 14 25 33 34 2 11 9 26 4 17 8 10 3 36 31 37 28 1 6 15 30 19 5 32 18 21 39 13 23 24 16 29 38 12 35 22 20 27 0
0 14 13 20 15 18 35 19 30 32 12 39 31 3 16 27 28 34 25 11 36 22 10 2 33 37 21 5 38 17 7 29 23 1 9 26 24 6 8 4 0
0 37 31 3 25 11 39 36 18 15 9 19 38 33 21 27 10 5 22 29 1 6 2 34 14 17 7 16 24 35 30 8 28 12 13 32 26 20 23 4 0
0 31 14 16 2 39 11 22 4 8 27 18 19 34 30 38 6 28 29 12 9 32 3 36 26 5 37 17 13 15 1 23 20 7 24 33 25 10 21 35 0
0 18 2 19 32 37 6 20 13 29 10 23 33 4 38 16 36 5 14 27 3 9 7 30 15 39 11 17 1 31 25 28 24 8 12 35 34 21 26 22 0
0 22 30 35 25 27 24 4 31 20 23 26 36 8 10 37 19 12 6 9 1 14 28 16 38 33 34 21 2 7 29 11 5 13 3 32 15 39 18 17 0
0 23 37 13 30 3 24 15 20 16 10 27 33 7 17 5 2 8 21 28 36 34 25 4 18 9 38 29 31 1 35 22 6 26 12 11 32 14 39 19 0
0 34 7 36 24 33 22 19 14 38 28 21 37 15 26 32 8 11 17 6 20 35 5 27 9 39 31 2 10 4 3 29 18 25 16 30 12 1 13 23 0
0 7 25 5 11 35 8 27 20 21 9 36 38 14 18 13 30 6 10 26 2 4 15 23 32 37 39 17 24 28 16 29 33 31 34 1 3 12 19 22 0
0 30 13 11 4 22 29 33 17 15 31 34 19 28 36 12 35 23 7 1 25 32 38 9 8 3 16 10 21 27 6 37 2 26 20 14 5 24 18 39 0
0 10 17 22 15 37 8 30 19 12 11 32 4 33 9 24 36 21 29 39 23 28 16 3 20 14 6 26 38 13 1 25 34 7 5 27 35 18 2 31 0
0 26 2 39 7 19 11 20 29 6 9 22 24 4 27 1 28 3 30 38 21 12 18 10 35 31 16 37 5 17 34 15 32 36 13 25 23 33 8 14 0
0 1 15 19 3 32 38 26 21 39 11 10 25 8 30 29 17 20 13 12 36 31 9 23 33 16 35 27 5 6 34 7 4 18 37 24 28 14 22 2 0
0 4 10 28 25 27 17 24 35 9 2 31 1 15 13 26 20 29 18 32 5 22 38 33 8 6 36 34 16 39 30 3 21 37 7 19 23 14 12 11 0
0 33 34 17 7 25 16 6 15 37 19 3 21 39 30 1 36 38 26 14 31 32 8 22 2 29 28 5 23 18 20 4 24 13 12 10 27 9 35 11 0
0 27 9 11 38 34 36 20 25 18 23 14 30 17 16 26 29 1 32 12 19 28 8 35 15 22 4 39 5 31 2 3 13 21 7 6 37 10 33 24 0
0 11 22 34 20 7 10 35 24 12 33 28 26 14 38 17 6 5 4 19 32 36 37 16 2 15 39 8 3 29 21 18 30 27 25 1 9 31 13 23 0
0 19 18 28 14 37 17 12 16 30 10 4 22 34 21 25 36 11 2 23 6 33 15 13 24 26 38 35 7 3 1 31 32 9 39 20 8 27 29 5 0
0 9 12 28 24 36 3 16 11 10 39 25 8 20 23 34 35 26 5 1 37 22 4 29 32 7 38 21 15 13 33 17 2 14 27 30 19 6 31 18 0
0 29 8 15 33 28 30 26 10 35 38 27 7 11 23 9 34 24 18 17 3 14 31 36 22 5 6 2 39 37 25 12 20 19 32 16 4 13 1 21 0
0 29 22 11 18 34 16 25 31 21 19 23 39 4 7 1 12 36 10 37 30 17 28 5 2 38 27 15 6 32 26 9 13 24 8 3 33 20 14 35 0
0 37 39 11 2 16 19 25 18 15 9 28 38 35 14 17 29 7 20 21 22 8 33 31 36 30 24 5 26 6 12 32 23 4 27 13 34 3 1 10 0
0 11 36 37 15 39 4 34 26 8 24 33 16 1 21 23 20 17 32 22 31 10 19 13 6 28 38 25 5 35 12 14 9 18 29 27 3 30 2 7 0
0 31 13 15 23 3 27 26 2 9 18 6 7 16 20 5 38 29 22 35 28 11 30 4 34 39 17 32 25 12 37 36 8 24 10 21 19 1 14 33 0
0 9 30 34 18 13 33 25 15 37 17 4 28 3 39 31 32 29 26 38 6 24 12 2 16 20 23 1 11 22 10 19 35 8 21 7 36 5 27 14 0
0 9 29 6 1 31 30 22 28 20 10 37 2 5 3 33 19 15 8 14 35 18 25 4 34 27 39 12 16 17 23 11 21 32 13 26 7 36 24 38 0
0 15 19 17 9 4 32 8 30 21 13 37 34 7 20 28 36 31 22 29 27 18 39 25 35 2 3 33 16 26 12 6 38 1 24 11 5 14 10 23 0
0 35 23 14 17 28 9 18 19 32 30 4 24 22 29 21 25 2 36 7 8 15 34 3 1 13 20 10 12 16 33 39 38 26 5 11 27 6 31 37 0
