# n n_solutions
60 1000
# n x n distance matrix
0 7560 4976 5852 6264 6331 5903 6957 1708 7071 7355 5053 1697 5990 7045 5787 7335 2954 3511 4031 6105 3551 3716 4220 5651 4518 2692 1140 5464 5508 6260 2865 6774 6016 6296 6684 5442 824 1220 6100 4079 2817 2061 2523 7357 3721 2842 7917 4318 6074 700 4522 4002 7826 2570 5000 5300 5323 1700 2807
7560 0 6648 4099 6400 2302 4401 6826 5946 1216 1140 7060 5882 7594 8602 2844 1300 5162 9243 8075 2863 10448 6630 7017 5921 3301 9442 8626 7844 5770 1843 9082 2773 8260 3505 943 7915 7924 6341 4601 4294 7596 7360 8126 854 5503 8160 8360 11834 6706 7156 6236 10948 8161 9964 5913 2915 5147 6053 5768
4976 6648 0 7843 1403 4396 2469 2022 3905 5536 7217 412 4601 9823 2418 3807 5630 5720 3676 8527 7236 5440 1264 8207 1081 3832 7654 5920 1204 8558 4805 7829 7777 10123 3400 5770 9552 4535 4440 2420 2765 7360 3059 3206 5948 1749 7600 3000 7611 1118 5283 583 5852 2884 7218 8237 6378 1565 5099 2475
5852 4099 7843 0 8323 5044 6580 8969 4916 4695 3106 8190 4373 3512 10231 5092 4965 2912 8836 4472 1236 9368 7138 3310 7647 4167 6648 6576 8956 1700 4500 6086 1529 4201 6082 3891 3920 6552 4903 6860 5107 4459 6811 7623 4623 6140 5032 10470 9984 8452 5200 7273 9837 10295 7580 1964 1627 6847 4176 5755
6264 6400 1403 8323 0 4101 2002 721 5011 5203 7156 1581 5660 10677 2209 3634 5223 6579 5028 9596 7539 6815 2617 9154 707 4159 8956 7256 1984 9261 4617 9082 8000 11045 2906 5621 10489 5885 5589 1802 3280 8472 4428 4609 5607 2692 8765 2147 9009 424 6500 1746 7212 1972 8584 9002 6754 1476 6158 3577
6331 2302 4396 5044 4101 0 2100 4554 4623 1140 3104 4808 4826 8185 6300 640 1252 4716 7310 7990 3962 8711 4548 7130 3622 1843 8649 7467 5578 6449 583 8448 4243 8746 1236 1552 8287 6488 5154 2308 2420 7202 5608 6293 1552 3482 7700 6100 10377 4404 6113 4031 9202 5903 8886 6397 3440 2863 5162 3982
5903 4401 2469 6580 2002 2100 0 2500 4318 3214 5162 2865 4805 9280 4201 1649 3255 5323 5860 8561 5682 7479 3023 7925 1552 2475 8514 7017 3584 7709 2617 8485 6092 9734 948 3621 9211 5787 4925 282 1992 7557 4554 5053 3622 2280 7955 4052 9433 2308 5921 2262 7940 3860 8438 7528 4964 921 5263 3125
6957 6826 2022 8969 721 4554 2500 0 5730 5614 7648 2102 6381 11384 1969 4148 5600 7291 5510 10317 8143 7316 3275 9871 1421 4802 9646 7930 2284 9948 5099 9786 8579 11759 3324 6100 11204 6550 6306 2256 3969 9192 5080 5200 6007 3413 9482 1552 9552 905 7209 2435 7690 1360 9239 9700 7382 2140 6879 4294
1708 5946 3905 4916 5011 4623 4318 5730 0 5385 5860 4101 721 6053 6228 4080 5643 2137 3920 4622 4870 4652 2765 4360 4337 2817 4201 2846 4701 5069 4565 4177 5536 6280 4627 5044 5700 1979 608 4539 2408 3466 1900 2707 5685 2325 3757 6902 5889 4908 1603 3360 5147 6780 4272 4648 3992 3860 1204 1442
7071 1216 5536 4695 5203 1140 3214 5614 5385 0 2195 5948 5462 8065 7410 1746 300 5048 8360 8200 3498 9687 5643 7233 4751 2580 9204 8184 6718 6262 848 8926 3612 8682 2300 806 8276 7323 5859 3401 3405 7553 6576 7299 412 4548 8089 7144 11240 5522 6762 5162 10182 6946 9575 6306 3228 4002 5724 4951
7355 1140 7217 3106 7156 3104 5162 7648 5860 2195 0 7623 5658 6618 9326 3522 2360 4687 9442 7324 1902 10484 7008 6216 6612 3544 8969 8354 8421 4804 2549 8542 1676 7305 4340 1552 7002 7824 6161 5393 4632 6985 7470 8273 1920 5868 7564 9198 11672 7424 6868 6747 10983 9002 9621 5008 2236 5803 5738 5961
5053 7060 412 8190 1581 4808 2865 2102 4101 5948 7623 0 4810 10080 2140 4219 6040 5990 3448 8711 7611 5239 1360 8438 1414 4219 7707 5946 800 8858 5217 7917 8161 10358 3801 6181 9783 4553 4609 2801 3140 7528 3067 3106 6360 2061 7742 2865 7454 1216 5408 921 5632 2773 7203 8523 6745 1969 5303 2701
1697 5882 4601 4373 5660 4826 4805 6381 721 5462 5658 4810 0 5333 6942 4341 5738 1500 4500 3940 4472 5032 3482 3640 4973 2983 3832 2745 5420 4393 4681 3705 5142 5560 5000 5024 4981 2236 538 5044 2828 2817 2531 3306 5724 2968 3162 7591 6014 5580 1300 4045 5514 7465 4114 3956 3635 4438 500 2126
5990 7594 9823 3512 10677 8185 9280 11384 6053 8065 6618 10080 5333 0 12220 8062 8352 4110 9492 2353 4738 9343 8792 1772 9970 6824 5216 6113 10733 1824 7707 4511 5000 728 9021 7280 806 6814 5679 9560 7433 3306 7747 8415 8052 8091 3612 12747 9107 10688 5316 9245 9718 12598 6477 1788 4838 9269 4876 7381
7045 8602 2418 10231 2209 6300 4201 1969 6228 7410 9326 2140 6942 12220 0 5807 7432 8127 4652 10820 9560 6419 3465 10575 2716 6140 9625 7829 1581 10976 6802 9901 10066 12495 5115 7805 11920 6449 6717 4011 5126 9626 4992 4792 7816 4167 9808 1236 8736 1902 7465 3001 6700 1300 8969 10653 8728 3535 7432 4841
5787 2844 3807 5092 3634 640 1649 4148 4080 1746 3522 4219 4341 8062 5807 0 1886 4393 6670 7690 4104 8080 3911 6894 3100 1403 8173 6926 5000 6382 1004 8009 4472 8586 989 2000 8102 5903 4632 1897 1802 6835 4981 5658 2154 2842 7310 5700 9775 3905 5608 3417 8570 5508 8352 6276 3465 2308 4709 3360
7335 1300 5630 4965 5223 1252 3255 5600 5643 300 2360 6040 5738 8352 7432 1886 0 5346 8542 8500 3758 9900 5797 7532 4805 2830 9492 8451 6800 6545 1081 9219 3841 8972 2319 1077 8570 7570 6126 3423 3606 7851 6789 7500 447 4720 8386 7117 11485 5557 7038 5280 10394 6918 9848 6596 3517 4080 6008 5162
2954 5162 5720 2912 6579 4716 5323 7291 2137 5048 4687 5990 1500 4110 8127 4393 5346 0 6000 3298 3201 6456 4741 2607 5872 3008 4294 3780 6673 2941 4401 3921 3860 4468 5249 4438 3920 3640 2009 5594 3383 2507 4019 4804 5217 3982 3041 8637 7184 6579 2332 5140 6925 8489 4957 2549 2483 5200 1264 3312
3511 9243 3676 8836 5028 7310 5860 5510 3920 8360 9442 3448 4500 9492 4652 6670 8542 6000 0 7515 8732 1811 2842 7720 4742 5953 5517 3780 3306 8845 7521 5981 9385 9527 6660 8300 8953 2692 4004 5907 4964 6315 2039 1216 8741 3828 6264 5813 4101 4657 4176 3635 2184 5803 4580 8372 7833 4964 4816 3488
4031 8075 8527 4472 9596 7990 8561 10317 4622 8200 7324 8711 3940 2353 10820 7690 8500 3298 7515 0 5470 7138 7358 1166 8904 6306 2863 3905 9263 3047 7632 2158 5961 2109 8544 7505 1603 4830 4103 8823 6579 1220 6000 6551 8305 6906 1315 11524 6760 9520 3440 7980 7481 11401 4130 2580 5162 8324 3440 6060
6105 2863 7236 1236 7539 3962 5682 8143 4870 3498 1902 7611 4472 4738 9560 4104 3758 3201 8732 5470 0 9493 6702 4341 6894 3420 7340 6981 8401 2915 3394 6850 670 5414 5080 2692 5100 6708 5008 5953 4472 5247 6694 7518 3401 5622 5830 9677 10381 7716 5521 6691 9980 9493 8132 3106 905 6074 4410 5414
3551 10448 5440 9368 6815 8711 7479 7316 4652 9687 10484 5239 5032 9343 6419 8080 9900 6456 1811 7138 9493 0 4472 7610 6484 7158 4651 3238 5115 9044 8839 5255 10163 9239 8209 9513 8696 2816 4494 7559 6296 6040 3111 2441 10044 5300 5824 7602 2319 6453 4242 5331 500 7600 3466 8528 8633 6618 5192 4738
3716 6630 1264 7138 2617 4548 3023 3275 2765 5643 7008 1360 3482 8792 3465 3911 5797 4741 2842 7358 6702 4472 0 7121 2109 3471 6390 4657 1941 7655 4830 6574 7300 9041 3820 5700 8463 3275 3255 3088 2376 6171 1811 2088 6041 1140 6382 4219 6525 2376 4049 905 4924 4118 5968 7289 5807 2147 3969 1431
4220 7017 8207 3310 9154 7130 7925 9871 4360 7233 6216 8438 3640 1772 10575 6894 7532 2607 7720 1166 4341 7610 7121 0 8450 5554 3757 4401 9060 1910 6726 3088 4810 1920 7800 6506 1345 5044 3944 8198 5990 1627 5993 6648 7306 6506 2061 11172 7543 9128 3544 7638 8000 11033 4933 1421 4104 7800 3162 5738
5651 5921 1081 7647 707 3622 1552 1421 4337 4751 6612 1414 4973 9970 2716 3100 4805 5872 4742 8904 6894 6484 2109 8450 0 3492 8343 6675 2059 8560 4101 8443 7376 10339 2500 5100 9783 5323 4924 1431 2580 7789 3900 4177 5162 2012 8095 2830 8612 824 5852 1204 6907 2662 8030 8297 6092 824 5470 2915
4518 3301 3832 4167 4159 1843 2475 4802 2817 2580 3544 4219 2983 6824 6140 1403 2830 3008 5953 6306 3420 7158 3471 5554 3492 0 6806 5646 5015 5234 1749 6618 3945 7306 2247 2360 6800 4743 3324 2757 1104 5433 4060 4825 2906 2334 5907 6306 8660 4308 4272 3306 7657 6129 7057 5060 2600 2683 3324 2469
2692 9442 7654 6648 8956 8649 8514 9646 4201 9204 8969 7707 3832 5216 9625 8173 9492 4294 5517 2863 7340 4651 6390 3757 8343 6806 0 1802 8052 5608 8464 707 7951 4916 8809 8672 4455 3176 3600 8728 6600 2220 4651 4882 9424 6395 1700 10560 3911 8759 2600 7212 4904 10478 1303 5077 6741 7990 3492 5474
1140 8626 5920 6576 7256 7467 7017 7930 2846 8184 8354 5945 2745 6113 7829 6926 8451 3780 3780 3905 6981 3238 4657 4401 6675 5646 1802 0 6260 5966 7381 2202 7640 6001 7433 7769 5458 1392 2325 7206 5217 2807 2878 3080 8459 4801 2596 8784 3413 7033 1486 5510 3605 8708 1431 5434 6228 6403 2617 3901
5464 7844 1204 8956 1984 5578 3584 2284 4701 6718 8421 800 5420 10733 1581 5000 6800 6673 3306 9263 8401 5115 1941 9060 2059 5015 8052 6260 0 9570 6001 8321 8955 10980 4531 6972 10401 4876 5166 3488 3931 8062 3413 3257 7130 2816 8232 2570 7400 1562 5889 1711 5458 2531 7433 9217 7531 2720 5903 3361
5508 5770 8558 1700 9261 6449 7709 9948 5069 6262 4804 8858 4393 1824 10976 6382 6545 2941 8845 3047 2915 9044 7655 1910 8560 5234 5608 5966 9570 0 5948 4964 3214 2501 7360 5470 2236 6300 4850 7991 5981 3400 6923 7678 6236 6809 3911 11381 9269 9323 4809 7975 9476 11220 6711 538 3046 7810 4031 6224
6260 1843 4805 4500 4617 583 2617 5099 4565 848 2549 5217 4681 7707 6802 1004 1081 4401 7521 7632 3394 8839 4830 6726 4101 1749 8464 7381 6001 5948 0 8220 3661 8287 1802 1004 7844 6489 5056 2844 2561 6906 5728 6453 1220 3721 7424 6649 10404 4901 5980 4396 9334 6453 8784 5923 2915 3312 4972 4103
2865 9082 7829 6086 9082 8448 8485 9786 4177 8926 8542 7917 3705 4511 9901 8009 9219 3921 5981 2158 6850 5255 6574 3088 8443 6618 707 2202 8321 4964 8220 0 7440 4210 8705 8352 3748 3482 3569 8713 6527 1627 4909 5240 9121 6456 1063 10782 4617 8915 2596 7353 5536 10689 2000 4440 6306 8028 3301 5536
6774 2773 7777 1529 8000 4243 6092 8579 5536 3612 1676 8161 5142 5000 10066 4472 3841 3860 9385 5961 670 10163 7300 4810 7376 3945 7951 7640 8955 3214 3661 7440 0 5703 5420 2828 5445 7378 5678 6356 5024 5824 7349 8173 3440 6203 6407 10124 11043 8200 6185 7244 10650 9936 8772 3492 1552 6552 5077 6040
6016 8260 10123 4201 11045 8746 9734 11759 6280 8682 7305 10358 5560 728 12495 8586 8972 4468 9527 2109 5414 9239 9041 1920 10339 7306 4916 6001 10980 2501 8287 4210 5703 0 9529 7907 583 6835 5852 10012 7840 3228 7877 8500 8688 8414 3423 13080 8827 11031 5371 9552 9588 12940 6207 2376 5456 9667 5080 7657
6296 3505 3400 6081 2906 1236 948 3324 4627 2300 4340 3801 5000 9021 5115 989 2319 5249 6660 8544 5080 8209 3820 7800 2500 2247 8809 7433 4531 7360 1802 8705 5420 9529 0 2788 9033 6293 5215 1104 2220 7629 5188 5768 2701 2915 8075 4866 10064 3238 6212 3140 8683 4669 8864 7240 4454 1835 5414 3640
6684 943 5770 3891 5621 1552 3621 6100 5044 806 1552 6181 5024 7280 7805 2000 1077 4438 8300 7505 2692 9513 5700 6506 5100 2360 8672 7769 6972 5470 1004 8352 2828 7907 2788 0 7513 7017 5464 3847 3354 6923 6420 7184 800 4569 7473 7648 10933 5903 6313 5336 10012 7452 9130 5531 2451 4304 5232 4825
5442 7915 9552 3920 10489 8287 9211 11204 5700 8276 7002 9783 4981 806 11920 8102 8570 3920 8953 1603 5100 8696 8463 1345 9783 6800 4455 5458 10401 2236 7844 3748 5445 583 9033 7513 0 6262 5269 9487 7300 2668 7294 7920 8301 7849 2901 12515 8360 10469 4792 8982 9055 12376 5731 2002 5063 9120 4500 7083
824 7924 4535 6552 5885 6488 5787 6550 1979 7323 7824 4553 2236 6814 6449 5903 7570 3640 2692 4830 6708 2816 3275 5044 5323 4743 3176 1392 4876 6300 6489 3482 7378 6835 6293 7017 6262 0 1700 5953 4123 3624 1486 1769 7640 3522 3605 7392 3920 5651 1513 4143 3289 7316 2707 5800 5866 5108 2376 2668
1220 6341 4440 4903 5589 5154 4925 6306 608 5859 6161 4609 538 5679 6717 4632 6126 2009 4004 4103 5008 4494 3255 3944 4924 3324 3600 2325 5166 4850 5056 3569 5678 5852 5215 5464 5269 1700 0 5147 3001 2920 2088 2828 6140 2915 3176 7440 5515 5470 1000 3911 4976 7323 3733 4393 4167 4464 824 2012
6100 4601 2420 6860 1802 2308 282 2256 4539 3401 5393 2801 5044 9560 4011 1897 3423 5594 5907 8823 5953 7559 3088 8198 1431 2757 8728 7206 3488 7991 2844 8713 6356 10012 1104 3847 9487 5953 5147 0 2247 7810 4684 5147 3805 2433 8200 3807 9551 2137 6140 2280 8012 3613 8620 7810 5243 943 5508 3306
4079 4294 2765 5107 3280 2420 1992 3969 2408 3405 4632 3140 2828 7433 5126 1802 3606 3383 4964 6579 4472 6296 2376 5990 2580 1104 6600 5217 3931 5981 2561 6527 5024 7840 2220 3354 7300 4123 3001 2247 0 5565 3189 3894 3780 1236 5966 5408 7975 3361 4001 2220 6789 5242 6648 5731 3613 1838 3275 1562
2817 7596 7360 4459 8472 7202 7557 9192 3466 7553 6985 7528 2817 3306 9626 6835 7851 2507 6315 1220 5247 6040 6171 1627 7789 5433 2220 2807 8062 3400 6906 1627 5824 3228 7629 6923 2668 3624 2920 7810 5565 0 4780 5333 7710 5780 583 10360 5920 8374 2220 6824 6412 10241 3324 2865 4753 7249 2325 4908
2061 7360 3059 6811 4428 5608 4554 5080 1900 6576 7470 3067 2531 7747 4992 4981 6789 4019 2039 6000 6694 3111 1811 5993 3900 4060 4651 2878 3413 6923 5728 4909 7349 7877 5188 6420 7294 1486 2088 4684 3189 4780 0 824 6935 2284 4879 5909 4884 4177 2561 2701 3606 5830 4159 6476 5797 3785 2912 1627
2523 8126 3206 7623 4609 6293 5053 5200 2707 7299 8273 3106 3306 8415 4792 5658 7500 4804 1216 6551 7518 2441 2088 6648 4177 4825 4882 3080 3257 7678 6453 5240 8173 8500 5768 7184 7920 1769 2828 5147 3894 5333 824 0 7669 2860 5360 5824 4438 4300 3130 2983 2920 5772 4178 7218 6621 4215 3649 2360
7357 854 5948 4623 5607 1552 3622 6007 5685 412 1920 6360 5724 8052 7816 2154 447 5217 8741 8305 3401 10044 6041 7306 5162 2906 9424 8459 7130 6236 1220 9121 3440 8688 2701 800 8301 7640 6140 3805 3780 7710 6935 7669 0 4939 8256 7532 11560 5930 7021 5571 10541 7333 9838 6315 3238 4414 5961 5315
3721 5503 1749 6140 2692 3482 2280 3413 2325 4548 5868 2061 2968 8091 4167 2842 4720 3982 3828 6906 5622 5300 1140 6506 2012 2334 6395 4801 2816 6809 3721 6456 6203 8414 2915 4569 7849 3522 2915 2433 1236 5780 2284 2860 4939 0 6082 4666 7168 2624 3860 1166 5780 4527 6203 6489 4738 1603 3466 921
2842 8160 7600 5032 8765 7700 7955 9482 3757 8089 7564 7742 3162 3612 9808 7310 8386 3041 6264 1315 5830 5824 6382 2061 8094 5907 1700 2596 8232 3911 7424 1063 6407 3423 8075 7473 2901 3605 3176 8200 5966 583 4879 5360 8256 6082 0 10594 5510 8645 2343 7083 6166 10484 2886 3383 5331 7596 2692 5188
7917 8360 3000 10470 2147 6100 4052 1552 6902 7144 9198 2865 7591 12747 1236 5700 7117 8637 5813 11524 9677 7602 4219 11172 2830 6306 10560 8784 2570 11381 6649 10782 10124 13080 4866 7648 12515 7392 7440 3807 5408 10360 5909 5824 7532 4666 10594 0 9912 2061 8268 3546 7902 200 9992 11103 8900 3623 8090 5466
4318 11834 7611 9984 9009 10377 9433 9552 5889 11240 11672 7454 6014 9107 8736 9775 11485 7184 4101 6760 10381 2319 6525 7543 8612 8660 3911 3413 7400 9269 10404 4617 11043 8827 10064 10933 8360 3920 5515 9551 7975 5920 4884 4438 11560 7168 5510 9912 0 8670 4860 7421 2118 9904 2630 8731 9604 8633 5981 6441
6074 6706 1118 8452 424 4404 2308 905 4908 5522 7424 1216 5580 10688 1902 3905 5557 6579 4657 9520 7716 6453 2376 9128 824 4308 8759 7033 1562 9323 4901 8915 8200 11031 3238 5903 10469 5651 5470 2137 3361 8375 4177 4300 5930 2624 8645 2061 8670 0 6350 1565 6841 1910 8336 9042 6907 1648 6080 3466
700 7156 5283 5200 6500 6113 5921 7209 1603 6762 6868 5408 1300 5316 7465 5608 7038 2332 4176 3440 5521 4242 4049 3544 5852 4272 2600 1486 5889 4809 5980 2596 6185 5371 6212 6313 4792 1513 1000 6140 4001 2220 2561 3130 7021 3860 2343 8268 4860 6350 0 4785 4687 8163 2817 4301 4750 5434 1131 2941
4522 6236 583 7273 1746 4031 2262 2435 3360 5162 6747 921 4045 9245 3001 3417 5280 5140 3635 7980 6691 5331 905 7638 1204 3306 7212 5510 1711 7975 4396 7353 7244 9552 3140 5336 8982 4143 3911 2280 2220 6824 2701 2983 5571 1166 7083 3546 7421 1565 4785 0 5769 3420 6846 7655 5824 1345 4544 1920
4002 10948 5852 9837 7212 9202 7940 7690 5147 10182 10983 5632 5514 9718 6700 8570 10394 6925 2184 7481 9980 500 4924 8000 6907 7657 4904 3605 5458 9476 9334 5536 10650 9588 8683 10012 9055 3289 4976 8012 6789 6412 3606 2920 10541 5780 6166 7902 2118 6841 4687 5769 0 7910 3667 8956 9123 7071 5661 5232
7826 8161 2884 10295 1972 5903 3860 1360 6780 6946 9002 2773 7465 12598 1300 5508 6918 8489 5803 11400 9493 7600 4118 11033 2662 6129 10478 8708 2531 11220 6453 10689 9936 12940 4669 7452 12376 7316 7323 3613 5242 10241 5830 5772 7333 4527 10484 200 9904 1910 8163 3420 7910 0 9932 10948 8720 3448 7964 5340
2570 9964 7218 7580 8584 8886 8438 9239 4272 9575 9621 7203 4114 6477 8969 8352 9848 4957 4580 4130 8132 3466 5968 4933 8030 7057 1303 1431 7433 6711 8784 2000 8772 6207 8864 9130 5731 2707 3733 8620 6648 3324 4159 4178 9838 6203 2886 9992 2630 8336 2817 6846 3667 9932 0 6174 7440 7800 3911 5315
5000 5913 8237 1964 9002 6397 7528 9700 4648 6306 5008 8523 3956 1788 10653 6276 6596 2549 8372 2580 3106 8528 7289 1421 8297 5060 5077 5434 9217 538 5923 4440 3492 2376 7240 5531 2002 5800 4393 7810 5731 2865 6476 7218 6315 6489 3383 11103 8731 9042 4301 7655 8956 10948 6174 0 3080 7569 3569 5859
5300 2915 6378 1627 6754 3440 4964 7382 3992 3228 2236 6745 3635 4838 8728 3465 3517 2483 7833 5162 905 8633 5807 4104 6092 2600 6741 6228 7531 3046 2915 6306 1552 5456 4454 2451 5063 5866 4167 5243 3613 4753 5797 6621 3238 4738 5331 8900 9604 6907 4750 5824 9123 8720 7440 3080 0 5280 3623 4509
5323 5147 1565 6847 1476 2863 921 2140 3860 4002 5803 1969 4438 9269 3535 2308 4080 5200 4964 8324 6074 6618 2147 7800 824 2683 7990 6403 2720 7810 3312 8028 6552 9667 1835 4304 9120 5108 4464 943 1838 7249 3785 4215 4414 1603 7596 3623 8633 1648 5434 1345 7071 3448 7800 7569 5280 0 4924 2517
1700 6053 5099 4176 6158 5162 5263 6879 1204 5724 5738 5303 500 4876 7432 4709 6008 1264 4816 3440 4410 5192 3969 3162 5470 3324 3492 2617 5903 4031 4972 3301 5077 5080 5414 5232 4500 2376 824 5508 3275 2325 2912 3649 5961 3466 2692 8091 5981 6080 1131 4544 5661 7964 3911 3569 3623 4924 0 2624
2807 5768 2475 5755 3577 3982 3125 4294 1442 4951 5961 2701 2126 7381 4841 3360 5162 3312 3488 6060 5414 4738 1431 5738 2915 2469 5474 3901 3361 6224 4103 5536 6040 7657 3640 4825 7083 2668 2012 3306 1562 4908 1627 2360 5315 921 5188 5466 6441 3466 2941 1920 5232 5340 5315 5859 4509 2517 2624 0
# set of given starting solutions
0 52 56 41 1 5 51 15 9 10 47 11 28 43 8 46 14 32 13 35 40 18 21 49 44 22 16 20 33 37 12 29 39 34 58 36 38 30 4 48 7 3 54 6 25 50 24 17 26 42 27 53 31 19 57 55 2 59 45 23 0
0 59 35 54 47 32 55 30 1 33 44 56 41 20 10 18 43 57 38 36 2 50 51 53 39 22 27 14 3 37 11 5 25 13 34 46 23 17 28 6 40 48 7 12 21 52 9 58 15 16 8 24 42 26 4 49 29 19 45 31 0
0 47 17 59 57 35 5 31 4 20 33 15 43 12 26 1 58 23 46 27 16 30 14 52 24 22 3 48 54 45 19 41 37 55 8 40 2 34 29 18 6 25 39 11 51 50 36 49 53 13 42 28 44 38 56 21 9 7 32 10 0
0 39 18 26 42 54 48 58 13 17 8 22 24 10 5 9 27 19 14 29 52 32 56 12 20 4 47 2 40 53 28 33 55 31 25 43 30 11 37 35 50 46 38 36 34 1 41 16 3 49 6 7 51 21 15 23 45 44 57 59 0
0 15 28 29 1 26 16 52 53 34 42 59 55 10 43 22 35 44 23 9 5 50 17 41 11 13 24 3 51 45 37 39 12 14 8 30 32 38 18 2 33 27 20 7 48 57 6 19 4 25 49 58 40 47 36 56 54 46 21 31 0
0 48 1 58 20 24 32 14 12 44 17 4 30 53 39 55 51 41 5 35 37 22 19 33 40 10 11 21 54 36 28 25 46 29 45 8 52 23 7 56 57 3 34 26 50 38 13 18 43 2 16 9 6 59 15 49 47 27 31 42 0
0 53 55 52 54 27 20 59 48 42 19 15 14 40 47 58 44 25 21 2 28 16 4 29 56 18 17 32 34 57 23 41 1 22 45 31 50 33 8 51 9 6 26 43 5 11 24 3 38 46 49 37 39 10 30 13 12 7 35 36 0
0 52 27 46 2 39 20 47 55 38 50 44 12 4 14 10 29 49 34 23 5 26 28 43 1 45 36 37 8 48 24 3 30 13 56 35 22 42 57 11 6 9 31 40 59 18 19 33 7 41 54 32 51 15 17 53 58 25 16 21 0
0 7 36 49 17 2 4 56 33 25 46 47 29 41 42 40 21 5 37 18 22 30 14 53 38 58 55 16 34 19 52 12 26 11 45 59 6 44 28 35 50 3 39 13 9 32 8 31 43 27 1 54 51 10 23 24 15 57 20 48 0
0 17 13 9 38 50 42 7 56 20 57 51 6 4 58 23 54 8 59 37 43 18 3 27 22 49 12 53 5 30 19 45 46 39 25 44 41 10 32 2 34 40 36 55 16 14 47 35 11 48 15 52 21 33 29 28 1 24 31 26 0
0 55 35 14 53 28 44 29 43 21 3 45 18 6 40 12 54 9 51 46 48 26 49 36 37 10 41 7 1 42 25 50 17 16 5 33 38 15 57 13 4 19 39 32 2 52 31 20 56 47 24 59 22 27 30 58 34 8 23 11 0
0 19 33 56 37 7 38 50 48 34 42 18 58 20 36 4 3 17 32 16 15 54 14 52 47 6 10 45 57 22 26 11 40 59 8 29 21 41 28 27 23 5 13 53 35 39 1 51 2 46 25 49 12 9 24 30 44 43 55 31 0
0 49 57 13 43 31 33 34 41 37 21 11 38 7 12 1 6 56 2 58 5 18 15 28 9 25 54 30 55 27 19 59 20 17 26 4 42 52 45 50 47 36 22 16 8 32 14 44 46 35 53 24 40 51 10 48 3 39 23 29 0
0 53 40 16 29 47 51 13 18 26 32 17 24 46 54 1 49 2 33 27 56 44 45 35 20 42 31 43 48 25 9 37 30 12 19 8 5 50 39 23 4 59 38 34 6 28 7 10 3 55 58 22 57 36 15 21 41 52 14 11 0
0 56 39 24 50 30 40 42 15 1 7 36 2 45 53 57 21 44 35 37 34 18 23 55 5 19 16 54 4 47 52 48 25 3 32 22 29 14 26 8 10 31 11 59 6 46 49 38 51 13 28 33 12 43 20 27 17 58 9 41 0
0 41 18 17 39 29 1 21 15 28 33 54 13 43 19 30 25 2 3 53 7 9 34 5 26 49 58 50 47 55 20 16 57 35 37 38 51 44 11 59 14 31 12 32 4 24 40 45 23 10 8 6 22 46 52 48 36 42 56 27 0
0 44 16 40 18 1 53 39 57 32 52 31 5 41 36 11 24 29 21 12 56 49 38 27 35 48 10 50 2 34 13 22 26 54 58 7 17 55 23 43 37 8 45 51 20 19 47 6 3 25 42 33 14 59 9 30 4 46 28 15 0
0 41 50 34 53 16 32 23 6 58 55 4 48 44 2 57 15 39 24 37 47 20 10 54 11 26 52 27 17 36 56 18 49 40 9 43 38 45 5 33 14 1 8 22 35 7 29 28 51 46 13 59 19 42 12 3 30 31 21 25 0
0 50 26 12 23 56 10 3 25 52 18 24 40 27 57 13 21 53 35 51 1 9 19 49 15 46 17 6 43 47 48 39 2 30 14 28 41 8 31 20 4 44 42 5 38 34 32 16 45 29 54 59 33 11 22 55 37 36 58 7 0
0 15 22 40 45 59 7 24 14 13 58 10 43 29 8 12 20 57 25 3 32 36 21 37 6 9 27 31 54 53 49 34 2 47 38 18 4 56 23 28 30 26 35 17 11 33 55 44 48 39 42 52 1 5 50 41 16 51 19 46 0
0 45 35 40 24 33 9 6 23 56 4 3 12 8 50 39 30 34 14 20 11 38 44 55 49 41 51 26 31 57 13 1 37 15 17 27 2 42 53 18 22 29 16 36 46 25 59 32 52 7 54 43 21 5 58 10 28 19 47 48 0
0 3 45 13 7 53 22 46 47 26 34 8 57 51 23 49 25 28 55 52 43 36 41 40 24 2 42 35 56 33 27 4 1 10 37 14 21 29 17 38 44 12 5 54 6 9 39 50 32 58 18 11 15 59 16 31 48 19 20 30 0
0 58 35 24 18 37 54 2 5 9 49 13 53 22 20 46 50 45 57 19 56 30 15 41 12 28 4 36 23 38 8 25 34 10 6 11 52 3 21 39 26 7 40 29 44 14 31 55 33 48 16 43 32 51 47 59 27 17 42 1 0
0 38 3 11 23 40 55 35 25 12 20 4 34 36 8 48 47 15 28 44 53 9 54 2 57 6 18 43 50 27 42 32 13 16 58 45 39 14 26 31 46 10 30 56 1 59 5 52 41 33 7 51 17 22 37 19 49 24 21 29 0
0 54 45 13 19 39 21 48 49 1 22 55 30 28 38 3 50 37 33 29 44 16 31 17 32 43 5 10 51 18 46 11 36 52 59 4 27 42 47 24 40 58 53 41 35 2 20 6 56 12 23 8 9 14 15 34 25 57 7 26 0
0 19 22 20 15 44 47 35 53 6 3 58 41 37 36 56 50 9 43 1 42 55 49 8 34 31 21 30 33 38 39 7 14 23 40 26 12 5 24 45 10 4 59 32 2 17 54 51 52 57 48 11 46 18 13 25 27 28 29 16 0
0 48 21 45 52 15 47 3 56 51 55 28 9 57 5 26 44 58 34 59 6 43 1 38 23 54 41 2 14 49 16 29 4 36 19 22 50 33 25 32 10 39 17 8 18 11 37 7 13 27 31 42 35 20 53 46 12 30 24 40 0
0 12 51 30 34 32 23 33 6 45 43 41 7 20 8 27 11 21 39 58 40 56 59 50 54 18 37 25 1 4 46 22 5 16 42 48 17 19 13 10 26 31 15 24 49 53 38 36 28 35 57 47 29 3 9 52 44 55 14 2 0
0 50 26 51 45 43 29 24 40 12 53 17 30 42 1 37 20 19 55 31 18 54 56 35 27 44 10 28 16 48 2 11 22 6 4 7 25 38 3 57 59 32 15 49 58 46 39 13 52 8 14 41 21 36 34 33 9 5 23 47 0
0 36 47 49 22 37 51 11 1 6 21 29 3 57 20 23 32 58 16 34 30 10 42 14 26 38 40 33 43 15 53 41 56 25 46 8 27 44 7 52 13 5 2 17 12 24 31 54 39 59 4 19 45 48 9 35 50 28 18 55 0
0 15 48 51 29 46 21 7 52 38 35 5 4 59 20 47 2 31 14 22 30 3 42 9 10 50 12 58 23 17 34 16 25 37 49 39 26 1 40 13 11 45 18 55 28 8 56 27 24 53 44 32 41 33 43 36 19 57 6 54 0
0 44 8 22 16 11 40 33 25 53 3 6 38 2 28 55 20 35 36 15 24 43 23 17 47 54 41 10 31 9 51 27 14 12 57 19 56 29 37 52 5 32 46 50 58 34 1 13 48 39 21 42 18 7 26 30 45 4 59 49 0
0 56 15 29 14 24 32 44 51 47 16 34 54 19 53 50 46 18 6 38 55 1 35 3 9 36 26 7 43 33 49 12 11 48 42 37 52 2 28 5 30 57 8 10 25 23 4 59 13 58 40 39 31 27 45 22 41 17 20 21 0
0 26 36 59 57 12 23 28 58 40 29 7 24 34 46 22 53 3 9 55 51 35 6 43 11 17 8 45 16 42 50 38 49 44 32 31 4 37 48 47 18 19 14 2 52 5 54 15 21 20 33 56 30 41 39 13 10 27 1 25 0
0 57 33 47 50 56 10 26 17 21 41 29 52 2 46 18 6 54 31 40 37 19 11 39 22 36 38 9 28 35 32 14 13 51 44 12 4 16 1 25 27 8 30 55 3 43 15 20 5 58 7 42 49 53 34 45 23 24 48 59 0
0 18 27 42 3 17 5 14 41 55 46 1 36 11 40 44 53 32 15 47 30 34 51 4 25 39 56 6 23 59 2 45 31 50 57 28 13 38 22 16 19 58 43 49 26 37 33 54 10 48 7 29 35 12 9 21 8 20 24 52 0
0 28 5 1 10 8 52 26 41 17 3 55 50 49 34 45 51 46 40 13 11 59 14 58 9 20 18 24 7 4 56 48 43 38 22 36 53 23 33 54 6 19 2 37 16 15 35 27 57 39 47 32 31 42 21 30 25 12 29 44 0
0 4 3 1 41 11 31 46 12 32 22 6 2 29 30 39 17 47 19 44 9 50 8 56 57 25 40 36 43 16 42 51 34 20 58 37 49 35 23 7 24 48 14 45 5 21 53 55 15 59 28 13 54 26 38 10 33 52 27 18 0
0 25 56 20 35 11 14 4 54 37 5 38 12 53 34 43 28 13 33 44 19 57 58 50 39 51 42 18 27 15 26 46 6 31 49 16 29 41 3 24 2 22 17 8 48 55 21 1 9 52 32 7 47 10 36 23 30 45 40 59 0
0 22 32 3 29 2 27 9 8 41 39 56 40 42 15 6 37 31 33 53 11 50 38 19 55 28 16 1 43 35 46 23 54 7 30 20 26 45 10 36 59 13 17 24 57 18 48 44 21 49 51 12 14 52 5 25 4 58 34 47 0
0 17 4 47 13 12 49 7 15 21 29 16 27 22 24 53 26 23 39 1 10 40 19 36 20 50 11 31 5 35 55 51 8 30 25 57 42 33 44 54 18 32 58 41 14 34 56 59 3 38 46 52 43 37 9 45 48 6 28 2 0
0 14 46 23 42 27 16 29 48 55 45 20 47 39 53 5 34 57 12 3 32 26 36 40 15 2 41 58 13 33 51 7 38 37 6 25 30 56 17 43 52 54 10 18 1 21 19 49 50 59 28 9 8 4 35 44 11 24 22 31 0
0 26 7 10 47 52 12 9 8 15 25 37 33 19 41 49 51 55 35 27 22 16 50 57 56 43 18 29 54 48 30 14 31 46 1 13 24 4 34 2 42 53 58 44 40 6 39 36 3 20 38 11 23 45 5 28 17 59 21 32 0
0 12 40 14 35 48 3 46 34 36 57 55 31 20 27 56 28 10 26 21 32 19 2 39 18 59 52 45 17 47 9 38 8 44 29 4 51 16 11 54 25 6 53 30 33 43 42 49 50 13 37 1 58 22 41 7 24 5 15 23 0
0 27 47 26 50 8 17 4 51 18 11 35 37 10 30 33 21 45 58 13 29 15 24 48 34 25 5 44 1 22 3 59 32 52 19 40 16 38 41 56 20 42 46 57 36 7 53 6 2 9 14 23 39 31 12 55 54 43 28 49 0
0 27 46 26 39 49 17 38 48 9 10 59 36 24 4 7 5 29 54 40 19 42 43 3 55 20 35 22 30 44 11 58 56 21 1 6 37 52 45 53 47 50 28 23 14 8 18 57 15 33 31 34 51 25 12 2 16 41 32 13 0
0 11 22 18 53 32 35 29 25 17 24 38 30 54 5 51 9 43 12 52 4 6 44 23 48 20 27 14 49 57 26 45 8 13 16 31 47 36 59 1 41 46 15 3 42 7 21 37 50 58 56 2 33 28 10 19 55 40 39 34 0
0 59 27 23 22 28 47 56 55 19 54 2 16 24 39 49 44 34 13 9 15 25 14 21 50 4 57 35 8 40 17 7 41 29 42 43 45 6 58 46 11 18 51 52 1 38 3 20 37 36 53 5 10 30 31 12 26 33 32 48 0
0 28 57 7 5 16 54 11 59 36 10 44 50 58 24 4 49 25 55 41 29 9 38 40 6 45 51 23 27 33 13 56 31 32 3 12 18 53 22 42 52 46 37 17 35 1 20 48 30 21 19 14 43 15 47 34 8 2 26 39 0
0 54 19 31 24 34 9 28 47 37 13 44 50 42 3 6 55 25 29 10 7 20 2 14 59 33 1 38 26 36 4 51 43 35 12 49 18 27 17 41 52 5 45 53 15 57 8 16 32 46 22 23 56 40 39 58 11 30 48 21 0
0 50 22 47 39 37 9 15 45 30 19 26 28 57 13 51 4 6 38 41 44 32 48 34 35 29 52 14 23 8 53 5 42 27 40 12 43 2 7 3 36 10 25 1 59 18 58 33 49 55 24 11 21 46 31 17 56 16 20 54 0
0 29 25 43 16 12 35 22 58 47 8 49 3 13 55 7 57 52 53 4 21 11 34 32 28 9 48 54 59 24 30 23 41 38 6 10 33 46 45 18 19 15 5 37 31 40 56 2 39 14 44 17 26 20 27 36 1 51 50 42 0
0 43 24 26 9 23 32 42 10 14 12 48 13 11 55 25 53 3 59 27 51 28 29 35 44 30 1 31 54 20 7 21 4 46 47 34 50 16 17 36 56 38 19 39 22 2 49 33 18 5 40 8 52 58 37 57 15 6 45 41 0
0 14 15 46 5 36 27 54 33 6 52 4 16 20 35 18 58 41 10 49 28 19 51 40 50 1 53 29 7 3 38 21 43 26 24 59 12 44 32 37 34 57 13 48 42 2 31 25 39 56 22 9 30 55 23 8 47 11 45 17 0
0 13 8 4 29 53 49 46 28 50 55 10 33 9 35 58 21 42 16 2 3 5 41 37 1 31 38 23 12 34 54 24 56 32 19 47 57 27 11 44 52 59 18 30 17 39 7 40 36 43 20 45 26 22 48 51 15 6 25 14 0
0 1 12 44 51 17 35 59 55 16 53 5 4 36 40 33 45 13 32 49 34 8 52 11 21 15 39 28 9 42 20 58 14 10 25 19 57 37 6 50 7 22 46 43 38 24 18 54 47 48 41 30 26 3 31 2 27 56 29 23 0
0 36 32 9 46 4 39 54 3 51 29 14 10 33 45 21 8 37 16 28 15 55 40 23 58 47 27 24 5 13 52 12 57 20 22 41 42 53 18 6 31 50 43 30 49 35 48 56 44 2 34 26 59 1 25 19 17 38 7 11 0
0 52 45 37 4 46 39 30 40 55 11 41 49 7 16 10 9 6 56 3 13 20 22 27 51 15 47 50 44 2 19 23 33 43 21 35 54 12 14 29 58 59 38 36 32 1 31 53 28 8 57 17 18 24 25 26 48 5 42 34 0
0 36 26 25 39 16 1 32 35 19 14 50 9 11 49 7 55 56 42 53 43 34 48 51 45 12 15 22 31 47 52 58 2 33 21 40 57 41 3 18 4 44 23 20 29 5 30 27 10 28 17 38 59 13 8 46 37 24 54 6 0
0 56 46 55 11 57 12 30 31 1 18 58 49 39 34 13 29 6 38 23 37 52 21 54 45 33 44 53 19 25 32 41 40 16 27 8 5 14 48 24 28 47 42 20 51 9 22 3 50 15 7 36 35 4 26 2 43 17 59 10 0
0 19 24 27 25 18 44 15 2 4 8 12 17 49 21 37 13 35 6 38 54 9 41 45 31 29 56 57 39 59 53 7 36 16 28 50 23 1 20 11 58 47 40 43 22 26 10 32 30 33 51 42 55 5 46 52 3 14 48 34 0
0 20 38 41 50 30 1 49 51 23 31 21 45 6 29 37 52 11 46 55 33 16 44 36 35 9 54 22 13 15 12 39 8 19 25 34 57 28 27 2 5 48 26 10 4 18 47 14 43 53 40 7 32 3 42 24 17 56 59 58 0
0 37 47 13 48 56 23 40 33 46 52 10 12 19 53 30 55 35 43 41 14 18 29 36 21 50 22 15 11 26 17 44 27 25 16 49 24 20 39 8 51 58 38 6 59 9 42 1 57 54 3 2 7 45 34 5 31 28 32 4 0
0 52 28 46 29 20 45 11 49 1 36 9 25 30 58 50 23 37 39 33 42 8 2 15 5 56 55 18 53 17 27 26 43 7 4 21 22 13 48 54 51 12 10 6 41 40 16 34 57 38 35 32 44 59 19 24 3 31 47 14 0
0 57 44 41 24 28 53 3 16 33 46 54 14 5 1 51 45 49 4 50 27 37 59 42 19 32 56 34 9 31 6 30 47 35 7 58 22 40 12 29 10 11 8 39 20 36 21 18 17 38 23 25 15 13 52 55 43 26 48 2 0
0 20 2 44 28 22 27 7 45 18 1 43 55 26 34 31 17 12 8 25 52 38 53 32 15 56 58 29 59 51 30 10 48 24 39 14 42 9 33 36 41 11 49 35 37 4 57 46 23 16 21 40 50 19 6 3 47 13 5 54 0
0 40 54 23 56 45 48 32 49 53 9 43 36 5 38 20 26 39 34 4 46 44 14 8 28 25 52 1 18 31 27 11 42 22 19 55 57 17 6 7 2 41 3 13 35 47 12 59 37 30 51 29 10 50 33 24 21 15 58 16 0
0 48 24 2 50 29 58 31 25 41 9 18 7 35 15 51 43 12 10 39 55 40 20 5 23 28 56 6 34 3 54 46 53 27 38 17 33 22 16 32 45 13 57 26 30 21 8 14 37 4 59 52 1 44 19 47 49 42 36 11 0
0 46 10 40 48 39 53 51 23 24 9 55 17 1 42 21 28 31 2 13 27 15 25 8 3 36 35 56 4 50 57 54 19 14 29 33 45 16 20 11 58 26 7 43 47 52 44 30 34 22 38 37 32 18 59 5 6 41 12 49 0
0 58 9 40 1 50 49 14 12 15 30 57 37 27 16 48 18 20 19 17 2 59 52 44 38 39 43 24 10 36 53 7 35 29 51 56 34 5 46 41 13 6 28 31 55 33 4 42 54 23 11 8 26 22 25 32 47 3 45 21 0
0 41 18 56 42 13 38 48 49 53 43 22 57 59 16 29 11 46 34 31 47 52 23 32 39 12 10 54 36 19 3 9 2 7 5 44 50 1 6 25 37 30 51 58 14 33 27 17 28 26 40 20 15 45 24 55 35 21 4 8 0
0 1 58 48 29 33 11 6 28 9 52 30 18 38 31 57 16 13 14 42 2 49 47 35 8 45 17 5 43 46 37 50 21 51 22 53 4 55 15 10 27 56 7 39 23 32 3 19 34 36 54 40 59 44 41 12 25 26 24 20 0
0 43 22 29 17 34 3 2 1 45 10 8 36 59 39 38 56 26 50 55 18 23 49 35 51 40 16 44 19 54 4 7 12 25 30 28 58 21 15 48 37 57 9 11 42 5 53 27 20 31 47 46 24 14 33 13 41 32 6 52 0
0 34 58 6 31 17 28 8 32 50 20 21 19 38 22 56 10 15 48 14 43 47 2 27 59 55 53 16 54 4 24 13 49 9 5 37 12 57 25 39 23 26 52 29 40 46 42 45 30 35 18 11 1 41 44 51 3 36 33 7 0
0 52 24 59 55 10 26 8 37 2 3 58 27 30 39 47 41 4 9 48 53 6 17 33 21 22 23 43 36 57 49 40 54 7 34 28 35 13 5 29 31 15 42 50 56 12 46 51 16 38 32 14 44 19 20 25 1 18 45 11 0
0 1 29 58 46 57 54 16 12 15 42 7 50 21 37 2 32 20 47 17 9 33 53 31 56 4 3 24 6 35 22 30 26 8 38 13 39 43 48 41 28 34 11 10 36 14 27 25 5 52 18 45 44 51 49 40 19 55 23 59 0
0 30 19 7 44 28 3 4 8 16 45 33 46 39 37 18 10 47 35 38 9 40 14 59 22 43 57 32 23 20 12 1 2 55 49 34 11 54 29 51 42 58 48 31 24 17 13 26 6 15 56 53 27 21 41 50 36 52 25 5 0
0 28 10 56 41 33 58 31 47 1 25 26 13 36 38 6 18 9 11 3 44 59 5 14 51 22 55 27 53 30 32 39 42 45 57 16 2 24 23 49 34 43 37 8 17 40 19 7 12 15 21 48 50 46 20 52 54 4 29 35 0
0 45 19 44 43 2 8 55 39 34 4 52 20 11 25 51 31 35 54 15 29 13 46 49 16 14 42 1 23 17 36 3 6 53 28 27 9 50 18 26 32 22 57 58 24 30 47 5 12 59 10 56 33 38 21 7 37 41 40 48 0
0 33 1 2 20 30 13 36 50 3 57 51 9 38 32 42 7 28 49 54 53 37 19 56 45 58 40 26 8 16 39 27 25 10 47 5 12 4 48 35 52 11 17 23 6 21 55 46 59 15 31 14 43 41 34 44 22 18 24 29 0
0 7 25 44 21 56 8 43 5 51 29 18 50 33 57 14 24 31 58 3 11 9 12 28 17 20 15 39 53 45 23 32 54 1 16 55 49 59 48 36 27 42 6 19 10 2 35 34 40 47 30 52 41 4 22 13 26 46 37 38 0
0 12 50 8 34 20 56 26 43 57 25 27 17 28 55 40 15 52 41 7 2 4 58 3 44 49 32 18 54 39 19 6 16 11 47 9 30 23 59 33 14 1 42 21 22 51 45 35 13 36 31 48 53 46 29 37 38 24 5 10 0
0 26 22 24 4 45 43 18 34 33 57 56 59 52 30 48 12 25 21 55 49 37 50 11 1 32 36 2 47 15 20 5 19 31 14 23 39 53 16 35 42 40 38 46 44 10 29 17 41 27 9 58 51 8 3 28 54 7 13 6 0
0 21 27 56 34 51 35 10 17 47 30 32 7 39 38 40 31 22 2 15 44 52 42 25 49 20 48 12 24 6 28 46 26 16 29 19 50 9 43 58 45 3 4 1 41 36 53 54 18 33 59 8 14 37 11 5 13 23 55 57 0
0 52 32 41 34 24 7 33 6 19 58 43 47 44 40 5 18 23 3 10 17 42 12 2 16 36 39 8 59 31 38 4 21 1 46 25 9 37 29 55 50 49 35 11 56 48 15 45 20 28 30 57 13 14 54 51 26 27 53 22 0
0 45 50 51 14 23 42 18 19 37 9 3 46 1 10 15 30 12 49 59 6 8 28 47 40 52 56 13 2 27 16 38 44 41 25 43 22 53 29 5 48 21 31 39 4 36 7 58 34 54 24 11 17 57 33 20 26 32 35 55 0
0 1 49 6 57 40 48 36 23 35 39 9 24 3 14 37 53 21 38 47 34 30 31 46 51 32 5 16 50 42 59 22 20 58 28 13 8 18 25 45 19 54 44 56 2 29 17 10 27 43 55 26 15 12 4 52 41 33 7 11 0
0 35 25 50 30 17 19 20 54 48 22 52 7 34 45 8 16 5 6 58 14 42 51 3 31 33 38 36 44 2 27 9 55 43 24 32 11 56 39 37 47 26 18 10 4 29 23 53 49 12 40 1 15 21 41 59 13 28 57 46 0
0 27 51 39 45 5 25 50 48 8 58 20 41 38 15 32 28 40 10 37 43 17 1 30 26 57 22 9 35 47 14 23 6 21 16 36 49 24 4 56 33 2 31 42 11 18 59 19 7 44 29 13 53 52 12 34 54 55 3 46 0
0 29 20 40 58 50 7 36 25 12 54 46 59 38 17 21 19 39 10 37 28 53 32 22 18 44 35 14 15 6 51 9 55 41 48 47 23 43 57 11 24 3 4 2 49 13 31 42 8 5 45 52 16 30 1 27 33 56 26 34 0
0 46 19 24 2 18 52 44 21 49 43 59 14 12 20 41 29 23 57 53 32 38 9 25 7 17 39 27 16 54 6 31 34 45 26 30 28 8 36 33 40 11 42 15 58 55 13 56 4 50 35 22 3 1 10 37 47 51 48 5 0
0 13 11 35 19 28 27 14 54 6 47 51 10 52 25 15 34 9 17 45 7 50 58 39 20 1 53 40 38 44 36 8 33 26 48 57 3 21 41 5 29 23 31 56 42 32 22 46 30 2 16 55 12 24 49 18 59 43 37 4 0
0 47 56 29 28 57 4 7 59 15 3 40 18 25 58 37 32 1 19 50 20 43 44 52 54 17 55 31 30 51 8 11 42 5 39 16 49 9 48 21 45 41 26 53 13 35 6 34 23 36 24 2 10 27 14 22 33 38 12 46 0
0 34 55 7 56 41 58 21 4 11 45 32 52 19 14 51 26 50 31 46 8 1 13 3 39 29 42 27 25 15 33 44 48 37 10 36 5 59 16 54 2 30 18 49 12 22 20 38 47 53 35 40 17 57 28 24 6 43 23 9 0
0 24 8 3 5 25 46 20 43 11 36 18 9 40 1 59 29 7 56 53 42 41 13 52 50 15 33 32 34 37 44 16 57 4 45 10 35 49 23 48 2 28 19 54 58 21 22 47 39 12 14 26 31 51 6 30 38 27 17 55 0
0 20 30 11 50 16 7 4 5 25 19 10 22 35 59 21 43 15 39 44 13 24 49 55 48 8 12 3 1 57 47 34 31 23 14 52 9 53 41 28 37 56 51 42 6 33 29 40 46 18 58 38 2 36 32 27 26 17 54 45 0
0 44 17 12 53 29 35 10 59 40 58 36 47 25 48 1 19 33 3 26 52 34 49 39 50 38 24 46 42 37 45 8 15 9 5 18 43 23 56 30 13 16 32 28 4 21 20 11 54 27 7 41 57 14 6 55 51 31 2 22 0
0 21 50 2 31 45 10 27 9 51 57 7 13 54 52 37 12 56 36 39 43 22 40 18 1 14 59 28 24 44 4 32 33 41 20 11 19 6 15 35 29 49 5 38 17 26 55 23 25 48 53 46 30 42 3 47 16 58 34 8 0
0 49 15 43 4 46 56 52 40 6 51 1 9 14 47 2 32 33 37 54 45 21 16 17 31 29 12 26 35 22 5 44 42 36 8 30 11 59 10 27 53 20 19 24 48 39 3 50 38 41 7 28 34 18 57 13 25 58 55 23 0
0 24 58 16 34 3 1 21 31 7 33 27 9 18 2 23 6 32 10 39 20 50 55 11 41 29 35 25 47 19 42 28 44 8 51 30 13 17 4 59 52 5 48 36 37 38 14 43 57 53 40 22 46 49 15 54 56 26 12 45 0
0 52 33 5 7 32 29 51 49 19 59 6 16 24 36 10 54 21 9 13 26 50 8 3 46 11 34 42 44 18 37 17 2 1 57 41 56 25 28 31 27 30 38 12 47 20 15 48 53 39 35 40 22 43 4 45 14 55 23 58 0
0 41 30 4 14 55 28 18 25 1 40 51 33 6 12 23 9 3 16 31 24 58 42 10 2 59 56 27 48 20 35 7 32 36 54 8 11 37 44 49 50 21 45 43 17 13 46 15 38 5 57 34 47 52 39 22 19 29 53 26 0
0 17 11 54 2 34 47 48 9 50 42 31 27 53 59 49 5 10 26 30 12 15 40 19 32 14 23 46 44 33 8 18 58 52 29 57 3 6 21 20 16 35 25 41 51 37 45 28 55 22 39 43 7 38 4 36 13 24 56 1 0
0 58 12 33 6 54 47 34 16 3 55 21 36 13 27 19 38 9 35 43 24 4 59 10 40 7 30 41 28 53 25 23 32 51 11 57 37 45 20 44 49 17 26 1 29 56 48 5 39 22 46 8 52 42 50 14 15 31 18 2 0
0 9 11 49 26 55 8 44 28 48 21 42 32 7 2 46 4 20 30 54 52 40 23 1 45 18 16 27 36 12 56 53 14 41 58 25 29 6 17 15 39 3 19 50 38 24 43 33 35 31 37 59 5 13 34 57 22 51 47 10 0
0 49 38 51 42 14 11 20 9 17 43 27 36 45 21 12 18 52 25 22 41 31 13 1 7 3 5 39 34 59 29 28 15 55 48 24 58 50 57 32 47 8 33 53 40 37 2 6 23 54 19 56 10 26 4 46 16 30 35 44 0
0 27 12 57 41 40 38 58 10 50 47 17 46 18 35 54 36 1 49 26 11 33 23 20 4 52 48 24 25 37 9 22 3 2 13 53 55 5 15 34 6 59 43 14 21 7 44 42 29 30 39 8 56 32 51 31 28 19 16 45 0
0 20 15 59 32 17 19 28 29 16 42 13 52 12 50 54 58 41 2 27 23 26 36 14 38 5 7 51 4 43 34 6 10 3 25 57 40 30 44 37 53 46 45 31 18 24 8 49 22 56 39 47 48 9 35 11 21 1 55 33 0
0 44 13 43 53 29 39 12 9 55 4 17 47 3 59 52 16 34 36 21 54 24 38 1 22 18 51 57 14 28 8 23 33 49 48 26 19 20 11 42 10 15 6 46 40 50 41 45 37 30 31 5 25 2 35 7 56 58 32 27 0
0 9 42 49 40 48 35 56 22 45 44 17 4 31 37 57 20 10 23 38 3 39 30 27 12 26 7 21 2 19 16 50 25 5 14 47 28 36 1 51 29 43 11 41 18 52 32 33 8 15 54 24 55 46 59 34 6 13 53 58 0
0 46 49 52 29 42 10 50 37 36 16 24 51 8 25 21 32 59 11 44 48 18 2 3 28 22 55 56 6 14 20 13 7 58 1 19 9 45 15 5 38 34 43 4 27 53 40 39 57 12 41 35 17 33 23 30 26 47 54 31 0
0 32 44 3 50 22 27 48 23 4 2 17 9 20 33 16 18 25 40 11 43 30 7 49 26 57 21 36 10 35 6 29 55 53 42 46 34 51 5 15 19 54 59 56 39 58 38 41 14 1 12 31 28 13 24 45 47 37 8 52 0
0 57 51 37 38 19 45 26 4 30 59 49 16 9 41 52 32 56 11 24 14 34 31 43 39 33 44 29 22 42 58 47 35 53 17 50 6 54 13 25 3 2 5 18 27 36 1 20 21 15 10 55 12 48 7 23 40 8 46 28 0
0 37 9 34 40 1 35 13 4 52 39 6 50 26 23 25 53 48 19 31 11 57 42 17 56 5 3 38 21 36 46 10 15 54 47 59 24 43 2 49 14 20 45 16 29 33 8 18 28 51 30 58 32 55 22 44 7 41 12 27 0
0 19 35 8 9 7 50 27 22 6 49 34 51 2 57 26 21 43 4 45 24 39 36 28 37 18 31 59 30 15 11 3 13 41 25 1 5 42 10 40 53 14 38 44 54 16 33 56 12 55 29 20 48 23 32 52 47 17 46 58 0
0 5 12 16 15 39 50 2 38 21 36 17 33 7 32 37 14 42 43 28 56 53 59 25 3 48 51 26 8 54 49 57 29 55 30 46 24 20 47 31 34 1 13 23 44 45 41 58 52 4 10 22 35 6 18 9 27 11 19 40 0
0 19 55 10 4 24 22 52 16 12 20 13 58 23 40 7 26 36 29 59 33 11 14 15 1 18 46 30 47 21 54 56 35 48 8 44 43 25 9 53 27 42 5 32 28 3 31 6 17 45 51 50 37 39 2 41 34 57 49 38 0
0 5 44 51 45 28 12 9 33 57 56 54 37 29 58 26 20 34 49 19 47 31 4 40 8 38 53 35 2 23 3 39 16 50 52 21 27 59 1 11 32 13 43 14 22 6 41 46 15 48 25 17 24 7 18 36 42 10 30 55 0
0 41 21 42 22 3 44 28 43 11 48 8 32 16 1 9 27 58 6 12 30 20 39 25 33 55 46 13 40 50 56 2 18 5 34 35 53 10 14 31 59 7 38 4 37 15 19 57 52 54 17 49 51 26 24 45 29 36 47 23 0
0 14 3 2 23 16 58 35 36 19 45 29 12 28 15 54 40 7 21 20 51 4 50 55 11 8 10 53 38 34 22 52 41 25 1 59 57 6 27 42 18 49 32 39 43 30 44 13 46 37 33 56 47 31 24 48 26 17 9 5 0
0 57 51 8 39 49 12 54 45 27 58 37 28 24 13 59 10 18 23 52 48 25 35 56 41 46 9 44 4 30 16 34 42 55 53 6 3 31 1 33 29 5 32 26 20 50 47 11 40 38 14 19 15 36 22 43 21 17 2 7 0
0 13 30 18 48 26 14 34 54 51 39 36 40 15 29 8 45 23 27 21 31 25 49 16 59 35 12 37 3 5 57 9 20 33 17 22 41 44 7 6 24 19 50 1 52 43 4 47 42 10 38 58 46 56 2 32 53 11 55 28 0
0 25 51 50 19 33 13 43 9 34 7 48 35 44 1 58 40 31 18 8 52 36 12 15 45 20 11 41 2 30 39 42 28 23 26 38 29 5 54 3 46 47 55 10 32 4 21 16 59 22 6 17 27 53 56 24 14 57 49 37 0
0 32 45 59 53 20 29 31 43 2 58 21 57 9 54 51 17 6 48 28 36 55 34 4 30 46 12 56 3 24 37 7 19 41 10 5 18 40 38 44 42 13 1 26 15 49 33 47 16 22 25 14 8 27 39 23 35 52 11 50 0
0 12 4 28 5 31 56 35 2 9 7 26 16 30 57 46 41 52 20 24 51 19 8 48 58 1 15 47 50 14 43 44 18 40 21 45 3 34 13 17 25 36 53 32 37 39 27 6 38 10 23 54 11 29 49 33 42 22 59 55 0
0 12 52 56 6 29 16 24 28 38 27 19 46 44 34 4 23 17 55 40 39 43 18 14 1 15 35 20 2 26 33 5 8 9 50 53 59 49 21 25 10 57 36 32 37 31 48 47 51 13 11 58 3 30 54 41 42 22 45 7 0
0 34 22 53 33 4 30 29 50 42 56 31 35 12 25 51 24 41 5 58 13 8 16 44 2 18 26 15 28 6 1 47 19 48 14 11 57 20 59 7 17 10 37 54 36 40 55 21 43 27 52 23 9 39 32 3 38 45 49 46 0
0 39 54 48 5 27 51 58 2 45 7 31 49 19 57 56 22 55 42 17 20 21 34 30 24 52 47 28 29 46 37 16 12 40 33 35 25 11 15 50 59 26 1 9 6 14 8 43 13 38 10 44 32 18 41 3 36 4 53 23 0
