# n n_solutions
60 1000
# n x n distance matrix
0 447 7072 1603 6315 5300 3101 4210 1565 707 4036 4438 4244 5818 3748 6640 3470 7731 4494 141 4237 9503 3189 4947 9794 3280 8766 7432 7592 5110 1649 3500 5173 6676 2899 3124 4159 5724 6258 509 1802 5220 9243 1627 7441 3324 9677 2370 848 4623 7816 5630 2284 7381 5755 6200 7720 6400 7324 7969
447 0 7500 1868 6449 5080 2716 3801 2012 707 3940 4743 4140 5818 4177 7080 3904 7905 4204 316 4569 9767 3047 5385 9808 3111 9099 7782 7884 5491 1341 3106 5607 6989 3330 3538 4438 5738 6552 316 2022 5553 9489 2061 7856 3436 9786 2404 1280 4965 7907 6021 2353 7381 5913 6606 8032 6397 7566 8005
7071 7500 0 5990 6432 9827 9501 10655 5597 7121 8027 4044 8200 7902 3324 921 3606 6440 9868 7212 3807 5825 8005 3712 10176 8228 3858 2831 4220 2549 8070 9897 1920 3534 4172 3982 4471 7702 3889 7375 6053 3300 6010 5444 728 6236 8660 6802 6223 3452 7749 2009 6621 8747 5953 1300 3828 8229 5100 8640
1603 1868 5990 0 4780 4753 3534 4700 1581 1252 3130 2879 3353 4545 2785 5727 2596 6152 4300 1711 2729 7907 2549 4716 8437 2729 7249 5953 6016 3753 2080 3939 4204 5126 2039 2061 2570 4420 4684 1615 282 3712 7641 1208 6248 1886 8160 1300 1118 3138 6332 4313 1118 6080 4197 4957 6168 5122 5721 6586
6315 6449 6432 4780 0 4738 6389 7158 6083 5742 3534 2983 3535 1941 5307 6862 5445 1581 5491 6395 3405 4123 4272 7809 4045 4427 4742 4242 3138 4204 5813 6612 5818 3106 5341 4967 2831 1780 2601 6139 4535 3269 3661 5636 6129 3014 3383 4101 5882 3466 1640 4554 4110 2319 640 5166 3605 1992 2109 2282
5300 5080 9827 4753 4738 0 3041 3114 6262 4614 1811 5797 1627 2860 7202 9873 7117 6200 1236 5269 6020 8852 2213 9436 6003 2061 9323 8500 7720 7278 3764 2973 8421 7343 6648 6512 5360 2983 6760 4825 4512 6640 8373 5948 9808 3622 6957 3471 5553 6378 5232 7833 3667 3832 4701 8561 8127 3130 6801 4684
3101 2716 9501 3534 6389 3041 0 1170 4539 2630 2927 5939 3006 5008 6315 9261 6109 7969 1860 3006 5954 10331 2118 7975 8782 1964 10200 9060 8736 7140 1529 412 7738 8043 5536 5594 5517 5024 7500 2600 3448 6859 9940 4414 9708 3801 9334 2828 3733 6378 7454 7720 2973 6412 6053 8405 9021 5500 8095 7200
4210 3801 10655 4700 7158 3114 1170 0 5688 3785 3624 7017 3640 5578 7484 10427 7279 8731 1900 4104 7060 11200 3000 9124 9100 2801 11204 10111 9700 8266 2692 761 8904 9060 6706 6761 6585 5632 8504 3721 4606 7938 10782 5578 10844 4810 9884 3920 4883 7480 8051 8848 4080 6835 6896 9541 10012 6001 8988 7665
1565 2012 5597 1581 6083 6262 4539 5688 0 1910 4700 3612 4924 6082 2302 5108 2000 7308 5671 1700 3300 8700 4049 3436 9904 4205 7690 6306 6706 3889 3014 4949 3679 5721 1476 1802 3471 5946 5400 1992 1860 4219 8514 447 6021 3397 9454 2865 806 3612 7694 4346 2692 7592 5462 4837 6747 6652 6648 8044
707 707 7121 1252 5742 4614 2630 3785 1910 0 3330 4123 3538 5142 3827 6774 3584 7202 3860 721 3981 9100 2483 5346 9127 2580 8500 7205 7242 4981 1104 3041 5269 6369 3001 3140 3794 5056 5912 400 1360 4964 8811 1802 7427 2729 9080 1708 1104 4390 7203 5531 1649 6707 5208 6152 7409 5724 6888 7316
4036 3940 8027 3130 3534 1811 2927 3624 4700 3330 0 4016 223 2102 5414 8062 5346 5107 2051 4045 4220 7600 948 7712 6016 1004 7789 6850 6222 5481 2823 3104 6612 5720 4903 4738 3573 2102 5140 3640 2863 4884 7169 4337 8032 1811 6412 1835 4080 4588 4527 6044 2012 3590 3301 6772 6585 2630 5420 4328
4438 4743 4044 2879 2983 5797 5939 7017 3612 4123 4016 0 4176 3981 2334 4210 2500 3847 5947 4560 424 5108 4134 4827 7028 4356 4382 3140 3157 1503 4743 6296 2941 2247 2507 2102 447 3785 1824 4494 2773 921 4904 3201 4016 2282 6129 3111 3733 600 4596 2039 2973 5099 2360 2765 3289 4396 3041 5243
4244 4140 8200 3353 3535 1627 3006 3640 4923 3538 223 4176 0 2002 5622 8249 5557 5099 1984 4252 4393 7627 1118 7930 5869 1140 7874 6964 6296 5651 2996 3157 6806 5824 5119 4949 3736 2022 5243 3841 3086 5032 7186 4560 8190 2002 6328 2058 4301 4753 4455 6209 2235 3452 3342 6937 6670 2507 5467 4209
5818 5818 7902 4545 1941 2860 5008 5578 6082 5142 2102 3981 2002 0 6041 8174 6082 3342 3769 5859 4341 6010 3026 8541 3992 3106 6664 6044 5053 5445 4850 5147 6911 4876 5798 5507 3640 200 4317 5503 4263 4604 5522 5656 7716 2687 4328 3448 5640 4570 2473 5913 3551 1565 2088 6603 5503 583 4049 2236
3747 4177 3324 2785 5307 7202 6315 7484 2302 3827 5414 2334 5622 6041 0 2952 316 6129 6971 3888 1910 6923 5124 2523 9350 5333 5613 4210 4902 1802 4830 6723 1442 3883 848 728 2500 5860 3733 4060 2912 2469 6841 2120 3720 3649 8440 3832 2899 1972 6929 2137 3634 7324 4675 2549 4825 6529 5147 7543
6640 7080 921 5727 6862 9873 9261 10427 5108 6774 8062 4210 8249 8174 2952 0 3190 7049 9798 6780 3900 6661 7930 2844 10733 8149 4741 3623 4951 2729 7782 9666 1523 4161 3773 3667 4601 7975 4429 6989 5830 3613 6811 5021 1649 6251 9322 6676 5800 3612 8276 2308 6484 9148 6332 1749 4601 8551 5742 9118
3470 3904 3606 2596 5445 7117 6109 7279 2000 3584 5346 2500 5557 6082 316 3190 0 6328 6835 3612 2080 7200 5003 2459 9479 5207 5920 4517 5178 2100 4609 6519 1702 4159 583 608 2617 5905 3984 3801 2745 2720 7106 1843 4022 3613 8625 3705 2624 2193 7076 2451 3505 7406 4808 2863 5115 6586 5385 7657
7731 7905 6440 6152 1581 6200 7969 8731 7308 7202 5107 3847 5099 3342 6129 7049 6328 0 7032 7823 4254 2701 5852 8514 3764 6008 3832 3807 2418 4666 7355 8193 6296 2906 6350 5948 3862 3220 2640 7602 5930 3753 2193 6868 5980 4503 2334 5614 7218 4161 1513 4841 5603 3046 2002 5300 2915 3189 1360 2531
4494 4204 9868 4300 5491 1236 1860 1900 5671 3860 2051 5947 1984 3769 6971 9798 6835 7032 0 4438 6092 9602 1868 9008 7200 1649 9840 8881 8273 7353 2863 1746 8297 7762 6312 6251 5500 3848 7184 3992 4104 6847 9152 5423 9940 3667 8028 3140 4903 6488 6229 7930 3337 4949 5326 8653 8636 4148 7451 5787
141 316 7212 1711 6395 5269 3006 4104 1700 721 4045 4560 4252 5859 3888 6780 3611 7823 4438 0 4365 9617 3182 5069 9840 3264 8894 7564 7712 5247 1581 3401 5313 6800 3040 3264 4275 5769 6378 447 1900 5348 9352 1768 7582 3395 9751 2416 989 4753 7884 5768 2340 7424 5842 6341 7844 6441 7432 8023
4237 4569 3807 2729 3405 6020 5954 7060 3300 3981 4220 424 4393 4341 1910 3900 2080 4254 6092 4365 0 5400 4248 4404 7450 4471 4530 3224 3413 1264 4686 6325 2570 2451 2118 1708 707 4148 2100 4338 2662 984 5223 2906 3848 2435 6545 3140 3492 424 5020 1838 2983 5500 2780 2563 3492 4775 3395 5661
9503 9767 5825 7907 4123 8852 10331 11200 8700 9100 7600 5108 7627 6010 6923 6661 7200 2701 9602 9617 5400 0 8229 8876 5731 8411 2080 3052 2022 5141 9486 10599 6500 3041 7432 7024 5346 5872 3300 9492 7746 4517 538 8302 5166 6612 3700 7716 8836 5108 4070 4997 7653 5693 4304 5100 2154 5889 2247 5056
3189 3047 8005 2549 4272 2213 2118 3000 4049 2483 948 4134 1118 3026 5124 7930 5003 5852 1868 3182 4248 8229 0 7255 6964 223 8213 7158 6700 5503 1878 2370 6432 6081 4501 4410 3689 3006 5517 2758 2319 5047 7829 3736 8095 1860 7300 1300 3354 4652 5403 6083 1500 4535 3939 6802 7017 3569 6003 5261
4947 5385 3712 4716 7809 9436 7975 9124 3436 5346 7712 4827 7930 8541 2523 2844 2459 8514 9008 5069 4404 8876 7255 0 11854 7443 7203 5882 6931 3883 6449 8385 2376 5953 2816 3046 5021 8364 5963 5412 4936 4763 8899 3601 4401 6040 10846 5968 4242 4384 9417 3891 5770 9847 7184 3832 6722 9042 7405 10060
9794 9808 10176 8437 4045 6003 8782 9100 9904 9127 6016 7028 5869 3992 9350 10733 9479 3764 7200 9840 7450 5731 6964 11854 0 7009 7424 7569 6161 8183 8823 8836 9818 6648 9338 8980 6862 4071 6307 9493 8163 7239 5215 9462 9740 6551 2088 7424 9552 7500 2469 8459 7513 2435 4675 8989 6649 3417 5124 1860
3280 3111 8228 2729 4427 2061 1964 2801 4205 2580 1004 4356 1140 3106 5333 8149 5207 6008 1649 3264 4471 8411 223 7443 7009 0 8421 7375 6902 5726 1886 2193 6649 6293 4700 4617 3911 3100 5728 2831 2507 5269 8005 3905 8318 2080 7406 1503 3492 4875 5514 6306 1702 4589 4114 7025 7224 3634 6191 5332
8766 9100 3858 7249 4742 9323 10200 11204 7690 8500 7789 4382 7874 6664 5613 4741 5920 3832 9840 8894 4530 2080 8213 7203 7424 8421 0 1403 1612 3832 9106 10525 4866 2163 6280 5903 4750 6488 2701 8863 7155 3546 2416 7349 3162 6402 5531 7406 8000 4143 5345 3500 7294 6815 4632 3373 1204 6723 2657 6363
7432 7782 2831 5953 4242 8500 9060 10111 6306 7205 6850 3140 6964 6044 4210 3623 4517 3807 8881 7564 3224 3052 7158 5882 7569 7375 1403 0 1431 2433 7881 9406 3517 1170 4883 4512 3546 5852 1746 7558 5882 2247 3189 5977 2247 5307 5903 6236 6648 2817 5246 2102 6107 6506 3956 2061 1000 6216 2451 6220
7592 7884 4220 6016 3138 7720 8736 9700 6706 7242 6222 3157 6296 5053 4902 4951 5178 2418 8273 7712 3413 2022 6700 6931 6161 6902 1612 1431 0 3132 7738 9044 4565 1019 5414 5008 3448 4876 1334 7624 5882 2501 1969 6319 3671 4939 4472 5994 6888 3100 3901 3041 5903 5277 3023 3264 500 5126 1104 4901
5110 5491 2549 3753 4204 7278 7140 8266 3889 4981 5481 1503 5651 5445 1802 2729 2100 4666 7353 5247 1264 5141 5503 3883 8182 5726 3832 2433 3132 0 5799 7521 1640 2118 2451 2088 1923 5246 2080 5300 3748 943 5091 3584 2594 3699 7000 4356 4294 905 5713 583 4188 6451 3640 1300 3026 5824 3522 6484
1649 1341 8070 2080 5813 3764 1529 2692 3014 1104 2823 4743 2996 4850 4830 7782 4609 7355 2863 1581 4686 9486 1878 6449 8823 1886 9106 7881 7738 5799 0 1941 6264 6946 4031 4118 4356 4805 6441 1140 2051 5640 9148 2886 8324 2886 9027 1772 2208 5108 7125 6369 1838 6389 5360 7029 7964 5412 7242 7083
3500 3106 9897 3939 6612 2973 412 761 4949 3041 3104 6296 3157 5147 6723 9666 6519 8193 1746 3401 6325 10599 2370 8385 8836 2193 10525 9406 9044 7521 1941 0 8143 8373 5946 6000 5869 5178 7824 3001 3847 7217 10198 4826 10095 4123 9475 3189 4143 6747 7611 8102 3342 6500 6307 8792 9340 5614 8372 7306
5172 5606 1920 4204 5818 8421 7738 8904 3679 5269 6612 2941 6806 6911 1442 1523 1702 6296 8297 5314 2570 6500 6432 2376 9818 6649 4866 3517 4565 1640 6264 8143 0 3605 2280 2147 3275 6718 3679 5500 4308 2580 6529 3545 2416 4804 8627 5166 4326 2376 7349 1526 4972 8022 5232 1503 4346 7337 5108 8100
6676 6989 3534 5126 3106 7343 8043 9060 5721 6369 5720 2247 5824 4876 3883 4161 4159 2906 7762 6800 2451 3041 6081 5953 6648 6293 2163 1170 1019 2118 6946 8373 3605 0 4404 4001 2594 4684 583 6741 5015 1503 2973 5346 3104 4252 5161 5243 5943 2109 4244 2080 5131 5400 2789 2420 1044 5063 1581 5178
2899 3330 4172 2039 5341 6648 5536 6706 1476 3001 4903 2507 5119 5798 848 3773 583 6350 6312 3040 2118 7432 4501 2816 9338 4700 6280 4883 5414 2451 4031 5946 2280 4404 0 412 2523 5630 4158 3220 2209 2915 7298 1272 4560 3231 8609 3201 2051 2334 6981 2879 3001 7184 4701 3361 5400 6324 5508 7495
3124 3538 3982 2061 4967 6512 5594 6761 1802 3140 4738 2102 4949 5507 728 3667 608 5948 6251 3264 1708 7024 4410 3046 8980 4617 5903 4512 5008 2088 4118 6000 2147 4001 412 0 2140 5333 3747 3397 2184 2507 6887 1526 4318 3008 8215 3114 2280 1923 6606 2549 2915 6860 4327 3080 5003 6020 5096 7144
4159 4438 4471 2570 2831 5360 5517 6585 3471 3794 3573 447 3736 3640 2500 4601 2617 3862 5500 4275 707 5346 3689 5021 6862 3911 4750 3546 3448 1923 4356 5869 3275 2594 2523 2140 0 3448 2118 4176 2435 1360 5103 3041 4459 1835 6090 2690 3501 1019 4468 2473 2561 4837 2193 3201 3624 4085 3201 5044
5724 5738 7702 4420 1780 2983 5024 5632 5946 5056 2102 3785 2022 200 5860 7975 5905 3220 3848 5769 4148 5872 3006 8364 4071 3100 6488 5852 4876 5246 4805 5178 6718 4684 5630 5333 3448 0 4123 5423 4140 4404 5390 5517 7516 2549 4310 3354 5521 4373 2433 5714 3448 1664 1897 6403 5322 707 3883 2280
6258 6552 3889 4684 2601 6760 7500 8504 5400 5912 5140 1824 5243 4317 3733 4429 3984 2640 7184 6378 2100 3300 5517 5963 6307 5728 2701 1746 1334 2080 6441 7824 3679 583 4158 3747 2118 4123 0 6293 4553 1264 3140 5003 3535 3701 4957 4716 5557 1824 3862 2202 4614 4916 2236 2683 1526 4527 1442 4753
509 316 7375 1615 6139 4825 2600 3721 1992 400 3640 4494 3841 5503 4060 6989 3801 7602 3992 447 4338 9492 2758 5412 9493 2831 8863 7558 7624 5300 1140 3001 5500 6741 3220 3397 4176 5423 6293 0 1746 5322 9206 1972 7707 3125 9472 2088 1208 4741 7592 5841 2039 7067 5608 6444 7783 6083 7283 7689
1802 2022 6053 282 4535 4512 3448 4606 1860 1360 2863 2773 3086 4263 2912 5830 2745 5930 4104 1900 2662 7746 2319 4936 8163 2507 7155 5882 5882 3748 2051 3847 4308 5015 2209 2184 2435 4140 4553 1746 0 3635 7467 1476 6280 1612 7912 1044 1389 3080 6074 4318 854 5800 3962 4981 6053 4841 5544 6313
5220 5553 3300 3712 3269 6640 6859 7938 4219 4964 4884 921 5032 4604 2469 3613 2720 3753 6847 5348 984 4517 5047 4763 7239 5269 3546 2247 2501 943 5640 7217 2580 1503 2915 2507 1360 4404 1264 5322 3635 0 4393 3846 3178 3190 6087 4031 4464 608 4770 1315 3889 5536 2720 2000 2531 4949 2683 5546
9243 9489 6010 7641 3661 8373 9940 10782 8514 8811 7169 4904 7186 5522 6841 6811 7106 2193 9152 9352 5223 538 7829 8899 5215 8005 2416 3189 1969 5091 9148 10198 6529 2973 7298 6887 5103 5390 3140 9206 7467 4393 0 8105 5381 6264 3206 7376 8604 4964 3535 5008 7324 5162 3891 5186 2220 5381 1923 4518
1627 2061 5444 1208 5636 5948 4414 5578 447 1802 4337 3201 4561 5656 2120 5021 1843 6868 5423 1768 2906 8302 3736 3601 9462 3905 7349 5977 6319 3584 2886 4826 3545 5346 1272 1526 3041 5517 5003 1972 1476 3846 8105 0 5825 2969 9007 2507 781 3238 7247 4070 2325 7158 5015 4604 6378 6224 6228 7602
7441 7856 728 6248 6129 9808 9708 10844 6021 7427 8032 4016 8190 7716 3720 1649 4022 5980 9940 7582 3848 5166 8095 4401 9740 8318 3162 2247 3671 2594 8324 10095 2416 3104 4560 4318 4459 7516 3535 7707 6280 3178 5381 5825 0 6276 8141 6946 6594 3453 7348 2012 6773 8448 5700 1303 3244 8000 4623 8276
3324 3436 6236 1886 3014 3622 3801 4810 3397 2729 1811 2282 2002 2687 3649 6251 3613 4503 3667 3395 2435 6612 1860 6040 6551 2080 6402 5307 4939 3699 2886 4123 4804 4252 3231 3008 1835 2549 3701 3125 1612 3190 6264 2969 6276 0 6356 1118 3001 2823 4492 4272 1100 4201 2501 4997 5220 3255 4365 4701
9677 9786 8660 8160 3383 6957 9334 9884 9454 9080 6412 6129 6328 4328 8440 9322 8625 2334 8028 9751 6545 3700 7300 10846 2088 7406 5531 5903 4472 7000 9027 9475 8627 5161 8609 8215 6090 4310 4957 9472 7912 6087 3206 9007 8141 6356 0 7397 9265 6481 1902 7158 7433 3138 3992 7580 4924 3883 3580 2284
2370 2404 6802 1300 4101 3471 2828 3920 2865 1708 1835 3111 2058 3448 3832 6676 3705 5614 3140 2416 3140 7716 1300 5968 7424 1503 7406 6236 5994 4356 1772 3189 5166 5243 3201 3114 2690 3354 4716 2088 1044 4031 7376 2507 6946 1118 7397 0 2267 3560 5510 4939 200 5011 3612 5643 6242 4031 5470 5608
848 1280 6223 1118 5882 5553 3733 4883 806 1104 4080 3733 4301 5640 2899 5800 2624 7218 4903 989 3492 8836 3354 4242 9552 3492 8000 6648 6888 4294 2208 4143 4326 5943 2051 2280 3501 5521 5557 1208 1389 4464 8604 781 6594 3001 9265 2267 0 3860 7446 4802 2121 7184 5288 5360 6984 6220 6700 7702
4623 4965 3452 3138 3466 6378 6378 7480 3612 4390 4588 600 4753 4570 1972 3612 2193 4161 6488 4753 424 5108 4652 4384 7500 4875 4143 2817 3100 905 5108 6747 2376 2109 2334 1923 1019 4373 1824 4741 3080 608 4964 3238 3453 2823 6481 3560 3860 0 5044 1456 3405 5646 2865 2184 3139 4972 3195 5745
7816 7907 7749 6332 1640 5232 7454 8051 7694 7203 4527 4596 4455 2473 6929 8276 7076 1513 6229 7884 5020 4070 5403 9417 2469 5514 5345 5246 3901 5713 7125 7611 7349 4244 6981 6606 4468 2433 3862 7592 6074 4770 3535 7247 7348 4492 1902 5510 7446 5044 0 5994 5554 1640 2280 6539 4401 2102 2807 1019
5630 6021 2009 4313 4554 7833 7720 8848 4346 5531 6044 2039 6209 5913 2137 2308 2451 4841 7930 5768 1838 4997 6083 3891 8459 6306 3500 2102 3041 583 6369 8102 1526 2080 2879 2549 2473 5714 2202 5841 4318 1315 5008 4070 2012 4272 7158 4939 4802 1456 5994 0 4770 6841 4026 728 2846 6264 3606 6815
2284 2353 6621 1118 4110 3667 2973 4080 2692 1649 2012 2973 2235 3551 3634 6484 3505 5603 3337 2340 2983 7653 1500 5770 7513 1702 7294 6107 5903 4188 1838 3342 4972 5131 3001 2915 2561 3448 4614 2039 854 3889 7324 2325 6773 1100 7433 200 2121 3405 5554 4770 0 5110 3601 5470 6140 4134 5412 5685
7381 7381 8747 6080 2319 3832 6412 6835 7592 6707 3590 5099 3452 1565 7324 9148 7406 3046 4949 7424 5500 5693 4535 9847 2435 4589 6815 6506 5277 6451 6389 6500 8022 5400 7184 6860 4837 1664 4916 7067 5800 5536 5162 7158 8448 4201 3138 5011 7184 5646 1640 6841 5110 0 2816 7473 5770 984 4177 854
5755 5913 5953 4197 640 4701 6053 6896 5462 5208 3301 2360 3342 2088 4675 6332 4808 2002 5326 5842 2780 4304 3939 7184 4675 4114 4632 3956 3023 3640 5360 6307 5232 2789 4701 4327 2193 1897 2236 5608 3962 2720 3891 5015 5700 2501 3992 3612 5288 2865 2280 4026 3601 2816 0 4669 3448 2302 2126 2884
6200 6606 1300 4957 5166 8561 8405 9541 4837 6152 6772 2765 6937 6603 2549 1749 2863 5300 8653 6341 2563 5100 6802 3832 8989 7025 3373 2061 3264 1300 7029 8792 1503 2420 3361 3080 3201 6403 2683 6444 4981 2000 5186 4604 1303 4997 7580 5643 5360 2184 6539 728 5470 7473 4669 0 2968 6935 4000 7400
7720 8032 3828 6168 3605 8127 9021 10012 6747 7409 6585 3289 6670 5503 4825 4601 5115 2915 8636 7844 3492 2154 7017 6722 6649 7224 1204 1000 500 3026 7964 9340 4346 1044 5400 5003 3624 5322 1526 7783 6053 2531 2220 6377 3244 5220 4924 6242 6984 3139 4401 2846 6140 5770 3448 2968 0 5597 1603 5400
6400 6397 8229 5122 1992 3130 5500 6001 6652 5724 2630 4396 2507 583 6529 8551 6586 3189 4148 6441 4775 5889 3569 9042 3417 3634 6723 6216 5126 5824 5412 5614 7337 5063 6324 6020 4085 707 4527 6083 4841 4949 5381 6224 8000 3255 3883 4031 6220 4972 2102 6264 4134 984 2302 6935 5597 0 4071 1702
7324 7566 5100 5721 2109 6801 8095 8988 6648 6888 5420 3041 5467 4049 5147 5742 5385 1360 7451 7432 3395 2247 6003 7405 5124 6191 2657 2451 1104 3522 7242 8372 5108 1581 5508 5096 3201 3883 1442 7283 5544 2683 1923 6228 4623 4365 3580 5470 6700 3195 2807 3606 5412 4177 2126 4000 1603 4071 0 3800
7969 8005 8640 6586 2282 4684 7200 7665 8044 7316 4328 5243 4209 2236 7543 9118 7657 2531 5787 8023 5661 5056 5261 10060 1860 5332 6363 6220 4901 6484 7083 7306 8100 5178 7495 7144 5044 2280 4753 7689 6313 5546 4518 7602 8276 4701 2284 5608 7702 5745 1019 6815 5685 854 2884 7400 5400 1702 3800 0
# set of given starting solutions
0 10 1 50 53 11 57 12 48 20 45 21 8 34 26 5 58 25 38 29 40 24 32 55 15 51 2 39 43 6 27 37 59 4 31 33 36 35 22 19 41 42 7 44 52 14 28 3 16 30 17 56 13 9 46 49 47 23 54 18 0
0 44 48 25 42 59 30 55 7 19 40 16 32 2 49 41 8 6 1 33 13 24 54 39 11 29 52 21 12 56 31 18 45 50 38 14 15 5 57 9 17 26 51 46 58 4 37 20 10 43 34 22 23 53 35 28 47 27 3 36 0
0 11 51 47 30 6 13 56 32 27 5 43 35 24 1 18 8 45 26 38 50 15 44 10 2 19 21 14 54 22 28 34 46 25 9 29 55 41 31 40 39 42 7 48 52 49 36 53 4 3 58 17 33 37 59 57 12 20 16 23 0
0 43 2 46 7 1 47 29 12 15 52 36 5 40 23 25 51 31 42 24 21 8 17 19 27 44 14 4 48 3 45 22 10 11 33 50 30 37 54 58 53 41 39 18 38 26 32 9 13 20 55 34 6 35 59 57 16 56 28 49 0
0 8 41 56 48 47 57 12 38 26 36 31 44 52 5 33 51 18 27 45 30 58 29 9 1 15 55 20 53 28 7 22 11 40 34 23 16 24 35 42 3 25 39 49 46 59 43 14 50 2 54 37 13 21 6 17 19 4 32 10 0
0 53 4 16 28 5 12 42 49 45 33 9 44 52 51 40 56 15 32 30 19 54 36 17 58 13 57 23 27 31 11 47 2 48 35 20 22 3 34 39 41 18 59 7 21 43 25 37 38 14 10 50 46 6 1 55 24 26 29 8 0
0 29 53 12 15 38 40 8 2 10 58 11 16 55 56 51 59 31 4 23 30 43 50 48 46 20 7 41 34 33 39 17 14 44 26 37 32 25 35 27 3 52 13 18 57 45 21 28 5 47 54 19 36 24 6 22 1 42 9 49 0
0 40 8 41 52 36 55 33 13 1 44 39 35 58 47 18 37 17 42 9 24 28 53 48 51 7 57 49 45 59 5 32 14 23 2 29 11 19 26 3 50 22 15 46 34 27 16 4 20 31 10 54 6 21 25 43 30 12 38 56 0
0 20 12 15 14 31 50 22 26 53 11 16 51 24 28 59 43 19 45 30 46 2 3 47 35 58 34 44 33 23 32 7 39 13 52 54 41 48 17 9 27 4 21 40 38 55 6 42 49 1 18 57 29 25 8 10 37 36 56 5 0
0 20 11 28 4 6 25 58 23 12 38 1 39 21 55 34 57 59 31 27 18 29 5 13 24 17 50 43 30 42 16 33 15 37 22 2 51 52 46 8 40 35 9 10 56 26 48 47 41 54 32 36 14 45 19 3 53 44 49 7 0
0 30 29 42 11 4 19 13 57 52 44 27 1 58 12 2 55 53 9 34 16 5 35 7 40 20 24 26 3 15 25 17 37 23 36 18 32 47 21 33 56 41 54 43 45 10 6 59 8 31 48 49 28 14 51 22 38 50 46 39 0
0 38 15 37 42 45 20 9 14 18 1 55 6 22 19 7 36 24 2 44 48 43 12 58 10 34 50 53 3 27 52 56 59 47 8 4 39 57 16 35 29 41 33 5 11 28 13 32 21 54 17 40 30 25 23 49 26 31 46 51 0
0 7 22 1 16 24 44 43 55 2 10 9 19 57 28 3 50 12 46 48 23 6 45 25 4 13 11 49 21 33 58 52 51 59 47 35 29 27 20 41 8 38 17 53 15 34 31 18 26 40 54 30 39 42 14 36 37 5 32 56 0
0 51 41 18 8 42 57 5 11 48 47 15 54 43 40 23 59 34 27 3 33 22 26 46 13 10 53 14 16 44 35 19 7 28 39 30 4 25 12 45 58 9 49 24 50 38 29 21 56 1 31 17 32 37 52 55 2 6 36 20 0
0 55 28 10 37 51 24 20 38 5 13 58 42 18 25 4 56 15 29 32 12 23 1 52 49 34 26 7 2 22 30 40 53 43 47 48 3 27 59 17 45 11 54 8 44 33 39 14 31 21 6 36 57 35 16 41 9 46 19 50 0
0 51 53 7 45 31 56 55 27 23 24 15 42 44 4 9 50 3 2 12 11 48 30 38 25 59 32 22 19 6 1 18 52 5 8 21 49 20 47 39 34 54 58 41 57 35 13 29 10 36 37 17 40 16 46 26 28 14 43 33 0
0 14 40 55 9 24 15 21 28 27 37 45 53 49 46 5 47 36 33 52 23 10 13 43 7 17 41 6 58 57 30 48 3 34 39 42 26 32 12 19 51 50 31 44 35 59 56 16 20 18 2 22 25 4 38 54 1 8 29 11 0
0 54 57 36 38 5 24 39 42 2 18 29 52 13 45 26 33 32 48 27 55 40 47 22 58 19 9 50 20 43 16 15 6 4 12 3 1 17 14 23 25 44 21 35 49 7 59 51 31 11 8 41 56 34 10 46 28 37 30 53 0
0 41 40 8 49 50 36 27 54 31 46 35 25 43 55 37 24 34 16 5 39 45 4 2 19 47 59 21 10 22 11 13 53 20 42 3 7 12 15 57 48 38 33 23 56 58 28 14 51 17 44 32 26 6 18 52 30 1 9 29 0
0 25 36 7 39 9 28 40 14 21 6 30 59 24 50 37 10 38 16 20 4 44 57 54 35 34 51 15 26 29 49 43 47 45 56 31 8 55 32 33 18 52 12 13 3 1 5 17 42 11 23 58 22 27 46 2 48 19 53 41 0
0 4 8 56 19 23 59 29 55 41 33 16 54 32 26 49 34 24 36 50 47 14 13 20 28 39 35 2 53 38 44 40 57 6 10 11 1 18 30 45 31 46 48 58 43 17 21 7 12 37 22 15 27 9 52 25 51 42 3 5 0
0 16 29 53 56 3 14 50 5 20 47 41 31 17 43 46 42 6 9 12 18 4 48 45 39 28 30 19 7 10 22 1 55 40 38 34 15 44 51 32 11 58 27 13 33 49 37 25 36 2 26 23 8 57 21 24 54 35 59 52 0
0 30 23 17 46 38 9 8 1 34 7 54 40 35 55 50 37 26 32 39 15 27 59 36 53 56 31 4 16 48 19 52 5 28 6 51 45 58 13 20 11 33 2 14 18 29 24 57 47 43 42 44 49 21 10 41 25 12 3 22 0
0 4 29 21 23 41 6 15 20 10 12 32 25 42 35 59 45 5 19 18 57 33 2 44 52 54 26 8 40 48 47 24 39 16 17 7 43 36 56 1 27 55 22 3 30 34 31 38 53 50 13 37 51 28 11 9 49 46 14 58 0
0 55 42 47 14 37 44 9 34 2 39 43 51 30 3 25 49 5 20 33 15 17 53 6 4 7 28 27 41 50 36 32 22 10 52 56 59 38 1 54 16 46 11 57 58 29 23 35 18 26 12 8 40 19 45 24 13 31 48 21 0
0 1 37 44 31 48 45 10 26 52 2 34 14 49 25 4 16 33 40 5 46 20 8 3 19 21 11 15 59 32 30 28 53 51 12 9 29 13 36 58 57 38 41 27 17 24 23 6 7 35 55 54 50 18 39 43 56 42 47 22 0
0 7 28 43 29 30 22 53 40 24 38 42 27 4 14 51 31 17 48 46 59 10 1 19 20 33 39 54 6 18 32 50 47 45 36 3 23 34 2 55 57 35 15 58 5 26 21 11 16 12 44 56 41 49 52 9 25 8 37 13 0
0 38 13 58 21 9 19 15 30 4 55 31 18 51 52 28 35 17 43 12 23 6 57 14 41 37 50 59 44 8 34 45 40 16 56 22 29 20 26 7 11 2 5 10 53 24 49 3 27 36 48 33 1 25 32 47 42 54 39 46 0
0 41 47 59 40 28 26 32 10 57 51 35 53 1 44 3 13 21 54 5 12 14 20 37 2 24 52 58 49 18 27 31 15 34 39 11 33 16 17 46 23 45 30 42 19 36 6 9 55 50 22 29 7 43 56 38 48 4 8 25 0
0 42 32 30 14 5 58 28 47 39 31 4 53 44 7 19 40 46 49 41 26 34 1 16 3 54 22 21 57 52 18 20 59 29 33 37 38 43 15 35 36 9 25 48 6 8 10 45 50 51 13 11 2 24 17 27 55 23 56 12 0
0 35 37 17 24 51 56 5 7 58 41 59 28 32 53 45 11 34 39 42 8 1 21 38 10 33 47 18 36 54 13 26 16 15 43 31 40 48 20 9 3 22 6 14 29 44 25 55 12 50 2 4 57 19 30 46 49 23 27 52 0
0 39 54 7 25 20 15 23 46 3 38 36 52 1 24 55 32 28 2 33 35 58 18 49 9 30 5 12 42 13 37 56 53 41 21 50 17 14 59 4 34 8 19 40 11 45 43 27 16 31 22 10 57 26 29 44 48 47 6 51 0
0 15 38 22 17 14 18 54 4 7 41 13 11 6 25 44 32 42 39 16 28 24 12 1 58 9 19 50 26 20 23 2 59 55 56 29 37 27 3 30 31 5 21 57 46 34 51 47 45 48 33 8 35 40 53 52 43 49 10 36 0
0 11 47 34 48 21 2 40 41 16 31 45 20 58 51 52 54 57 32 27 44 53 37 29 3 55 26 9 43 18 46 38 49 39 12 4 59 42 6 1 17 13 56 35 28 25 19 33 10 14 23 24 22 50 5 30 8 36 15 7 0
0 39 6 5 16 28 55 53 4 59 31 48 8 7 34 18 22 35 9 19 44 45 51 29 1 15 11 43 54 50 3 58 21 37 33 42 46 2 36 27 13 25 20 17 26 23 49 24 47 56 30 32 40 14 38 10 52 41 12 57 0
0 48 22 26 39 56 21 28 43 1 59 54 45 46 24 18 47 19 44 20 32 58 15 41 7 23 6 16 52 2 11 38 29 14 31 51 49 17 37 33 53 27 34 35 13 9 5 57 4 55 3 42 50 40 30 8 25 12 10 36 0
0 14 53 27 7 26 18 50 40 55 44 12 56 1 41 52 22 59 42 21 19 2 48 25 43 15 28 24 47 10 6 46 49 13 34 51 39 57 58 23 4 36 17 32 37 16 30 45 35 11 5 38 33 8 31 54 20 3 9 29 0
0 6 15 43 8 39 55 53 20 48 42 23 41 21 31 26 18 47 9 7 32 17 25 16 19 38 1 11 58 40 5 3 51 4 12 52 10 36 14 35 44 13 27 24 28 49 45 34 30 50 29 22 46 2 59 37 56 33 57 54 0
0 14 7 57 16 50 27 38 59 11 33 17 37 36 8 30 19 55 35 41 53 43 18 47 9 25 58 15 32 5 34 12 22 1 28 3 45 52 23 20 4 26 48 24 10 54 13 6 2 31 56 49 51 29 44 21 42 46 39 40 0
0 49 47 14 1 15 53 42 24 12 22 32 5 51 36 50 11 59 4 56 7 3 48 20 21 45 2 29 35 25 8 10 30 37 23 41 34 39 38 26 54 43 46 18 16 31 44 28 19 40 58 9 57 27 6 52 13 55 17 33 0
0 3 44 36 5 58 8 49 48 54 51 1 27 19 14 18 4 33 25 35 10 56 53 2 45 47 9 17 28 26 30 40 16 38 42 34 41 12 39 55 23 13 50 57 37 11 7 15 22 21 52 59 31 43 29 20 32 24 46 6 0
0 53 54 20 41 58 29 14 43 4 38 28 44 55 8 2 17 56 9 21 18 5 26 3 19 22 34 10 33 11 13 49 40 12 24 42 57 47 51 30 31 48 7 27 6 52 25 46 23 1 16 36 59 45 32 15 37 39 35 50 0
0 32 58 33 46 42 25 50 27 44 38 14 56 45 29 3 18 34 17 13 22 52 20 48 8 7 2 19 47 5 39 23 37 54 16 35 4 51 6 9 10 49 1 43 36 41 59 53 55 12 40 30 31 15 28 26 21 24 11 57 0
0 21 6 53 26 2 19 14 48 39 35 24 20 59 15 42 58 25 49 5 3 38 10 18 7 33 32 57 23 34 13 44 4 56 12 9 16 51 22 36 46 31 55 30 17 27 41 1 45 40 52 50 54 28 8 37 43 29 47 11 0
0 43 38 8 11 51 34 16 12 56 47 31 15 58 3 1 37 52 4 5 22 40 57 55 17 26 39 21 44 45 54 46 59 7 48 24 33 2 10 32 19 53 42 18 25 20 28 49 23 14 30 41 35 9 27 6 29 13 36 50 0
0 31 43 15 48 37 2 38 29 20 41 42 58 7 21 27 53 50 5 52 6 49 28 23 35 47 10 33 57 56 55 54 8 4 51 18 22 30 19 14 45 9 34 32 13 25 44 3 1 59 39 16 46 40 36 26 24 12 11 17 0
0 25 46 18 8 2 56 42 17 45 39 31 28 52 12 36 29 19 5 53 32 50 11 27 16 24 10 38 47 14 37 6 23 43 9 44 22 58 34 15 33 1 4 49 35 48 54 13 51 21 3 55 40 20 59 57 7 30 26 41 0
0 17 53 9 57 10 38 23 34 47 19 20 4 26 52 21 35 59 5 49 11 24 1 41 56 3 48 14 30 43 6 32 12 15 29 50 54 7 18 13 27 58 31 46 22 55 16 39 51 8 28 37 33 25 2 40 44 45 36 42 0
0 51 20 44 19 49 55 52 30 25 54 11 35 5 39 8 4 47 28 10 21 23 34 32 38 46 48 14 6 9 45 50 7 57 17 37 41 40 18 29 53 43 56 58 59 12 24 2 27 36 1 33 16 42 26 13 31 15 3 22 0
0 40 29 42 52 51 17 45 19 26 35 15 18 30 41 10 5 50 34 11 9 8 47 2 31 48 22 24 27 55 14 37 59 12 20 33 3 6 49 38 53 13 57 39 23 4 32 28 46 25 56 44 58 1 36 43 16 54 7 21 0
0 32 46 35 25 13 58 39 57 33 19 18 45 26 24 42 2 53 47 50 43 16 14 17 27 1 31 54 21 38 23 44 37 40 15 11 12 52 22 20 3 29 10 59 4 36 7 6 48 30 5 9 41 51 49 34 55 8 56 28 0
0 30 19 20 41 54 35 37 55 15 17 25 51 24 8 33 28 6 27 45 10 40 36 31 12 42 59 13 50 34 21 2 11 57 53 7 18 43 48 39 23 26 9 52 46 49 38 22 29 32 56 3 44 16 5 58 14 1 4 47 0
0 14 10 35 51 39 52 25 11 40 16 59 28 21 18 6 49 8 33 43 58 5 45 7 19 41 4 22 55 1 3 42 13 12 15 30 2 9 24 38 57 32 47 37 27 54 48 23 44 36 34 50 26 20 31 46 53 17 56 29 0
0 21 24 40 2 54 26 45 6 55 46 52 36 30 13 51 1 10 33 41 49 16 3 19 4 7 20 28 38 23 29 27 34 12 32 44 37 47 35 42 15 43 11 9 50 57 25 53 18 14 48 39 31 8 56 58 17 59 22 5 0
0 48 39 32 23 13 2 11 44 57 9 27 55 41 51 20 33 24 14 30 22 31 3 50 54 43 12 49 17 35 42 4 21 34 45 18 26 6 28 56 1 15 36 7 59 19 53 52 5 37 58 29 16 38 25 46 40 8 10 47 0
0 14 39 27 50 30 20 9 18 57 58 11 2 53 3 59 19 7 5 4 29 55 54 35 45 43 15 22 49 51 23 34 36 38 13 17 42 16 12 6 28 56 25 8 47 10 31 26 33 37 46 48 41 1 40 52 32 21 24 44 0
0 44 15 48 38 3 20 12 53 23 24 22 43 27 49 58 26 37 13 16 47 1 19 40 4 50 28 42 36 39 31 46 14 5 8 59 9 17 51 41 7 33 57 45 35 29 54 21 30 10 52 32 6 2 34 11 55 56 25 18 0
0 23 53 29 25 59 30 58 35 42 28 12 19 38 13 7 14 1 16 44 37 51 52 18 10 49 32 2 21 8 6 55 27 46 40 57 43 3 48 50 9 24 5 26 31 17 54 56 36 45 34 11 47 39 20 22 15 4 41 33 0
0 5 41 16 46 20 45 4 18 23 25 8 52 17 24 3 19 42 35 55 21 37 9 14 48 36 56 12 59 53 32 10 43 33 58 49 11 22 26 31 13 28 51 1 50 47 57 39 54 2 7 40 30 27 44 29 6 15 34 38 0
0 4 13 12 51 7 46 33 43 3 54 50 14 32 21 26 56 25 37 8 9 59 52 58 49 16 47 19 36 5 53 10 15 29 2 48 20 28 45 17 30 34 11 6 18 24 39 27 22 38 41 1 31 42 57 40 23 44 35 55 0
0 33 37 35 23 27 32 19 48 50 45 59 2 11 3 21 10 52 41 18 20 9 29 15 6 36 47 17 39 16 4 42 24 54 1 40 22 28 25 43 8 7 51 49 56 13 57 14 58 44 53 31 26 46 38 5 12 30 55 34 0
0 50 45 30 33 34 54 53 2 18 28 5 15 49 7 36 44 52 3 35 8 43 46 37 57 31 23 11 32 22 19 41 16 47 1 20 14 55 40 4 38 58 51 17 48 9 13 59 12 56 29 25 21 27 42 39 26 24 6 10 0
0 12 11 18 49 6 26 27 2 52 19 59 34 32 4 24 43 56 16 36 35 57 53 31 23 47 25 40 14 17 33 42 38 44 5 1 28 39 21 15 30 58 29 9 55 37 41 45 51 3 8 54 50 13 46 20 7 10 48 22 0
0 53 21 37 47 30 27 1 29 23 9 16 17 35 46 19 59 38 3 20 14 13 6 44 50 33 4 10 32 54 55 57 39 41 58 45 28 49 25 24 56 15 48 18 36 12 7 52 8 2 34 5 43 42 40 22 26 51 31 11 0
0 17 25 52 54 38 32 30 48 12 49 41 59 2 13 23 43 21 51 3 5 44 46 29 42 27 14 28 18 4 39 45 16 55 22 8 33 9 15 1 11 10 58 57 36 19 50 40 6 47 34 24 20 31 7 56 53 35 26 37 0
0 7 57 46 6 24 3 10 34 33 23 27 45 22 29 21 43 41 55 37 48 14 28 19 39 40 18 1 52 58 42 44 30 9 49 35 12 51 32 17 26 16 47 50 4 20 8 56 54 38 25 31 13 11 15 59 53 5 36 2 0
0 49 55 6 29 3 18 40 34 51 4 24 9 59 13 44 12 54 16 38 36 37 43 57 19 15 32 5 53 23 46 31 25 52 10 50 39 35 7 1 8 48 56 41 28 47 22 11 14 45 26 21 58 33 30 17 42 27 2 20 0
0 3 41 13 37 9 7 31 11 5 10 55 15 6 27 19 18 30 8 12 32 26 28 45 48 46 40 1 17 2 49 59 35 25 4 21 22 42 57 52 14 43 34 51 44 23 47 20 54 58 33 39 53 29 24 56 50 38 16 36 0
0 47 19 22 6 15 16 30 4 9 14 3 1 31 23 42 7 10 21 40 11 54 48 13 5 38 33 28 41 25 24 52 43 27 44 56 35 57 49 12 45 34 39 29 18 59 51 26 2 32 20 53 55 46 8 50 36 37 17 58 0
0 39 40 8 5 52 43 29 41 57 10 11 16 58 46 4 15 17 23 1 22 59 34 2 6 24 19 50 55 35 26 54 56 38 7 33 42 48 27 18 47 9 30 3 20 32 28 53 14 13 31 12 44 37 21 45 51 36 49 25 0
0 21 53 56 47 9 40 11 32 46 20 41 25 59 23 54 7 45 36 18 3 8 44 15 10 14 48 43 4 51 17 52 57 49 50 28 5 24 37 1 55 34 42 58 27 13 22 19 38 31 12 35 33 39 16 2 26 29 6 30 0
0 39 31 24 1 40 37 52 9 18 23 2 3 33 28 26 12 5 43 41 53 4 10 7 25 17 35 6 36 34 14 47 58 21 56 42 22 54 19 45 46 50 29 20 55 15 11 32 49 30 51 16 48 57 38 13 8 27 59 44 0
0 29 45 17 18 47 32 53 38 25 40 31 8 52 46 48 5 16 35 34 13 49 19 56 14 59 27 22 36 10 54 50 42 43 9 37 7 24 26 1 4 33 30 23 20 58 41 51 39 3 44 55 6 15 28 57 12 11 2 21 0
0 24 9 22 33 2 16 26 49 52 8 13 57 47 28 35 59 19 54 44 1 38 20 12 7 5 14 53 45 11 42 40 4 3 39 10 18 51 34 25 15 55 6 37 17 58 23 56 29 48 30 32 50 36 46 31 21 27 41 43 0
0 38 33 1 3 12 29 10 52 39 54 21 11 2 41 49 24 51 55 37 13 36 5 42 44 31 23 48 26 57 19 43 50 20 27 53 8 14 35 47 59 28 6 32 58 15 25 22 16 40 4 9 46 17 18 30 34 56 45 7 0
0 44 46 49 32 48 43 52 10 6 21 40 38 30 47 25 20 28 23 12 51 53 13 16 22 26 31 54 4 41 11 42 33 15 5 58 55 17 45 57 34 7 8 18 56 35 37 2 59 39 19 29 1 3 36 9 24 50 14 27 0
0 10 18 43 56 23 32 41 52 29 59 19 30 35 11 58 7 45 38 13 2 6 27 31 16 24 17 9 12 1 48 26 47 53 37 3 39 25 42 51 22 49 8 40 34 57 50 28 4 54 15 46 5 14 36 55 21 44 20 33 0
0 18 38 26 17 21 31 57 48 16 54 29 12 36 52 22 50 33 27 6 40 44 35 47 14 3 46 10 28 8 59 30 53 7 39 25 1 11 32 23 5 24 55 42 58 34 19 2 37 49 13 9 15 20 56 4 41 45 51 43 0
0 2 52 11 20 55 44 30 18 46 50 34 26 13 28 32 4 14 22 21 16 57 35 9 38 29 53 45 43 33 19 40 47 39 36 59 49 8 58 17 12 3 25 37 23 27 31 1 10 7 5 51 48 42 54 24 6 41 56 15 0
0 23 46 14 16 43 7 9 49 37 18 11 10 19 53 17 57 55 27 31 2 33 58 34 15 38 6 59 35 50 3 22 39 4 56 21 30 44 24 25 5 12 1 48 36 52 42 40 32 28 45 20 41 26 51 29 54 13 8 47 0
0 55 39 5 43 8 42 52 58 27 57 3 17 50 23 34 25 18 4 6 21 7 56 28 49 15 1 36 26 29 38 2 53 45 14 47 46 40 33 16 48 44 9 31 24 13 59 12 54 35 20 51 22 41 11 32 19 37 10 30 0
0 28 18 9 3 50 57 32 59 13 4 47 37 15 21 43 31 45 30 7 36 39 41 24 19 10 48 51 35 22 16 53 38 8 27 55 54 29 25 58 20 52 6 2 56 5 34 17 42 33 40 26 44 12 1 14 46 49 11 23 0
0 15 17 30 13 8 54 59 53 50 41 55 35 16 23 9 36 58 37 34 1 52 4 43 20 19 40 44 6 49 46 25 31 32 39 33 14 56 2 51 45 42 22 29 7 5 48 26 27 57 18 3 21 11 47 28 12 38 24 10 0
0 7 2 29 59 54 49 13 1 33 26 55 4 6 18 27 42 22 15 8 14 41 39 45 58 56 52 5 23 35 21 25 28 16 17 24 38 32 51 44 48 47 20 19 10 30 40 53 11 3 9 43 37 34 31 46 36 50 12 57 0
0 12 48 2 25 14 40 7 22 51 58 11 43 32 37 49 20 56 38 26 30 15 21 29 6 18 54 42 59 36 23 5 53 8 17 41 24 10 57 44 33 47 50 35 34 9 28 46 19 13 45 4 3 27 1 52 39 16 31 55 0
0 27 30 37 33 41 8 49 11 19 17 12 50 58 32 34 54 15 20 5 38 25 14 48 23 40 7 59 6 52 3 55 51 13 2 47 46 16 9 57 45 36 22 39 24 42 28 56 29 4 44 31 26 1 53 18 21 35 10 43 0
0 23 50 21 16 18 39 56 19 52 30 38 33 13 35 1 41 54 12 34 20 11 37 51 17 49 25 58 27 59 53 24 28 8 4 47 45 5 48 10 22 9 55 2 42 43 46 7 57 40 44 3 6 14 15 31 32 29 26 36 0
0 21 35 3 52 59 7 24 45 2 32 12 23 54 29 17 48 39 20 50 47 8 15 49 27 33 40 42 14 51 19 58 9 25 46 5 18 28 43 11 4 37 16 36 22 10 13 56 34 31 1 41 57 44 26 38 6 30 53 55 0
0 14 58 9 20 36 17 22 26 1 15 38 46 29 30 45 12 51 50 16 57 3 19 23 37 43 53 52 6 56 34 25 41 59 54 4 13 48 24 31 5 40 32 27 49 8 33 55 35 11 39 10 47 21 44 28 7 18 2 42 0
0 26 25 1 22 9 51 28 32 4 29 23 39 47 21 14 27 56 15 54 43 12 53 40 48 55 7 6 31 35 16 10 30 33 20 59 46 3 13 36 2 50 52 5 49 57 8 58 42 19 44 18 41 24 45 38 11 34 37 17 0
0 45 28 19 46 38 10 32 24 16 54 21 50 36 43 47 39 41 30 18 17 7 12 2 58 22 35 8 5 6 48 53 26 14 29 49 25 34 20 37 1 31 59 51 40 3 33 15 23 52 27 56 11 4 55 9 42 13 44 57 0
0 57 26 31 52 3 44 24 25 53 20 46 47 18 54 40 19 32 15 38 4 43 33 11 5 42 36 12 41 7 27 59 2 29 58 37 14 28 35 8 30 49 17 50 10 48 6 16 56 21 23 9 55 13 39 51 34 22 45 1 0
0 50 24 48 42 41 26 20 35 13 18 47 21 23 8 53 7 52 29 16 54 46 57 43 59 1 55 51 17 4 58 31 40 34 27 6 30 5 49 39 38 12 10 14 32 3 37 15 33 56 36 22 11 45 19 28 9 2 44 25 0
0 51 56 53 21 13 3 52 40 1 42 44 7 22 27 43 57 49 8 17 33 54 9 50 10 41 26 19 6 23 2 39 45 35 47 18 28 38 55 36 37 34 14 29 48 5 11 31 20 15 58 4 59 32 30 46 25 24 12 16 0
0 8 37 2 6 52 36 42 41 29 59 45 7 13 55 46 21 23 32 54 51 10 48 34 35 15 19 16 43 44 28 27 14 3 47 50 57 11 26 49 1 18 25 12 38 22 4 24 56 9 30 53 33 5 58 39 20 40 17 31 0
0 21 19 24 25 2 42 17 3 49 54 5 50 18 15 55 30 32 7 37 56 12 59 4 39 16 20 34 38 52 29 13 46 41 45 57 28 22 26 31 53 43 36 9 11 44 27 35 58 6 8 23 1 40 48 14 10 51 47 33 0
0 44 27 11 52 25 23 50 8 35 59 14 53 22 10 5 21 57 58 4 13 7 6 15 47 16 2 28 3 51 42 12 17 20 38 48 39 37 49 45 36 34 18 19 31 46 40 26 32 1 43 33 54 24 29 55 56 30 9 41 0
0 52 15 36 55 8 4 56 32 31 1 12 48 38 51 13 34 23 58 30 46 10 37 50 59 47 28 29 21 26 16 39 22 33 18 49 5 42 20 44 25 53 19 2 54 41 11 35 7 45 14 9 57 24 17 43 3 27 6 40 0
0 57 49 7 47 31 42 54 18 52 46 21 36 37 27 20 6 34 55 59 25 3 33 51 58 38 19 2 15 28 8 35 39 29 43 24 48 30 50 32 53 11 13 22 26 23 40 10 56 16 14 45 9 41 1 17 12 5 4 44 0
0 39 51 22 52 27 15 43 10 58 33 32 5 40 25 28 29 31 4 53 35 37 47 46 3 9 36 7 30 17 41 56 55 49 14 24 23 34 54 38 8 2 16 21 11 44 19 57 13 59 45 18 12 20 1 26 42 50 48 6 0
0 26 28 13 46 58 24 12 23 33 34 18 37 50 53 6 9 41 57 16 48 59 11 8 10 52 40 25 4 30 32 14 22 3 29 45 39 35 19 2 21 5 7 1 20 55 47 38 56 51 54 49 42 27 44 43 36 17 15 31 0
0 14 20 4 26 23 1 6 43 33 5 18 53 52 30 15 59 42 27 36 10 58 48 32 38 25 40 17 49 9 16 3 56 2 41 13 46 45 7 35 29 34 54 39 21 8 22 11 37 47 57 55 28 19 24 12 51 31 44 50 0
0 6 35 57 17 21 36 38 53 2 19 16 31 43 11 25 12 27 15 4 56 5 10 18 41 34 7 59 37 14 9 33 45 44 46 48 39 3 30 23 13 8 1 47 28 50 55 26 58 24 29 51 40 32 22 54 52 20 49 42 0
0 42 25 52 26 13 8 54 28 29 46 18 34 19 40 22 14 11 17 41 35 33 2 24 4 27 38 58 30 23 56 44 50 45 21 5 32 39 47 51 49 36 31 12 59 37 43 57 6 3 53 20 55 7 9 15 48 1 16 10 0
0 22 31 15 3 25 23 49 26 38 11 27 56 50 30 48 40 36 35 33 12 13 43 7 17 42 5 9 1 8 4 29 14 20 24 47 41 37 45 6 54 51 32 59 21 39 46 16 34 2 10 44 58 55 18 28 57 19 53 52 0
0 35 37 50 4 57 2 12 20 8 48 45 19 1 38 52 33 25 36 11 30 47 10 54 29 13 40 42 39 46 18 55 15 9 51 17 16 3 53 32 56 41 59 24 58 14 31 22 5 34 28 43 21 26 6 49 23 27 44 7 0
0 5 7 40 41 35 53 30 32 49 29 9 36 21 34 11 54 12 24 33 15 51 4 31 18 8 6 14 46 59 56 17 27 28 13 52 16 38 19 25 22 44 20 47 58 42 45 37 50 23 43 57 48 55 3 10 2 39 26 1 0
0 22 38 28 54 48 34 12 40 50 36 11 8 56 32 10 14 27 57 5 2 47 43 3 18 37 45 26 53 25 46 31 41 17 49 33 52 58 15 35 24 55 19 44 21 16 9 13 29 6 4 20 51 42 39 23 7 59 1 30 0
0 28 4 17 21 54 53 58 25 22 31 27 12 9 13 26 40 11 16 29 48 32 6 55 34 36 18 15 56 1 35 8 7 44 45 38 50 33 3 52 10 46 39 43 47 5 59 37 20 49 19 24 57 42 2 23 14 30 41 51 0
0 58 38 48 35 9 51 5 20 6 41 18 3 56 11 2 22 44 52 26 21 15 36 54 27 10 17 24 8 34 42 50 49 33 25 57 7 13 45 55 53 40 23 32 1 43 46 30 29 14 47 16 37 28 19 31 39 59 4 12 0
0 1 29 14 47 13 32 11 44 43 9 17 25 15 45 21 40 55 5 48 26 23 51 58 31 8 2 19 28 33 38 54 52 36 53 6 50 4 7 42 46 12 34 56 27 39 10 3 24 22 41 20 37 49 16 57 59 35 30 18 0
0 52 24 43 3 40 6 33 39 30 28 20 38 42 37 56 7 29 16 17 49 34 32 36 53 15 51 21 27 54 2 35 10 31 48 25 12 47 9 14 45 5 44 22 55 1 50 18 57 23 59 41 11 8 19 26 58 13 4 46 0
0 2 25 45 15 26 12 14 29 57 28 21 13 52 10 27 22 54 50 16 17 11 39 32 24 3 56 48 44 40 37 46 7 59 42 34 23 58 35 47 6 19 41 38 1 4 33 8 43 31 30 53 18 9 20 36 51 5 49 55 0
0 46 28 43 15 45 35 36 39 31 59 21 40 33 6 55 52 18 27 7 47 3 38 19 41 57 14 17 9 22 53 34 2 48 24 51 32 54 29 30 16 13 37 20 23 42 50 1 26 5 56 8 11 25 44 49 12 4 10 58 0
0 11 23 2 45 48 41 15 32 14 49 10 22 9 17 8 3 19 42 58 5 16 29 7 37 50 33 53 6 13 18 27 39 57 31 38 25 34 52 12 26 54 40 47 28 46 59 51 35 24 56 36 43 55 20 1 44 30 4 21 0
0 38 57 54 56 3 58 27 41 12 31 24 22 8 59 5 13 44 46 34 18 26 15 28 49 48 11 1 55 17 20 14 4 42 36 25 2 6 47 45 7 39 23 50 33 51 52 32 53 43 30 21 37 9 35 19 40 16 10 29 0
0 16 34 18 20 13 4 30 36 43 35 8 28 46 3 17 14 1 37 38 44 22 54 53 5 11 7 51 49 19 6 27 59 23 12 45 21 25 26 32 2 10 39 24 52 31 47 42 29 9 57 40 41 58 33 48 50 15 56 55 0
0 17 49 35 55 6 24 5 23 34 15 31 48 29 12 18 47 50 40 42 25 1 3 46 27 16 7 57 38 22 51 28 19 32 44 4 21 9 14 8 11 43 37 20 13 56 10 59 39 41 45 30 36 2 33 26 52 54 58 53 0
0 29 54 31 38 18 58 20 47 2 45 1 8 13 15 52 27 25 39 28 22 3 56 51 34 44 16 40 30 48 19 32 35 10 57 49 26 36 33 41 42 24 9 17 46 5 4 59 14 11 6 55 50 7 23 37 21 53 43 12 0
0 40 33 35 47 39 4 44 48 17 7 57 6 59 42 11 21 46 28 1 16 37 25 12 31 27 30 19 45 3 52 23 56 43 38 15 9 50 2 20 41 24 8 49 32 34 29 58 36 5 22 53 54 13 51 10 18 26 14 55 0
0 32 11 5 15 55 8 13 54 57 1 25 12 9 19 20 44 3 10 2 46 33 45 18 27 53 6 26 47 28 36 58 21 50 38 59 4 51 35 22 39 52 48 17 7 49 14 16 34 40 30 37 41 24 29 23 42 56 43 31 0
0 53 40 20 19 59 52 58 41 28 16 34 56 14 55 43 30 6 49 51 13 37 25 24 5 50 4 33 29 44 45 27 1 32 42 39 17 12 8 18 23 11 10 2 54 38 15 47 35 9 57 46 21 3 36 31 7 22 48 26 0
0 33 37 11 46 7 59 41 45 35 49 53 5 47 52 27 4 8 34 20 55 39 18 23 51 24 43 58 25 29 17 15 57 31 3 2 40 19 38 10 21 36 6 1 13 16 54 9 32 56 42 44 14 26 30 28 12 50 48 22 0
0 48 25 3 34 29 36 55 56 23 37 41 12 22 42 27 46 26 38 13 33 24 16 9 59 6 18 15 7 14 40 32 21 11 20 4 53 49 58 35 52 10 5 51 57 44 19 8 17 30 54 2 43 47 45 28 39 31 1 50 0
0 59 22 23 6 28 14 40 15 18 36 56 55 24 57 25 8 3 10 13 9 5 21 33 37 30 32 29 20 54 26 51 35 53 2 11 41 38 43 27 42 46 17 16 47 50 49 7 1 31 4 39 34 52 44 48 19 12 45 58 0
0 19 28 12 30 8 6 11 56 58 50 10 35 27 18 2 17 31 29 23 15 51 57 53 14 26 20 5 49 21 1 41 52 59 48 43 36 22 46 33 34 9 16 25 4 13 3 37 24 42 38 40 55 39 44 7 47 45 54 32 0
0 13 59 54 19 1 18 24 5 7 32 6 15 56 25 40 16 8 14 21 27 34 45 52 12 10 29 57 53 17 50 58 38 36 43 35 23 3 11 28 9 26 20 47 31 46 41 49 22 33 37 48 39 4 2 30 44 42 55 51 0
0 55 26 51 18 20 32 33 49 2 14 50 6 12 19 54 36 7 39 40 43 52 30 13 45 4 11 25 56 44 47 38 1 59 17 24 31 28 16 10 15 8 27 48 42 23 53 5 22 9 37 3 58 34 35 21 41 57 29 46 0
