# n n_solutions
60 1000
# n x n distance matrix
0 7484 2707 4085 8005 4031 8100 1264 8523 5597 4104 7368 3712 5560 3401 1780 5053 2353 1581 4801 1208 4883 5056 2912 2807 3905 8640 4242 5603 6184 5200 7778 4681 8229 6105 5994 4080 4816 3710 3805 4301 6382 1984 2765 2765 4118 2475 8633 2842 4242 5024 5197 5500 4841 6661 4809 7253 7206 6293 2863
7484 0 8732 8605 8249 6963 6802 7495 6181 7787 6268 1941 3794 6777 4609 8139 5727 8246 6551 10406 6648 4341 2435 9580 6700 4904 1166 4420 2319 8263 5331 1969 2817 6711 1726 9167 10575 10610 8845 4384 3969 6815 8551 8736 9360 3420 7009 6661 7212 4420 3061 2617 3130 7752 1802 10140 4801 848 7684 8105
2707 8732 0 1702 6356 2701 7002 3945 7716 3807 3224 8005 5382 4257 4123 4301 4318 500 4210 2121 3811 4939 6511 1004 5500 4024 9885 4517 7360 4254 4652 8406 6010 7184 7733 3676 1843 2184 1140 4382 4854 5099 4346 5200 800 5800 1749 7665 1676 4517 5768 6140 5993 3008 8402 2102 6846 8697 4623 5481
4085 8605 1702 0 4743 1720 5600 5348 6428 2236 2420 7528 5787 2927 4159 5813 3354 1802 5393 1886 5000 4393 6664 2507 6726 3701 9708 4186 7655 2600 3758 7901 6129 5800 7916 1984 2701 2147 632 4272 4640 3701 5916 6760 2370 6168 2009 6300 1627 4186 5544 6000 5586 1500 8631 1562 5818 8736 3059 6946
8005 8249 6356 4743 0 3982 1780 9121 2831 2549 3969 6432 7501 2483 5812 9762 3353 6264 8745 6120 8437 4560 7531 7244 9962 4918 9002 5032 8614 2158 3511 6621 7083 1984 8537 3200 7334 6419 5375 5554 5470 1788 9989 10751 7093 7683 5544 2408 5220 5032 5885 6363 5423 3354 9219 5721 3544 8805 1749 10688
4031 6963 2701 1720 3982 0 4341 5185 5015 1612 707 5813 4517 1615 2745 5800 1676 2451 4924 3605 4579 2686 5186 3700 6216 2102 8043 2555 6236 2236 2061 6184 4648 4512 6425 2501 4244 3858 2154 2751 3041 2469 6014 6789 3501 4850 1562 4981 1252 2555 3911 4390 3894 1004 7151 3280 4197 7158 2262 6780
8100 6802 7002 5600 1780 4341 0 9069 1063 3413 4031 4904 6767 2745 5303 9763 3052 6791 8527 7256 8280 3780 6500 7976 9617 4459 7443 4393 7527 3324 2983 5035 6126 223 7349 4522 8300 7553 6207 4957 4720 1910 10049 10733 7792 6860 5793 728 5565 4393 4875 5292 4308 4101 7983 6859 2002 7443 2647 10542
1264 7495 3945 5348 9121 5185 9069 0 9394 6780 5166 7702 3733 6648 4016 728 6021 3613 948 6007 905 5608 5080 4019 1708 4695 8612 4939 5385 7381 6105 8100 4816 9180 5945 7244 5162 6000 4972 4427 4876 7441 1104 1664 3905 4079 3661 9552 4049 4939 5444 5503 6001 6046 6397 6040 8023 7083 7441 1612
8523 6181 7716 6428 2831 5015 1063 9394 0 4317 4589 4242 6720 3505 5464 10107 3517 7454 8766 8157 8558 3860 6243 8709 9761 4701 6700 4522 7200 4308 3324 4304 5940 848 6946 5515 9126 8452 7010 5080 4750 2745 10421 11053 8514 6747 6356 509 6181 4522 4701 5047 4080 4936 7527 7766 1581 6888 3605 10790
5597 7787 3807 2236 2549 1612 3413 6780 4317 0 1923 6324 5912 1063 4110 7375 2061 3721 6536 3847 6191 3478 6363 4712 7826 3301 8770 3634 7454 632 2459 6640 5842 3622 7550 1421 4909 4143 2863 4001 4143 1581 7568 8362 4554 6200 3124 4130 2758 3634 4876 5385 4661 806 8276 3452 4022 8126 824 8381
4104 6268 3224 2420 3969 707 4031 5166 4589 1923 0 5108 4001 1486 2200 5825 1100 2900 4780 4301 4468 1979 4560 4228 6020 1456 7340 1878 5629 2549 1431 5481 4026 4178 5787 3059 4870 4548 2817 2137 2376 2280 6080 6811 4019 4304 1772 4617 1603 1878 3224 3712 3189 1552 6514 3982 3622 6484 2370 6720
7368 1941 8005 7528 6432 5813 4904 7702 4242 6324 5108 0 4060 5269 4052 8409 4327 7558 6818 9402 6800 3140 2915 8946 7324 3982 2570 3488 3482 6723 3905 412 2961 4800 3041 7742 9811 9640 7881 3700 3195 5147 8805 9166 8723 3832 6260 4726 6363 3488 2353 2200 2012 6444 3466 9090 2915 2692 6082 8649
3712 3794 5382 5787 7501 4517 6767 3733 6720 5912 4001 4060 0 5217 1802 4410 4176 4882 2807 7335 2863 3001 1360 6087 3289 2647 4939 2469 1984 6527 3992 4440 1104 6800 2420 7017 7184 7479 5817 1964 2059 5724 4816 5115 5879 424 3848 7029 4178 2469 2080 1931 2720 5508 3041 7158 5162 3498 6216 4589
5560 6777 4257 2927 2483 1615 2745 6648 3505 1063 1486 5269 5217 0 3448 7300 1104 4052 6262 4712 5954 2531 5503 5234 7488 2570 7736 2807 6603 1486 1456 5580 5000 2927 6648 2483 5622 5000 3505 3255 3301 854 7543 8287 5048 5458 3138 3413 2863 2807 3945 4454 3668 1456 7368 4332 3001 7156 1004 8206
3401 4609 4123 4159 5812 2745 5303 4016 5464 4110 2200 4052 1802 3448 0 4743 2459 3640 3312 5860 3138 1612 2505 4992 4318 894 5762 943 3511 4726 2360 4464 1972 5375 3757 5234 5966 6044 4301 412 900 4024 5096 5645 4770 2109 2404 5685 2640 943 1708 2024 2109 3721 4472 5630 4024 4622 4438 5333
1780 8139 4301 5813 9762 5800 9763 728 10107 7375 5825 8409 4410 7300 4743 0 6711 4031 1603 6280 1627 6332 5742 4210 1910 5412 9241 5664 5977 7964 6809 8805 5503 9879 6552 7752 5300 6239 5385 5154 5604 8105 412 989 4130 4738 4252 10257 4622 5664 6166 6212 6726 6621 6964 6356 8746 7692 8062 1204
5053 5727 4318 3354 3353 1676 3052 6021 3517 2061 1100 4327 4176 1104 2459 6711 0 4000 5517 5235 5249 1431 4401 5322 6670 1565 6723 1726 5500 2570 424 4668 3901 3176 5544 3448 5920 5500 3827 2213 2209 1565 6997 7684 5115 4393 2844 3584 2701 1726 2844 3353 2600 2121 6264 4887 2531 6072 2100 7516
2353 8246 500 1802 6264 2451 6791 3613 7454 3721 2900 7558 4882 4052 3640 4031 4000 0 3800 2570 3400 4522 6014 1392 5108 3584 9402 4071 6860 4220 4309 7962 5515 6963 7234 3780 2334 2657 1360 3911 4390 4904 4118 4964 1170 5300 1300 7432 1303 4071 5300 5661 5546 2915 7902 2507 6511 8202 4517 5186
1581 6551 4210 5393 8745 4924 8527 948 8766 6536 4780 6818 2807 6262 3312 1603 5517 3800 0 6328 400 4924 4143 4492 1334 4080 7665 4254 4438 7158 5544 7211 3901 8621 4997 7178 5661 6363 5115 3712 4123 7009 2009 2376 4341 3140 3511 8962 3921 4254 4609 4627 5192 5860 5456 6303 7335 6135 7128 2024
4801 10406 2121 1886 6120 3605 7256 6007 8157 3847 4301 9402 7335 4712 5860 6280 5235 2570 6328 0 5930 6262 8348 2118 7605 5515 11527 6010 9278 4000 5643 9780 7823 7467 9596 2942 1421 300 1562 6030 6438 5412 6258 7105 2158 7741 3498 7976 3220 6010 7355 7789 7441 3257 10292 400 7669 10480 4617 7481
1208 6648 3811 5000 8437 4579 8280 905 8558 6191 4468 6800 2863 5954 3138 1627 5249 3400 400 5930 0 4741 4220 4110 1726 3858 7779 4071 4606 6809 5300 7200 3931 8380 5147 6800 5280 5968 4716 3546 3984 6717 2009 2507 3956 3228 3138 8736 3546 4071 4539 4601 5099 5500 5643 5903 7158 6276 6800 2267
4883 4341 4939 4393 4560 2686 3780 5608 3860 3478 1979 3140 3001 2531 1612 6332 1431 4522 4924 6262 4741 0 3006 5913 5903 1000 5381 670 4104 4001 1100 3522 2531 3828 4119 4833 6708 6500 4743 1220 943 2828 6673 7249 5692 3138 3228 4103 3269 670 1414 1923 1220 3413 4837 5954 2416 4648 3512 6945
5056 2435 6511 6664 7531 5186 6500 5080 6243 6363 4560 2915 1360 5503 2505 5742 4401 6014 4143 8348 4220 3006 0 7291 4455 3104 3584 2729 1100 6935 4104 3257 538 6487 1252 7615 8345 8521 6795 2435 2220 5830 6151 6400 7076 1004 4860 6624 5131 2729 1649 1208 2192 6112 1969 8130 4664 2202 6500 5821
2912 9580 1004 2507 7244 3700 7976 4019 8709 4712 4228 8946 6087 5234 4992 4210 5322 1392 4492 2118 4110 5913 7291 0 5688 4976 10741 5462 8071 5107 5656 9350 6811 8161 8485 4382 1170 2039 1878 5283 5770 6067 4159 5000 223 6511 2692 8646 2668 5462 6672 7016 6934 3929 9128 2282 7850 9492 5536 5414
2807 6700 5500 6726 9962 6216 9617 1708 9761 7826 6020 7324 3289 7488 4318 1910 6670 5108 1334 7605 1726 5903 4455 5688 0 5162 7731 5249 4418 8452 6648 7689 4368 9693 5015 8506 6844 7623 6438 4686 5021 8200 2267 2118 5557 3492 4838 9999 5249 5249 5322 5220 5948 7169 5315 7600 8265 6140 8386 1414
3905 4904 4024 3701 4918 2102 4459 4695 4701 3301 1456 3982 2647 2570 894 5412 1565 3584 4080 5515 3858 1000 3104 4976 5162 0 6014 500 4177 3901 1486 4382 2570 4545 4332 4512 5830 5731 3962 700 943 3130 5738 6352 4753 2906 2284 4882 2385 500 1843 2302 1972 3008 5059 5240 3352 5060 3569 6103
8640 1166 9885 9708 9002 8043 7443 8612 6700 8770 7340 2570 4939 7736 5762 9241 6723 9402 7665 11527 7779 5381 3584 10741 7731 6014 0 5522 3313 9213 6313 2408 3982 7324 2716 10171 11728 11737 9970 5522 5091 7689 9653 9800 10520 4554 8156 7200 8348 5522 4172 3753 4161 8792 2531 11253 5474 1600 8600 9143
4242 4420 4517 4186 5032 2555 4393 4939 4522 3634 1878 3488 2469 2807 943 5664 1726 4071 4254 6010 4071 670 2729 5462 5249 500 5522 0 3820 4210 1523 3891 2209 4455 3929 4904 6328 6228 4459 565 509 3257 6008 6578 5239 2668 2773 4750 2884 0 1360 1835 1476 3417 4657 5731 3086 4606 3811 6276
5603 2319 7360 7655 8614 6236 7527 5385 7200 7454 5629 3482 1984 6603 3511 5977 5500 6860 4438 9278 4606 4104 1100 8071 4418 4177 3313 3820 0 8029 5203 3744 1612 7502 600 8688 9167 9433 7741 3492 3313 6926 6389 6493 7863 1562 5780 7605 6082 3820 2729 2256 3228 7179 1063 9082 5636 1726 7600 5830
6184 8263 4254 2600 2158 2236 3324 7381 4308 632 2549 6723 6527 1486 4726 7964 2570 4220 7158 4000 6809 4001 6935 5107 8452 3901 9213 4210 8029 0 2941 7017 6418 3544 8104 1208 5178 4300 3231 4601 4716 1702 8146 8949 4965 6806 3720 4052 3342 4210 5412 5921 5154 1345 8828 3600 4244 8640 721 8987
5200 5331 4652 3758 3511 2061 2983 6105 3324 2459 1431 3905 3992 1456 2360 6809 424 4309 5544 5643 5300 1100 4104 5656 6648 1486 6313 1523 5203 2941 0 4244 3622 3080 5214 3858 6293 5905 4215 2059 1964 1746 7111 7769 5445 4176 3106 3448 3006 1523 2507 3014 2213 2545 5929 5300 2202 5700 2418 7560
7778 1969 8406 7901 6621 6184 5035 8100 4304 6640 5481 412 4440 5580 4464 8805 4668 7962 7211 9780 7200 3522 3257 9351 7689 4382 2408 3891 3744 7017 4244 0 3337 4916 3264 8060 10208 10020 8265 4110 3605 5412 9202 9552 9127 4197 6664 4801 6760 3891 2765 2601 2416 6789 3623 9463 3080 2778 6363 9025
4681 2817 6010 6129 7083 4648 6126 4816 5940 5842 4026 2961 1104 5000 1972 5503 3901 5515 3901 7823 3931 2531 538 6811 4368 2570 3982 2209 1612 6418 3622 3337 0 6128 1788 7082 7849 8000 6268 1897 1702 5359 5907 6219 6594 894 4341 6296 4604 2209 1252 921 1860 5578 2507 7600 4360 2687 6000 5688
8229 6711 7184 5800 1984 4512 223 9180 848 3622 4178 4800 6800 2927 5375 9879 3176 6963 8621 7467 8380 3828 6488 8161 9693 4545 7324 4455 7502 3544 3080 4916 6128 0 7308 4743 8500 7764 6403 5020 4763 2102 10171 10844 7975 6879 5946 509 5728 4455 4876 5279 4295 4300 7930 7071 1923 7368 2863 10640
6105 1726 7733 7916 8537 6425 7349 5945 6946 7550 5787 3041 2420 6648 3757 6552 5544 7234 4997 9596 5147 4119 1252 8485 5015 4332 2716 3929 600 8104 5214 3264 1788 7308 0 8832 9558 9764 8045 3676 3420 6900 6964 7085 8273 2000 6103 7373 6381 3929 2707 2202 3114 7337 728 9381 5408 1140 7631 6428
5994 9167 3676 1984 3200 2501 4522 7244 5515 1421 3059 7742 7017 2483 5234 7752 3448 3780 7178 2942 6800 4833 7615 4382 8506 4512 10171 4904 8688 1208 3858 8060 7082 4743 8832 0 4237 3238 2549 5196 5412 2884 7877 8713 4280 7343 3668 5249 3257 4904 6203 6706 6037 1513 9560 2549 5403 9470 1923 8854
4080 10575 1843 2701 7334 4244 8300 5162 9126 4909 4870 9811 7184 5622 5966 5300 5920 2334 5661 1421 5280 6708 8345 1170 6844 5830 11728 6328 9167 5178 6293 10208 7849 8500 9558 4237 0 1204 2121 6220 6685 6402 5208 6029 1341 7605 3580 9001 3448 6328 7602 7981 7802 4201 10217 1749 8440 10536 5721 6500
4816 10610 2184 2147 6419 3858 7553 6000 8452 4143 4548 9640 7479 5000 6044 6239 5500 2657 6363 300 5968 6500 8521 2039 7623 5731 11737 6228 9433 4300 5905 10020 8000 7764 9764 3238 1204 0 1769 6228 6646 5707 6198 7039 2109 7889 3661 8273 3405 6228 7566 7993 7669 3544 10456 700 7947 10666 4916 7442
3710 8845 1140 632 5375 2154 6207 4972 7010 2863 2817 7881 5817 3505 4301 5385 3827 1360 5115 1562 4716 4743 6795 1878 6438 3962 9970 4459 7741 3231 4215 8265 6268 6403 8045 2549 2121 1769 0 4468 4879 4301 5456 6307 1749 6216 1969 6900 1664 4459 5798 6228 5903 2109 8746 1341 6332 8920 3687 6545
3805 4384 4382 4272 5554 2751 4957 4427 5080 4001 2137 3700 1964 3255 412 5154 2213 3911 3712 6030 3546 1220 2435 5283 4686 700 5522 565 3492 4601 2059 4110 1897 5020 3676 5196 6220 6228 4468 0 509 3769 5508 6053 5060 2209 2640 5315 2828 565 1389 1769 1725 3687 4401 5780 3623 4465 4257 5730
4301 3969 4854 4640 5470 3041 4720 4876 4750 4143 2376 3195 2059 3301 900 5604 2209 4390 4123 6438 3984 943 2220 5770 5021 943 5091 509 3313 4716 1964 3605 1702 4763 3420 5412 6685 6646 4879 509 0 3710 5966 6484 5547 2213 3106 5020 3264 509 921 1360 1216 3921 4148 6171 3244 4118 4304 6126
6382 6815 5099 3701 1788 2469 1910 7441 2745 1581 2280 5147 5724 854 4024 8105 1565 4904 7009 5412 6717 2828 5830 6067 8200 3130 7689 3257 6926 1702 1746 5412 5359 2102 6900 2884 6402 5707 4301 3769 3710 0 8360 9090 5885 5920 3982 2600 3716 3257 4204 4701 3811 2202 7602 5021 2545 7283 989 8980
1984 8551 4346 5916 9989 6014 10049 1104 10421 7568 6080 8805 4816 7543 5096 412 6997 4118 2009 6258 2009 6673 6151 4159 2267 5738 9653 6008 6389 8146 7111 9202 5907 10171 6964 7877 5208 6198 5456 5508 5966 8360 0 854 4100 5147 4455 10558 4810 6008 6548 6606 7102 6801 7373 6360 9082 8104 8275 1334
2765 8736 5200 6760 10751 6789 10733 1664 11053 8362 6811 9166 5115 8287 5645 989 7684 4964 2376 7105 2507 7248 6400 5000 2118 6352 9800 6578 6493 8949 7769 9552 6219 10844 7085 8713 6029 7039 6307 6053 6484 9090 854 0 4947 5400 5240 11216 5607 6578 6985 6987 7568 7605 7421 7212 9664 8219 9051 781
2765 9360 800 2370 7093 3501 7792 3905 8514 4554 4019 8723 5879 5048 4770 4130 5115 1170 4341 2158 3956 5692 7076 223 5557 4753 10520 5239 7863 4965 5445 9127 6594 7975 8273 4280 1341 2109 1749 5060 5547 5885 4100 4947 0 6303 2469 8459 2451 5239 6449 6794 6711 3764 8919 2284 7641 9276 5375 5333
4118 3420 5800 6168 7683 4850 6860 4079 6747 6200 4304 3832 424 5458 2109 4738 4393 5300 3140 7741 3228 3138 1004 6511 3492 2906 4554 2668 1562 6806 4176 4197 894 6879 2000 7343 7605 7889 6216 2209 2213 5920 5147 5400 6303 0 4248 7080 4569 2668 2051 1802 2687 5830 2617 7557 5173 3088 6462 4837
2475 7009 1749 2009 5544 1562 5793 3661 6356 3124 1772 6260 3848 3138 2404 4252 2844 1300 3511 3498 3138 3228 4860 2692 4838 2284 8156 2773 5780 3720 3106 6664 4341 5946 6103 3668 3580 3661 1969 2640 3106 3982 4455 5240 2469 4248 0 6389 412 2773 4022 4404 4248 2385 6795 3310 5300 7017 3820 5269
8633 6661 7665 6300 2408 4981 728 9552 509 4130 4617 4726 7029 3413 5685 10257 3584 7432 8962 7976 8736 4103 6624 8646 9999 4882 7200 4750 7605 4052 3448 4801 6296 509 7373 5249 9001 8273 6900 5315 5020 2600 10558 11216 8459 7080 6389 0 6184 4750 5047 5420 4441 4801 7969 7580 1969 7354 3372 10985
2842 7212 1676 1627 5220 1252 5565 4049 6181 2758 1603 6363 4178 2863 2640 4622 2701 1303 3921 3220 3546 3269 5131 2668 5249 2385 8348 2884 6082 3342 3006 6760 4604 5728 6381 3257 3448 3405 1664 2828 3264 3716 4810 5607 2451 4569 412 6184 0 2884 4185 4596 4356 2000 7083 3001 5208 7262 3482 5660
4242 4420 4517 4186 5032 2555 4393 4939 4522 3634 1878 3488 2469 2807 943 5664 1726 4071 4254 6010 4071 670 2729 5462 5249 500 5522 0 3820 4210 1523 3891 2209 4455 3929 4904 6328 6228 4459 565 509 3257 6008 6578 5239 2668 2773 4750 2884 0 1360 1835 1476 3417 4657 5731 3086 4606 3811 6276
5024 3061 5768 5544 5885 3911 4875 5444 4701 4876 3224 2353 2080 3945 1708 6166 2844 5300 4609 7355 4539 1414 1649 6672 5322 1843 4172 1360 2729 5412 2507 2765 1252 4876 2707 6203 7602 7566 5798 1389 921 4204 6548 6985 6449 2051 4022 5047 4185 1360 0 509 640 4742 3423 7083 3124 3269 4925 6545
5197 2617 6140 6000 6363 4390 5292 5503 5047 5385 3712 2200 1931 4454 2024 6212 3353 5661 4627 7789 4601 1923 1208 7016 5220 2302 3753 1835 2256 5921 3014 2601 921 5279 2202 6706 7981 7993 6228 1769 1360 4701 6606 6987 6794 1802 4404 5420 4596 1835 509 0 984 5239 2915 7528 3466 2773 5432 6500
5500 3130 5993 5586 5423 3894 4308 6001 4080 4661 3189 2012 2720 3668 2109 6726 2600 5546 5192 7441 5099 1220 2192 6934 5948 1972 4161 1476 3228 5154 2213 2416 1860 4295 3114 6037 7802 7669 5903 1725 1216 3811 7102 7568 6711 2687 4248 4441 4356 1476 640 984 0 4632 3801 7144 2500 3492 4609 7151
4841 7752 3008 1500 3354 1004 4101 6046 4936 806 1552 6444 5508 1456 3721 6621 2121 2915 5860 3257 5500 3413 6112 3929 7169 3008 8792 3417 7179 1345 2545 6789 5578 4300 7337 1513 4201 3544 2109 3687 3921 2202 6801 7605 3764 5830 2385 4801 2000 3417 4742 5239 4632 0 8065 2879 4428 8011 1615 7654
6661 1802 8402 8631 9219 7151 7983 6397 7527 8276 6514 3466 3041 7368 4472 6964 6264 7902 5456 10292 5643 4837 1969 9128 5315 5059 2531 4657 1063 8828 5929 3623 2507 7930 728 9560 10217 10456 8746 4401 4148 7602 7373 7421 8919 2617 6795 7969 7083 4657 3423 2915 3801 8065 0 10084 6016 984 8347 6726
4809 10140 2102 1562 5721 3280 6859 6040 7766 3452 3982 9090 7158 4332 5630 6356 4887 2507 6303 400 5903 5954 8130 2282 7600 5240 11253 5731 9082 3600 5300 9463 7600 7071 9381 2549 1749 700 1341 5780 6171 5021 6360 7212 2284 7557 3310 7580 3001 5731 7083 7528 7144 2879 10084 0 7300 10241 4219 7550
7253 4801 6846 5818 3544 4197 2002 8023 1581 4022 3622 2915 5162 3001 4024 8746 2531 6511 7335 7669 7157 2416 4664 7850 8265 3352 5474 3086 5636 4244 2202 3080 4360 1923 5408 5403 8440 7947 6332 3623 3244 2545 9082 9664 7641 5173 5300 1969 5208 3086 3124 3466 2500 4428 6016 7300 0 5445 3534 9353
7206 848 8697 8736 8805 7158 7443 7083 6888 8126 6484 2692 3498 7156 4622 7692 6072 8202 6135 10480 6276 4648 2202 9492 6140 5060 1600 4606 1726 8640 5700 2778 2687 7368 1140 9470 10536 10666 8920 4465 4118 7283 8104 8219 9276 3088 7017 7354 7262 4606 3269 2773 3492 8011 984 10241 5445 0 8101 7553
6293 7684 4623 3059 1749 2262 2647 7441 3605 824 2370 6082 6216 1004 4438 8062 2100 4517 7128 4617 6800 3512 6500 5536 8386 3569 8600 3811 7600 721 2418 6363 6000 2863 7631 1923 5721 4916 3687 4257 4304 989 8275 9051 5375 6462 3820 3372 3482 3811 4925 5432 4609 1615 8347 4219 3534 8101 0 9027
2863 8105 5481 6946 10688 6780 10542 1612 10790 8381 6720 8649 4589 8206 5333 1204 7516 5186 2024 7481 2267 6945 5821 5414 1414 6103 9143 6276 5830 8987 7560 9025 5688 10640 6428 8854 6500 7442 6545 5730 6126 8980 1334 781 5333 4837 5269 10985 5660 6276 6545 6500 7151 7654 6726 7550 9353 7553 9027 0
# set of given starting solutions
0 8 18 26 27 22 41 56 7 53 42 5 13 23 14 3 52 19 50 36 1 29 43 51 47 38 33 30 21 20 31 24 2 11 10 34 35 59 15 55 45 6 28 17 49 57 4 25 44 16 54 39 12 46 48 32 9 37 58 40 0
0 45 11 51 38 47 31 15 46 32 14 29 4 40 43 20 49 52 28 35 37 22 16 58 25 53 10 55 13 9 8 2 36 12 33 54 41 24 6 39 18 17 21 27 34 1 23 19 42 5 7 57 48 59 56 44 50 26 3 30 0
0 23 5 21 10 8 34 18 20 2 31 36 50 39 55 51 6 41 46 49 59 26 48 17 56 28 45 54 30 19 13 27 25 4 35 42 37 44 52 58 33 1 16 40 24 9 29 38 43 7 22 14 12 3 53 57 11 32 47 15 0
0 44 47 12 22 4 18 17 42 34 31 23 2 5 15 33 38 10 25 35 9 14 24 21 16 50 51 36 55 13 27 53 57 54 41 58 32 1 39 29 49 7 59 26 40 45 11 20 37 48 56 43 52 3 46 6 8 30 28 19 0
0 15 51 40 29 32 47 12 41 45 18 56 43 19 26 37 39 30 42 7 24 3 20 11 57 25 58 49 59 55 35 53 9 4 33 13 38 44 22 21 50 16 5 17 14 48 52 2 34 36 54 10 23 8 6 31 46 28 27 1 0
0 3 59 41 24 43 45 31 14 13 5 30 7 28 22 40 55 35 57 17 32 42 29 33 52 8 6 53 36 2 9 4 12 56 38 48 49 47 23 10 25 58 18 27 50 39 44 11 21 34 1 16 20 46 37 54 51 15 26 19 0
0 9 41 8 49 13 20 42 56 37 50 10 47 11 53 46 45 3 52 21 55 24 28 29 31 38 44 19 32 33 39 30 40 51 54 12 18 26 5 6 2 27 36 57 17 7 34 1 43 48 25 58 23 16 14 59 35 22 15 4 0
0 9 32 50 17 39 28 6 58 47 5 43 52 21 29 22 24 14 54 13 44 3 4 35 31 46 12 51 41 36 23 7 19 27 15 10 53 25 49 2 16 30 38 18 26 1 56 20 34 33 40 48 42 11 59 57 55 8 45 37 0
0 41 10 6 26 2 22 49 36 12 13 48 29 58 40 46 50 25 11 55 38 33 59 24 30 31 34 28 37 19 53 32 56 8 23 1 57 9 14 47 54 39 45 16 4 7 15 43 35 44 52 20 51 5 3 42 27 21 18 17 0
0 39 2 34 40 49 59 25 9 16 58 26 18 19 7 17 1 54 5 32 14 31 50 36 23 21 52 55 46 24 27 13 22 37 30 48 20 35 53 11 43 56 10 44 29 3 12 33 8 57 6 38 28 15 47 45 41 42 4 51 0
0 58 41 53 37 11 12 19 55 27 7 45 51 31 43 50 16 49 38 52 40 30 56 2 29 4 26 9 24 3 21 23 10 25 20 18 8 33 17 32 1 48 42 34 44 13 36 15 22 35 39 47 5 54 46 57 59 28 14 6 0
0 19 30 40 50 31 57 11 14 36 38 49 41 55 48 18 51 17 7 28 20 34 56 43 24 27 5 45 1 25 32 44 35 21 59 42 15 4 16 37 54 29 23 8 13 52 53 46 6 3 47 26 39 22 9 12 33 2 10 58 0
0 14 25 32 35 28 41 49 8 57 29 3 58 42 7 10 50 5 6 11 26 15 1 59 40 44 38 19 31 54 20 39 56 46 43 4 16 47 23 24 13 30 2 45 55 12 18 33 36 34 21 22 48 37 27 53 51 9 17 52 0
0 30 42 23 17 40 46 3 24 28 10 13 32 15 14 33 38 52 57 35 2 19 5 37 53 7 56 27 4 31 55 16 39 47 25 58 48 1 20 26 54 9 41 44 11 50 21 12 43 59 49 18 6 51 29 8 34 22 45 36 0
0 41 11 48 42 45 57 20 25 24 37 9 46 15 30 7 27 6 33 13 23 53 10 35 34 22 56 1 3 47 28 58 54 49 29 18 2 39 44 14 31 52 32 21 55 4 59 26 16 19 38 5 12 50 43 8 51 36 40 17 0
0 20 51 52 19 1 27 16 7 58 48 35 8 47 12 36 34 50 2 4 17 59 39 44 21 40 11 33 5 45 30 26 25 54 46 42 53 55 38 9 6 56 29 13 23 15 10 43 14 49 24 31 28 57 18 37 32 41 22 3 0
0 28 42 53 2 58 7 24 57 9 16 15 4 23 25 59 14 19 54 30 17 41 35 5 12 21 50 8 44 26 45 31 36 37 43 29 1 6 55 20 46 32 33 51 52 3 47 39 18 40 49 48 22 56 34 27 38 11 13 10 0
0 13 44 36 11 35 38 10 14 30 31 40 28 2 18 41 19 34 32 3 51 25 9 22 52 53 37 39 7 42 8 15 54 58 21 57 12 27 55 20 48 6 47 29 5 17 26 1 56 50 4 33 59 46 24 49 23 16 45 43 0
0 58 56 41 17 10 1 54 50 48 39 40 26 57 22 7 52 24 19 3 4 29 44 32 45 33 25 5 43 31 51 30 6 46 14 59 34 13 21 42 27 38 55 8 28 53 37 11 15 49 18 47 36 12 23 9 2 16 20 35 0
0 42 24 35 16 36 43 9 45 52 20 12 37 10 6 27 30 4 31 50 2 21 39 15 17 5 34 29 14 22 59 8 38 23 58 47 11 3 13 7 19 51 44 18 57 54 48 26 56 55 46 32 41 49 53 1 33 25 40 28 0
0 8 40 37 46 19 9 20 13 17 7 52 49 12 6 22 4 45 58 55 47 59 56 51 11 14 24 42 54 16 35 3 36 30 10 1 33 43 27 38 21 48 32 23 50 53 26 29 28 5 34 15 25 39 57 18 41 44 2 31 0
0 6 32 27 21 22 58 31 52 28 42 19 9 24 46 41 45 36 16 35 3 12 1 4 50 33 11 25 56 26 29 49 30 59 23 54 43 55 39 7 8 48 20 17 5 57 18 40 37 2 10 14 38 53 51 13 44 34 15 47 0
0 7 24 10 12 3 40 2 31 25 36 30 26 45 16 35 49 14 47 50 29 34 39 17 33 48 8 11 6 43 44 56 5 23 13 52 4 18 37 51 22 19 1 32 20 55 15 54 38 46 9 53 28 41 21 57 27 59 58 42 0
0 17 58 9 2 3 32 50 21 23 45 28 11 55 16 19 31 49 5 59 34 14 26 37 52 38 4 20 57 29 51 48 15 42 33 7 27 8 35 56 54 24 12 44 46 6 10 53 39 25 22 1 13 36 40 30 41 47 43 18 0
0 14 52 44 55 51 33 26 13 29 30 12 37 54 8 34 6 17 23 36 59 20 38 1 43 42 25 40 45 28 48 35 2 21 27 49 24 32 5 22 41 56 53 9 11 31 50 57 15 58 4 10 46 3 18 39 47 7 16 19 0
0 17 37 19 59 21 6 36 32 56 58 16 1 55 33 9 30 7 23 38 34 8 25 28 20 12 14 4 47 2 22 13 45 43 35 50 39 40 29 26 57 42 41 3 54 31 24 18 5 48 46 53 11 27 52 49 51 10 15 44 0
0 11 37 23 38 4 42 43 24 56 59 7 10 8 57 27 25 1 33 51 53 34 3 19 41 15 48 36 55 45 9 39 46 5 6 18 26 52 21 47 44 13 35 17 16 2 58 32 54 31 40 29 14 22 20 49 30 28 12 50 0
0 31 42 43 35 2 17 58 37 29 30 21 12 25 32 33 49 56 18 16 11 13 10 27 26 24 9 41 28 55 53 23 20 51 36 44 46 59 50 39 45 54 40 34 3 22 5 47 52 6 48 7 57 8 1 38 14 4 19 15 0
0 50 28 19 3 48 44 40 37 5 59 17 43 32 21 56 29 18 2 20 14 26 6 11 55 54 51 34 10 33 1 27 12 9 41 39 46 47 22 35 4 58 15 36 24 7 38 42 8 53 57 52 16 30 31 13 23 25 49 45 0
0 38 18 43 1 58 30 44 25 6 24 17 49 48 7 36 8 19 57 46 41 39 23 28 56 55 54 26 21 13 45 3 4 11 12 35 14 10 34 40 59 33 51 16 47 20 15 32 29 22 37 27 53 42 9 31 2 5 52 50 0
0 33 8 21 12 56 19 13 41 45 53 46 18 50 9 49 29 25 47 55 59 35 14 51 43 42 5 36 54 28 40 10 11 34 23 4 39 1 20 44 57 6 30 17 24 2 15 52 37 58 38 32 26 48 16 27 22 31 3 7 0
0 49 38 55 51 35 34 47 33 30 37 7 46 11 26 27 45 56 20 50 44 19 1 17 3 25 9 39 52 18 13 12 58 4 5 43 14 22 10 16 15 42 2 21 54 32 6 29 23 40 59 57 41 53 31 24 36 28 48 8 0
0 1 18 55 51 57 10 20 23 26 19 9 52 56 14 35 40 37 54 6 11 33 43 27 50 44 17 31 45 29 58 48 41 38 42 53 46 34 30 32 16 3 13 12 36 39 8 24 47 28 2 59 15 22 7 25 4 49 5 21 0
0 40 41 54 45 22 31 32 24 16 8 9 20 19 5 48 35 21 36 55 33 52 15 1 18 29 51 57 23 39 49 53 4 34 28 38 25 17 14 46 6 59 12 44 37 13 42 50 30 27 7 43 11 2 10 58 56 47 3 26 0
0 20 10 25 30 29 12 22 23 55 36 58 8 47 35 52 43 53 50 59 9 2 1 5 49 32 56 34 26 48 38 40 24 7 42 15 57 46 27 3 17 6 37 18 51 11 41 14 19 4 45 54 33 31 16 44 13 21 39 28 0
0 38 45 8 7 37 12 10 49 1 14 42 22 40 27 3 46 13 28 11 32 30 20 55 36 43 52 48 26 51 17 34 23 44 2 24 53 21 57 18 6 9 59 29 16 41 35 54 58 4 5 19 56 47 33 39 31 25 50 15 0
0 13 38 35 36 30 29 16 58 37 40 2 17 41 14 59 21 43 33 10 55 53 5 11 1 20 42 51 6 23 52 12 26 56 28 22 8 49 39 45 50 25 31 47 19 18 44 7 4 54 9 27 3 57 46 24 34 15 32 48 0
0 57 47 41 16 55 35 51 13 42 11 28 58 7 1 49 43 8 5 4 37 27 33 40 50 26 15 19 12 2 34 9 32 53 36 3 46 59 21 10 44 45 30 29 20 48 18 54 24 23 56 17 38 22 6 39 25 14 31 52 0
0 56 19 11 32 55 45 7 12 9 6 2 48 20 29 23 28 22 3 47 35 59 8 25 46 57 50 30 13 34 21 16 53 15 38 17 44 42 5 54 14 4 18 24 58 39 51 26 37 40 52 27 43 33 1 49 41 36 10 31 0
0 7 22 51 6 23 43 38 58 1 14 34 52 4 25 11 53 50 3 45 20 30 15 9 37 40 16 42 12 35 29 48 49 13 55 21 44 18 39 24 5 57 10 17 19 47 59 32 56 27 2 41 36 8 28 33 54 31 26 46 0
0 1 52 5 17 12 25 33 55 53 46 48 8 41 26 14 9 15 50 3 16 40 30 39 2 59 45 10 31 6 11 22 49 21 44 18 42 23 58 36 43 19 34 28 56 27 13 20 4 29 24 7 47 35 54 51 37 38 32 57 0
0 52 8 47 29 4 33 48 43 38 56 16 18 39 42 27 5 30 11 14 51 50 57 31 25 12 53 44 26 58 49 3 40 15 45 32 55 17 28 1 9 35 59 7 21 19 54 34 37 41 10 22 13 23 24 20 46 6 36 2 0
0 7 1 41 9 58 37 3 19 47 2 28 17 46 25 49 48 15 21 18 38 53 57 8 43 33 42 20 50 44 35 24 40 10 52 16 59 55 5 34 26 32 51 56 22 54 4 6 36 45 14 30 12 31 13 39 27 11 29 23 0
0 8 5 49 40 6 39 13 14 47 55 18 53 10 59 25 12 16 9 2 37 1 29 43 41 3 35 56 51 4 34 26 50 42 58 44 24 19 57 54 22 23 21 27 28 46 36 20 32 38 31 15 7 17 48 11 52 30 33 45 0
0 48 23 26 54 17 22 30 44 31 2 13 3 28 10 53 46 42 34 58 40 27 51 24 52 15 29 43 59 19 1 25 4 7 38 49 8 56 20 21 16 35 9 36 33 55 39 11 18 14 12 6 37 45 57 5 47 32 41 50 0
0 52 55 3 25 24 28 35 15 38 49 9 46 53 48 56 16 50 41 34 6 32 42 54 37 58 30 29 19 11 2 23 45 27 44 7 33 51 31 10 13 43 59 57 4 36 17 1 18 47 20 14 39 22 40 5 21 12 26 8 0
0 25 44 6 51 29 7 48 8 57 11 56 55 38 5 20 14 31 47 39 58 9 4 40 59 35 2 46 49 41 19 27 21 23 50 30 43 53 3 34 54 1 15 24 28 10 32 45 13 17 33 12 26 52 16 42 37 18 36 22 0
0 45 8 26 17 56 30 19 25 1 50 20 6 55 18 11 58 52 24 16 40 33 21 22 9 54 48 36 23 31 57 44 42 43 7 29 4 39 5 59 3 49 46 53 35 32 13 27 41 34 14 28 47 10 12 38 2 37 51 15 0
0 13 23 6 22 32 1 34 4 53 29 18 25 11 8 5 16 48 7 57 37 44 10 42 26 19 38 55 17 2 41 45 50 46 3 14 15 27 51 36 30 21 54 49 35 31 39 9 24 12 56 59 28 33 47 58 43 20 40 52 0
0 46 17 24 29 54 39 21 14 42 25 19 5 55 40 8 23 3 32 2 34 26 45 13 59 22 49 47 38 30 41 37 56 36 7 58 10 11 43 48 31 18 33 35 50 20 16 12 15 53 28 52 9 1 57 4 51 44 27 6 0
0 17 18 19 55 50 4 35 32 21 53 25 46 39 51 20 29 8 54 30 26 23 52 49 5 45 11 59 13 44 3 43 16 33 7 40 15 10 27 24 37 9 31 1 12 41 2 57 56 22 47 6 48 28 36 58 38 34 42 14 0
0 38 37 35 20 40 32 41 24 53 51 16 2 27 7 12 46 4 19 43 8 52 30 22 55 44 11 10 21 15 18 50 6 34 9 49 25 48 26 23 29 1 33 5 54 59 58 56 39 45 13 28 57 17 47 42 3 31 14 36 0
0 56 43 50 6 16 3 17 33 35 48 8 45 44 49 22 51 58 29 54 39 25 42 15 34 26 59 41 4 19 9 47 57 38 37 24 21 18 1 10 2 20 27 14 11 12 31 30 23 52 46 55 5 7 13 36 32 53 40 28 0
0 44 38 25 10 55 19 24 18 31 8 20 4 7 23 21 13 46 17 16 56 22 34 12 39 37 15 53 51 47 35 30 41 5 9 40 6 3 29 2 59 11 36 49 26 28 1 45 50 14 54 58 48 42 33 57 27 32 52 43 0
0 18 39 21 10 26 57 37 6 12 20 24 48 42 35 14 34 58 4 23 31 51 25 28 47 45 17 52 33 56 2 16 29 53 5 38 11 36 9 8 13 59 30 15 44 22 49 43 1 46 50 41 32 3 54 19 40 7 55 27 0
0 12 51 37 57 1 42 53 44 40 46 55 3 22 16 20 15 10 50 2 47 49 45 43 13 39 17 32 41 54 21 4 30 29 52 5 18 33 19 26 23 11 7 56 58 14 59 38 8 24 28 48 34 6 25 35 9 36 27 31 0
0 1 9 7 47 49 29 59 52 48 25 54 50 55 31 2 34 51 14 57 32 17 24 46 58 38 41 28 5 27 37 56 11 44 3 4 35 18 36 16 30 42 13 26 33 23 53 22 45 21 20 19 39 43 8 40 6 15 10 12 0
0 34 17 20 42 11 44 14 29 49 54 19 22 15 36 2 24 46 3 6 50 35 28 25 16 26 9 51 52 53 13 23 38 59 31 30 18 5 33 27 32 4 39 12 55 47 37 45 40 7 58 10 56 41 43 1 21 48 8 57 0
0 9 37 46 29 35 21 22 19 59 38 25 6 31 23 48 12 24 54 7 32 57 33 26 55 10 2 16 13 53 20 1 49 40 50 39 58 4 28 56 30 8 15 18 17 52 5 14 47 34 41 27 11 3 42 43 44 51 45 36 0
0 23 14 11 48 38 33 42 37 26 46 57 30 15 3 59 7 45 27 2 39 49 53 12 6 13 19 28 50 22 41 44 35 1 4 9 8 58 31 32 29 43 40 18 10 56 54 55 25 52 5 47 20 16 34 21 17 36 51 24 0
0 44 23 32 18 49 19 56 50 31 3 48 33 25 24 53 27 36 52 22 8 14 51 21 57 42 55 43 1 38 9 2 54 30 17 35 39 11 58 45 59 28 15 34 7 16 4 20 5 29 40 37 10 46 47 12 6 41 13 26 0
0 1 22 58 8 23 16 48 53 13 38 25 35 31 4 33 57 32 12 52 59 2 28 42 29 26 9 45 47 15 19 55 46 49 40 11 56 44 6 39 41 27 18 24 37 17 36 21 7 20 43 54 5 10 50 51 3 30 34 14 0
0 31 51 17 12 8 6 21 10 2 33 59 46 49 24 14 34 19 57 47 32 29 27 1 37 58 28 39 45 53 15 7 41 16 26 23 13 35 43 18 42 30 40 52 9 25 5 22 48 38 54 4 11 50 36 20 56 55 44 3 0
0 24 27 59 2 9 51 34 35 22 8 15 13 53 23 18 57 49 37 47 46 33 25 44 42 56 38 54 32 45 3 10 17 6 55 20 16 14 29 58 11 43 40 48 21 1 4 30 50 12 36 31 41 5 28 19 52 39 26 7 0
0 34 32 11 38 56 17 58 24 16 28 39 10 20 12 37 13 55 26 21 23 51 44 36 43 48 15 27 35 47 25 18 59 53 42 33 1 7 30 8 5 46 9 54 31 22 19 57 3 40 52 29 45 4 41 50 6 14 2 49 0
0 52 8 54 58 13 39 40 42 46 43 49 3 33 50 19 4 10 23 38 26 7 56 55 34 35 21 37 22 53 59 36 25 9 6 48 12 31 28 30 1 20 24 15 45 57 18 29 32 2 16 11 51 44 41 27 47 14 5 17 0
0 38 29 47 50 40 34 58 2 28 5 37 42 48 9 55 26 31 33 18 30 25 49 19 52 20 24 15 14 3 41 39 56 54 17 44 8 13 59 10 11 23 46 53 43 57 36 21 6 1 51 12 7 27 32 4 35 16 22 45 0
0 47 41 10 8 9 48 37 4 20 23 3 12 50 54 31 11 29 22 27 21 33 5 32 17 46 30 18 57 26 19 7 34 1 13 58 14 39 16 43 40 28 36 53 55 2 25 42 51 6 49 56 44 15 24 52 45 35 59 38 0
0 21 36 30 38 54 5 10 14 9 53 6 37 28 33 48 45 20 40 58 59 16 46 22 43 15 52 35 32 41 19 4 23 57 25 29 12 34 11 2 24 18 13 1 55 42 49 39 8 56 27 47 50 3 51 7 17 44 31 26 0
0 10 56 35 21 53 24 54 33 46 42 14 19 13 48 20 22 45 40 4 15 5 55 39 26 44 8 43 50 2 47 52 41 57 11 30 17 31 1 12 27 58 36 6 38 16 51 59 3 37 29 49 25 9 32 28 7 18 34 23 0
0 3 34 6 30 39 25 23 10 53 14 28 4 37 13 7 22 55 51 42 38 8 21 50 24 15 47 1 26 40 41 5 58 9 43 12 46 36 33 35 54 16 18 48 31 56 29 59 45 52 17 32 11 49 19 2 44 27 57 20 0
0 7 55 8 45 27 53 20 15 6 42 40 51 28 31 2 54 38 11 35 26 41 29 23 52 49 9 18 39 24 12 46 56 25 5 16 1 30 14 36 57 58 19 47 3 44 32 59 21 43 37 22 50 10 4 48 34 33 17 13 0
0 9 22 36 20 37 7 57 12 25 4 34 59 55 54 39 31 47 21 27 44 42 13 8 51 32 17 41 5 38 28 46 30 45 19 15 16 11 2 49 26 40 29 14 1 33 50 6 52 10 56 35 23 3 24 58 43 53 18 48 0
0 39 47 52 11 42 41 57 26 56 32 34 35 44 43 53 12 36 13 9 4 6 54 49 28 38 50 29 18 2 37 30 14 20 58 24 59 40 46 33 25 22 27 16 51 7 45 55 5 23 10 31 21 1 8 17 3 19 15 48 0
0 26 47 16 35 7 23 48 3 37 57 19 36 25 20 45 11 24 28 56 41 55 33 32 6 18 53 58 50 51 10 44 2 1 8 13 34 31 12 43 42 5 40 27 21 29 59 38 17 49 4 39 54 52 46 14 9 22 30 15 0
0 53 17 39 11 54 43 59 33 23 37 4 56 38 36 24 45 7 41 3 58 49 21 26 14 40 28 51 55 32 35 52 10 12 13 1 44 6 20 57 18 8 31 15 50 27 47 29 16 42 9 5 46 2 34 22 19 48 30 25 0
0 15 4 27 34 8 44 59 53 5 31 55 20 22 57 29 24 26 48 1 23 51 47 32 9 41 40 12 58 50 19 39 38 30 35 13 3 17 2 18 10 56 14 49 28 37 16 52 42 43 54 45 36 46 7 25 6 33 21 11 0
0 33 48 10 57 53 23 11 9 13 2 56 42 21 59 25 27 16 38 47 6 12 14 4 39 8 24 58 55 37 31 52 26 44 28 34 7 1 30 50 54 18 29 43 32 17 36 19 22 49 15 41 40 3 51 45 35 46 5 20 0
0 9 18 41 14 50 53 57 7 19 34 38 21 13 35 17 48 55 28 24 26 47 4 52 46 54 31 16 44 59 43 10 2 56 51 36 27 29 23 22 20 15 42 5 39 58 1 30 33 37 40 32 6 49 11 8 25 3 45 12 0
0 15 38 10 17 50 2 39 59 8 53 28 6 30 21 34 4 24 41 31 18 55 9 1 57 12 5 45 58 46 29 48 49 16 52 44 27 25 35 32 23 37 20 42 13 19 7 22 40 54 11 47 56 51 36 43 14 33 3 26 0
0 18 3 26 13 34 4 1 37 5 24 9 28 54 22 49 21 32 15 45 46 31 30 47 42 58 8 2 6 53 50 43 17 59 35 20 52 29 7 41 19 48 10 44 25 12 11 56 40 55 16 36 57 14 23 33 51 38 27 39 0
0 59 54 39 25 18 37 32 15 22 38 28 13 6 2 44 42 43 4 31 23 11 36 16 33 45 46 50 7 51 57 12 56 26 49 52 35 47 58 14 29 30 3 27 20 21 17 40 9 41 10 24 55 48 53 8 1 5 34 19 0
0 41 54 18 50 42 58 39 43 36 19 56 45 14 10 48 55 46 16 5 57 3 15 53 40 12 47 1 24 34 49 25 11 21 17 32 35 51 4 31 20 28 26 27 2 52 33 37 59 22 38 23 7 44 29 9 8 30 13 6 0
0 14 3 44 42 18 41 54 22 12 36 37 38 33 11 46 13 5 1 28 51 39 26 40 52 24 58 43 57 27 8 35 45 59 19 9 25 17 56 32 23 48 6 55 31 15 20 29 47 7 21 50 34 53 49 10 16 2 4 30 0
0 46 8 39 29 21 26 34 48 44 47 32 20 3 11 17 24 28 56 9 33 41 43 50 38 37 58 52 30 25 45 51 16 12 5 55 31 14 4 40 6 57 59 42 19 10 23 54 18 35 15 22 27 53 49 13 1 2 36 7 0
0 55 42 56 47 9 30 38 17 58 13 11 2 18 4 40 44 20 34 29 19 12 46 45 28 31 7 43 26 1 53 6 32 49 15 52 37 41 51 48 10 54 5 25 35 59 22 27 33 39 36 23 24 8 3 57 21 16 50 14 0
0 24 29 45 10 23 34 50 32 58 53 4 20 17 9 5 28 7 41 3 52 47 16 40 8 42 19 38 26 2 56 39 37 33 36 12 14 6 43 57 15 44 51 46 13 11 27 25 49 18 22 21 54 30 35 55 48 59 1 31 0
0 44 3 6 35 48 5 26 21 36 58 43 59 39 33 27 38 4 32 14 52 54 40 12 22 34 20 37 55 31 1 9 29 53 41 17 19 25 23 24 30 2 13 18 15 10 57 8 28 47 56 46 16 50 51 11 7 49 42 45 0
0 51 24 4 28 59 55 14 38 47 32 52 34 54 53 18 25 22 15 49 19 58 36 8 45 30 13 46 29 27 48 56 40 20 2 12 43 39 33 7 37 9 3 57 41 50 11 21 31 10 6 42 26 16 23 35 5 1 17 44 0
0 31 48 32 43 12 9 25 2 34 27 7 38 29 28 35 10 1 40 57 22 11 13 54 30 8 23 4 19 52 24 3 17 51 49 56 42 47 55 39 5 18 6 15 16 41 53 20 59 50 26 45 33 14 36 37 21 44 46 58 0
0 57 2 18 7 3 4 46 42 13 25 30 35 31 48 34 17 45 32 26 54 44 38 22 15 1 29 12 55 56 28 8 14 10 50 11 16 9 23 43 40 36 58 51 41 27 19 24 33 59 53 39 5 20 49 37 21 6 52 47 0
0 30 53 29 40 2 9 34 11 45 50 36 38 56 32 59 52 24 4 14 7 27 13 22 35 21 57 46 23 49 6 10 39 1 15 55 41 44 33 25 43 18 26 42 31 58 28 20 17 48 16 54 8 3 47 12 37 19 5 51 0
0 22 57 5 14 35 53 9 28 19 11 30 4 49 42 41 13 51 27 33 46 16 24 23 56 39 47 15 6 18 26 58 1 34 40 8 31 55 45 12 48 17 38 25 7 37 3 2 20 21 44 36 52 10 32 54 59 50 43 29 0
0 50 34 16 10 36 4 45 3 39 21 32 48 37 20 1 9 38 57 13 43 28 31 55 18 46 17 47 51 8 29 40 12 42 52 7 54 15 33 59 26 24 53 49 58 35 56 19 6 27 5 11 44 25 22 14 2 23 30 41 0
0 55 30 43 32 9 46 24 57 49 22 35 58 27 11 13 4 20 14 29 2 26 45 47 52 33 50 48 1 28 37 40 38 8 19 56 25 54 31 3 5 23 17 10 34 53 36 12 59 7 15 18 6 41 51 44 21 16 39 42 0
0 2 55 49 8 4 44 51 24 52 32 38 6 10 3 34 47 19 1 37 48 28 13 50 29 20 57 17 39 25 58 54 23 7 21 9 41 43 12 18 53 31 33 11 16 40 46 35 45 26 27 15 42 59 14 22 36 56 5 30 0
0 19 45 14 40 41 7 56 49 27 23 55 31 17 4 34 37 11 15 35 54 53 1 5 38 39 58 26 36 25 46 24 6 43 52 59 50 8 42 48 18 57 51 22 16 10 2 44 33 29 28 9 47 13 20 30 12 32 21 3 0
0 46 58 11 6 18 5 15 16 23 56 39 45 32 21 27 26 17 50 10 40 13 25 12 43 3 52 47 44 59 19 36 42 35 53 2 9 48 20 31 37 7 8 1 41 22 34 49 54 28 33 38 55 14 29 57 30 51 4 24 0
0 47 48 45 51 46 13 58 14 44 30 29 10 6 22 59 40 16 11 15 42 7 1 12 55 39 27 33 8 2 21 31 20 28 9 5 36 23 43 53 34 56 57 17 32 38 24 26 35 50 54 18 37 49 52 19 41 3 25 4 0
0 26 14 22 2 52 32 10 34 51 37 45 55 5 48 28 8 16 49 58 24 21 7 44 47 38 6 35 9 1 13 39 12 23 11 43 3 40 29 19 30 31 57 25 56 36 33 42 53 20 59 17 41 4 27 54 15 50 18 46 0
0 38 5 43 18 41 54 24 13 53 59 4 48 51 8 10 29 9 34 7 23 47 19 46 57 22 40 39 58 26 16 45 25 12 37 44 56 31 14 33 32 15 50 1 52 55 30 2 35 6 36 27 17 3 20 49 28 11 21 42 0
0 11 44 58 41 35 8 48 17 51 2 12 21 34 10 39 7 54 32 5 56 46 28 33 16 50 13 14 49 55 30 31 53 1 29 20 9 59 52 19 27 26 6 4 15 43 40 25 45 42 47 23 18 57 3 36 37 24 38 22 0
0 34 50 41 23 2 44 13 57 21 20 6 1 27 46 28 7 29 14 10 22 47 3 24 4 19 59 54 11 25 45 56 26 33 17 12 32 52 36 48 43 58 30 15 31 37 39 40 42 9 51 35 38 49 53 16 8 18 55 5 0
0 35 8 47 13 53 51 58 3 37 9 29 49 30 22 11 50 5 55 38 26 45 34 7 17 24 2 28 18 4 42 46 54 40 25 44 20 6 33 14 21 32 59 31 43 56 39 23 12 41 36 57 15 52 27 19 48 16 1 10 0
0 48 39 3 16 11 22 57 10 34 1 55 32 26 47 2 52 18 51 5 27 59 56 33 46 43 54 53 37 21 58 8 17 19 29 30 40 42 31 38 7 9 6 45 13 20 36 25 41 28 50 24 14 35 44 49 15 23 4 12 0
0 17 7 40 5 45 56 2 59 4 24 48 38 37 49 14 34 33 58 47 21 10 9 22 18 32 26 11 25 20 30 31 23 52 42 19 39 27 12 41 29 6 57 28 13 16 44 8 3 54 46 51 36 55 35 1 43 50 53 15 0
0 11 22 59 15 16 34 25 13 40 30 50 14 33 10 47 6 46 1 7 36 28 56 27 49 39 37 18 52 42 8 44 45 21 31 41 54 57 5 3 26 4 23 55 19 53 43 24 58 2 38 9 20 29 48 35 32 17 12 51 0
0 30 7 57 47 8 51 17 20 1 9 34 15 52 56 59 32 54 18 44 24 36 2 40 37 49 46 11 27 26 14 53 50 43 48 39 35 31 45 19 28 33 6 3 21 25 23 12 5 16 55 22 41 4 13 58 10 42 29 38 0
0 5 59 46 10 19 40 38 56 1 13 20 18 45 58 7 37 2 57 16 36 27 51 28 48 21 23 54 32 26 43 31 55 3 33 15 24 49 25 50 9 41 12 17 8 39 29 11 6 14 52 42 30 22 47 34 53 44 4 35 0
0 34 33 10 2 29 26 20 7 30 41 16 50 22 4 32 21 23 43 19 51 58 37 9 47 55 5 44 25 6 36 45 3 13 1 49 59 54 24 31 40 27 56 11 8 17 52 38 48 35 12 39 42 57 53 28 14 46 18 15 0
0 6 26 16 43 8 52 17 32 44 38 20 1 45 2 5 57 54 49 18 9 48 4 23 10 33 29 41 28 50 39 58 30 15 31 11 47 3 13 56 24 14 36 53 34 46 12 22 35 40 55 59 27 7 51 21 19 25 37 42 0
0 54 20 14 13 25 15 1 56 33 41 3 52 26 37 53 36 10 21 11 28 42 57 40 7 39 49 12 27 9 59 6 23 34 16 55 43 24 22 46 5 29 19 38 58 32 45 17 35 50 8 51 4 48 44 47 2 31 30 18 0
0 51 9 8 36 39 15 7 16 31 48 50 41 44 42 17 6 45 40 21 12 11 28 27 20 3 1 30 47 46 56 58 53 54 38 14 32 4 59 25 33 49 23 34 24 5 10 52 2 55 26 18 35 22 29 37 43 57 19 13 0
0 55 32 28 43 17 7 45 8 49 19 50 39 9 34 42 23 37 29 44 40 54 1 46 18 51 25 14 24 22 21 13 26 3 30 4 57 41 5 6 20 31 47 35 12 27 33 15 38 58 52 10 11 16 59 53 56 48 2 36 0
0 19 31 10 36 42 21 27 16 18 37 8 44 34 49 28 25 6 46 35 52 55 22 26 3 29 32 30 59 50 9 53 5 39 51 1 33 2 12 4 54 23 48 57 13 43 11 47 45 40 41 14 20 58 24 15 38 17 7 56 0
0 6 48 7 23 57 41 31 12 54 49 45 56 35 19 16 43 13 58 30 29 14 9 59 50 32 20 22 51 44 53 3 36 4 24 55 40 42 34 37 26 38 33 25 11 1 17 28 52 10 18 15 2 21 46 47 27 5 39 8 0
0 2 45 47 38 18 17 12 10 29 52 25 11 14 58 3 50 44 42 16 51 26 23 20 32 59 41 4 30 24 37 55 35 6 22 28 7 1 46 33 19 36 49 15 9 48 13 21 43 53 56 31 57 27 5 8 34 54 40 39 0
0 51 32 28 41 31 14 8 54 58 23 22 42 16 6 49 4 1 50 56 3 45 9 7 39 20 36 5 33 43 46 29 21 26 13 15 2 24 12 38 25 40 17 59 11 19 57 18 48 47 35 53 55 27 30 10 44 37 52 34 0
0 9 42 3 10 43 7 23 28 49 18 52 16 59 53 8 48 44 11 13 14 17 15 20 56 24 12 29 51 39 30 58 54 26 25 19 33 22 34 45 2 36 31 27 4 1 40 6 37 55 57 38 35 41 32 47 21 5 50 46 0
0 14 55 10 29 33 8 34 11 21 43 45 42 49 35 30 28 37 20 57 1 9 46 53 59 4 56 13 39 18 15 32 41 12 52 19 48 2 17 25 44 58 16 3 26 27 38 54 31 40 47 6 24 36 5 50 23 51 22 7 0
0 15 18 10 21 19 29 33 28 41 3 25 55 24 36 40 56 1 46 13 12 35 59 16 58 31 8 47 38 52 23 48 7 14 54 4 34 11 22 26 20 2 37 9 17 42 50 6 32 39 27 5 53 45 49 51 57 30 44 43 0
0 47 44 23 45 52 26 8 54 29 7 3 31 58 17 21 50 2 40 14 12 9 36 39 35 57 30 20 27 11 59 24 16 10 34 5 18 4 53 33 32 13 51 42 49 56 41 1 22 46 48 43 28 19 55 37 15 25 6 38 0
0 40 9 23 35 6 3 18 10 56 55 45 7 32 1 31 38 47 16 37 12 44 27 39 15 19 41 49 54 22 2 58 11 13 46 8 5 28 59 14 21 52 33 50 43 26 20 51 57 25 48 4 53 29 42 36 30 24 17 34 0
0 48 8 45 25 51 26 12 24 43 29 58 6 21 22 56 36 50 9 41 57 3 35 55 19 28 53 59 33 32 16 4 42 40 20 23 38 11 30 44 46 18 37 27 49 13 5 15 39 7 14 10 17 54 47 34 1 2 31 52 0
0 10 11 44 35 36 23 4 27 59 2 54 43 41 28 33 25 26 49 24 37 17 1 40 3 56 34 14 18 32 52 6 53 9 12 20 30 51 47 5 39 21 55 48 46 15 19 50 16 31 45 22 8 57 42 29 58 7 13 38 0
0 51 17 45 30 21 37 56 50 22 43 48 55 31 18 8 34 36 15 20 39 54 2 57 12 9 10 49 46 38 59 32 3 16 35 40 24 25 52 7 6 33 29 44 1 41 53 42 14 19 47 23 58 27 28 11 4 26 13 5 0
0 6 42 31 12 3 26 5 11 7 50 49 53 34 23 47 55 39 16 43 22 52 58 56 1 59 45 33 57 30 24 48 27 9 46 2 44 14 17 35 21 40 18 25 41 36 15 8 13 32 20 38 54 28 51 19 10 4 37 29 0
0 24 51 56 49 57 42 32 44 1 17 12 15 40 53 2 27 33 25 3 47 48 8 29 45 50 41 37 21 30 52 36 22 6 23 11 9 10 31 58 18 38 39 7 54 59 46 16 26 55 4 20 34 43 19 5 14 35 28 13 0
