# n n_solutions
40 1000
# n x n distance matrix
0 2308 2941 3992 7712 6902 6158 4294 4570 7605 2325 2459 8300 3827 4870 4472 7100 4440 3436 7406 5035 5375 7789 6555 4675 1979 2039 3931 2529 7518 7600 1303 1902 5028 3860 3400 5727 1843 4080 4438
2308 0 1019 4763 5860 4785 6001 2061 5385 5491 3492 4392 6152 4393 5333 5916 4964 3584 4908 6262 5920 4716 6435 4254 4295 2246 360 2080 3448 5217 5433 3047 854 3405 2402 4652 5126 3634 2024 3061
2941 1019 0 4382 6185 4884 6957 1431 6403 5570 3423 5240 6168 5412 6350 6888 5032 4464 5866 6964 6937 5604 7043 3765 5246 3257 1360 2662 3275 4901 5440 3905 1868 4000 1403 5636 6016 3832 1140 3801
3992 4763 4382 0 10547 9261 10111 5565 8516 9940 1676 5913 10510 7818 8860 8130 9402 8105 7170 10962 8949 9160 11186 7710 8544 5866 4810 6841 1476 9002 9786 5192 5099 8168 3847 7256 9544 2501 4972 7779
7712 5860 6185 10547 0 1708 5403 5303 7223 1503 9352 8609 1878 6456 6530 8697 1746 3981 8158 2778 7605 4070 2118 4427 4716 6113 5923 3827 9302 3605 1902 7616 5852 2716 7144 7668 4188 9392 5939 3401
6902 4785 4884 9261 1708 0 6161 3801 7463 707 8228 8246 1403 6550 6888 8770 223 4080 8062 4079 7920 4609 3601 2720 5032 5629 4936 3014 8127 2039 761 7085 5000 2469 5660 7605 4860 8417 4440 3176
6158 6001 6957 10111 5403 6161 0 7217 2596 6519 8472 5325 7142 2561 1802 4177 6360 2617 4204 2973 2707 1615 3769 8099 1711 4248 5748 4738 8635 8062 6824 5173 5288 3991 8359 3758 1303 7940 7600 3590
4294 2061 1431 5565 5303 3801 7217 0 7158 4441 4801 6453 4965 6132 6957 7881 3911 4604 6902 6612 7696 5700 6529 2334 5544 4161 2408 2501 4617 3505 4248 5108 2831 3640 1860 6602 6102 5261 640 3712
4570 5385 6403 8516 7223 7463 2596 7158 0 7992 6841 2983 8695 1029 806 1603 7684 3383 1702 5308 538 3201 6040 8700 2507 3157 5044 5060 7083 9052 8208 3324 4535 5000 7746 1360 3224 6109 7338 4327
7605 5491 5570 9940 1503 707 6519 4441 7992 0 8928 8905 728 7111 7381 9347 538 4614 8672 4178 8431 5024 3590 3088 5521 6296 5643 3705 8823 2121 400 7764 5703 3046 6296 8207 5234 9124 5077 3769
2325 3492 3423 1676 9352 8228 8472 4801 6841 8928 0 4301 9556 6146 7186 6503 8393 6576 5522 9492 7278 7592 9780 7106 6940 4243 3448 5547 360 8305 8829 3517 3640 6826 3448 5590 7964 984 4310 6360
2459 4392 5240 5913 8609 8246 5325 6453 2983 8905 4301 0 9631 2778 3612 2220 8464 4716 1341 7472 3275 5220 8060 8544 4396 2624 4045 5281 4609 9303 8998 1345 3661 5941 6296 1627 5442 3413 6365 5223
8300 6152 6168 10510 1878 1403 7142 4965 8695 728 9556 9631 0 7826 8070 10064 1200 5323 9398 4652 9126 5685 3992 3330 6212 7021 6319 4417 9437 2147 728 8485 6400 3769 6800 8931 5872 9786 5590 4494
3827 4393 5412 7818 6456 6550 2561 6132 1029 7111 6146 2778 7826 0 1044 2247 6773 2507 1811 4837 1565 2601 5502 7683 1802 2202 4060 4045 6356 8072 7305 2692 3551 4081 6774 1315 2745 5507 6324 3383
4870 5333 6350 8860 6530 6888 1802 6957 806 7381 7186 3612 8070 1044 0 2408 7106 2828 2418 4517 1077 2469 5261 8321 1860 3206 5015 4701 7399 8570 7621 3712 4509 4455 7731 2000 2451 6529 7203 3828
4472 5916 6888 8130 8697 8770 4177 7881 1603 9347 6503 2220 10064 2247 2408 0 8993 4753 1044 6902 1523 4751 7623 9687 4002 3720 5556 6107 6800 10200 9529 3178 5077 6306 8115 1280 4809 5632 7940 5594
7100 4964 5032 9402 1746 223 6360 3911 7684 538 8393 8464 1200 6773 7106 8993 0 4301 8285 4220 8140 4816 3712 2692 5249 5846 5124 3224 8286 1910 538 7299 5200 2692 5768 7828 5060 8598 4548 3399
4440 3584 4464 8105 3981 4080 2617 4604 3383 4614 6576 4716 5323 2507 2828 4753 4301 0 4177 2968 3841 1140 3417 5590 1029 2505 3400 2121 6660 5748 4825 3921 3023 1627 5846 3687 1552 6280 5008 1029
3436 4908 5866 7170 8158 8062 4204 6902 1702 8672 5522 1341 9398 1811 2418 1044 8285 4177 0 6648 1941 4410 7310 8786 3601 2758 4548 5269 5807 9373 8823 2137 4080 5630 7077 500 4554 4687 6933 4904
7406 6262 6964 10962 2778 4079 2973 6612 5308 4178 9492 7472 4652 4837 4517 6902 4220 2968 6648 0 5557 2256 806 6600 3080 5470 6161 4304 9548 6118 4554 6844 5869 2996 8229 6152 2102 9241 7169 3201
5035 5920 6937 8949 7605 7920 2707 7696 538 8431 7278 3275 9126 1565 1077 1523 8140 3841 1941 5557 0 3546 6315 9220 2915 3687 5578 5580 7530 9546 8660 3765 5069 5467 8276 1708 3517 6514 7876 4810
5375 4716 5604 9160 4070 4609 1615 5700 3201 5024 7592 5220 5685 2601 2469 4751 4816 1140 4410 2256 3546 0 2901 6484 824 3397 4518 3200 7700 6466 5303 4664 4118 2376 6985 3911 412 7217 6129 2009
7789 6435 7043 11186 2118 3601 3769 6529 6040 3590 9780 8060 3992 5502 5261 7623 3712 3417 7310 806 6315 2901 0 6239 3712 5909 6378 4392 9808 5622 3981 7338 6140 3047 8237 6811 2816 9604 7119 3420
6555 4254 3765 7710 4427 2720 8099 2334 8700 3088 7106 8544 3330 7683 8321 9687 2692 5590 8786 6600 9220 6484 6239 0 6618 6044 4561 3640 6900 1341 2745 7219 4887 4110 3863 8417 6830 7595 2800 4561
4675 4295 5246 8544 4716 5032 1711 5544 2507 5521 6940 4396 6212 1802 1860 4002 5249 1029 3601 3080 2915 824 3712 6618 0 2701 4052 3104 7072 6762 5762 3883 3605 2624 6648 3101 1081 6506 5903 2058
1979 2246 3257 5866 6113 5629 4248 4161 3157 6296 4243 2624 7021 2202 3206 3720 5846 2505 2758 5470 3687 3397 5909 6044 2701 0 1897 2657 4390 6711 6378 1503 1392 3401 4589 2441 3748 3820 4248 2716
2039 360 1360 4810 5923 4936 5748 2408 5044 5643 3448 4045 6319 4060 5015 5556 5124 3400 4548 6161 5578 4518 6378 4561 4052 1897 0 2102 3440 5481 5608 2701 509 3383 2716 4294 4924 3492 2384 2969
3931 2080 2662 6841 3827 3014 4738 2501 5060 3705 5547 5281 4417 4045 4701 6107 3224 2121 5269 4304 5580 3200 4392 3640 3104 2657 2102 0 5522 4104 3748 4079 2039 1345 3939 4860 3601 5565 2961 1216
2529 3448 3275 1476 9302 8127 8635 4617 7083 8823 360 4609 9437 6356 7399 6800 8286 6660 5807 9548 7530 7700 9808 6900 7072 4390 3440 5522 0 8122 8709 3765 3679 6823 3178 5854 8080 1341 4100 6389
7518 5217 4901 9002 3605 2039 8062 3505 9052 2121 8305 9303 2147 8072 8570 10200 1910 5748 9373 6118 9546 6466 5622 1341 6762 6711 5481 4104 8122 0 1726 8023 5724 4140 5166 8962 6760 8720 4044 4742
7600 5433 5440 9786 1902 761 6824 4248 8208 400 8829 8998 728 7305 7621 9529 538 4825 8823 4554 8660 5303 3981 2745 5762 6378 5608 3748 8709 1726 0 7826 5703 3224 6090 8366 5531 9066 4876 3935
1303 3047 3905 5192 7616 7085 5173 5108 3324 7764 3517 1345 8485 2692 3712 3178 7299 3921 2137 6844 3765 4664 7338 7219 3883 1503 2701 4079 3765 8023 7826 0 2332 4904 5011 2102 4964 2817 5024 4219
1902 854 1868 5099 5852 5000 5288 2831 4535 5703 3640 3661 6400 3551 4509 5077 5200 3023 4080 5869 5069 4118 6140 4887 3605 1392 509 2039 3679 5724 5703 2332 0 3220 3224 3807 4517 3546 2865 2720
5028 3405 4000 8168 2716 2469 3991 3640 5000 3046 6826 5941 3769 4081 4455 6306 2692 1627 5630 2996 5467 2376 3047 4110 2624 3401 3383 1345 6823 4140 3224 4904 3220 0 5235 5162 2720 6762 4178 728
3860 2402 1403 3847 7144 5660 8359 1860 7746 6296 3448 6296 6800 6774 7731 8115 5768 5846 7077 8229 8276 6985 8237 3863 6648 4589 2716 3939 3178 5166 6090 5011 3224 5235 0 6894 7397 4159 1220 5126
3400 4652 5636 7256 7668 7605 3758 6602 1360 8207 5590 1627 8931 1315 2000 1280 7828 3687 500 6152 1708 3911 6811 8417 3101 2441 4294 4860 5854 8962 8366 2102 3807 5162 6894 0 4060 4808 6672 4438
5727 5126 6016 9544 4188 4860 1303 6102 3224 5234 7964 5442 5872 2745 2451 4809 5060 1552 4554 2102 3517 412 2816 6830 1081 3748 4924 3601 8080 6760 5531 4964 4517 2720 7397 4060 0 7566 6537 2402
1843 3634 3832 2501 9392 8417 7940 5261 6109 9124 984 3413 9786 5507 6529 5632 8598 6280 4687 9241 6514 7217 9604 7595 6506 3820 3492 5565 1341 8720 9066 2817 3546 6762 4159 4808 7566 0 4850 6217
4080 2024 1140 4972 5939 4440 7600 640 7338 5077 4310 6365 5590 6324 7203 7940 4548 5008 6932 7169 7876 6129 7119 2800 5903 4248 2384 2961 4100 4044 4876 5024 2865 4178 1220 6672 6537 4850 0 4177
4438 3061 3801 7779 3401 3176 3590 3712 4327 3769 6360 5223 4494 3383 3828 5594 3399 1029 4904 3201 4810 2009 3420 4561 2058 2716 2969 1216 6389 4742 3935 4219 2720 728 5126 4438 2402 6217 4177 0
# set of given starting solutions
0 38 35 2 20 15 14 31 21 10 19 11 6 32 29 8 1 16 5 9 22 27 25 13 3 12 34 28 18 36 24 33 23 17 37 39 4 30 7 26 0
0 21 24 38 23 12 33 6 27 5 32 26 29 16 11 31 8 39 30 34 18 13 37 7 3 28 14 35 36 10 15 9 19 17 22 4 20 1 25 2 0
0 16 38 5 34 18 23 33 36 30 26 21 6 13 14 28 1 9 19 15 7 3 17 12 29 31 39 35 10 22 20 27 32 25 37 2 8 24 4 11 0
0 14 12 20 34 6 37 1 11 32 21 38 24 27 31 8 33 29 16 9 5 22 23 2 15 26 36 4 7 17 25 28 30 35 13 19 39 10 18 3 0
0 28 39 37 1 17 11 10 2 23 22 32 34 38 21 33 36 30 20 18 8 27 29 14 7 9 5 16 24 31 19 3 6 25 12 26 15 4 35 13 0
0 13 21 16 8 27 38 20 9 5 25 6 39 19 29 33 30 17 3 32 14 7 35 24 10 31 1 22 15 34 4 36 11 2 12 18 23 28 37 26 0
0 9 1 37 31 23 20 36 4 7 28 34 24 29 22 30 12 16 8 26 11 17 14 6 27 35 39 25 2 13 5 18 21 19 3 32 10 15 33 38 0
0 34 33 28 30 13 21 12 25 9 39 27 11 31 7 37 24 14 6 35 23 29 36 22 8 2 38 16 3 5 10 19 32 17 26 18 1 20 15 4 0
0 12 17 2 1 13 7 21 24 32 15 20 22 25 27 19 23 29 9 39 28 16 35 14 3 4 38 30 11 8 37 34 31 10 6 18 33 26 5 36 0
0 1 16 24 26 7 36 6 34 37 20 2 13 32 33 3 38 15 39 10 19 12 21 8 27 18 28 14 17 29 22 35 5 11 25 31 30 23 4 9 0
0 24 18 37 12 27 30 32 13 23 7 29 14 19 17 36 33 15 31 5 10 25 9 6 39 28 34 2 26 1 20 8 35 38 11 3 16 22 21 4 0
0 6 2 33 32 24 27 23 37 16 8 4 17 11 19 29 9 28 18 30 3 13 1 5 36 34 35 10 12 39 7 25 31 26 14 15 22 21 20 38 0
0 30 2 38 25 37 1 5 26 6 27 4 34 11 39 33 7 12 21 14 13 28 24 3 36 31 23 10 19 35 9 15 8 16 29 22 32 17 18 20 0
0 24 30 16 31 5 1 11 27 36 6 39 15 4 2 18 3 8 13 29 9 10 35 20 19 38 34 25 14 22 28 12 17 37 26 21 23 33 32 7 0
0 27 30 8 7 31 13 16 29 20 11 6 26 9 19 18 21 34 28 23 24 37 14 33 35 17 36 39 1 3 5 12 22 2 15 38 25 10 32 4 0
0 15 28 34 33 16 37 36 7 12 14 4 38 29 10 27 24 25 1 8 3 23 11 6 20 19 39 31 32 5 9 26 21 35 2 30 22 17 18 13 0
0 28 10 31 1 38 12 32 5 19 26 30 36 23 16 22 18 34 35 21 13 33 29 39 20 27 25 6 11 17 14 9 15 8 7 2 4 24 37 3 0
0 11 20 15 13 14 19 37 38 35 7 4 3 27 28 5 34 29 17 24 1 25 39 33 31 16 6 32 12 30 9 21 18 23 26 36 8 2 10 22 0
0 24 18 15 37 2 11 31 22 9 13 5 7 10 19 33 29 4 6 12 39 16 1 3 25 27 28 8 26 34 38 35 21 23 36 20 32 17 30 14 0
0 26 8 27 38 17 25 31 19 15 35 11 32 14 33 10 28 34 37 30 21 18 7 6 3 9 22 2 24 5 36 13 29 12 4 39 1 20 23 16 0
0 25 6 31 7 17 33 23 21 32 3 19 26 29 15 8 14 35 18 5 13 22 20 27 4 37 24 38 39 34 11 30 12 16 10 2 36 28 1 9 0
0 14 8 39 13 22 1 33 28 30 15 36 3 29 18 34 2 37 31 6 21 27 9 10 24 17 26 4 35 32 25 7 11 19 38 23 20 5 12 16 0
0 28 32 19 6 16 10 39 20 37 35 15 4 7 22 21 12 27 8 33 23 2 26 30 24 11 3 38 29 34 31 14 17 25 1 13 9 36 18 5 0
0 33 20 3 16 11 9 29 1 14 32 39 35 18 34 36 15 7 24 5 28 23 8 26 30 21 17 37 25 19 38 31 22 6 4 2 13 12 27 10 0
0 38 16 14 33 18 8 9 15 39 36 7 22 23 10 5 27 29 1 17 4 11 26 37 3 28 12 30 32 13 21 31 20 35 2 24 34 25 19 6 0
0 12 23 10 14 22 39 29 4 31 33 6 37 21 24 18 35 38 1 19 11 16 26 15 9 36 34 5 32 25 27 13 28 7 20 8 2 30 3 17 0
0 17 1 11 3 18 32 37 29 30 12 8 4 27 36 9 26 35 19 33 39 2 21 24 14 25 38 15 22 5 20 6 16 31 34 7 10 23 28 13 0
0 12 22 1 15 33 19 4 28 39 14 26 38 8 37 27 35 5 32 11 30 36 16 29 6 25 21 17 31 18 7 3 23 24 2 20 10 13 34 9 0
0 35 30 18 37 32 8 14 19 10 5 22 28 12 33 34 16 29 2 26 36 6 39 21 17 25 20 27 11 7 23 9 31 3 1 38 15 4 13 24 0
0 19 7 9 37 23 30 25 4 22 18 35 8 29 39 17 5 32 21 3 20 36 10 2 33 26 38 6 13 28 14 1 16 34 31 12 11 15 24 27 0
0 2 21 3 26 34 37 33 17 12 31 14 11 27 22 38 30 10 35 19 13 23 28 16 20 24 39 4 7 18 6 5 8 25 29 32 9 36 15 1 0
0 38 7 6 15 35 11 9 30 2 20 39 8 33 16 1 13 3 23 4 19 24 26 14 22 29 31 12 5 21 37 27 34 28 25 17 32 36 10 18 0
0 8 30 10 9 20 1 16 36 11 31 4 26 18 32 22 21 12 27 2 24 5 6 14 33 34 39 23 35 28 29 15 38 25 7 3 17 37 13 19 0
0 32 39 25 13 33 21 27 12 8 34 10 1 3 37 36 31 26 5 9 16 18 11 4 35 23 2 6 20 30 15 28 19 14 17 22 38 29 7 24 0
0 8 26 20 4 5 36 6 32 10 11 37 3 27 2 29 15 14 12 33 9 34 39 31 22 7 19 24 35 1 21 30 18 16 38 17 23 28 25 13 0
0 22 31 17 21 2 35 37 19 28 18 29 25 16 9 32 38 26 20 23 7 33 15 8 4 10 13 11 36 6 27 14 39 24 3 1 12 5 30 34 0
0 26 14 24 4 1 28 7 11 15 35 5 6 27 17 31 39 22 23 3 30 16 12 21 34 8 33 19 2 18 36 32 20 9 29 10 38 13 37 25 0
0 24 14 4 19 36 12 9 5 31 38 39 21 16 22 27 30 34 32 18 1 33 6 11 2 23 29 3 25 37 17 8 20 15 10 28 35 13 7 26 0
0 32 28 36 22 24 8 2 33 29 11 12 31 17 14 25 7 23 26 9 18 20 39 19 10 3 16 1 13 30 35 38 37 15 6 21 5 27 34 4 0
0 27 6 15 36 9 39 12 14 11 38 31 30 24 2 34 19 28 20 25 21 35 33 5 16 7 17 29 8 1 23 32 13 18 4 37 10 3 26 22 0
0 26 17 21 23 18 29 31 28 32 9 37 34 16 22 15 11 30 39 8 25 33 36 5 2 38 12 27 1 6 7 4 19 20 24 3 10 14 35 13 0
0 18 6 8 4 22 17 29 30 38 27 13 26 16 21 11 24 1 14 5 23 2 19 25 12 10 36 39 33 34 32 28 7 35 37 15 20 3 31 9 0
0 9 24 34 28 21 31 19 3 33 5 36 13 2 39 7 6 12 22 26 10 38 29 15 37 20 17 11 35 27 14 18 25 1 30 4 8 32 23 16 0
0 4 20 7 34 3 12 28 10 33 17 1 36 27 29 26 6 15 23 2 16 8 32 35 24 11 14 37 9 18 25 5 21 39 22 13 38 30 31 19 0
0 6 20 30 8 12 19 1 2 3 18 15 25 29 38 22 9 16 28 10 17 23 5 39 36 13 35 7 21 32 37 34 33 4 26 24 27 31 11 14 0
0 19 39 23 4 29 25 9 6 34 8 3 5 10 2 1 31 27 22 24 20 32 36 16 7 12 37 14 15 18 33 30 11 35 38 13 28 26 17 21 0
0 1 29 36 25 2 17 11 37 18 15 12 24 20 4 21 8 6 13 9 19 32 35 10 26 28 14 23 22 38 5 34 39 27 30 7 16 33 3 31 0
0 39 15 3 35 24 4 11 36 28 21 22 10 14 34 8 16 25 27 6 18 31 29 33 5 19 13 23 32 17 9 2 30 20 26 12 38 1 7 37 0
0 19 30 12 38 10 26 15 5 2 11 28 36 8 35 32 34 21 33 7 18 3 39 20 37 23 14 6 4 22 31 24 13 29 9 27 17 1 25 16 0
0 7 22 4 19 13 6 26 35 27 20 9 36 32 25 16 21 24 18 5 38 3 10 29 8 28 39 17 15 1 34 31 11 12 37 23 14 30 33 2 0
0 15 2 28 7 1 31 13 36 34 17 32 24 9 14 37 22 4 33 23 38 26 19 3 21 11 18 12 16 5 30 20 10 25 8 6 27 35 39 29 0
0 14 33 1 38 12 29 10 5 39 28 21 16 25 17 26 13 2 6 35 15 37 34 9 22 7 4 24 3 31 11 8 27 23 30 18 32 19 36 20 0
0 26 22 1 23 30 12 27 11 24 2 5 37 21 13 14 16 10 18 7 35 39 28 17 33 6 19 38 25 8 4 34 36 15 31 3 20 29 32 9 0
0 13 37 25 5 30 36 16 8 7 1 17 19 35 9 3 12 4 26 32 34 33 18 27 20 38 23 28 15 6 39 11 31 24 22 14 29 21 10 2 0
0 6 29 16 24 31 32 39 18 1 38 15 28 30 19 17 12 7 23 11 4 34 37 2 20 33 36 27 10 3 5 25 8 13 9 35 26 14 22 21 0
0 16 3 34 21 19 32 26 36 6 23 1 18 15 31 20 39 9 24 38 27 37 8 12 2 11 29 28 4 7 30 35 25 10 5 33 17 13 14 22 0
0 23 4 9 34 20 38 22 11 27 12 21 35 14 1 8 2 36 29 33 6 5 25 28 18 13 19 16 30 39 32 10 17 37 15 24 3 31 7 26 0
0 9 17 39 12 26 29 20 16 7 10 4 34 23 1 13 38 30 2 3 6 8 18 15 35 25 11 37 31 36 5 27 24 21 14 33 19 28 32 22 0
0 23 24 6 13 5 17 25 29 36 27 15 1 7 31 19 30 35 34 4 11 3 37 33 32 39 12 38 21 9 2 28 20 14 16 26 18 8 22 10 0
0 8 13 39 28 32 21 22 14 23 26 35 6 7 3 37 15 36 19 31 29 30 11 18 5 34 25 16 33 24 10 27 4 17 2 20 1 9 38 12 0
0 8 12 19 29 1 35 20 33 22 6 17 37 2 39 11 5 32 30 28 15 36 14 23 3 7 25 27 13 18 24 4 38 16 9 31 21 10 34 26 0
0 26 31 29 21 20 39 12 3 8 24 27 2 38 36 32 37 34 18 22 6 28 30 10 19 23 14 4 25 9 17 33 15 5 1 7 35 11 13 16 0
0 23 22 2 34 33 7 11 37 3 20 18 14 16 5 36 15 29 4 1 13 10 27 6 9 12 28 31 17 30 38 24 19 35 21 26 32 8 39 25 0
0 9 13 35 18 6 23 16 27 8 28 7 5 14 37 3 30 4 36 32 34 15 21 38 1 24 31 39 11 12 10 29 26 25 22 19 2 33 17 20 0
0 6 37 3 28 15 18 4 39 5 16 8 22 11 38 24 34 23 25 30 7 19 33 10 12 31 20 35 13 2 26 27 29 17 36 9 1 14 32 21 0
0 22 4 39 27 29 5 9 11 6 20 7 13 35 8 18 14 10 31 34 3 28 2 1 30 24 33 23 15 19 21 26 32 16 25 37 36 12 38 17 0
0 6 18 21 22 20 24 38 1 13 31 3 2 33 37 5 10 28 29 39 17 8 23 11 7 14 32 34 25 19 16 26 36 35 12 27 9 15 4 30 0
0 14 20 6 10 38 13 11 28 21 8 2 23 16 12 7 29 33 39 25 31 9 18 17 3 26 5 27 32 36 37 30 34 19 22 35 1 24 15 4 0
0 39 23 7 10 33 34 8 12 2 15 4 9 24 31 35 25 11 37 20 28 3 30 16 21 19 26 38 6 13 29 36 1 18 22 17 5 32 14 27 0
0 18 12 29 7 17 6 10 25 36 16 15 3 34 23 28 13 37 2 11 31 9 21 39 19 35 30 5 1 33 22 4 27 26 8 24 32 38 20 14 0
0 33 30 8 38 3 26 4 9 19 10 24 13 31 16 36 37 27 21 2 32 6 14 29 5 23 34 15 22 35 25 12 28 11 17 39 20 1 7 18 0
0 14 19 26 3 22 16 29 35 30 9 27 21 17 11 39 34 23 6 5 37 1 2 32 24 28 20 33 18 8 10 31 13 12 7 4 36 25 38 15 0
0 30 4 3 34 13 36 20 12 33 29 5 15 39 19 10 9 17 11 25 38 16 22 27 2 37 26 31 18 28 24 14 1 23 32 8 35 21 7 6 0
0 9 16 19 39 30 28 29 11 15 32 38 13 24 17 26 12 14 22 23 34 8 7 10 6 33 27 5 36 31 2 4 25 1 35 18 37 3 21 20 0
0 23 5 8 16 26 21 12 20 38 30 19 31 34 13 3 22 39 11 14 17 37 1 4 28 27 18 29 32 33 9 7 2 10 24 25 6 35 36 15 0
0 2 8 14 24 39 22 31 11 19 20 26 21 29 35 30 10 37 7 17 12 6 28 34 27 1 5 18 38 9 13 16 23 3 15 32 33 36 4 25 0
0 16 23 6 25 39 1 19 4 33 3 12 29 28 36 5 14 22 31 2 35 15 8 18 9 24 10 11 20 21 26 13 34 30 7 37 17 32 27 38 0
0 3 39 18 36 8 6 34 1 14 35 22 19 10 15 4 31 16 33 25 32 27 21 11 2 24 30 23 5 20 12 9 38 37 28 26 17 29 7 13 0
0 26 16 2 21 28 30 7 31 36 9 20 39 32 5 29 38 19 33 35 23 13 37 12 3 6 24 17 22 25 8 11 10 34 27 18 15 4 14 1 0
0 19 16 24 11 30 8 33 35 3 29 17 18 32 6 31 13 7 14 28 36 27 15 26 38 34 25 22 1 21 39 5 4 9 37 2 23 12 10 20 0
0 38 35 20 5 28 8 14 6 12 32 7 31 9 18 22 11 23 17 39 26 36 34 37 29 10 24 25 21 16 19 15 27 4 1 2 33 30 3 13 0
0 4 15 30 24 34 9 23 21 16 2 6 32 8 26 33 7 3 10 5 12 1 22 29 27 17 37 20 35 28 39 19 25 13 14 38 18 11 31 36 0
0 28 22 8 2 15 32 31 33 34 37 27 23 36 17 29 30 13 16 3 6 11 21 12 38 14 26 7 39 20 10 4 35 1 18 25 5 24 19 9 0
0 5 4 15 8 14 30 10 24 28 1 34 25 21 19 29 35 20 9 37 31 22 26 2 39 32 11 3 12 36 27 17 6 33 18 13 38 16 7 23 0
0 39 11 31 32 10 8 22 25 36 37 21 34 29 35 33 1 19 20 12 18 9 14 30 4 7 23 38 3 26 28 5 13 16 24 27 15 17 6 2 0
0 1 26 10 7 34 12 9 6 21 24 5 25 35 33 16 37 29 28 31 4 36 13 20 30 23 39 17 22 2 19 14 3 18 15 38 32 8 11 27 0
0 7 23 26 2 20 16 27 6 9 3 4 38 5 12 35 37 36 24 18 32 8 19 34 30 22 11 33 13 21 39 1 28 29 31 10 15 14 25 17 0
0 23 1 39 11 27 18 3 6 8 28 37 25 19 15 16 30 24 29 17 2 36 31 33 4 35 10 22 21 7 38 32 12 20 13 9 26 34 5 14 0
0 6 37 13 1 35 3 10 30 12 26 29 7 4 39 28 33 18 9 38 16 2 27 17 11 31 14 36 5 34 19 24 15 20 22 32 21 25 23 8 0
0 13 28 36 37 2 24 12 39 8 9 30 23 20 19 10 29 16 7 17 21 35 22 26 38 1 6 32 5 18 27 31 3 11 34 14 33 25 4 15 0
0 14 37 21 29 34 2 28 32 35 18 26 22 13 10 27 30 3 16 33 5 11 38 15 24 25 12 31 39 8 1 17 36 19 23 4 6 7 20 9 0
0 5 28 25 20 36 26 38 16 2 1 12 32 39 21 8 27 29 17 33 23 6 35 11 18 13 7 24 4 10 9 34 19 31 15 22 14 37 3 30 0
0 7 25 18 31 22 6 13 34 28 19 32 39 1 14 17 26 24 23 29 2 10 3 8 21 4 38 35 33 36 30 27 12 9 11 37 5 20 15 16 0
0 29 16 24 38 15 2 28 25 31 35 13 34 12 20 4 9 30 26 37 27 3 32 23 14 33 6 19 39 36 10 17 22 11 7 8 21 18 5 1 0
0 4 3 19 10 11 17 28 25 39 22 26 23 29 9 2 38 33 37 27 31 6 5 36 30 20 24 15 14 18 32 12 7 1 21 8 34 35 13 16 0
0 31 27 3 26 39 32 16 15 38 2 20 24 11 13 30 29 22 14 8 9 17 35 33 5 34 1 10 18 25 21 28 36 7 23 6 19 4 37 12 0
0 16 28 31 34 21 35 2 9 10 17 22 3 14 37 30 19 38 24 36 33 13 1 23 6 12 15 5 7 39 25 8 4 11 27 20 26 18 29 32 0
0 30 15 13 23 27 16 3 31 21 10 1 20 4 36 12 9 5 6 29 14 8 22 2 18 32 17 35 7 24 34 25 38 37 19 33 28 39 11 26 0
0 31 19 7 15 4 25 8 17 22 33 9 37 1 35 6 12 11 24 2 5 32 38 13 28 30 27 20 14 18 23 36 10 3 26 34 21 39 29 16 0
0 8 16 7 14 9 13 26 34 6 17 28 19 35 18 12 30 29 36 32 39 25 1 23 24 15 38 21 33 4 2 27 3 10 11 37 22 20 5 31 0
0 15 21 20 39 35 14 7 26 37 5 2 32 13 6 27 25 38 1 16 12 33 18 3 19 9 29 17 34 23 24 8 22 30 31 28 11 36 10 4 0
0 26 16 32 20 36 21 23 4 34 9 5 2 29 35 11 22 37 19 7 14 6 18 25 17 31 13 3 27 38 1 30 10 8 39 28 33 24 12 15 0
0 17 29 28 35 38 4 24 22 26 7 33 8 20 1 25 10 15 6 2 39 19 27 11 37 32 12 16 3 31 9 34 30 5 21 23 36 14 13 18 0
0 37 20 2 6 13 9 11 29 36 33 38 19 30 26 16 32 17 27 10 18 1 39 22 24 14 35 7 12 21 34 3 25 8 23 4 15 5 28 31 0
0 20 26 29 30 19 32 17 13 5 35 38 37 24 7 14 1 22 28 27 4 39 34 2 18 11 36 9 21 12 16 31 6 10 33 25 23 8 3 15 0
0 21 26 6 28 1 32 10 34 36 24 37 39 8 23 30 13 22 7 4 27 25 11 17 15 20 3 14 5 2 12 38 9 19 16 18 35 33 31 29 0
0 32 34 9 21 5 26 16 10 13 30 19 1 4 38 25 22 37 6 20 17 35 27 14 2 24 7 8 3 29 36 31 15 28 39 12 23 18 11 33 0
0 39 30 18 1 19 16 15 4 14 12 6 21 31 17 22 26 5 34 29 36 37 13 10 3 35 11 32 23 27 24 20 25 28 8 7 2 33 38 9 0
0 21 9 8 26 33 1 10 38 20 27 17 6 11 15 30 37 23 18 2 35 5 34 4 29 32 28 24 13 14 7 31 36 12 16 39 19 3 25 22 0
0 34 38 22 24 8 26 36 7 20 2 37 1 17 19 31 39 4 21 23 3 14 27 6 15 29 25 12 30 10 5 35 16 13 11 28 18 33 32 9 0
0 21 7 2 12 8 3 29 4 10 23 32 27 22 17 5 6 20 16 1 31 9 11 36 25 33 24 18 38 19 35 39 13 14 30 15 26 28 34 37 0
0 3 36 11 31 27 4 6 32 13 25 34 16 22 30 38 39 9 24 5 17 26 20 14 2 7 10 18 1 12 15 21 37 8 23 29 19 28 33 35 0
0 13 8 30 12 15 24 17 32 37 26 6 19 31 29 2 39 23 3 16 14 38 20 28 33 36 10 18 7 4 5 27 1 35 25 9 34 21 11 22 0
0 34 7 37 6 21 5 36 28 18 25 13 9 26 30 22 4 8 27 32 31 1 17 14 16 3 15 20 12 10 19 29 11 35 24 23 2 38 33 39 0
0 9 27 23 38 17 29 35 32 6 1 30 8 37 13 15 2 33 31 25 18 3 21 19 14 7 16 20 26 11 12 4 10 24 39 22 28 5 36 34 0
0 33 32 38 5 28 14 7 30 31 3 4 26 15 11 36 1 25 20 17 21 23 12 39 16 13 8 37 22 2 24 6 34 29 10 27 19 35 9 18 0
0 39 29 6 13 7 25 35 23 19 20 15 24 5 36 12 31 4 1 30 10 14 26 37 33 8 34 21 9 16 22 11 3 17 27 28 18 2 38 32 0
0 10 8 5 1 25 33 4 20 39 34 14 2 17 3 6 23 29 15 9 27 13 18 22 30 16 36 35 24 26 12 37 19 31 32 7 38 28 21 11 0
0 19 15 38 27 23 39 29 3 25 13 33 10 24 34 37 35 1 31 36 2 12 22 6 7 17 20 9 21 4 8 14 5 30 28 26 32 11 16 18 0
0 39 26 9 1 11 10 19 20 33 21 28 23 27 7 34 16 6 3 31 38 22 36 8 29 24 18 35 14 12 37 32 13 25 2 15 4 30 5 17 0
0 34 28 15 3 33 27 20 8 39 16 37 12 5 7 31 36 23 13 25 26 24 2 6 1 10 9 17 21 29 11 18 4 19 32 38 35 14 22 30 0
0 12 24 31 7 2 32 37 14 25 21 1 35 28 3 6 13 34 33 26 23 15 18 10 20 22 11 8 9 19 30 39 4 27 36 5 29 17 38 16 0
0 24 11 22 39 25 34 18 23 28 26 12 35 9 20 14 8 19 15 31 5 37 13 27 36 21 10 17 4 16 1 33 30 32 2 29 7 6 38 3 0
0 30 21 36 26 27 22 24 7 3 37 20 28 35 23 32 25 33 10 13 4 12 39 8 14 16 18 2 5 11 19 1 15 34 31 38 9 17 29 6 0
0 8 26 39 21 4 5 30 35 19 1 27 7 24 17 12 38 32 36 23 3 20 33 29 10 2 15 9 11 14 6 37 13 25 16 28 34 22 18 31 0
0 38 34 6 7 16 3 11 19 28 20 15 31 23 2 17 27 32 33 12 5 13 24 4 18 36 30 22 8 1 25 10 14 9 26 29 21 39 35 37 0
0 25 19 3 33 38 23 15 30 24 35 7 39 32 26 18 8 20 17 31 37 6 36 2 9 10 16 4 14 13 27 21 34 1 12 28 11 22 5 29 0
0 29 38 8 28 20 15 23 5 4 39 34 12 32 30 22 6 24 9 2 31 26 35 36 10 13 7 25 17 18 11 27 14 16 21 33 19 3 1 37 0
0 11 27 39 14 12 23 18 34 20 28 17 26 5 35 1 13 21 36 15 3 6 32 9 29 16 22 38 10 33 24 25 37 8 19 4 31 2 30 7 0
0 4 18 22 19 38 5 29 12 26 36 17 34 27 25 3 30 8 23 20 11 13 2 7 24 39 28 10 6 14 9 33 15 21 35 31 32 1 37 16 0
0 15 23 3 26 29 17 13 38 1 14 34 7 37 39 22 12 19 24 21 33 28 30 27 9 18 6 2 35 11 36 32 16 31 25 10 5 20 8 4 0
0 19 8 11 23 39 1 4 14 28 33 21 24 22 36 29 26 10 15 38 27 31 37 16 2 6 17 3 25 7 20 32 18 12 9 30 13 35 5 34 0
0 26 37 7 3 4 35 10 39 16 29 23 12 19 24 13 14 18 11 1 21 27 36 34 20 2 28 32 5 25 33 30 9 38 15 6 17 8 31 22 0
0 4 23 14 38 34 7 12 8 20 21 3 10 36 18 27 11 25 17 24 30 26 39 2 19 5 13 6 22 16 15 35 32 28 29 31 1 33 37 9 0
0 35 25 10 13 6 16 34 11 20 12 23 33 15 39 19 37 26 7 22 38 14 32 4 30 2 1 9 24 3 28 36 29 8 5 17 21 31 27 18 0
0 2 32 16 8 3 10 13 27 21 7 18 29 17 37 25 30 9 39 26 19 35 31 14 22 34 15 36 24 1 4 6 12 23 5 28 33 20 11 38 0
0 26 39 25 8 11 36 31 27 19 17 2 32 1 29 16 34 18 3 13 5 35 28 20 6 23 24 37 21 15 12 9 33 4 38 30 10 14 7 22 0
0 14 39 18 35 2 26 11 5 22 15 13 25 21 10 23 34 38 12 30 3 29 27 17 37 9 24 16 20 6 33 8 1 36 4 32 7 28 19 31 0
0 15 8 12 3 29 36 37 39 26 30 9 2 22 14 27 5 11 4 23 38 21 24 19 17 25 16 33 34 13 1 7 28 20 32 10 31 35 18 6 0
0 6 15 38 2 10 8 1 31 23 5 14 26 11 32 25 37 27 20 9 35 4 36 13 24 16 33 21 39 22 3 28 12 19 17 18 7 34 30 29 0
0 21 7 18 2 6 22 14 34 32 39 20 9 24 3 12 38 15 37 11 27 29 4 28 30 23 13 35 26 17 8 10 19 33 1 25 16 36 5 31 0
0 4 33 8 3 35 17 18 39 22 32 5 2 24 6 28 14 13 38 19 31 10 26 29 23 34 25 16 21 30 36 37 9 15 1 11 20 12 7 27 0
0 36 27 28 14 13 38 32 10 6 25 12 11 37 2 23 24 22 20 9 34 5 17 30 26 29 7 31 8 3 19 33 39 18 35 1 4 21 16 15 0
0 21 11 28 13 35 14 34 17 7 22 1 33 8 31 25 20 4 10 36 5 3 26 9 38 15 19 6 27 2 23 39 30 29 18 16 24 32 12 37 0
0 25 7 37 3 31 17 18 19 12 2 34 29 32 21 1 5 27 20 33 22 13 4 28 30 9 16 26 39 38 8 15 24 10 11 36 6 23 14 35 0
0 1 22 2 31 24 28 20 16 18 5 38 30 6 9 11 3 14 33 39 8 4 26 12 15 19 7 35 34 29 32 37 36 25 21 27 10 23 17 13 0
0 17 27 11 35 23 3 2 33 38 7 19 8 18 31 32 34 20 30 29 6 37 12 10 24 16 39 13 22 14 1 5 26 9 4 15 28 36 21 25 0
0 4 36 5 15 31 1 10 3 35 29 39 8 20 37 9 30 25 18 27 34 26 32 38 6 22 24 13 11 16 19 33 2 28 17 23 12 21 7 14 0
0 8 6 13 22 36 28 32 39 3 25 34 14 38 20 9 35 12 24 16 1 27 7 33 10 2 19 5 30 23 18 26 37 29 15 4 17 31 11 21 0
0 27 14 32 12 19 38 8 1 21 9 30 37 29 35 16 23 10 24 11 17 39 13 4 31 20 22 36 3 7 15 18 33 2 25 28 6 26 5 34 0
0 8 16 39 38 13 1 35 20 2 21 10 11 30 23 3 5 18 26 25 19 15 28 27 33 31 22 24 12 32 37 36 34 7 6 4 9 29 17 14 0
0 17 18 38 24 27 1 7 29 28 3 19 21 8 14 39 5 2 15 13 32 26 16 35 20 4 33 25 22 36 9 23 37 11 30 10 6 12 34 31 0
0 1 3 15 22 27 14 26 21 37 6 10 5 24 20 8 30 33 2 23 17 4 18 28 12 31 39 19 34 38 29 32 25 7 36 35 13 16 11 9 0
0 17 39 14 25 6 34 11 8 28 22 5 35 21 15 7 16 24 33 36 29 30 31 1 19 37 4 9 27 23 13 2 26 12 18 32 3 38 10 20 0
0 11 19 3 36 20 33 9 24 18 29 10 27 8 30 23 1 17 5 28 21 12 7 25 15 22 14 31 6 16 2 32 39 38 4 37 26 34 13 35 0
0 11 23 2 7 18 1 6 24 39 26 5 15 16 9 22 21 32 3 19 31 10 36 25 13 33 27 35 28 37 29 4 8 14 20 17 12 34 38 30 0
0 3 16 11 21 19 22 25 9 20 34 13 39 10 14 8 37 18 36 6 26 5 23 30 17 2 1 12 35 31 38 29 28 27 15 4 32 24 7 33 0
0 37 27 14 26 1 15 4 23 30 19 8 3 24 10 18 5 6 25 33 29 11 28 16 20 38 39 31 36 9 21 12 7 17 34 22 32 2 13 35 0
0 27 39 1 20 35 12 9 25 29 26 24 15 14 17 37 28 4 32 36 23 3 2 34 18 10 30 8 19 22 21 6 31 5 16 13 11 7 38 33 0
0 8 17 22 6 11 19 7 26 9 35 31 15 4 23 14 24 16 33 1 34 21 38 39 3 5 29 32 28 12 2 37 18 30 25 13 27 36 20 10 0
0 6 38 20 36 33 17 11 7 5 19 12 25 35 37 10 39 3 31 4 14 8 27 22 34 2 9 26 24 18 32 28 29 30 23 1 15 13 21 16 0
0 6 22 24 9 21 5 28 35 8 17 13 39 15 33 20 3 12 23 27 37 14 11 7 31 36 2 29 25 38 32 1 4 34 10 26 16 18 19 30 0
0 26 1 5 24 19 22 17 34 8 4 9 28 3 18 25 10 33 16 36 2 7 35 30 13 31 12 21 27 39 11 37 15 38 14 32 29 23 6 20 0
0 38 5 24 19 4 27 3 7 20 23 36 9 33 13 22 35 25 32 16 37 18 15 8 34 31 12 2 10 6 30 11 29 39 1 17 21 14 26 28 0
0 5 12 3 17 37 11 16 34 15 27 24 1 7 33 36 10 2 39 8 25 14 35 31 26 38 30 29 32 21 28 19 20 22 4 9 13 6 23 18 0
0 3 26 1 28 11 24 39 35 9 21 33 19 22 12 32 34 16 23 30 27 13 18 15 4 5 36 17 37 6 29 10 14 25 8 20 2 7 31 38 0
0 24 23 29 3 39 5 8 27 33 38 16 36 20 11 1 31 34 9 28 7 12 21 37 2 26 10 13 30 17 22 4 18 19 14 35 25 6 15 32 0
0 30 25 1 16 3 38 15 21 5 35 36 17 18 4 24 28 23 12 9 11 32 33 7 22 19 26 2 8 39 37 6 14 27 29 10 13 31 34 20 0
0 29 5 11 8 25 24 12 9 33 39 35 15 2 21 7 20 14 17 22 3 1 36 23 37 16 27 4 19 18 32 38 28 6 10 26 13 30 31 34 0
0 36 27 5 23 19 24 32 20 30 31 8 6 11 22 9 4 17 34 3 25 14 10 15 39 28 12 7 1 13 29 18 2 35 21 38 26 16 37 33 0
0 10 29 25 26 24 33 37 31 13 27 35 23 9 2 34 4 16 39 20 12 5 11 14 28 19 22 6 36 21 3 18 30 7 15 17 8 32 38 1 0
0 25 20 31 19 29 9 23 24 36 33 13 8 38 26 18 12 14 15 10 30 3 16 39 27 35 4 22 34 7 1 21 6 17 32 28 37 2 5 11 0
0 34 7 5 25 1 20 17 14 10 13 11 12 39 24 22 9 2 6 26 36 30 19 4 28 35 37 33 29 27 38 23 15 3 18 8 32 21 31 16 0
0 16 4 17 24 11 33 1 20 27 35 2 39 21 15 6 36 25 31 26 22 19 7 28 9 37 18 10 34 30 8 29 23 32 12 38 13 3 14 5 0
0 1 30 39 35 15 11 29 5 25 23 14 12 6 17 10 3 37 26 7 21 22 24 8 13 27 4 32 31 33 34 2 28 16 18 20 19 38 9 36 0
0 22 6 39 35 2 28 9 19 38 1 24 7 31 30 10 15 32 11 20 5 12 8 17 37 21 27 25 23 18 34 36 4 13 3 33 26 29 14 16 0
0 23 8 20 2 27 4 5 6 21 18 24 34 26 14 38 12 37 30 7 3 9 29 1 33 31 22 10 19 13 36 32 16 39 25 35 15 11 17 28 0
0 5 37 8 2 27 19 28 20 24 29 13 21 1 32 12 26 10 14 23 35 7 31 34 4 11 36 15 3 39 38 22 17 30 33 9 25 6 18 16 0
0 21 34 38 35 37 5 7 13 26 24 12 18 30 17 15 29 14 6 10 32 23 33 39 4 8 36 16 11 27 25 3 19 2 9 28 1 31 20 22 0
0 18 33 13 2 15 4 1 3 14 5 9 39 22 26 25 7 34 36 29 35 8 24 31 32 16 11 6 10 20 27 17 21 28 12 30 37 23 38 19 0
0 2 21 23 22 32 20 14 38 37 9 35 7 26 13 34 17 5 31 8 33 4 15 25 1 3 16 19 36 18 29 11 12 6 30 27 24 28 10 39 0
0 7 25 18 19 20 1 37 5 10 6 32 3 23 27 35 33 38 16 11 30 28 9 17 36 26 22 12 39 13 24 8 31 34 29 4 14 2 21 15 0
0 37 33 2 3 23 27 39 10 15 36 7 21 30 5 35 4 14 24 25 18 28 17 6 8 9 1 13 11 20 34 19 32 26 29 16 22 38 12 31 0
0 6 15 8 13 39 31 3 18 29 20 30 27 33 22 28 34 2 7 16 35 37 17 11 1 10 26 25 19 14 12 38 5 4 32 36 24 23 21 9 0
0 31 3 11 22 38 20 34 5 29 24 10 36 25 37 8 18 16 17 27 2 19 32 21 12 1 14 15 9 26 28 13 6 39 35 30 23 7 4 33 0
0 20 11 14 16 8 21 9 3 12 37 32 26 28 29 6 35 36 34 4 17 10 38 13 15 1 2 30 22 19 27 31 25 24 18 5 39 33 7 23 0
0 11 13 20 10 37 33 18 3 21 38 23 29 24 22 6 14 19 16 39 32 25 27 2 17 9 30 28 7 15 31 4 8 12 26 35 1 36 5 34 0
0 38 5 18 12 4 9 36 27 29 2 32 10 21 13 31 11 23 37 24 22 35 7 20 33 3 26 30 14 6 25 1 39 17 34 19 15 8 28 16 0
0 39 25 33 18 9 30 4 19 3 23 29 24 20 2 17 1 36 6 11 38 5 34 14 16 10 12 31 13 26 21 15 28 35 27 32 8 37 22 7 0
0 1 34 15 2 39 16 18 10 20 7 35 9 6 26 11 4 27 24 38 5 36 14 23 31 29 32 3 21 25 13 28 22 30 37 17 12 33 8 19 0
0 34 1 15 19 16 38 33 25 24 27 20 35 11 31 12 26 32 14 3 6 18 8 7 30 2 13 36 22 10 4 29 28 17 39 37 5 9 23 21 0
0 2 26 27 35 29 4 36 18 16 7 24 12 23 22 34 3 1 9 31 28 5 21 13 37 39 38 33 25 30 32 15 19 6 17 8 10 14 20 11 0
0 5 35 21 33 29 17 34 27 12 14 28 8 11 20 31 6 36 22 4 3 23 30 16 19 2 18 25 26 37 1 24 7 10 38 32 15 13 9 39 0
0 19 13 21 11 2 28 26 39 27 10 35 20 23 34 8 4 18 37 12 17 16 25 24 29 9 32 15 6 22 36 1 3 7 14 33 5 31 30 38 0
0 32 6 38 24 5 28 35 19 31 3 7 34 11 33 20 25 18 29 2 27 37 4 12 9 10 26 22 17 15 23 21 39 16 30 1 36 13 14 8 0
0 18 33 26 15 34 2 12 39 21 25 24 36 28 19 14 6 37 8 27 5 3 38 22 35 16 1 23 7 13 32 10 11 30 20 4 29 31 9 17 0
0 39 15 34 28 30 8 13 19 4 11 3 7 5 9 32 27 26 33 35 10 25 36 20 14 29 17 22 24 18 2 16 6 21 23 1 31 38 12 37 0
0 1 15 3 11 35 33 30 32 10 4 34 39 24 2 20 22 28 21 31 7 23 16 19 25 14 12 36 38 6 17 8 18 29 26 13 37 27 9 5 0
0 33 35 12 34 18 15 8 14 20 37 38 39 27 28 5 17 21 25 2 6 24 31 29 36 9 1 3 7 4 26 23 22 19 10 32 16 11 13 30 0
0 6 26 15 7 8 14 34 38 2 11 13 3 18 32 12 23 36 1 31 30 27 25 21 29 9 19 22 4 20 5 17 37 10 28 16 33 24 35 39 0
0 7 24 12 4 22 16 23 10 11 35 36 2 26 13 30 27 3 32 31 37 17 8 9 5 18 33 21 19 28 6 34 20 29 38 1 14 15 39 25 0
0 24 23 34 36 26 33 12 5 28 10 31 38 14 35 4 3 25 19 29 9 27 7 17 1 37 20 15 11 6 13 30 32 2 16 18 39 22 8 21 0
0 11 22 32 19 16 12 27 26 1 37 30 39 21 31 18 2 3 25 36 5 6 23 38 13 14 34 33 20 28 17 24 9 29 7 8 4 10 15 35 0
0 21 28 16 30 9 10 7 13 3 36 22 14 32 17 4 11 35 37 27 20 33 15 31 12 23 29 38 24 26 19 39 1 8 5 6 18 2 25 34 0
0 32 3 35 9 21 15 5 25 6 4 13 27 29 10 38 23 11 31 19 26 1 28 34 16 24 36 14 20 18 30 17 37 33 7 2 39 12 8 22 0
0 25 26 19 8 21 16 29 38 34 17 31 5 22 15 18 6 12 39 35 7 9 20 10 2 32 36 33 14 13 3 23 28 37 24 27 1 11 30 4 0
0 5 2 6 26 16 34 4 30 17 39 25 24 3 29 12 13 8 37 38 15 27 9 21 10 1 20 18 32 14 22 11 19 36 7 31 33 28 35 23 0
0 5 15 20 24 6 9 31 36 4 14 13 18 27 35 12 1 11 17 19 32 2 23 10 33 29 16 38 22 30 8 34 21 37 3 7 26 28 25 39 0
0 9 39 20 28 23 10 36 12 27 25 2 13 35 32 29 37 14 19 3 21 15 8 33 6 30 26 7 22 1 16 31 24 38 11 18 5 4 17 34 0
0 26 33 37 10 39 5 24 27 20 23 14 16 17 21 9 19 34 25 2 18 3 36 6 11 15 1 28 30 31 13 8 38 4 29 7 35 22 32 12 0
0 11 26 21 20 29 9 2 33 30 34 18 13 32 25 10 6 1 27 5 37 39 16 22 15 17 38 4 35 3 28 8 31 14 7 19 12 36 23 24 0
0 15 33 16 35 12 18 28 31 20 5 4 37 24 6 34 13 14 36 9 17 30 26 32 22 19 21 27 7 8 38 3 11 1 2 10 25 23 39 29 0
0 11 24 38 25 29 5 15 34 20 7 21 31 37 35 10 39 22 28 13 18 30 33 19 12 2 9 36 16 17 14 26 23 8 1 3 32 4 6 27 0
0 9 20 33 16 14 4 3 8 26 2 6 10 23 36 35 32 7 15 30 24 38 1 27 29 22 21 28 17 5 18 13 31 34 11 25 37 12 39 19 0
0 36 28 39 25 22 17 27 24 3 21 9 12 37 35 13 7 20 1 23 14 8 5 31 26 19 29 33 38 11 4 6 15 30 18 10 34 2 16 32 0
0 18 34 9 5 29 1 19 32 6 20 23 26 17 15 33 31 25 36 39 21 7 8 10 3 11 14 38 35 2 27 4 22 28 30 13 37 16 12 24 0
0 14 34 17 16 8 33 1 7 25 31 3 29 2 24 23 12 38 6 11 20 28 32 37 30 5 9 13 19 36 15 26 27 10 21 39 4 22 35 18 0
0 27 11 22 24 33 39 12 14 15 8 6 30 38 2 1 37 17 3 10 28 23 25 34 35 21 32 5 36 9 16 29 31 4 18 20 19 7 13 26 0
0 30 5 8 27 23 32 39 14 22 9 7 17 12 15 2 37 28 1 3 26 34 10 29 25 16 19 11 13 18 31 35 20 38 4 21 6 33 24 36 0
0 1 5 32 30 3 38 21 20 18 24 2 16 6 36 7 19 37 15 22 14 26 23 17 9 11 8 25 33 27 12 29 39 35 34 4 28 13 10 31 0
0 29 25 11 33 7 14 31 2 22 8 28 10 3 4 6 37 35 32 19 5 12 15 30 16 27 9 36 26 24 18 23 21 20 39 17 38 34 13 1 0
0 18 19 24 33 27 22 8 12 4 7 21 28 38 3 20 29 31 37 14 6 5 15 30 10 25 16 1 11 39 26 36 32 17 34 2 23 9 35 13 0
0 38 1 26 28 19 31 12 7 20 37 18 5 2 25 8 27 15 30 16 9 29 10 23 14 32 3 11 17 21 39 4 35 6 22 24 33 34 13 36 0
0 30 7 16 25 22 5 32 14 36 1 27 9 37 21 17 34 35 23 26 29 12 20 38 3 11 8 33 31 13 19 2 39 6 24 15 18 10 4 28 0
0 33 39 18 16 31 7 9 35 20 4 2 32 21 34 8 23 30 24 3 11 14 10 26 38 15 13 19 5 6 28 27 17 36 22 1 25 37 12 29 0
0 13 32 6 23 36 8 17 27 16 15 33 12 3 21 31 26 28 30 11 14 22 4 37 25 34 24 39 2 10 18 38 20 19 7 29 9 1 35 5 0
0 22 6 15 19 12 33 29 16 14 39 27 32 20 17 36 23 31 25 4 37 28 1 24 13 26 18 5 11 30 34 9 38 21 35 8 2 7 10 3 0
0 17 14 15 21 1 33 37 39 26 22 16 2 13 8 38 9 10 11 30 18 34 12 3 36 27 5 35 29 7 28 4 19 24 20 32 6 23 25 31 0
0 20 1 25 36 27 11 16 23 30 24 29 21 15 13 26 3 22 18 8 28 37 34 33 31 17 38 9 19 35 14 7 5 39 10 32 2 12 6 4 0
0 15 27 18 13 4 34 1 5 2 31 3 24 30 17 14 7 20 26 19 23 37 10 25 33 21 38 32 9 6 39 16 12 28 8 22 29 11 35 36 0
0 37 36 3 14 19 16 29 11 34 1 22 25 4 17 27 31 28 8 33 9 35 10 5 12 39 26 7 18 2 6 23 13 15 20 30 32 38 24 21 0
0 8 12 9 10 30 37 15 17 29 3 36 21 4 38 7 24 35 31 14 32 13 1 33 34 11 5 6 19 25 22 27 26 39 18 23 2 16 20 28 0
0 34 9 33 17 3 38 7 13 27 25 10 39 23 36 4 26 8 37 32 12 28 15 5 35 18 14 1 16 20 24 29 21 19 30 2 11 31 22 6 0
0 27 21 39 13 15 10 37 35 12 29 2 28 18 26 38 22 4 8 16 33 3 6 11 31 34 20 9 17 24 5 7 32 14 23 30 36 1 19 25 0
0 25 39 27 20 19 32 18 9 8 17 24 7 23 6 5 36 37 38 29 1 15 31 12 33 34 16 28 2 26 13 22 35 4 10 3 14 11 30 21 0
0 10 32 3 22 25 23 37 8 18 14 35 36 13 31 26 16 38 11 6 4 15 34 2 17 7 33 28 5 19 9 24 1 21 29 27 12 20 39 30 0
0 10 33 31 34 27 14 5 35 23 1 38 37 7 21 4 16 9 13 15 18 32 22 3 2 6 12 39 28 11 36 20 8 19 26 24 29 25 30 17 0
0 28 34 31 1 3 26 37 17 35 22 36 33 13 14 6 10 9 5 38 32 21 29 18 30 7 39 24 8 2 12 11 23 25 27 16 20 19 15 4 0
0 10 14 32 27 28 7 20 38 9 3 12 29 22 39 16 8 37 24 15 35 26 1 36 18 21 31 34 13 25 11 6 30 19 17 4 2 5 23 33 0
0 9 1 34 19 30 28 20 36 24 10 27 25 7 21 22 35 37 18 14 32 17 13 26 31 3 8 38 23 33 5 15 39 12 2 6 11 16 29 4 0
0 22 39 10 27 12 21 5 8 13 11 30 25 20 29 32 17 14 35 33 28 1 9 4 31 18 34 16 7 26 2 15 24 36 6 38 23 3 19 37 0
0 30 18 23 6 9 17 39 19 7 22 13 38 1 28 34 3 26 37 33 29 15 36 35 12 20 32 2 10 24 4 31 14 16 21 27 11 25 8 5 0
0 38 36 8 3 18 17 15 35 37 7 24 10 39 33 29 20 22 30 16 5 14 25 11 31 1 23 32 6 9 34 2 13 4 26 28 12 21 27 19 0
0 17 33 28 38 20 12 4 35 31 16 18 7 22 25 34 37 36 14 10 2 15 23 32 9 39 5 19 26 1 8 24 29 30 21 11 3 6 27 13 0
0 17 7 27 34 2 26 22 38 14 9 29 3 5 11 20 25 36 23 24 33 18 31 32 6 16 30 10 28 15 35 37 13 19 12 8 39 1 21 4 0
0 13 17 20 28 19 7 35 9 36 4 25 38 11 32 12 15 3 21 26 39 8 24 2 29 37 34 27 5 30 31 6 14 18 23 10 33 1 22 16 0
0 12 10 32 13 28 1 29 23 27 11 34 5 16 25 15 36 26 38 8 31 14 35 18 2 24 7 3 37 6 19 4 21 39 30 17 33 20 22 9 0
0 21 5 26 33 11 39 34 32 35 3 20 38 27 22 23 36 28 10 25 31 30 2 29 7 37 16 14 6 12 17 19 18 4 1 9 24 13 8 15 0
0 17 15 24 6 18 25 7 37 28 11 29 14 31 9 35 16 8 20 4 26 38 30 36 19 2 32 3 33 22 10 34 27 12 13 39 21 1 5 23 0
0 24 8 10 17 5 13 21 33 26 35 23 25 19 3 9 31 27 22 14 12 4 38 7 2 32 36 39 34 1 37 16 30 6 18 20 11 15 29 28 0
0 1 14 30 35 7 33 17 26 19 16 10 38 37 28 2 3 22 20 13 29 32 34 27 25 15 12 11 6 5 36 23 9 31 18 24 21 8 39 4 0
0 4 3 38 28 22 37 25 2 30 35 17 29 12 14 11 8 9 10 24 20 34 21 27 33 36 18 19 39 5 31 16 15 7 1 13 6 23 32 26 0
0 20 13 10 32 14 35 8 37 21 4 9 16 15 39 7 26 11 3 33 17 30 22 31 5 27 18 12 24 25 28 2 23 36 1 29 19 34 6 38 0
0 6 17 11 23 30 20 35 12 28 24 8 21 13 29 2 1 26 4 25 27 31 22 3 38 14 10 15 19 16 32 37 36 34 5 33 39 18 7 9 0
0 13 6 28 2 26 21 5 32 14 37 23 22 4 7 8 29 17 19 10 31 35 34 12 3 15 1 25 39 24 20 9 18 11 27 16 36 33 38 30 0
0 15 8 24 28 35 22 30 37 39 11 9 16 23 32 31 21 14 33 2 12 7 25 18 3 36 6 17 10 5 38 29 20 27 1 13 26 4 19 34 0
0 39 27 8 15 22 24 13 25 35 33 2 12 16 20 3 36 29 19 37 18 11 30 10 34 7 26 14 23 4 9 1 31 28 17 21 5 6 38 32 0
0 24 21 16 20 1 35 4 28 3 15 9 30 2 6 14 39 22 17 8 7 5 18 23 33 38 10 37 31 13 29 19 11 12 26 27 32 25 36 34 0
0 2 30 38 36 17 11 31 25 8 20 10 12 26 7 24 37 3 35 22 9 19 27 28 6 16 34 29 14 1 4 23 39 15 32 5 21 33 18 13 0
0 13 35 6 37 31 17 11 20 3 34 38 23 7 9 27 10 39 5 12 24 32 29 8 15 4 16 36 22 14 25 19 33 28 21 1 2 26 30 18 0
0 28 20 3 9 5 19 38 39 13 32 11 24 2 12 22 6 4 26 30 31 34 1 10 29 7 17 15 27 25 23 21 8 37 16 14 18 36 35 33 0
0 8 38 30 3 13 14 15 19 28 36 33 18 24 7 39 11 10 2 31 25 5 4 27 22 20 1 32 37 29 26 34 35 12 16 23 9 17 6 21 0
0 17 16 7 23 36 2 22 8 15 18 37 13 33 38 5 14 26 12 11 25 39 35 3 19 34 1 20 30 31 9 21 28 4 10 24 29 32 6 27 0
0 6 16 1 32 2 12 31 26 9 38 34 7 27 23 11 24 10 22 17 4 36 15 18 14 8 39 29 35 25 3 5 21 19 33 30 20 13 28 37 0
0 20 25 4 32 37 24 2 30 17 22 8 5 36 35 13 28 33 12 21 34 18 7 29 6 39 9 15 14 23 19 11 1 38 16 31 10 3 27 26 0
0 4 26 21 25 17 32 20 37 2 22 23 24 18 38 39 5 10 33 30 3 35 31 1 9 28 14 27 15 6 34 8 13 19 29 16 11 12 7 36 0
0 2 7 33 31 17 4 15 3 16 20 30 9 10 22 38 23 21 8 1 6 5 19 29 32 26 34 36 39 37 24 18 12 25 28 14 13 11 35 27 0
0 19 35 8 13 4 22 32 18 31 17 26 38 33 29 12 15 24 25 37 23 21 3 11 36 16 39 28 1 7 30 27 6 10 34 5 2 20 9 14 0
0 11 3 12 15 31 27 37 34 33 5 4 16 28 24 10 18 35 13 30 29 2 36 8 39 38 22 26 17 7 14 6 25 9 19 23 1 21 20 32 0
0 21 27 9 20 26 38 6 33 2 13 23 28 16 5 12 18 14 17 4 37 35 8 22 1 34 24 31 29 25 39 30 19 10 32 15 36 11 3 7 0
0 17 9 23 4 14 2 38 24 8 33 20 35 36 5 13 37 30 29 28 21 31 25 7 6 32 26 19 39 10 1 15 12 18 22 34 11 3 16 27 0
0 7 9 26 19 30 2 1 33 21 12 5 38 14 22 16 15 35 29 28 18 13 17 11 10 8 34 4 23 25 6 37 27 31 39 20 32 36 24 3 0
0 37 18 4 31 28 7 27 11 16 9 33 10 6 14 15 34 30 23 32 24 13 2 25 36 39 35 8 17 12 19 1 3 29 5 20 22 21 38 26 0
0 14 18 15 7 21 8 25 22 29 31 30 11 23 16 20 38 9 26 5 28 6 27 35 4 12 37 3 17 33 2 34 36 10 39 13 24 19 32 1 0
0 22 25 6 20 27 16 5 17 8 7 34 39 24 1 31 30 32 12 38 4 28 37 21 18 35 3 23 36 19 2 26 9 15 33 29 14 13 10 11 0
0 30 19 6 38 20 14 22 1 25 5 9 8 39 12 28 32 37 21 11 3 29 31 34 33 18 27 36 17 15 24 26 7 2 35 23 13 16 4 10 0
0 31 24 29 25 10 21 26 33 13 9 5 6 12 32 37 19 4 14 2 39 16 8 30 1 15 27 17 35 20 18 23 11 22 3 36 38 34 7 28 0
0 13 39 24 36 18 28 21 8 7 17 32 10 6 20 5 37 22 27 15 33 30 9 12 1 26 19 14 2 31 4 34 25 11 35 23 29 38 3 16 0
0 21 10 13 8 16 34 32 24 33 6 19 9 29 7 31 26 36 25 1 18 17 28 27 20 39 14 22 2 37 5 23 11 15 3 30 4 12 35 38 0
0 24 10 13 2 36 12 7 9 37 1 23 26 3 35 30 33 39 8 27 6 14 15 5 16 18 22 17 19 11 38 29 4 34 32 21 28 20 31 25 0
0 13 6 19 14 28 34 33 16 25 30 35 8 3 22 15 21 32 29 9 12 5 7 2 24 36 37 39 38 20 1 10 31 18 26 27 11 17 4 23 0
0 10 27 1 11 35 7 8 39 2 3 22 14 29 34 21 24 4 38 30 15 25 23 6 28 19 5 31 17 36 33 16 9 18 12 26 37 20 13 32 0
0 13 37 24 38 39 3 21 16 34 25 19 26 9 23 22 32 28 5 20 12 1 8 35 4 11 10 33 2 18 7 31 15 36 29 30 14 6 17 27 0
0 18 17 29 34 15 6 14 36 12 39 30 8 16 10 23 31 13 37 26 5 9 4 27 25 21 1 2 3 22 24 28 11 33 19 20 7 35 38 32 0
0 25 27 17 6 38 8 18 39 31 14 11 36 30 15 10 29 3 7 5 20 1 28 12 19 9 2 13 22 24 26 16 4 32 35 21 37 33 23 34 0
0 15 7 38 30 23 36 17 16 27 3 14 8 22 37 10 2 33 28 6 31 20 5 11 12 13 29 39 19 4 26 21 32 9 34 24 35 18 1 25 0
