# n n_solutions
40 1000
# n x n distance matrix
0 1746 2500 2758 3569 2483 921 2778 3780 3106 6053 4081 4909 1252 6307 6862 5119 2080 721 3940 5866 2879 2823 7569 7247 2213 4409 3324 632 2024 3805 2692 3828 8558 6360 4684 1280 6248 1746 3716
1746 0 3124 2319 1824 2302 2667 4477 5249 1523 6132 3125 3832 1303 6888 5420 4638 3580 1360 3088 4220 4617 3560 6185 5575 3465 2789 1612 1910 1118 2184 4242 4887 7161 5700 5080 806 4964 0 4386
2500 3124 0 5077 4531 4876 2607 4162 5632 4604 3601 3008 3801 1838 3858 6146 3162 4130 3087 6106 5821 3944 447 6664 7170 4500 5770 3984 1868 4045 5197 2280 1868 7615 4465 2184 2334 5277 3124 1280
2758 2319 5077 0 3001 400 3361 4428 4438 2024 8381 5400 6040 3310 8935 7249 6957 3206 2051 1264 5713 4785 5464 8062 6888 2707 2884 3289 3330 1204 2475 5353 6578 8989 8002 7200 2879 6992 2319 6351
3569 1824 4531 3001 0 3220 4490 6262 6879 984 6824 3130 3492 2927 7964 4272 4924 5277 3101 3014 2720 6428 4976 5092 3962 5047 1345 640 3701 2126 948 6006 6390 6000 5661 6122 2501 4130 1824 5682
2483 2302 4876 400 3220 0 3023 4031 4052 2267 8256 5423 6100 3162 8732 7424 6918 2807 1802 1649 5940 4393 5247 8228 7150 2308 3224 3443 3080 1236 2780 5021 6311 9170 8002 7026 2765 7116 2302 6140
921 2667 2607 3361 4490 3023 0 1920 3130 4000 6200 4763 5608 1984 6168 7669 5571 1529 1513 4606 6753 1969 2807 8348 8139 1910 5300 4237 1063 2844 4700 2000 3488 9337 6854 4716 2147 7000 2667 3649
2778 4477 4162 4428 6262 4031 1920 0 1603 5629 7570 6652 7500 3904 7106 9589 7294 1236 3162 5671 8644 500 4205 10264 10023 1838 6887 6083 2973 4356 6315 2402 4301 11253 8595 6001 4049 8910 4477 4883
3780 5249 5632 4438 6879 4052 3130 1603 0 6082 9124 7849 8682 5021 8708 10610 8692 1702 3894 5544 9464 2039 5727 11335 10800 1835 7223 6841 4167 4787 6711 4004 5903 12323 9980 7566 5032 10026 5249 6449
3106 1523 4604 2024 984 2267 4000 5629 6082 0 7324 3832 4318 2817 8273 5255 5571 4554 2507 2102 3689 5854 5047 6074 4883 4248 1303 1400 3395 1300 700 5727 6400 6984 6432 6438 2325 5080 1523 5841
6053 6132 3601 8381 6824 8256 6200 7570 9124 7324 0 3828 3982 5096 1923 5943 2147 7710 6551 9213 6664 7252 3413 6020 7655 8100 8168 6184 5433 7223 7720 5281 3535 6702 2601 1581 5502 4947 6132 2692
4081 3125 3008 5400 3130 5423 4763 6652 7849 3832 3828 0 848 2830 5280 3138 1802 6158 4178 5903 3059 6579 3324 3689 4301 6260 4441 2507 3701 4204 4071 5235 4638 4661 2617 3544 2915 2302 3125 3601
4909 3832 3801 6040 3492 6100 5608 7500 8682 4318 3982 848 0 3661 5632 2376 1835 6989 4965 6419 2683 7427 4085 2865 3765 7071 4716 2927 4545 4866 4438 6053 5336 3827 2193 4019 3712 1476 3832 4257
1252 1303 1838 3310 2927 3162 1984 3904 5021 2817 5096 2830 3661 0 5661 5685 3931 3328 1500 4280 4846 3911 2267 6365 6238 3453 4049 2501 943 2220 3453 3101 3584 7354 5141 3894 500 5024 1303 3114
6307 6888 3858 8935 7964 8732 6168 7106 8708 8273 1923 5280 5632 5661 0 7764 3863 7550 6935 9940 8287 6700 3488 7902 9386 8052 9294 7340 5679 7881 8778 4704 2807 8614 4517 1843 6140 6760 6888 2594
6862 5420 6146 7249 4272 7424 7669 9589 10610 5255 5943 3138 2376 5685 7764 0 3910 8910 6735 7227 1802 9580 6451 824 1910 8872 5035 3982 6621 6226 5044 8363 7712 1749 3492 6303 5586 1004 5420 6628
5119 4638 3162 6957 4924 6918 5571 7294 8692 5571 2147 1802 1835 3931 3863 3910 0 7083 5423 7596 4517 7102 3255 4130 5536 7324 6243 4294 4588 5755 5859 5381 4167 4947 1303 2451 4201 2906 4638 3052
2080 3580 4130 3206 5277 2807 1529 1236 1702 4554 7710 6158 6989 3328 7550 8910 7083 0 2220 4440 7800 1655 4301 9633 9152 640 5772 5186 2507 3257 5220 2996 4780 10621 8357 6200 3330 8324 3580 5108
721 1360 3087 2051 3101 1802 1513 3162 3894 2507 6551 4178 4965 1500 6935 6735 5423 2220 0 3220 5580 3354 3448 7481 6933 2140 3801 2968 1280 1334 3206 3401 4527 8464 6609 5255 1264 6212 1360 4341
3940 3088 6106 1264 3014 1649 4606 5671 5544 2102 9213 5903 6419 4280 9940 7227 7596 4440 3220 0 5536 6041 6519 8051 6536 3905 2332 3501 4468 2061 2184 6586 7715 8918 8515 8154 3801 7144 3088 7387
5866 4220 5821 5713 2720 5940 6753 8644 9464 3689 6664 3059 2683 4846 8287 1802 4517 7800 5580 5536 0 8720 6207 2601 1392 7656 3275 2624 5777 4816 3361 7833 7600 3395 4596 6596 4606 2195 4220 6618
2879 4617 3944 4785 6428 4393 1969 500 2039 5854 7252 6579 7427 3911 6700 9580 7102 1655 3354 6041 8720 0 3939 10230 10107 2282 7134 6203 2968 4609 6549 2009 3905 11216 8405 5675 4114 8861 4617 4560
2823 3560 447 5464 4976 5247 2807 4205 5727 5047 3413 3324 4085 2267 3488 6451 3255 4301 3448 6519 6207 3939 0 6935 7542 4716 6217 4427 2193 4459 5643 2126 1431 7871 4545 1910 2765 5554 3560 894
7569 6185 6664 8062 5092 8228 8348 10264 11335 6074 6020 3689 2865 6365 7902 824 4130 9633 7481 8051 2601 10230 6935 0 2418 9621 5854 4785 7291 7023 5868 8918 8127 989 3452 6576 6303 1389 6185 7021
7247 5575 7170 6888 3962 7150 8139 10023 10800 4883 7655 4301 3765 6238 9386 1910 5536 9152 6933 6536 1392 10107 7542 2418 0 8981 4205 3966 7169 6087 4440 9217 8914 2844 5333 7778 5993 2778 5575 7900
2213 3465 4500 2707 5047 2308 1910 1838 1835 4248 8100 6260 7071 3453 8052 8872 7324 640 2140 3905 7656 2282 4716 9621 8981 0 5408 5032 2745 2952 4884 3584 5314 10604 8572 6626 3361 8348 3465 5557
4409 2789 5770 2884 1345 3224 5300 6887 7223 1303 8168 4441 4716 4049 9294 5035 6243 5772 3801 2332 3275 7134 6217 5854 4205 5408 0 1984 4687 2531 608 7021 7605 6670 6907 7451 3573 5115 2789 6964
3324 1612 3984 3289 640 3443 4237 6083 6841 1400 6184 2507 2927 2501 7340 3982 4294 5186 2968 3501 2624 6203 4427 4785 3966 5032 1984 0 3353 2247 1565 5602 5852 5730 5069 5500 2137 3710 1612 5099
632 1910 1868 3330 3701 3080 1063 2973 4167 3395 5433 3701 4545 943 5679 6621 4588 2507 1280 4468 5777 2968 2193 7291 7169 2745 4687 3353 0 2469 4079 2334 3252 8280 5852 4052 1216 5939 1910 3087
2024 1118 4045 1204 2126 1236 2844 4356 4787 1300 7223 4204 4866 2220 7881 6226 5755 3257 1334 2061 4816 4609 4459 7023 6087 2952 2531 2247 2469 0 1964 4716 5685 7975 6800 6105 1749 5887 1118 5325
3805 2184 5197 2475 948 2780 4700 6315 6711 700 7720 4071 4438 3453 8778 5044 5859 5220 3206 2184 3361 6549 5643 5868 4440 4884 608 1565 4079 1964 0 6413 7021 6735 6609 6935 2973 5003 2184 6407
2692 4242 2280 5353 6006 5021 2000 2402 4004 5727 5281 5235 6053 3101 4704 8363 5381 2996 3401 6586 7833 2009 2126 8918 9217 3584 7021 5602 2334 4716 6413 0 1900 9879 6670 3700 3505 7529 4242 2600
3828 4887 1868 6578 6390 6311 3488 4301 5903 6400 3535 4638 5336 3584 2807 7712 4167 4780 4527 7715 7600 3905 1431 8127 8914 5314 7605 5852 3252 5685 7021 1900 0 9024 5360 2000 4081 6772 4887 1118
8558 7161 7615 8989 6000 9170 9337 11253 12323 6984 6702 4661 3827 7354 8614 1749 4947 10621 8464 8918 3395 11216 7871 989 2844 10604 6670 5730 8280 7975 6735 9879 9024 0 4101 7397 7291 2360 7161 7912
6360 5700 4465 8002 5661 8002 6854 8595 9980 6432 2601 2617 2193 5141 4517 3492 1303 8357 6609 8515 4596 8405 4545 3452 5333 8572 6907 5069 5852 6800 6609 6670 5360 4101 0 3488 5360 2555 5700 4263
4684 5080 2184 7200 6122 7026 4716 6001 7566 6438 1581 3544 4019 3894 1843 6303 2451 6200 5255 8154 6596 5675 1910 6576 7778 6626 7451 5500 4052 6105 6935 3700 2000 7397 3488 0 4356 5308 5080 1118
1280 806 2334 2879 2501 2765 2147 4049 5032 2325 5502 2915 3712 500 6140 5586 4201 3330 1264 3801 4606 4114 2765 6303 5993 3361 3573 2137 1216 1749 2973 3505 4081 7291 5360 4356 0 5000 806 3606
6248 4964 5277 6992 4130 7116 7000 8910 10026 5080 4947 2302 1476 5024 6760 1004 2906 8324 6212 7144 2195 8861 5554 1389 2778 8348 5115 3710 5939 5887 5003 7529 6772 2360 2555 5308 5000 0 4964 5675
1746 0 3124 2319 1824 2302 2667 4477 5249 1523 6132 3125 3832 1303 6888 5420 4638 3580 1360 3088 4220 4617 3560 6185 5575 3465 2789 1612 1910 1118 2184 4242 4887 7161 5700 5080 806 4964 0 4386
3716 4386 1280 6351 5682 6140 3649 4883 6449 5841 2692 3601 4257 3114 2594 6628 3052 5108 4341 7386 6618 4560 894 7021 7900 5557 6964 5099 3087 5325 6407 2600 1118 7912 4263 1118 3606 5675 4386 0
# set of given starting solutions
0 17 4 20 14 27 7 22 34 39 10 12 37 1 15 6 16 32 11 33 36 25 26 2 23 28 19 35 3 18 5 30 29 8 38 31 9 13 24 21 0
0 20 13 9 15 30 22 26 10 31 34 1 12 24 35 29 25 21 27 7 18 3 38 11 4 28 14 32 33 17 8 23 37 39 6 5 16 19 2 36 0
0 9 36 37 38 11 24 34 28 29 21 6 5 22 30 12 1 33 25 8 13 3 17 32 19 39 14 20 31 23 16 27 10 26 35 4 18 15 7 2 0
0 27 10 12 7 26 17 23 35 38 36 34 16 19 9 18 2 3 22 32 15 31 24 1 30 8 13 28 33 29 4 20 37 5 25 21 11 39 14 6 0
0 22 30 32 23 20 39 10 27 14 24 3 8 33 19 9 11 15 13 29 26 6 16 21 34 17 5 35 38 12 4 18 36 31 7 1 25 28 37 2 0
0 25 38 28 37 27 20 19 14 12 1 18 24 16 23 4 13 21 3 39 22 15 32 8 26 31 7 34 36 9 2 35 10 30 33 5 17 6 11 29 0
0 2 25 5 26 30 12 24 36 19 39 38 37 4 35 11 20 21 32 17 6 27 13 8 33 15 29 22 14 18 34 23 10 31 1 3 28 9 16 7 0
0 39 9 33 35 19 36 12 16 31 27 2 30 23 32 4 37 14 24 21 10 11 8 7 25 17 34 3 13 26 6 29 5 22 28 1 20 15 38 18 0
0 19 32 39 37 4 15 2 12 9 31 5 6 36 16 25 26 10 8 28 29 38 20 14 11 34 22 17 27 23 18 35 3 1 33 21 13 7 30 24 0
0 36 35 22 19 8 2 16 4 21 6 17 39 34 14 18 29 32 33 28 27 20 38 3 12 31 10 11 1 30 24 9 23 7 25 26 37 5 13 15 0
0 32 29 6 38 10 27 13 20 2 22 9 26 12 33 3 16 18 31 5 37 23 30 15 14 11 17 35 39 1 19 36 25 24 28 8 7 34 4 21 0
0 4 20 17 27 19 30 10 25 24 38 8 32 37 9 3 16 5 22 14 13 7 31 2 33 28 21 1 15 34 39 35 6 36 29 11 26 12 18 23 0
0 1 17 37 2 11 27 35 26 5 22 6 9 36 14 4 16 39 12 20 19 7 30 33 24 29 25 8 32 18 38 13 31 10 3 28 21 15 23 34 0
0 39 1 19 3 27 9 11 31 5 6 26 4 12 24 13 32 14 36 22 37 25 29 38 7 17 15 10 8 34 2 35 21 30 18 20 33 28 23 16 0
0 2 20 38 5 11 7 29 37 10 33 39 23 27 35 30 3 28 17 24 6 22 31 8 16 34 15 12 9 25 21 14 32 26 36 1 4 13 18 19 0
0 30 37 18 35 38 29 21 5 23 24 4 27 17 39 26 20 2 15 31 28 13 11 19 14 16 10 32 12 9 33 1 6 8 7 22 34 3 36 25 0
0 32 37 3 4 30 15 2 9 33 23 18 29 21 24 12 35 26 25 17 38 39 13 1 19 10 36 8 27 34 20 22 11 14 7 6 5 31 28 16 0
0 1 4 16 14 11 21 22 38 32 24 2 31 36 35 23 39 26 28 10 8 13 37 18 7 20 9 34 5 30 29 17 12 19 33 6 27 25 3 15 0
0 16 26 4 3 17 28 34 23 32 36 9 29 13 10 12 27 2 5 25 1 38 11 7 20 39 31 8 18 33 15 24 6 35 14 37 19 30 21 22 0
0 29 13 23 10 8 1 7 16 19 5 27 4 22 12 37 24 6 25 17 9 32 20 33 26 38 31 21 28 39 30 2 11 35 34 18 36 3 15 14 0
0 9 31 14 35 20 36 27 3 4 12 6 33 18 25 11 39 16 21 26 28 1 10 22 13 29 2 5 8 30 19 24 38 17 34 37 23 15 7 32 0
0 19 3 4 39 13 31 1 21 2 24 15 25 14 38 23 28 7 37 6 26 34 27 12 10 11 22 29 5 30 36 35 33 16 32 20 18 17 8 9 0
0 18 8 6 32 29 10 14 13 37 21 19 17 4 24 36 1 3 7 5 35 11 23 38 25 26 31 16 2 34 20 12 30 15 9 39 28 27 33 22 0
0 30 3 23 35 11 4 18 19 26 27 22 17 16 38 39 32 37 6 13 12 2 28 20 5 24 21 8 33 10 9 15 25 34 31 36 1 14 29 7 0
0 5 32 26 9 27 35 20 31 24 12 16 30 14 7 23 2 21 36 13 11 10 38 18 19 22 1 34 37 29 15 3 25 33 8 4 28 6 17 39 0
0 17 20 19 38 13 10 26 8 33 37 16 5 18 21 14 29 9 28 35 2 36 7 11 34 32 31 27 1 15 4 6 25 12 3 24 39 30 23 22 0
0 27 23 36 15 25 3 37 24 28 34 33 10 39 16 29 32 35 38 22 1 21 9 14 17 5 26 12 19 11 20 8 7 31 2 13 4 30 6 18 0
0 3 15 13 1 32 35 7 2 27 36 38 21 26 34 17 24 11 14 23 28 31 39 22 12 10 25 16 20 37 4 30 19 5 18 29 33 8 6 9 0
0 13 11 6 32 4 8 10 36 5 2 18 27 29 37 35 34 14 23 20 3 17 30 26 39 22 28 25 38 7 16 12 24 33 1 21 31 15 19 9 0
0 11 6 1 22 36 30 28 17 21 14 25 23 7 34 12 27 9 32 5 10 38 35 2 39 3 37 26 24 15 29 33 20 19 31 16 18 8 13 4 0
0 38 27 12 7 26 32 19 20 39 28 9 15 37 10 22 13 2 31 18 33 23 8 17 30 11 4 14 6 25 21 1 35 36 29 34 5 24 3 16 0
0 11 37 13 4 34 36 14 24 23 35 9 39 16 27 32 22 19 31 20 6 38 7 8 3 29 28 33 21 1 26 30 12 10 25 2 18 5 17 15 0
0 22 8 12 36 27 28 5 3 2 7 24 11 13 31 19 20 18 16 10 38 35 33 6 34 21 39 15 17 4 9 14 30 37 1 25 26 23 32 29 0
0 5 15 1 38 22 3 34 28 23 8 30 2 36 24 14 7 17 35 26 9 32 19 31 16 29 6 39 13 18 25 4 21 11 33 12 10 37 20 27 0
0 36 22 21 26 37 18 3 30 39 9 33 24 4 31 11 10 28 32 5 34 35 29 20 27 25 15 17 7 1 23 14 12 6 19 8 16 13 2 38 0
0 38 22 18 32 16 37 29 5 23 27 10 28 12 24 15 14 17 8 31 30 19 9 34 21 36 26 4 2 25 7 20 13 1 3 39 6 33 35 11 0
0 5 8 24 22 20 7 9 32 12 16 31 30 27 38 2 19 17 37 4 14 13 21 29 28 36 11 34 25 18 33 6 1 3 23 35 26 15 10 39 0
0 20 12 5 1 33 14 25 19 36 32 9 7 35 27 17 29 39 8 24 6 16 4 28 21 30 18 26 3 38 34 2 23 37 15 22 31 10 13 11 0
0 11 18 27 22 4 34 37 5 31 39 8 13 24 10 16 14 21 6 26 3 17 12 9 29 2 20 28 7 23 35 25 33 36 32 1 19 38 30 15 0
0 26 37 9 31 22 25 14 23 16 35 6 33 13 11 24 18 15 20 1 4 17 5 12 30 38 29 19 21 27 28 10 7 34 36 8 3 2 39 32 0
0 32 14 8 10 39 12 17 5 3 13 16 25 20 24 2 28 33 27 37 11 30 22 23 1 35 34 38 15 26 36 31 6 29 4 21 18 19 9 7 0
0 39 29 37 9 33 34 8 27 6 35 1 26 5 11 2 17 15 18 12 28 13 24 10 3 20 31 7 22 14 25 21 23 16 4 30 32 38 36 19 0
0 37 16 36 12 24 29 11 17 28 34 9 4 8 15 14 7 30 33 18 23 1 25 21 38 3 32 27 39 10 22 6 26 19 31 13 35 20 5 2 0
0 36 13 37 19 20 26 1 39 17 3 34 24 31 28 23 6 15 14 32 22 4 21 5 12 2 8 29 11 7 38 27 18 35 10 30 16 25 33 9 0
0 31 6 30 18 27 9 28 4 17 37 34 29 10 25 19 32 3 15 5 7 1 21 20 2 13 38 35 36 22 33 11 24 8 16 39 12 14 23 26 0
0 29 30 18 26 39 22 13 23 6 32 17 11 25 16 5 34 33 36 7 35 15 14 4 20 3 12 2 10 19 27 37 1 38 28 24 21 8 31 9 0
0 36 15 31 11 34 17 27 39 10 7 9 16 26 20 23 24 18 29 28 2 30 12 37 3 14 6 21 25 13 22 8 4 33 1 19 32 38 5 35 0
0 28 23 6 31 39 7 16 12 21 27 17 14 32 25 38 22 33 35 11 8 15 36 2 18 9 24 4 1 3 37 13 10 5 34 29 30 26 19 20 0
0 8 37 9 10 18 23 25 26 22 31 35 7 16 20 27 6 3 17 2 11 19 29 4 5 28 38 33 24 30 36 15 13 1 14 12 34 39 32 21 0
0 16 29 6 30 18 32 17 14 1 5 15 13 25 2 10 39 12 19 22 27 35 3 9 20 38 26 24 21 31 37 4 11 34 23 36 33 28 8 7 0
0 36 14 39 11 30 37 17 20 25 12 18 29 4 24 13 38 31 22 1 34 33 7 19 21 16 23 2 8 15 35 27 9 6 26 28 3 32 10 5 0
0 38 13 22 25 28 8 36 12 10 4 2 6 35 32 14 15 27 7 18 30 26 23 3 9 24 1 5 39 37 21 31 33 11 17 16 29 34 20 19 0
0 1 38 9 6 10 22 39 29 14 25 2 20 34 17 15 36 37 24 5 21 11 8 16 3 18 35 33 32 31 19 4 28 23 26 13 27 7 12 30 0
0 28 21 2 39 20 31 7 4 30 5 23 27 3 26 34 33 32 25 6 19 22 13 10 17 12 38 36 29 9 8 14 11 15 35 37 16 1 24 18 0
0 17 39 4 23 12 36 26 20 35 6 28 15 32 9 37 16 11 38 33 30 8 24 13 5 10 25 14 2 27 31 34 22 21 1 18 7 3 29 19 0
0 6 33 28 32 5 21 13 37 38 31 29 25 30 15 18 26 9 10 22 1 3 20 2 14 27 11 23 16 34 35 36 4 17 39 24 12 8 7 19 0
0 5 21 36 37 3 27 10 4 12 24 13 9 11 1 26 28 39 34 33 32 38 7 25 19 31 8 6 35 18 30 15 17 14 23 29 16 20 22 2 0
0 21 22 4 11 35 2 20 7 36 8 30 16 28 33 26 15 14 13 9 25 24 31 1 32 34 39 19 38 29 10 12 5 17 37 23 27 6 3 18 0
0 26 31 28 23 20 12 13 6 19 33 2 9 4 36 17 39 37 18 24 10 29 35 5 14 3 8 22 25 11 38 34 32 27 16 30 15 21 7 1 0
0 7 16 2 32 33 14 19 13 20 15 39 5 22 3 36 24 11 27 26 30 29 25 23 18 38 9 8 1 12 6 10 21 4 17 28 37 31 35 34 0
0 36 37 13 26 30 15 6 3 17 16 31 28 14 18 1 22 39 35 20 5 38 33 24 34 8 12 2 25 32 10 29 27 23 9 21 7 11 19 4 0
0 24 32 17 29 23 38 6 8 3 12 16 34 25 5 18 39 22 36 28 33 10 26 13 35 1 31 14 9 37 21 20 11 2 30 7 15 19 27 4 0
0 39 23 31 17 11 13 6 33 2 4 7 27 36 21 14 25 20 22 9 35 32 5 1 37 28 26 24 19 15 30 3 8 10 18 38 29 12 16 34 0
0 31 29 18 6 20 36 28 37 5 1 14 22 35 9 16 39 17 25 32 11 8 33 38 26 19 4 10 12 34 30 13 21 7 23 24 27 15 3 2 0
0 8 10 38 36 34 37 12 26 17 3 39 32 29 23 24 19 25 35 14 13 28 31 15 6 5 21 7 30 11 1 18 16 20 33 27 22 4 9 2 0
0 5 13 36 10 24 11 9 25 21 30 1 23 7 3 33 29 32 35 4 28 34 37 20 38 27 17 15 8 39 16 26 22 18 2 12 31 6 14 19 0
0 14 12 37 38 11 31 29 19 30 20 26 5 23 36 22 7 8 16 32 3 27 1 21 25 6 10 24 9 18 4 34 17 35 33 2 15 28 13 39 0
0 7 37 1 23 20 16 9 28 18 30 21 29 39 36 14 22 4 27 32 15 6 2 5 24 12 10 35 17 19 34 3 38 33 31 26 11 25 8 13 0
0 30 38 3 18 2 37 10 22 25 1 20 15 17 29 6 13 4 9 24 8 5 39 36 27 23 11 21 32 31 14 35 12 19 34 33 16 26 7 28 0
0 37 14 27 26 10 20 1 36 13 3 4 6 5 11 39 35 24 29 31 2 28 18 30 34 38 9 22 19 16 17 7 33 25 12 32 23 15 8 21 0
0 26 6 34 10 33 4 20 32 30 9 19 37 12 31 29 36 3 13 1 22 35 5 23 15 18 16 24 8 21 2 25 11 17 14 38 27 28 39 7 0
0 35 20 32 9 39 6 5 30 28 25 29 34 26 16 38 1 27 4 3 33 23 8 37 18 2 15 10 13 21 17 31 11 24 22 14 7 19 12 36 0
0 12 38 26 19 23 36 9 16 8 13 29 34 15 27 1 24 22 7 20 37 2 5 4 35 6 11 32 3 25 30 17 33 10 28 31 21 18 39 14 0
0 38 7 9 32 39 4 8 22 15 18 16 10 3 35 17 27 2 34 24 25 19 28 1 30 11 13 21 33 23 31 20 29 6 26 36 14 5 37 12 0
0 32 8 16 7 27 5 39 35 31 18 2 38 4 20 21 15 28 26 30 3 1 23 37 13 14 19 29 10 6 12 22 25 36 33 17 24 11 34 9 0
0 38 12 34 14 2 3 6 25 26 9 33 10 37 22 32 7 27 18 19 5 31 11 24 30 13 39 29 35 16 15 17 21 23 1 36 28 4 8 20 0
0 24 25 16 35 39 9 22 18 11 28 21 38 6 23 33 5 19 17 37 8 27 4 30 15 32 2 1 29 7 31 26 10 36 34 12 14 20 3 13 0
0 29 3 13 15 7 5 32 37 1 31 21 30 11 35 27 25 20 26 38 10 12 8 23 28 2 4 18 34 39 17 36 9 19 16 22 14 24 6 33 0
0 12 2 34 16 26 19 8 30 5 24 23 27 10 37 3 29 6 13 38 4 25 31 28 39 32 17 18 22 21 35 33 1 15 36 9 7 20 14 11 0
0 22 31 19 1 34 20 32 9 15 21 5 4 26 27 18 33 8 3 30 37 10 7 13 17 2 38 35 25 23 6 24 39 12 16 11 14 28 29 36 0
0 14 7 10 38 30 13 9 17 24 22 3 20 33 21 15 16 36 2 5 31 34 6 4 1 12 23 32 27 37 26 11 28 35 19 25 8 18 39 29 0
0 21 27 1 25 11 26 13 10 16 9 19 2 34 22 32 23 24 4 3 39 5 35 28 15 8 30 37 33 17 7 14 12 36 6 29 31 20 38 18 0
0 34 12 36 22 17 7 4 32 30 18 19 14 37 28 23 5 10 16 38 15 35 33 26 27 9 8 20 2 31 39 24 3 25 1 29 11 21 13 6 0
0 20 17 37 27 30 8 13 18 5 33 10 39 26 34 19 6 14 32 3 16 21 29 28 12 7 25 38 4 23 22 36 2 11 1 24 31 9 35 15 0
0 10 33 21 35 38 17 32 31 26 19 8 30 15 7 13 4 28 16 2 12 27 25 6 22 3 34 9 37 5 29 20 39 18 23 24 14 36 11 1 0
0 22 30 9 3 32 29 38 5 36 37 25 17 23 12 24 4 28 10 15 8 39 16 26 27 35 20 2 14 31 6 21 33 7 11 13 19 1 18 34 0
0 37 5 34 28 20 4 10 27 35 2 30 21 38 12 7 32 18 24 25 15 19 36 26 33 8 29 17 1 6 14 22 9 23 39 13 16 31 3 11 0
0 13 39 24 22 4 21 11 26 25 14 20 27 8 12 16 10 34 2 36 1 37 38 29 23 17 31 32 3 33 15 35 28 30 7 18 9 5 19 6 0
0 11 37 38 24 1 5 17 34 6 3 31 13 26 14 29 33 7 32 22 27 30 9 23 2 12 8 28 21 39 20 16 35 19 25 36 18 4 15 10 0
0 22 2 7 16 3 33 11 8 10 15 35 1 13 30 17 6 32 36 5 31 19 29 38 21 28 9 18 24 23 4 39 37 26 34 27 14 25 20 12 0
0 14 22 20 26 38 30 10 34 18 32 17 1 31 36 19 9 23 2 39 21 16 12 4 7 13 33 37 3 27 5 25 6 35 11 28 8 29 24 15 0
0 38 11 34 22 26 5 3 23 4 2 13 36 14 8 12 18 30 35 33 31 17 7 27 10 32 24 20 29 16 6 9 25 15 21 37 28 1 19 39 0
0 8 26 3 4 38 34 39 12 28 2 23 16 19 27 22 9 14 24 18 35 11 13 30 31 29 21 33 6 32 36 5 17 10 25 15 7 37 20 1 0
0 34 6 30 7 1 10 16 31 33 13 19 9 25 5 24 21 20 8 27 23 38 12 4 28 35 22 14 11 26 39 36 32 37 18 29 3 2 15 17 0
0 13 29 23 7 3 30 24 27 31 32 34 8 5 28 36 1 17 19 38 39 9 11 35 22 25 12 6 26 2 10 21 20 18 4 14 37 16 15 33 0
0 12 27 13 30 34 29 7 22 6 4 24 35 33 15 36 31 39 17 37 23 14 21 1 18 19 20 25 9 38 3 10 26 32 8 2 11 28 5 16 0
0 14 16 27 26 10 38 11 13 19 35 12 34 3 7 15 1 39 18 23 4 30 17 29 31 8 21 22 24 9 28 2 37 33 32 20 6 25 5 36 0
0 34 3 32 35 9 22 29 15 8 4 38 6 5 36 28 21 16 17 37 14 39 13 33 11 2 27 10 1 18 24 20 19 25 30 7 31 26 23 12 0
0 20 12 16 32 8 13 21 23 38 7 30 6 33 10 25 5 18 35 19 37 1 22 9 14 15 2 36 27 26 34 11 29 28 4 24 39 31 17 3 0
0 23 2 36 24 32 4 37 28 31 17 19 34 18 22 3 11 12 27 5 8 21 6 39 7 9 20 25 35 13 14 29 33 38 10 30 16 26 15 1 0
0 11 38 34 5 13 22 29 18 32 2 4 31 19 1 14 30 37 27 33 24 28 15 35 26 7 9 21 10 36 16 12 25 39 6 3 8 17 20 23 0
0 3 37 38 19 22 4 24 33 15 23 11 35 1 9 18 5 2 30 14 17 7 39 28 13 21 6 31 34 32 26 29 27 16 25 12 10 20 8 36 0
0 37 32 16 35 2 39 21 36 22 13 26 38 31 15 25 30 11 12 3 6 17 28 4 24 33 1 19 23 7 9 5 20 34 27 18 14 10 8 29 0
0 26 18 20 34 37 33 7 31 35 3 29 30 11 36 22 25 10 1 27 2 5 12 24 6 9 39 28 4 38 23 14 32 19 13 8 17 21 16 15 0
0 26 18 6 32 31 4 2 13 14 39 33 38 24 27 22 10 34 9 1 8 28 30 3 37 7 12 19 11 36 35 25 15 29 20 16 5 23 21 17 0
0 37 7 5 33 3 21 36 32 15 14 11 19 29 18 22 20 10 30 12 35 34 31 1 16 28 23 27 9 39 26 6 38 17 8 4 13 2 24 25 0
0 24 10 30 29 20 31 34 14 17 39 15 6 35 12 23 13 8 5 18 16 19 38 22 25 2 11 4 26 7 1 21 3 33 28 27 9 32 36 37 0
0 37 36 11 12 21 26 35 30 7 5 2 39 18 14 29 33 4 17 6 27 20 15 19 16 32 9 8 1 22 34 10 13 28 23 24 31 25 3 38 0
0 3 35 37 30 19 11 13 12 38 24 39 9 10 29 33 14 8 18 7 5 22 34 28 1 27 20 17 32 25 15 26 2 6 21 4 36 31 16 23 0
0 30 23 10 34 28 15 13 12 36 5 7 6 38 21 24 3 22 9 29 26 18 37 19 27 14 16 25 35 39 1 20 4 32 33 31 11 2 17 8 0
0 14 31 19 32 15 2 6 36 30 34 20 37 21 28 33 9 35 7 27 5 11 38 10 13 22 29 26 24 39 25 1 17 3 12 16 18 23 8 4 0
0 34 28 23 1 12 33 19 39 38 36 7 26 37 17 16 14 11 6 15 21 3 30 24 35 32 20 8 13 5 25 2 29 31 10 27 4 22 9 18 0
0 30 37 5 11 18 8 14 23 35 4 19 9 16 6 39 3 10 27 26 1 20 12 25 34 17 13 33 31 21 36 15 29 2 7 24 38 28 32 22 0
0 21 19 9 6 13 12 4 17 16 38 5 22 23 25 26 32 28 33 35 15 20 24 30 14 27 18 34 7 1 36 8 37 2 39 3 29 31 11 10 0
0 10 15 33 22 7 8 37 39 24 2 30 23 25 29 21 20 19 17 3 6 16 4 34 12 18 9 5 32 26 36 1 28 14 13 35 31 27 38 11 0
0 22 16 39 24 17 38 4 9 27 13 3 18 28 30 34 21 31 19 8 26 6 14 37 12 29 35 5 10 32 36 23 15 20 7 25 2 33 1 11 0
0 18 10 1 35 15 36 13 16 29 7 21 30 6 23 27 38 33 25 4 31 11 20 32 39 26 5 19 2 3 14 22 28 17 9 37 12 34 24 8 0
0 29 22 1 28 27 10 23 37 24 38 9 35 17 6 2 13 19 30 7 21 34 16 8 12 15 18 32 33 20 3 5 26 36 14 25 39 4 31 11 0
0 26 31 16 23 10 34 2 8 30 32 28 7 18 27 33 1 9 11 37 20 36 25 3 24 38 17 22 35 29 21 13 12 5 39 14 4 15 19 6 0
0 34 7 16 9 27 6 38 39 19 8 23 37 33 25 32 36 28 4 35 30 5 15 22 14 18 26 2 10 31 3 29 20 24 1 12 21 17 11 13 0
0 19 8 25 10 20 23 35 39 16 22 32 9 28 2 15 5 11 36 37 17 3 12 6 33 27 7 4 13 30 26 29 1 38 14 34 24 31 18 21 0
0 33 14 18 8 15 5 23 39 30 1 17 38 10 19 9 21 26 34 24 28 4 29 35 11 27 36 13 7 2 22 12 31 32 25 20 3 6 37 16 0
0 33 19 5 8 23 18 22 31 39 13 28 10 24 2 30 32 35 1 27 17 7 3 20 36 11 38 9 37 4 26 16 15 12 34 25 21 6 29 14 0
0 32 18 31 9 21 24 6 19 38 26 15 13 39 17 8 36 27 37 30 35 7 23 28 10 12 34 16 4 11 22 20 3 1 29 2 5 14 33 25 0
0 2 5 6 9 27 17 21 8 30 28 23 7 36 29 13 20 37 39 15 22 33 24 16 10 3 11 25 26 38 18 32 12 14 4 35 19 1 31 34 0
0 13 34 6 5 33 8 19 18 7 29 22 10 24 36 21 14 39 30 9 23 37 27 11 3 15 38 25 32 2 16 20 31 17 35 26 1 4 12 28 0
0 39 32 24 18 19 7 12 22 16 21 33 9 11 4 31 35 37 2 25 38 6 27 5 10 29 14 8 15 26 34 3 23 17 30 36 20 13 1 28 0
0 13 24 26 23 12 30 36 18 31 9 16 15 21 25 14 10 7 39 22 17 35 38 27 6 28 29 34 1 11 33 3 5 8 2 32 20 19 37 4 0
0 28 9 22 36 10 7 3 12 17 35 32 13 27 15 21 14 25 11 18 5 4 39 30 1 38 19 26 33 31 23 37 20 29 8 2 24 6 34 16 0
0 15 8 28 21 35 7 30 17 14 38 10 31 13 33 34 23 6 12 5 29 9 19 25 1 32 22 36 18 27 24 2 3 39 37 20 4 16 11 26 0
0 14 3 16 38 20 21 29 5 1 31 33 2 18 24 6 34 26 32 27 7 25 12 8 10 23 13 9 19 11 15 35 30 36 4 37 17 39 28 22 0
0 22 20 10 36 34 5 12 29 14 6 23 13 9 37 15 25 1 39 30 24 2 4 18 33 26 3 21 8 7 35 32 17 31 27 16 38 19 11 28 0
0 21 30 37 28 6 3 33 27 1 34 23 5 20 11 16 25 19 35 13 22 39 15 32 7 2 31 17 9 12 36 14 26 29 4 8 18 24 10 38 0
0 3 10 32 29 8 26 14 31 39 20 19 28 27 6 24 30 15 25 11 33 22 7 36 5 17 38 13 16 34 12 4 37 1 23 18 2 9 35 21 0
0 16 30 37 29 35 7 12 24 26 2 31 4 9 25 36 1 27 6 5 18 14 28 33 11 23 39 17 13 19 10 21 15 3 32 8 38 20 34 22 0
0 11 17 32 22 4 36 39 15 7 20 19 30 31 16 28 1 12 3 29 2 18 38 35 25 8 27 9 10 34 37 14 6 33 5 21 13 26 23 24 0
0 38 34 9 37 14 20 17 19 3 13 35 29 4 32 39 25 30 31 6 26 11 12 28 8 5 16 36 24 1 7 18 2 23 15 21 27 22 10 33 0
0 34 2 13 37 25 18 28 8 9 30 16 32 24 19 1 4 6 20 15 12 33 7 10 3 23 11 5 14 39 31 21 35 38 22 17 29 36 27 26 0
0 21 32 13 18 8 20 1 16 24 10 15 4 2 6 9 31 27 33 7 17 26 37 28 11 14 30 3 19 36 25 34 38 35 39 29 5 12 22 23 0
0 16 17 14 19 25 1 8 31 18 26 2 20 39 22 10 13 9 30 38 37 29 34 24 7 11 32 36 23 4 21 27 15 28 33 12 3 35 5 6 0
0 33 38 21 23 24 11 8 2 35 28 13 10 3 1 15 29 39 6 16 9 4 12 18 17 22 37 14 26 27 5 20 32 34 19 25 31 36 30 7 0
0 36 5 32 3 2 24 17 33 12 16 9 11 35 18 19 23 31 10 15 37 1 25 27 26 22 20 30 21 14 13 8 38 29 34 4 28 39 6 7 0
0 26 18 16 6 14 23 4 32 3 28 30 34 15 7 22 31 17 36 20 2 29 9 11 25 10 35 24 12 38 1 13 37 5 39 19 21 27 33 8 0
0 7 10 34 13 22 27 8 31 6 39 26 18 38 37 11 5 12 21 15 20 28 25 33 2 29 3 30 36 17 1 35 9 19 16 24 23 4 32 14 0
0 17 29 27 37 33 13 2 6 14 18 19 7 39 10 31 3 22 21 9 16 25 11 30 12 23 34 4 35 20 1 28 8 26 38 15 32 36 24 5 0
0 5 30 12 16 19 31 8 24 15 33 2 27 36 18 22 11 1 21 35 6 13 14 26 34 39 10 29 20 37 28 25 9 32 7 4 23 38 17 3 0
0 39 5 13 9 8 26 12 18 17 29 19 30 36 34 20 23 27 31 38 6 7 22 24 35 3 28 2 21 37 33 25 10 15 14 1 11 4 16 32 0
0 14 15 33 31 17 19 5 30 13 4 28 16 22 3 23 29 11 12 39 18 7 32 25 9 37 10 26 36 1 21 6 27 38 34 2 20 8 24 35 0
0 2 1 38 5 39 13 12 27 7 24 30 8 19 16 37 23 14 25 34 11 29 33 9 17 15 31 20 28 35 36 18 6 4 10 32 3 21 26 22 0
0 20 9 4 18 13 25 35 11 39 5 3 36 10 8 38 15 21 28 24 17 33 37 22 16 29 14 6 12 2 27 31 30 23 26 32 1 34 19 7 0
0 31 7 4 10 22 14 12 25 35 24 3 30 38 27 9 17 29 23 1 34 8 13 16 33 39 2 15 37 19 18 5 36 11 21 6 26 28 32 20 0
0 10 13 28 15 7 37 29 5 14 18 30 32 21 9 34 23 20 35 11 4 3 8 25 31 38 12 6 39 1 26 2 19 24 16 27 17 36 22 33 0
0 7 27 10 37 17 23 39 8 14 28 30 26 18 35 12 25 2 29 31 21 3 1 5 38 15 20 24 19 11 13 9 16 33 4 6 36 22 34 32 0
0 29 9 4 8 15 7 18 6 27 25 10 23 12 1 13 36 19 28 16 30 20 31 14 22 2 5 26 35 38 34 17 3 21 33 32 11 39 37 24 0
0 7 12 15 25 4 8 3 20 33 11 14 2 16 22 34 31 17 27 6 29 23 9 1 26 37 36 35 39 32 28 24 5 21 18 13 10 30 19 38 0
0 23 15 16 12 22 35 1 36 17 13 7 9 24 20 10 28 18 30 14 4 3 5 37 33 8 38 26 6 27 39 19 21 34 31 32 2 29 11 25 0
0 6 20 8 19 28 37 9 7 5 3 2 38 24 10 31 13 39 26 12 11 25 4 34 30 18 16 33 22 15 32 29 23 1 36 14 17 21 35 27 0
0 26 39 34 31 25 13 2 8 21 4 14 27 36 1 20 6 10 24 5 22 9 18 23 11 12 32 15 16 33 30 28 29 3 7 37 17 38 19 35 0
0 7 35 6 13 9 32 3 16 12 28 11 26 5 19 23 20 36 10 1 39 30 2 8 18 31 24 29 4 14 25 22 15 21 33 38 34 27 17 37 0
0 2 31 4 1 22 13 19 7 10 30 36 39 8 18 14 20 17 25 9 35 15 28 5 26 3 34 38 27 32 11 21 16 29 12 37 33 6 23 24 0
0 37 14 23 9 27 35 3 1 22 17 36 29 10 7 8 2 33 6 39 25 28 16 12 4 34 31 24 32 18 21 26 38 30 13 19 20 15 11 5 0
0 5 10 9 3 20 38 33 34 21 19 23 37 18 32 26 39 27 29 8 7 36 13 12 6 14 1 30 22 35 11 17 28 24 25 16 2 31 15 4 0
0 32 19 37 30 38 11 20 23 9 18 5 7 14 16 34 13 3 33 17 10 21 24 12 29 22 1 36 25 8 39 2 26 27 6 28 15 4 31 35 0
0 13 17 7 37 30 28 9 5 1 34 23 20 26 22 12 36 14 31 16 10 19 2 35 4 3 21 8 6 11 27 18 32 29 39 38 24 15 33 25 0
0 16 2 24 34 36 17 26 13 10 28 25 35 14 30 38 29 3 27 39 11 32 7 22 31 6 37 21 15 12 4 5 23 18 19 33 1 20 8 9 0
0 6 19 13 21 28 24 18 17 29 16 9 25 7 30 37 31 4 11 15 3 14 20 36 8 38 12 22 23 35 33 34 2 1 27 10 32 5 26 39 0
0 26 8 4 37 23 29 34 28 32 25 1 30 27 17 36 10 15 13 2 18 19 6 16 9 20 11 31 39 33 3 35 12 38 7 21 5 22 14 24 0
0 22 15 10 4 16 25 3 37 28 19 24 29 7 32 2 5 39 30 35 38 23 13 20 34 8 27 14 9 26 36 31 11 18 12 1 6 17 21 33 0
0 39 19 26 15 16 37 11 36 7 32 14 34 9 27 13 1 18 20 23 6 2 29 5 31 33 24 21 22 25 8 35 30 17 4 10 3 28 12 38 0
0 7 4 6 14 15 1 5 11 28 18 13 12 35 36 8 29 37 39 2 27 10 22 3 30 9 34 23 33 19 31 20 16 26 25 38 24 17 32 21 0
0 10 5 11 34 14 31 3 22 8 21 15 38 26 23 2 29 20 36 7 37 16 18 19 35 30 17 24 1 9 12 27 39 32 33 25 28 4 13 6 0
0 22 13 21 20 4 19 5 1 12 35 38 8 10 29 25 26 18 39 16 14 15 7 37 31 34 17 9 11 36 28 24 33 27 23 6 2 32 30 3 0
0 27 37 5 8 20 15 30 39 26 31 23 34 22 6 33 10 9 7 11 13 28 18 1 36 24 3 16 29 38 4 25 2 21 14 12 19 35 17 32 0
0 37 24 29 10 23 8 7 22 27 36 35 31 32 20 39 28 3 15 6 9 11 30 2 19 14 16 5 17 21 4 26 38 34 1 18 13 25 12 33 0
0 21 12 32 26 34 3 30 7 4 20 13 38 10 22 19 37 17 25 28 9 16 8 31 39 23 29 14 35 11 1 33 15 27 5 6 18 24 2 36 0
0 9 15 4 20 18 1 23 14 7 32 13 35 5 31 3 26 39 25 19 24 11 17 29 22 38 28 16 10 27 37 2 8 21 36 30 33 12 34 6 0
0 22 17 15 18 37 10 16 4 28 23 30 32 34 5 14 35 26 7 6 19 20 8 9 29 2 31 36 39 3 24 21 38 11 12 13 25 1 33 27 0
0 32 4 16 33 7 37 27 13 39 15 31 30 22 5 14 26 19 34 11 38 10 35 36 18 17 28 29 2 21 9 8 6 12 1 3 24 20 25 23 0
0 4 37 29 34 9 13 16 35 33 7 28 27 24 5 17 14 21 8 3 2 23 10 30 19 22 26 25 39 12 1 18 20 36 15 11 38 31 6 32 0
0 34 30 21 2 8 35 10 27 16 38 26 6 3 20 31 29 19 28 18 22 36 13 4 24 5 7 1 15 33 17 37 39 25 32 9 11 12 14 23 0
0 1 19 4 17 36 28 35 18 6 33 2 29 20 24 27 7 16 38 25 22 14 26 5 21 10 37 3 12 31 15 9 11 13 23 39 30 34 32 8 0
0 31 3 37 7 4 2 9 25 17 12 27 33 16 14 20 28 8 26 36 39 32 23 24 6 22 21 15 18 10 11 1 13 19 5 34 35 30 29 38 0
0 37 24 3 16 8 25 34 6 39 7 33 20 29 38 9 28 13 23 12 11 19 35 14 15 26 17 30 36 1 4 5 18 32 10 21 31 2 22 27 0
0 7 28 2 12 13 10 26 27 37 4 31 18 39 9 20 17 6 33 23 19 21 35 34 25 1 30 29 14 16 5 11 8 38 36 32 3 24 15 22 0
0 2 6 28 20 16 39 24 8 19 22 11 21 18 1 9 30 37 14 36 15 25 23 33 17 26 12 35 13 31 3 34 10 7 32 38 5 29 4 27 0
0 17 22 6 38 12 35 20 30 28 23 37 25 13 15 32 36 29 34 26 19 11 31 8 33 14 7 2 1 16 39 24 21 10 4 3 9 5 27 18 0
0 29 35 26 39 23 28 30 17 31 25 24 21 37 2 11 27 8 10 33 6 14 38 36 32 9 12 7 5 13 4 34 3 15 18 1 20 19 16 22 0
0 26 29 36 22 9 4 25 31 11 10 34 1 27 6 24 38 37 21 30 33 12 19 16 14 35 39 3 5 7 32 15 8 20 18 17 13 28 23 2 0
0 31 4 33 19 36 23 18 13 26 38 8 39 3 5 35 27 10 11 20 15 32 1 16 29 17 12 6 34 21 37 28 24 7 22 30 14 2 9 25 0
0 18 1 39 12 9 37 35 24 21 4 14 28 33 36 20 15 27 34 30 19 11 32 5 13 29 38 6 8 3 25 26 31 23 10 7 16 22 17 2 0
0 19 17 9 2 18 37 36 3 24 21 8 29 7 23 39 14 35 33 15 6 12 31 30 32 1 20 13 22 38 10 26 4 27 16 25 11 34 5 28 0
0 25 38 3 5 2 1 32 39 29 12 11 33 27 9 10 34 8 31 17 14 21 15 36 16 19 4 20 7 13 26 24 37 6 22 30 23 18 28 35 0
0 21 23 3 33 6 14 4 9 30 11 36 13 19 28 15 1 5 17 10 27 35 2 18 24 32 34 22 25 29 37 8 20 39 16 38 7 26 12 31 0
0 6 2 27 35 7 29 12 18 37 15 34 11 3 10 9 4 33 17 8 36 38 32 22 16 23 13 20 31 24 39 30 19 1 21 14 26 25 5 28 0
0 32 15 18 36 8 28 1 38 2 17 13 35 11 31 33 12 19 29 5 4 34 22 9 3 20 6 39 30 10 7 26 27 23 16 37 25 21 24 14 0
0 27 37 26 19 39 11 5 34 15 20 6 29 8 9 38 14 35 16 28 1 25 21 7 22 4 17 33 2 23 10 18 12 24 31 13 3 30 32 36 0
0 9 8 22 15 25 3 14 5 38 31 33 19 10 6 24 11 23 27 21 26 29 2 28 16 12 1 30 39 4 7 36 37 35 32 18 34 13 20 17 0
0 33 20 21 6 30 31 34 26 29 3 14 10 35 17 28 18 25 37 22 23 36 32 9 39 38 4 8 27 15 1 5 13 12 2 7 16 24 19 11 0
0 1 5 25 12 30 3 7 15 31 10 38 9 34 22 23 36 14 18 33 27 21 20 28 2 13 24 4 17 29 16 26 35 37 19 39 8 11 32 6 0
0 18 24 20 6 37 15 33 39 16 23 17 11 31 28 22 34 38 35 27 21 26 10 29 1 7 4 14 13 36 9 30 2 8 3 12 19 5 25 32 0
0 28 15 7 4 17 24 2 23 22 37 36 10 32 12 14 3 27 31 9 33 18 26 8 25 34 35 30 19 38 20 21 11 39 13 5 1 29 16 6 0
0 30 37 7 19 23 18 3 13 5 4 12 20 25 11 33 26 28 32 36 22 35 34 31 14 29 27 15 8 38 9 17 2 6 39 10 21 16 1 24 0
0 30 18 13 32 7 21 27 29 1 14 28 36 3 24 25 22 35 12 10 23 15 26 37 5 33 17 19 2 20 9 38 34 8 31 39 11 16 4 6 0
0 8 10 2 30 39 20 31 38 37 3 24 25 35 7 18 22 16 4 34 27 13 14 6 11 15 26 36 19 33 29 12 28 32 17 9 23 1 5 21 0
0 28 33 21 6 29 11 31 3 1 17 27 10 39 13 16 25 37 9 18 22 8 38 36 2 24 7 15 20 26 35 14 4 30 23 32 12 19 34 5 0
0 7 21 29 11 3 19 14 34 15 9 16 39 13 35 36 24 31 12 28 23 4 27 20 22 30 37 32 1 5 10 33 2 6 18 38 8 17 25 26 0
0 15 2 22 19 37 12 1 16 24 26 38 4 29 30 11 32 17 36 28 3 27 7 20 8 21 6 35 13 14 9 33 18 31 23 39 5 34 25 10 0
0 29 16 5 15 3 30 21 11 24 23 35 36 6 26 10 14 22 18 34 13 9 17 8 4 38 19 31 27 7 1 39 33 12 2 28 37 32 25 20 0
0 37 19 22 25 5 11 35 7 9 1 28 10 39 17 12 21 16 18 38 34 20 8 33 13 14 31 4 27 26 29 3 30 23 2 36 24 15 32 6 0
0 10 37 2 8 26 20 28 36 30 21 25 15 11 7 38 5 34 16 14 32 13 12 33 22 17 3 24 35 29 39 23 1 9 18 6 31 27 4 19 0
0 4 11 9 27 25 20 6 21 37 3 32 26 8 28 34 14 17 19 10 30 23 1 36 2 38 13 22 15 18 7 29 31 35 24 16 12 5 33 39 0
0 8 22 2 32 36 5 18 14 9 1 15 12 29 38 33 3 11 30 27 7 4 21 17 19 10 6 26 39 13 23 37 25 28 35 31 34 20 16 24 0
0 2 33 38 35 24 3 21 11 20 32 10 6 28 16 36 8 9 37 34 30 26 39 22 15 5 14 1 29 4 23 18 19 13 17 7 12 27 25 31 0
0 9 25 11 29 1 21 30 8 36 2 17 26 12 38 34 35 23 22 32 24 39 19 3 16 5 31 7 28 14 20 6 10 4 33 18 27 15 13 37 0
0 39 19 23 27 14 12 4 38 29 36 21 35 9 32 37 17 10 20 34 7 30 3 6 22 28 11 25 5 18 16 31 24 2 1 26 15 33 13 8 0
0 17 16 19 5 29 39 33 10 38 28 4 26 1 7 30 14 31 24 34 35 11 13 6 9 27 36 18 21 15 3 23 37 2 20 25 32 12 22 8 0
0 25 7 14 11 27 17 23 10 1 33 34 37 28 12 15 6 36 32 5 39 21 38 30 20 4 16 22 13 35 29 3 26 18 8 19 24 9 31 2 0
0 23 39 1 11 13 16 21 29 5 19 27 2 15 32 22 24 12 18 31 17 9 38 20 8 4 7 26 37 30 14 25 10 6 34 28 3 35 33 36 0
0 14 29 37 17 12 31 10 1 28 21 36 16 18 26 30 22 19 9 8 38 39 33 2 25 15 24 7 5 13 4 23 11 27 20 35 6 34 32 3 0
0 5 8 29 34 10 30 14 25 36 9 22 28 12 18 31 37 21 19 6 23 7 3 4 15 33 26 24 1 32 20 16 2 11 13 35 27 17 38 39 0
0 34 21 3 17 25 28 39 8 4 29 9 11 10 16 37 26 31 12 38 23 19 35 1 33 7 36 14 30 27 22 15 20 2 5 24 6 32 13 18 0
0 26 12 14 35 10 24 11 1 2 18 29 6 38 20 39 25 9 3 7 36 33 23 17 30 31 32 19 5 4 27 13 37 21 22 15 34 8 16 28 0
0 14 30 26 39 24 10 21 32 5 28 9 35 20 29 18 38 33 6 27 15 36 17 8 13 23 11 4 16 34 31 3 22 25 7 1 12 2 19 37 0
0 21 1 15 32 9 19 20 26 27 37 13 6 16 23 30 36 8 14 31 17 2 29 34 18 22 24 25 10 35 5 38 39 4 12 28 33 7 11 3 0
0 10 18 7 11 14 31 3 21 12 13 15 19 27 28 20 5 39 32 35 38 9 2 23 37 26 36 1 6 8 34 33 17 22 25 16 4 29 30 24 0
0 37 18 38 15 17 22 33 30 7 32 4 26 16 10 29 1 8 12 34 23 20 21 31 11 25 35 36 27 3 14 13 2 28 9 39 5 6 19 24 0
0 12 8 29 15 32 30 39 34 36 37 10 5 7 26 17 16 1 9 25 20 24 3 27 4 31 2 35 13 14 33 28 18 19 21 38 6 23 11 22 0
0 19 30 23 17 34 12 36 20 31 8 26 3 15 13 6 39 21 7 28 11 2 25 5 18 1 14 4 32 10 37 24 29 27 16 33 22 38 35 9 0
0 17 2 18 30 26 1 16 24 3 39 19 15 13 4 37 10 22 8 31 11 29 38 33 9 27 25 32 5 12 21 34 20 35 36 6 14 23 7 28 0
0 34 9 13 4 10 5 23 14 6 17 22 25 33 2 28 38 19 1 39 37 27 24 16 29 15 30 7 18 8 12 21 3 11 32 20 31 26 35 36 0
0 38 3 39 17 18 25 13 1 34 10 33 36 30 12 8 5 6 9 4 26 21 20 31 27 35 22 32 29 15 7 24 23 37 2 14 28 11 19 16 0
0 27 32 29 6 16 5 8 3 19 26 2 31 24 25 21 30 13 34 20 35 12 9 7 33 23 39 4 17 18 1 38 37 15 10 11 36 22 28 14 0
0 3 7 31 9 6 21 26 22 36 5 39 2 35 10 20 30 16 29 17 14 38 15 27 8 25 11 13 28 24 1 4 23 32 33 12 18 37 19 34 0
0 15 13 38 25 26 24 39 36 12 31 7 5 17 30 1 37 6 32 22 3 27 19 14 35 11 28 2 10 4 23 33 18 21 16 20 34 9 29 8 0
0 22 1 10 36 21 27 33 31 6 3 16 4 34 28 37 8 15 5 12 35 7 29 14 30 2 32 24 13 26 39 23 38 9 19 25 17 18 20 11 0
0 13 32 23 18 14 35 1 6 25 37 9 22 17 4 27 8 5 20 10 34 7 38 36 28 31 29 24 21 12 26 39 3 2 15 11 19 16 30 33 0
0 1 21 17 26 25 22 38 4 39 19 29 35 13 32 7 24 11 8 6 9 3 28 2 36 5 20 10 14 33 18 23 15 16 30 37 12 27 31 34 0
0 16 8 1 13 23 14 22 15 36 38 31 25 21 29 33 6 27 24 18 9 39 17 30 7 10 12 34 37 28 11 20 19 32 26 4 3 5 2 35 0
0 38 23 11 32 35 24 6 12 29 1 34 19 31 5 3 33 14 22 7 26 39 20 16 13 17 2 9 4 18 25 36 30 8 21 27 28 15 10 37 0
0 30 16 9 27 39 10 26 14 5 37 3 4 24 11 21 19 36 25 18 13 8 28 34 31 22 6 32 15 2 29 1 7 38 23 12 20 35 17 33 0
0 12 24 27 17 25 16 39 22 33 36 4 18 7 8 21 6 11 28 5 15 29 32 26 2 30 35 20 1 37 34 23 13 9 38 3 14 10 19 31 0
0 26 11 10 18 34 3 8 20 13 2 32 30 7 35 16 15 36 28 14 12 17 5 19 27 9 31 33 25 21 23 39 29 38 1 24 37 4 6 22 0
0 12 39 33 16 10 24 19 18 1 13 36 22 5 15 31 34 14 7 37 17 9 20 21 30 28 38 27 6 32 25 23 2 3 4 35 26 8 11 29 0
0 3 30 13 36 11 10 35 12 28 23 5 7 26 39 6 29 27 34 24 14 15 20 31 37 38 33 4 16 19 22 25 21 9 32 2 8 18 17 1 0
0 21 1 2 38 18 14 12 20 8 11 27 35 30 3 7 22 28 13 34 4 31 32 39 26 10 19 17 23 36 29 5 24 25 33 37 15 6 16 9 0
0 12 36 13 2 18 35 7 32 8 30 22 29 9 25 15 10 3 4 26 14 39 23 11 34 28 24 38 6 20 31 21 33 1 16 37 19 27 5 17 0
0 20 35 12 16 29 2 11 5 31 26 4 32 28 10 39 19 17 18 23 34 38 37 6 24 15 30 25 13 22 3 33 14 9 7 8 36 27 1 21 0
0 4 14 18 21 11 28 8 2 10 12 7 13 39 9 19 31 32 1 22 17 20 36 38 23 16 3 25 33 37 26 24 5 27 6 35 30 34 29 15 0
0 25 11 23 17 9 18 6 3 2 29 36 26 34 10 14 39 20 32 12 30 28 27 15 33 8 16 5 7 19 31 35 24 1 21 22 37 13 4 38 0
0 13 17 35 32 24 18 21 3 4 7 25 29 10 38 33 8 11 1 20 39 12 31 19 2 6 28 36 14 30 27 9 37 22 23 15 5 16 26 34 0
0 27 29 30 1 14 15 11 34 39 24 22 20 3 10 19 25 13 12 5 26 31 4 7 28 18 33 37 35 16 9 21 38 23 17 6 8 2 36 32 0
0 14 24 15 18 1 12 33 10 23 5 28 39 30 16 37 7 31 4 36 29 9 6 8 21 27 35 32 25 20 26 19 2 38 34 3 22 17 11 13 0
0 35 3 10 8 38 19 32 20 9 11 21 2 25 23 29 16 1 5 14 27 30 6 34 13 39 24 37 26 31 12 33 17 4 22 28 36 7 18 15 0
0 24 25 23 37 14 19 27 30 18 36 15 13 35 22 12 32 29 5 38 9 3 8 33 10 39 6 16 2 20 28 7 17 26 11 34 31 21 1 4 0
0 17 32 24 2 13 34 22 6 26 9 20 18 35 31 19 29 21 3 27 25 7 23 38 10 16 39 36 8 4 11 12 1 28 33 15 14 37 30 5 0
0 2 23 8 20 15 7 29 21 39 19 32 22 37 6 24 13 38 4 11 31 28 17 16 5 3 10 14 34 1 30 9 18 25 27 26 36 33 12 35 0
0 5 16 15 28 39 7 11 19 22 37 29 23 20 8 24 35 32 38 27 18 17 31 14 6 3 4 36 2 13 10 25 1 26 30 21 9 12 34 33 0
0 18 7 35 29 31 15 23 28 30 13 16 26 5 3 19 11 8 6 25 33 36 24 1 22 37 12 34 4 17 38 10 32 27 20 2 21 14 39 9 0
0 38 37 25 33 27 7 15 1 29 20 13 17 8 36 34 26 18 3 24 5 32 4 22 10 39 19 12 31 28 2 11 14 30 23 16 35 9 21 6 0
0 26 33 3 11 34 19 28 30 31 15 32 20 35 1 24 2 21 29 18 39 9 23 36 27 4 7 13 17 5 8 16 14 38 6 22 10 37 25 12 0
0 39 4 11 14 24 2 33 10 20 13 32 28 30 26 22 25 36 16 18 37 5 23 27 21 15 1 35 17 8 7 19 29 6 3 9 34 31 38 12 0
0 28 10 12 16 25 23 33 30 5 22 24 34 29 11 32 36 15 19 2 37 14 8 6 31 26 13 35 9 39 4 7 21 20 1 3 17 38 18 27 0
0 34 21 25 1 8 3 30 39 29 18 13 12 17 26 27 2 11 28 5 9 6 19 33 36 38 10 35 7 37 14 20 4 31 24 32 23 16 22 15 0
0 7 34 14 35 38 31 18 5 3 12 23 25 37 8 36 1 21 33 15 19 4 30 26 32 6 39 28 11 27 17 16 29 9 2 22 20 10 24 13 0
0 19 23 16 24 3 35 13 12 27 34 22 10 25 18 20 5 2 26 21 14 7 4 37 6 31 17 39 28 36 15 11 30 32 29 38 33 8 1 9 0
0 18 25 26 15 30 20 17 11 33 7 8 6 12 3 13 31 34 10 16 29 2 24 32 37 38 27 1 5 23 14 4 36 9 22 19 21 28 35 39 0
0 6 33 2 20 25 3 16 17 4 28 37 29 34 11 13 15 36 7 22 9 12 27 26 14 23 32 1 35 18 5 19 38 31 30 8 10 21 39 24 0
0 39 6 1 27 7 18 5 3 24 26 12 29 20 34 31 4 19 15 17 10 21 32 30 35 36 11 13 9 8 16 38 23 2 22 25 37 14 28 33 0
0 14 30 11 16 28 20 32 19 25 34 26 39 33 1 5 9 27 13 35 15 29 17 8 18 6 36 23 38 2 37 4 21 22 7 31 12 24 3 10 0
0 34 8 39 19 18 31 25 15 29 32 17 7 14 36 20 35 21 2 13 38 37 10 23 11 5 12 4 9 28 24 27 6 22 1 33 3 30 16 26 0
0 20 39 27 23 32 28 34 13 17 14 3 25 22 21 2 36 37 10 24 26 8 31 4 18 19 30 15 33 5 9 6 7 29 38 35 16 1 11 12 0
0 29 37 25 8 26 12 22 30 35 18 13 4 39 20 19 15 17 38 36 10 7 21 9 6 32 33 14 3 24 2 11 16 34 5 28 31 1 23 27 0
0 33 29 25 37 32 10 26 22 8 28 20 39 21 1 18 3 27 7 24 23 4 36 11 6 38 16 13 5 19 34 2 9 14 30 35 12 31 15 17 0
0 36 8 31 37 16 30 26 19 12 5 17 32 34 9 13 23 25 2 28 24 10 33 1 35 14 15 21 20 27 39 18 11 3 7 29 38 6 4 22 0
0 2 38 8 14 5 25 26 37 4 13 15 16 17 30 36 11 22 23 34 27 31 3 6 24 7 20 21 33 19 9 18 35 10 29 39 12 28 32 1 0
0 20 3 2 24 16 28 30 35 26 21 10 34 7 15 6 32 36 37 4 5 13 27 9 12 17 19 18 14 38 1 29 39 8 31 25 23 33 11 22 0
0 9 10 16 38 5 23 6 34 17 20 4 27 11 31 1 13 26 32 33 29 28 39 19 8 18 24 3 37 36 25 7 15 12 22 21 2 14 35 30 0
0 37 17 12 11 34 32 14 33 4 27 2 21 9 31 1 8 18 10 19 6 38 16 13 15 22 30 39 5 24 26 23 20 7 35 36 3 28 29 25 0
0 29 4 36 7 21 22 8 31 24 3 12 35 23 19 30 6 9 1 34 32 16 37 26 20 13 5 33 10 27 2 18 14 28 11 39 17 25 15 38 0
0 32 29 37 21 35 20 4 14 18 17 5 36 23 31 22 19 38 25 12 27 2 9 13 33 6 1 34 28 11 39 16 15 10 24 3 7 30 8 26 0
0 5 18 29 12 19 10 8 22 13 1 7 3 30 27 34 23 20 35 36 24 38 14 16 6 32 33 37 2 9 21 11 39 31 15 25 28 4 26 17 0
0 30 20 36 22 19 27 28 21 31 15 25 2 13 39 18 7 10 8 24 32 11 16 1 5 12 6 3 37 35 9 33 14 26 38 4 29 34 23 17 0
0 26 16 7 29 27 13 31 28 21 17 22 32 20 34 36 6 2 12 1 3 24 30 9 10 25 19 38 37 39 18 5 11 23 4 35 33 14 8 15 0
0 35 34 30 36 8 28 33 11 26 27 6 3 17 37 13 21 2 5 10 24 14 39 7 22 20 29 9 25 19 23 18 1 12 15 38 16 32 4 31 0
0 7 10 14 11 37 38 13 3 28 32 19 21 16 23 5 15 22 26 31 1 17 30 33 12 20 18 34 36 25 27 2 29 6 35 39 9 4 24 8 0
0 29 4 7 10 1 22 37 6 23 36 11 9 20 35 15 39 33 28 5 21 14 2 25 18 3 27 30 38 34 32 26 13 12 31 17 19 16 24 8 0
