# n n_solutions
40 1000
# n x n distance matrix
0 2570 5930 7300 6103 6933 11745 583 8115 538 10012 3640 9304 3882 9679 6014 5360 10404 2765 1140 10358 4903 8852 11458 6907 10242 11067 9716 509 6530 2137 9489 7463 6350 4301 7800 3373 2059 9108 9361
2570 0 3400 7116 5961 5360 9708 2801 8077 3026 7789 3264 9138 3623 7310 4123 4753 8640 1264 1603 8759 2334 6896 9786 5800 8780 9377 9055 3041 5308 2580 7981 5787 5108 1931 6074 3244 806 8755 6791
5930 3400 0 8861 7920 5608 8271 6200 9859 6412 6072 5693 10683 6020 5189 4204 6505 7900 3984 5000 8321 1170 6000 9102 6673 8584 8700 10017 6419 6140 5700 7808 5728 5968 1746 5846 5859 4119 10124 3577
7300 7116 8861 0 1204 3992 8006 6811 1000 7125 7653 3905 2039 3569 8246 4940 2418 6020 5852 6648 5440 7860 5842 6462 2657 4939 6229 2692 7224 3041 5208 4609 4368 3138 8508 4609 4044 6525 1824 10344
6103 5961 7920 1204 0 3611 8190 5622 2118 5941 7505 2720 3238 2376 7940 4254 1421 6276 4701 5445 5818 6868 5721 6911 2418 5408 6624 3733 6040 2607 4004 4919 4100 2630 7433 4404 2844 5344 3006 9716
6933 5360 5608 3992 3611 0 5047 6700 4876 7060 3945 3623 5390 3605 4328 1431 2570 3482 4346 5866 3443 4902 2247 4527 1341 3420 4134 4441 7140 1004 5024 2624 583 1004 5921 943 3982 5200 4738 6407
11745 9708 8271 8006 8190 5047 0 11597 8514 11950 2220 8660 8329 8652 3301 5731 7513 2002 9002 10621 2716 8246 2900 2195 5830 3337 2118 6575 12020 5859 10000 3413 4464 5953 9454 4104 9020 9808 7616 6493
583 2801 6200 6811 5622 6700 11597 0 7602 360 9940 3269 8800 3478 9674 5879 4964 10182 2729 1216 10095 5124 8697 11207 6574 9947 10822 9276 447 6226 1746 9211 7247 6053 4638 7592 2973 2158 8628 9552
8115 8077 9859 1000 2118 4876 8514 7602 0 7900 8374 4838 1216 4492 9044 5903 3413 6512 6815 7531 5854 8860 6573 6791 3535 5295 6609 2500 8000 3966 6067 5103 5200 4080 9501 5408 4947 7462 1345 11268
538 3026 6412 7125 5941 7060 11950 360 7900 0 10280 3624 9102 3827 9998 6228 5313 10542 3052 1486 10455 5360 9050 11567 6931 10307 11182 9610 100 6586 2102 9571 7605 6413 4809 7951 3324 2434 8945 9806
10012 7789 6072 7653 7505 3945 2220 9940 8374 10280 0 7300 8509 7373 1170 4118 6511 2701 7247 8872 3465 6129 1811 3667 5100 4036 3361 6977 10340 4925 8472 3635 3413 4949 7335 3101 7655 7998 7783 4427
3640 3264 5693 3905 2720 3623 8660 3269 4838 3624 7300 0 5943 360 7324 3228 1726 7071 2024 2801 6902 4548 5798 8027 3312 6711 7657 6120 3716 3000 1523 6000 4201 2842 4883 4560 360 2624 5632 8203
9304 9138 10683 2039 3238 5390 8329 8800 1216 9102 8509 5943 0 5608 9303 6585 4401 6350 7874 8683 5614 9741 6762 6412 4101 5003 6300 1824 9202 4601 7233 5000 5603 4750 10465 5745 6082 8561 728 11780
3882 3623 6020 3569 2376 3605 8652 3478 4492 3827 7373 360 5608 0 7452 3354 1486 7009 2384 3101 6801 4882 5818 7930 3162 6580 7569 5842 3921 2900 1745 5889 4188 2758 5240 4548 509 2973 5315 8452
9679 7310 5189 8246 7939 4328 3301 9674 9044 9998 1170 7324 9303 7452 0 4100 6800 3827 6946 8544 4560 5420 2555 4833 5608 5099 4517 7877 10049 5332 8338 4609 3883 5315 6603 3640 7665 7627 8586 3257
6014 4123 4204 4940 4254 1431 5731 5879 5903 6228 4118 3228 6585 3354 4100 0 2912 4518 3280 4891 4656 3471 2842 5664 2500 4737 5255 5813 6296 1984 4356 3931 1711 1838 4504 1964 3573 4104 5981 5462
5360 4753 6505 2418 1421 2570 7513 4964 3413 5313 6511 1726 4401 1486 6800 2912 0 5742 3492 4517 5448 5467 4808 6578 1769 5173 6236 4404 5407 1655 3228 4527 3132 1581 6090 3478 1992 4229 4002 8357
10404 8640 7900 6020 6276 3482 2002 10182 6512 10542 2701 7071 6350 7009 3827 4518 5742 0 7752 9318 806 7595 1902 1204 3996 1431 800 4632 10621 4123 8504 1414 2941 4252 8766 2607 7424 8595 5632 7021
2765 1264 3984 5852 4701 4346 9002 2729 6815 3052 7247 2024 7874 2384 6946 3280 3492 7752 0 1627 7787 2816 6122 8854 4627 7749 8453 7823 3106 4159 1726 6964 4830 3962 2906 5147 2051 854 7494 7011
1140 1603 5000 6648 5445 5866 10621 1216 7531 1486 8872 2801 8683 3101 8544 4891 4517 9318 1627 0 9305 3911 7733 10393 5948 9219 9998 8920 1523 5536 1486 8452 6381 5348 3492 6711 2607 948 8414 8336
10358 8759 8321 5440 5818 3443 2716 10095 5854 10455 3465 6902 5614 6801 4560 4656 5448 806 7787 9305 0 7915 2376 1131 3679 632 806 3863 10539 3905 8381 921 2973 4060 9055 2692 7247 8640 4904 7702
4903 2334 1170 7860 6868 4902 8246 5124 8860 5360 6129 4548 9741 4882 5420 3471 5467 7595 2816 3911 7915 0 5707 8796 5830 8100 8386 9211 5375 5292 4535 7302 5124 5107 1208 5303 4701 3000 9217 4464
8852 6896 6000 5842 5721 2247 2900 8697 6573 9050 1811 5798 6762 5818 2555 2842 4808 1902 6122 7733 2376 5707 0 3106 3306 2773 2701 5325 9121 3177 7106 2140 1676 3228 6888 1334 6158 6940 6041 5440
11458 9786 9102 6462 6911 4527 2195 11207 6791 11567 3667 8027 6412 7930 4833 5664 6578 1204 8854 10393 1131 8796 3106 0 4809 1523 412 4601 11649 5032 9500 2051 4024 5185 9963 3716 8373 9703 5731 8077
6907 5800 6673 2657 2418 1341 5830 6574 3535 6931 5100 3312 4101 3162 5608 2500 1769 3996 4627 5948 3679 5830 3306 4809 0 3420 4468 3383 7021 538 4830 2758 1726 728 6718 2002 3635 5458 3482 7738
10242 8780 8584 4939 5408 3420 3337 9947 5295 10307 4036 6711 5003 6580 5099 4737 5173 1431 7749 9219 632 8100 2773 1523 3420 0 1315 3238 10394 3721 8215 806 3026 3894 9208 2801 7045 8603 4300 8183
11067 9377 8700 6229 6624 4134 2118 10822 6609 11182 3361 7657 6300 7569 4517 5255 6236 800 8453 9998 806 8386 2701 412 4468 1315 0 4509 11264 4669 9121 1720 3623 4816 9552 3310 8005 9302 5603 7747
9716 9055 10017 2692 3733 4441 6575 9276 2500 9610 6977 6120 1824 5842 7877 5813 4404 4632 7823 8920 3863 9211 5325 4601 3383 3238 4509 0 9708 3921 7580 3361 4482 4110 10096 4527 6350 8605 1208 10607
509 3041 6419 7224 6040 7140 12020 447 8000 100 10340 3716 9202 3921 10049 6296 5407 10621 3106 1523 10539 5375 9121 11649 7021 10394 11264 9708 0 6673 2193 9656 7683 6500 4804 8028 3417 2469 9044 9827
6530 5308 6140 3041 2607 1004 5859 6226 3966 6586 4925 3000 4601 2900 5332 1984 1655 4123 4159 5536 3905 5292 3177 5032 538 3721 4669 3921 6673 0 4494 3000 1513 200 6184 1843 3342 5000 4000 7306
2137 2580 5700 5208 4004 5024 10000 1746 6067 2102 8472 1523 7233 1745 8338 4356 3228 8504 1726 1486 8381 4535 7106 9500 4830 8215 9121 7580 2193 4494 0 7488 5586 4326 4477 5939 1236 1780 7000 8700
9489 7981 7808 4609 4919 2624 3413 9211 5103 9571 3635 6000 5000 5889 4609 3931 4527 1414 6964 8452 921 7302 2140 2051 2758 806 1720 3361 9656 3000 7488 0 2220 3162 8405 2000 6341 7818 4275 7580
7463 5787 5728 4368 4100 583 4464 7247 5200 7605 3413 4201 5603 4188 3883 1711 3132 2941 4830 6381 2973 5124 1676 4024 1726 3026 3623 4482 7683 1513 5586 2220 0 1552 6200 360 4560 5679 4920 6184
6350 5108 5968 3138 2630 1004 5953 6053 4080 6413 4949 2842 4750 2758 5315 1838 1581 4252 3962 5348 4060 5107 3228 5185 728 3894 4816 4110 6500 200 4326 3162 1552 0 5990 1897 3189 4805 4161 7206
4301 1931 1746 8508 7433 5921 9454 4638 9501 4809 7335 4883 10465 5240 6603 4504 6090 8766 2906 3492 9055 1208 6888 9963 6718 9208 9552 10096 4804 6184 4477 8405 6200 5990 0 6407 4951 2731 9992 5322
7800 6074 5846 4609 4404 943 4104 7592 5408 7951 3101 4560 5745 4548 3640 1964 3478 2607 5147 6711 2692 5303 1334 3716 2002 2801 3310 4527 8028 1843 5939 2000 360 1897 6407 0 4920 5994 5047 6087
3373 3244 5859 4044 2844 3982 9020 2973 4947 3324 7655 360 6082 509 7665 3573 1992 7424 2051 2607 7247 4701 6158 8373 3635 7045 8005 6350 3417 3342 1236 6341 4560 3189 4951 4920 0 2549 5807 8471
2059 806 4119 6525 5344 5200 9808 2158 7462 2434 7998 2624 8561 2973 7627 4104 4229 8595 854 948 8640 3000 6940 9703 5458 8603 9302 8605 2469 5000 1780 7818 5679 4805 2731 5994 2549 0 8220 7397
9108 8755 10124 1824 3006 4738 7616 8628 1345 8945 7783 5632 728 5315 8586 5981 4002 5632 7494 8414 4904 9217 6041 5731 3482 4300 5603 1208 9044 4000 7000 4275 4920 4161 9992 5047 5807 8220 0 11104
9361 6791 3577 10344 9716 6407 6493 9552 11268 9806 4427 8203 11780 8452 3257 5462 8357 7021 7011 8336 7702 4464 5440 8077 7738 8183 7747 10607 9827 7306 8700 7580 6184 7206 5322 6087 8471 7397 11104 0
# set of given starting solutions
0 32 26 13 11 38 15 30 39 16 5 4 24 8 18 35 12 31 10 21 25 1 29 7 19 33 14 6 17 27 2 23 34 22 28 9 37 36 3 20 0
0 3 29 35 21 37 36 33 2 11 19 16 1 15 23 13 24 38 39 34 17 14 28 6 22 5 12 4 8 31 9 25 27 20 7 32 26 30 18 10 0
0 28 37 33 17 1 7 4 9 15 20 25 12 38 26 27 29 13 14 10 6 35 30 36 18 2 21 23 19 3 31 32 34 11 22 5 24 8 16 39 0
0 6 25 23 7 37 18 21 27 34 10 12 2 20 9 16 15 38 26 14 30 5 39 19 8 22 24 35 28 13 1 29 32 17 3 31 33 4 11 36 0
0 7 24 12 8 37 21 10 20 5 17 13 23 25 22 29 32 9 30 1 35 2 16 11 14 31 4 38 19 33 3 36 28 6 18 39 26 15 34 27 0
0 8 34 29 16 15 23 18 24 4 30 27 14 6 9 5 37 31 11 28 20 1 7 21 25 39 17 36 10 22 2 35 3 26 38 32 33 12 13 19 0
0 24 4 23 1 16 9 30 29 21 5 8 15 2 12 32 35 34 39 28 25 38 17 11 6 20 19 33 36 31 37 27 22 26 14 7 3 13 18 10 0
0 32 25 6 39 26 31 18 33 5 34 8 23 15 2 20 21 28 27 12 19 3 14 1 30 38 16 37 24 10 9 36 11 35 29 17 7 4 13 22 0
0 24 2 1 27 10 31 34 9 19 22 3 13 28 26 33 35 18 36 39 16 15 37 38 8 12 25 11 7 14 4 29 20 6 23 5 30 21 17 32 0
0 17 6 22 37 21 32 5 13 33 8 10 27 12 20 2 16 26 24 7 35 1 31 11 14 25 28 4 19 34 38 18 30 3 9 36 39 23 15 29 0
0 6 24 10 7 16 11 12 25 28 3 4 22 5 17 23 19 20 35 33 8 36 34 1 37 29 38 26 9 21 39 18 32 31 15 13 30 14 2 27 0
0 29 21 4 15 3 12 35 25 37 32 39 23 8 24 11 7 2 31 14 33 13 20 34 19 38 1 30 5 36 18 6 28 22 10 26 17 9 27 16 0
0 37 21 32 36 33 26 19 2 31 34 18 12 27 28 38 22 39 30 8 25 24 23 16 9 11 17 10 4 35 7 20 29 13 6 14 5 15 1 3 0
0 8 23 37 25 31 30 16 12 19 26 32 4 38 10 28 29 21 35 36 15 24 1 22 20 7 2 39 5 34 6 13 27 11 3 14 17 33 18 9 0
0 4 12 2 37 35 27 30 26 9 33 38 15 31 24 21 16 13 5 20 14 36 39 32 34 17 28 6 8 1 29 11 23 19 10 7 18 25 22 3 0
0 9 39 26 19 6 20 25 27 37 24 32 4 1 12 5 38 14 11 2 36 18 35 22 29 21 7 30 16 28 10 13 31 33 3 15 8 17 34 23 0
0 32 13 34 11 12 20 28 26 17 22 33 16 7 4 6 10 37 35 38 39 5 3 24 9 14 8 21 2 29 19 1 25 27 15 18 31 36 23 30 0
0 11 24 36 23 32 9 16 4 22 19 1 2 31 13 7 15 21 5 14 3 6 18 25 33 38 39 34 29 37 10 26 28 27 35 8 30 17 12 20 0
0 31 30 3 24 19 20 38 32 13 39 22 7 2 36 37 1 34 15 10 4 35 12 11 14 26 28 25 8 9 33 17 16 27 29 23 6 5 21 18 0
0 13 12 11 37 21 14 8 35 2 34 29 24 31 36 20 26 3 33 18 19 32 6 23 17 7 25 4 15 5 9 16 22 10 1 27 30 38 28 39 0
0 35 31 38 17 39 25 23 32 11 29 14 7 2 5 26 30 18 9 16 36 15 10 27 19 24 22 6 21 8 20 12 34 28 37 33 13 3 4 1 0
0 21 35 22 29 36 8 18 20 30 26 16 2 19 10 27 12 13 4 5 7 39 24 28 15 6 31 38 25 37 23 32 1 14 9 33 17 34 11 3 0
0 35 1 3 31 34 11 24 2 12 26 15 23 36 25 14 19 29 28 30 37 10 13 38 20 32 7 4 33 22 6 27 21 9 5 8 17 16 18 39 0
0 39 19 38 35 22 20 11 9 37 1 21 25 2 13 32 18 34 8 24 27 15 17 3 5 23 28 33 12 7 16 4 6 29 10 36 31 30 14 26 0
0 19 20 26 18 34 25 32 37 2 15 5 29 35 16 36 24 21 4 17 31 6 22 7 11 30 12 10 9 3 33 13 27 23 14 39 1 38 8 28 0
0 3 19 13 31 22 6 20 12 33 32 28 7 17 9 30 25 10 4 37 14 18 29 35 27 1 23 11 38 15 24 21 2 5 26 16 8 39 34 36 0
0 29 17 26 11 6 24 2 36 15 30 8 16 19 22 33 31 1 27 18 34 10 35 14 4 20 25 37 5 7 9 13 39 28 21 3 38 32 12 23 0
0 19 22 39 23 21 38 17 3 25 29 2 16 37 1 28 11 15 36 32 20 31 34 10 24 13 27 9 14 12 33 7 26 5 4 6 35 30 18 8 0
0 30 17 18 31 36 39 8 9 5 37 11 19 16 22 15 28 38 1 3 7 34 25 12 23 2 4 33 10 35 20 27 29 26 14 24 21 13 6 32 0
0 13 26 2 36 9 38 18 30 21 6 39 12 29 5 37 14 4 23 10 35 1 24 33 27 17 16 11 19 20 31 22 3 32 34 15 25 28 7 8 0
0 29 37 10 12 3 38 5 30 33 24 14 9 23 36 16 15 25 13 1 4 8 32 27 2 22 28 19 18 11 31 26 34 7 35 6 17 21 39 20 0
0 39 5 6 4 28 21 15 38 7 27 13 3 10 14 30 1 35 31 22 17 2 26 11 33 34 16 24 32 25 37 19 12 20 18 23 36 8 9 29 0
0 28 9 5 36 29 15 31 7 21 1 25 8 2 12 33 17 18 24 14 22 16 39 6 20 26 10 11 37 35 23 38 19 4 30 3 34 13 32 27 0
0 36 17 6 23 15 30 22 5 29 39 16 2 1 18 37 32 27 34 28 11 21 35 14 7 19 8 4 3 25 26 20 31 10 12 9 13 33 38 24 0
0 34 37 24 6 12 9 29 21 20 1 25 17 5 2 14 7 11 27 10 16 39 32 30 23 22 8 28 13 26 33 15 38 4 36 19 35 18 3 31 0
0 33 30 10 16 38 5 2 28 18 36 13 15 9 11 7 26 1 35 19 3 31 21 25 39 12 27 17 32 37 20 24 6 29 14 4 22 23 8 34 0
0 37 2 19 30 34 28 4 29 7 8 12 24 10 22 18 38 20 13 32 9 23 14 39 11 25 35 27 1 26 36 21 31 6 5 16 15 33 17 3 0
0 8 3 20 24 13 17 34 31 6 19 9 4 1 30 2 36 11 38 7 27 32 12 25 15 26 35 37 5 39 22 33 18 29 28 21 10 16 23 14 0
0 28 8 21 29 38 39 4 18 3 27 19 36 33 22 1 30 32 12 24 2 13 20 5 7 11 25 14 35 6 16 10 26 17 31 23 37 9 15 34 0
0 5 23 29 11 13 21 26 20 24 28 10 4 3 12 8 9 30 14 36 15 16 32 35 17 18 39 33 31 27 25 1 22 34 37 6 7 38 19 2 0
0 28 25 31 3 10 7 6 15 20 27 17 23 35 30 18 39 8 26 4 33 12 37 24 14 9 38 32 2 36 21 34 29 5 19 13 1 22 16 11 0
0 18 24 13 12 34 33 20 7 17 30 3 31 4 38 27 16 21 36 23 39 6 8 9 5 32 2 19 25 22 26 15 11 14 10 1 37 28 29 35 0
0 25 24 26 16 11 28 15 38 36 39 18 20 22 6 21 9 7 27 10 30 37 32 2 4 19 23 34 8 31 13 17 33 35 12 3 1 14 29 5 0
0 9 21 19 2 13 24 37 1 5 34 28 22 38 31 14 7 25 29 18 16 6 36 23 17 15 35 32 10 3 12 20 39 26 30 27 8 4 33 11 0
0 26 5 7 28 39 6 29 27 33 16 17 21 30 13 25 22 3 35 37 11 18 15 23 31 8 9 24 32 34 1 10 38 12 4 19 14 36 2 20 0
0 22 11 24 2 15 37 32 31 12 14 36 13 1 19 29 10 7 39 6 26 16 4 35 21 9 38 23 34 33 20 3 5 30 25 8 27 28 17 18 0
0 39 6 27 26 9 30 7 17 28 15 13 36 11 37 12 31 35 34 20 21 19 1 24 8 3 16 5 18 2 23 33 25 4 29 14 38 10 22 32 0
0 20 25 4 6 32 15 38 5 16 17 36 27 34 12 9 14 30 24 29 22 35 19 13 11 1 33 28 39 7 18 3 8 31 26 23 10 37 2 21 0
0 26 8 33 23 30 29 3 13 27 39 19 21 25 11 31 24 12 2 20 38 7 22 15 32 37 10 5 14 28 16 4 18 34 17 9 1 6 35 36 0
0 16 33 31 39 19 4 36 13 32 30 38 3 6 29 10 22 18 23 12 17 2 26 7 8 21 11 20 1 15 34 5 25 28 14 9 24 27 37 35 0
0 6 2 12 13 28 35 27 1 38 17 18 33 25 11 20 22 19 5 29 34 23 7 39 4 32 30 8 37 21 24 10 31 36 26 16 3 9 14 15 0
0 29 8 22 27 32 14 2 18 28 38 3 10 15 37 24 13 35 31 6 39 17 5 25 30 1 20 21 12 34 7 4 23 33 26 36 9 16 19 11 0
0 21 12 3 31 14 36 16 34 26 24 11 32 9 33 27 39 22 29 13 10 4 28 7 25 37 23 19 5 1 2 18 15 6 38 17 30 35 8 20 0
0 17 7 5 23 2 12 16 27 22 19 38 31 26 34 24 21 8 35 28 13 37 10 4 9 1 30 33 3 20 15 39 36 29 11 14 18 25 6 32 0
0 21 11 35 2 26 29 33 4 8 1 24 10 17 22 27 31 39 30 7 23 12 6 16 34 25 18 20 5 15 13 19 37 14 9 32 36 3 28 38 0
0 14 11 37 3 26 35 34 25 5 20 12 8 29 6 15 16 39 18 1 21 38 36 2 10 30 23 9 28 33 22 27 7 4 13 17 32 19 24 31 0
0 26 11 33 4 10 28 35 7 15 9 13 39 5 22 3 36 21 18 12 32 2 6 24 34 16 14 19 23 17 38 25 1 20 29 30 37 31 27 8 0
0 38 12 18 27 22 8 19 13 35 4 24 11 20 36 5 6 16 39 9 30 33 17 31 37 1 29 26 23 7 2 34 28 21 25 15 14 3 32 10 0
0 28 11 4 15 36 39 25 33 17 30 1 20 8 23 32 5 7 6 27 21 37 31 35 13 16 19 22 34 18 9 24 2 26 29 14 12 10 38 3 0
0 15 23 4 5 8 34 26 3 31 22 28 35 36 33 9 18 25 29 32 27 13 6 30 21 14 19 12 39 16 37 24 17 20 10 7 2 11 1 38 0
0 19 10 36 14 6 39 5 30 28 1 27 24 22 8 12 13 17 11 34 15 35 16 4 32 18 20 9 7 21 38 25 29 31 26 2 3 23 33 37 0
0 25 13 31 33 3 34 37 9 12 16 21 20 1 38 29 6 27 22 36 28 24 35 39 5 32 19 2 18 8 30 7 11 23 15 14 10 26 4 17 0
0 26 6 30 10 20 8 25 21 24 1 27 37 32 3 34 36 22 39 11 2 35 16 9 28 23 7 13 15 29 19 4 14 12 33 18 38 17 31 5 0
0 15 18 23 33 19 24 3 38 1 8 17 30 26 16 22 31 7 32 4 13 10 9 37 34 39 20 21 36 25 35 29 6 2 12 28 11 27 5 14 0
0 13 37 14 17 15 8 39 5 10 26 6 35 7 33 11 30 31 18 32 28 19 2 34 23 3 20 24 21 27 29 16 1 4 25 9 38 12 36 22 0
0 11 20 5 8 4 6 25 19 36 26 13 34 17 15 28 35 27 32 18 30 12 7 39 21 1 24 31 29 37 38 2 10 9 3 22 33 16 14 23 0
0 20 26 1 38 5 4 27 3 33 15 29 30 14 9 19 37 12 10 28 2 25 21 16 36 23 17 11 7 18 31 24 22 8 32 13 34 6 39 35 0
0 29 26 12 30 19 33 34 16 15 21 24 37 10 20 22 5 39 36 17 18 8 9 13 6 35 23 2 1 11 38 31 14 28 7 27 3 25 4 32 0
0 9 32 11 8 39 1 31 7 19 13 21 20 23 29 26 16 4 2 35 28 15 18 27 12 33 37 24 5 14 30 36 3 17 22 10 38 6 25 34 0
0 4 12 27 22 5 28 8 16 10 30 20 39 25 6 38 11 31 29 7 3 32 37 1 17 24 18 35 33 34 2 23 26 13 9 36 15 19 14 21 0
0 26 39 29 32 18 12 30 23 4 6 22 17 16 7 13 5 2 1 19 36 25 38 10 3 24 9 15 28 8 21 27 35 14 11 33 31 20 37 34 0
0 33 23 5 36 1 6 32 25 16 34 14 28 21 13 19 30 3 18 39 11 37 17 12 2 26 31 10 7 22 24 27 38 15 8 20 9 35 4 29 0
0 13 6 39 32 17 20 22 1 23 15 27 19 18 38 9 10 12 29 5 25 14 36 2 34 21 30 7 37 4 26 11 33 24 3 35 31 28 16 8 0
0 5 9 29 6 32 36 1 39 20 12 26 34 38 3 17 23 35 11 37 28 25 16 18 14 2 33 21 7 31 19 30 4 15 27 24 10 22 8 13 0
0 19 22 20 30 17 7 14 24 15 39 13 38 18 11 26 6 3 37 16 32 12 23 4 31 36 27 33 35 1 9 10 21 8 2 29 5 28 34 25 0
0 20 34 23 4 13 25 29 26 1 5 30 14 10 35 6 9 12 31 36 32 11 33 24 16 2 15 18 3 28 19 38 22 7 17 39 37 21 27 8 0
0 20 30 9 26 2 11 36 22 6 24 27 8 39 34 23 10 15 1 33 32 5 7 13 25 21 35 37 38 3 28 29 17 14 16 18 31 19 4 12 0
0 2 14 4 32 36 22 30 20 3 35 39 11 24 6 38 33 28 26 9 19 7 31 16 29 27 17 18 1 5 37 13 8 23 25 34 15 21 12 10 0
0 3 8 36 39 27 11 28 15 30 7 33 29 14 34 9 22 31 20 16 6 19 24 35 12 37 2 18 21 5 26 25 10 4 17 23 38 1 13 32 0
0 19 11 5 34 17 35 38 12 15 33 25 10 13 28 24 6 7 2 29 9 3 1 18 32 26 8 22 30 31 36 27 21 16 39 4 14 37 23 20 0
0 29 24 10 33 30 23 35 39 27 18 20 28 5 4 16 13 34 19 9 8 11 15 21 32 17 6 38 3 31 36 22 1 25 2 14 7 12 26 37 0
0 36 24 30 39 37 12 19 17 31 32 2 10 27 38 21 4 20 11 8 16 33 6 1 26 9 14 34 35 13 28 29 5 22 18 25 23 7 15 3 0
0 30 2 18 34 24 28 26 16 21 8 6 38 3 36 13 7 11 33 4 1 19 20 27 25 15 12 9 37 10 31 23 22 17 32 14 35 29 5 39 0
0 31 1 36 12 3 23 37 6 32 4 13 10 34 14 30 22 5 17 20 15 24 35 27 19 25 21 2 16 7 9 38 18 8 28 26 33 39 29 11 0
0 31 22 6 21 4 37 18 24 5 39 14 2 29 34 16 11 33 32 35 23 15 36 7 28 27 19 26 38 3 1 12 9 17 25 10 8 30 13 20 0
0 24 36 1 39 29 8 32 33 23 4 6 13 15 7 31 34 11 22 25 35 18 38 26 3 10 5 16 30 12 20 9 28 27 19 2 17 14 21 37 0
0 23 38 25 27 37 15 12 22 39 5 18 9 8 14 16 3 6 24 29 17 13 20 32 1 21 4 34 35 10 36 30 2 19 28 26 7 11 31 33 0
0 19 33 13 9 14 1 16 38 22 26 5 21 7 34 15 20 35 31 6 3 27 36 28 37 4 39 18 29 32 11 17 10 24 23 25 30 2 12 8 0
0 12 27 1 28 19 37 17 39 26 7 34 10 18 36 25 30 38 4 9 15 22 3 2 29 5 13 35 11 31 24 6 23 8 14 16 32 33 21 20 0
0 21 23 26 32 24 15 38 7 9 18 3 1 2 39 31 25 17 35 33 5 36 8 22 4 13 11 27 29 30 14 20 12 6 37 19 28 34 16 10 0
0 21 38 17 31 23 6 32 37 3 11 33 28 22 2 18 34 29 5 7 36 27 15 8 9 35 19 16 13 39 20 1 24 14 26 4 25 10 30 12 0
0 4 7 31 34 6 13 15 39 28 22 30 12 17 21 14 24 26 32 35 36 8 27 5 2 25 1 9 29 18 3 10 20 19 23 37 16 11 33 38 0
0 3 6 14 18 25 8 11 22 7 33 29 12 32 23 26 9 24 20 30 1 13 27 19 28 36 31 15 16 39 4 17 10 37 21 38 34 5 2 35 0
0 7 32 19 4 10 12 36 35 39 20 23 29 17 3 24 38 6 33 27 37 25 15 2 14 31 26 16 30 13 8 18 1 28 22 34 9 5 11 21 0
0 2 30 38 28 1 8 33 39 32 21 12 7 23 3 13 31 4 16 19 37 24 9 26 11 17 18 6 10 5 36 27 15 29 14 35 20 22 34 25 0
0 22 2 1 13 27 4 31 37 20 17 24 21 25 30 5 28 18 10 33 32 11 34 3 29 16 14 39 12 7 26 9 36 8 15 23 35 6 38 19 0
0 5 18 28 39 27 25 35 16 9 38 12 22 32 6 1 19 11 24 21 37 30 10 3 17 13 2 15 14 33 8 31 23 7 29 36 4 26 34 20 0
0 13 28 20 8 30 37 10 22 38 25 34 1 11 26 19 18 39 32 6 5 9 31 21 3 12 7 15 23 16 36 35 33 24 4 17 29 27 2 14 0
0 24 35 34 37 2 38 36 8 20 4 18 5 11 39 21 25 26 10 31 33 1 30 3 15 32 29 12 6 17 19 9 22 7 14 27 23 16 28 13 0
0 18 14 25 10 7 13 30 17 31 37 4 2 9 24 19 39 23 28 38 33 15 27 34 1 22 32 36 21 8 12 16 20 29 3 35 5 11 26 6 0
0 33 21 29 25 2 9 36 8 20 1 11 30 3 28 18 34 24 23 15 31 7 19 12 4 10 22 17 14 38 27 5 13 16 32 39 26 6 37 35 0
0 10 12 29 36 2 23 33 26 21 31 34 30 32 27 15 25 37 1 6 38 14 5 24 18 16 35 3 22 19 13 4 7 20 39 9 28 8 11 17 0
0 19 25 26 27 22 1 2 31 16 32 36 28 39 11 33 21 34 37 38 7 12 18 35 3 24 14 6 17 13 10 8 5 15 20 9 29 30 4 23 0
0 16 7 5 8 19 10 23 33 11 3 6 9 13 12 24 1 30 37 15 31 32 27 22 28 34 39 26 21 14 38 25 36 4 2 17 29 35 20 18 0
0 22 27 35 32 11 1 20 13 2 36 7 9 34 38 14 26 4 37 15 33 16 39 3 21 23 8 5 18 30 29 10 19 28 17 24 12 31 25 6 0
0 7 32 29 20 1 15 4 12 14 33 25 2 22 10 35 9 36 3 31 27 24 37 6 19 23 8 11 38 30 16 5 17 39 13 28 21 26 18 34 0
0 17 2 26 32 39 10 1 35 20 18 4 6 34 5 23 16 8 29 19 21 22 33 3 12 28 36 14 38 7 13 15 25 37 30 27 24 31 9 11 0
0 19 26 38 14 15 28 17 29 4 30 34 7 35 24 25 27 16 36 9 33 1 23 39 22 20 10 8 6 37 13 21 31 3 32 11 5 12 2 18 0
0 8 24 2 39 26 29 11 5 28 25 17 14 13 33 35 22 30 16 10 4 15 19 37 9 38 27 20 21 1 7 18 6 34 12 32 31 23 36 3 0
0 36 38 15 9 4 22 7 3 23 35 37 26 21 30 24 20 27 28 5 16 2 32 10 14 19 17 18 29 12 31 33 13 6 8 11 25 1 39 34 0
0 2 19 23 22 32 1 12 25 6 34 18 5 17 38 11 7 35 8 13 9 24 4 15 10 39 31 3 27 20 26 28 33 29 36 14 16 30 37 21 0
0 10 36 9 31 30 12 2 37 13 38 19 1 32 35 29 14 23 4 24 20 34 17 3 16 6 7 8 25 21 5 33 26 11 28 27 39 15 18 22 0
0 23 4 34 10 35 13 30 39 38 32 8 31 36 3 9 2 19 17 28 12 24 7 21 11 5 29 15 33 18 22 16 25 37 27 6 20 14 26 1 0
0 10 38 22 14 13 27 12 3 39 32 7 4 16 30 5 18 37 33 20 8 19 28 15 31 21 11 9 17 25 6 1 23 2 29 36 34 24 35 26 0
0 22 33 32 16 18 9 17 7 1 27 15 14 39 25 11 36 20 31 5 23 26 8 10 38 6 3 30 4 2 12 35 29 24 13 34 19 21 28 37 0
0 2 29 5 25 23 24 36 38 8 39 15 28 22 26 35 10 19 3 37 12 17 33 21 32 9 13 18 11 6 14 31 7 20 34 16 30 4 1 27 0
0 4 33 2 18 14 12 20 22 15 34 8 19 16 3 27 7 10 29 28 39 26 5 30 35 17 25 38 1 6 9 31 32 24 23 11 37 36 13 21 0
0 30 4 23 9 3 36 18 31 16 39 34 22 26 33 15 7 27 5 24 35 2 8 20 28 38 29 14 32 6 11 17 21 10 12 25 1 37 19 13 0
0 4 31 26 1 21 33 34 12 13 35 24 9 8 6 22 25 11 36 27 2 7 29 17 14 16 5 18 23 19 37 30 20 10 38 15 39 32 3 28 0
0 2 4 38 28 31 15 17 11 9 7 37 25 19 26 32 14 35 1 29 36 3 8 21 27 18 12 6 5 13 34 10 39 30 33 23 16 24 20 22 0
0 27 23 38 34 12 6 17 4 11 10 25 32 22 3 18 33 8 1 5 15 14 24 29 7 30 19 28 16 20 31 39 13 35 2 36 26 37 21 9 0
0 12 34 5 36 35 7 15 16 6 10 4 9 21 38 11 19 26 17 27 30 25 37 24 22 39 18 1 28 13 2 32 20 31 29 33 14 23 3 8 0
0 5 36 14 7 39 8 4 28 30 11 12 29 24 1 2 32 15 23 38 34 16 13 35 26 21 17 20 9 22 3 31 25 6 33 19 37 27 10 18 0
0 39 10 1 9 23 15 30 4 27 17 25 8 3 13 24 29 7 2 31 19 22 38 5 34 28 11 32 21 20 35 37 6 14 12 18 33 16 36 26 0
0 10 15 22 25 37 20 23 33 24 7 36 11 26 2 35 31 17 19 6 27 32 16 13 5 29 1 30 12 4 39 8 34 18 21 38 14 28 3 9 0
0 20 13 31 17 1 32 2 4 30 6 36 35 8 24 23 14 11 19 38 34 22 7 25 12 15 27 18 26 37 5 33 3 10 29 39 21 9 16 28 0
0 25 34 29 18 37 12 5 35 11 10 16 39 21 15 8 7 6 3 14 9 24 33 4 17 38 26 31 28 13 20 27 32 23 2 36 1 30 19 22 0
0 22 34 2 23 9 28 30 16 38 24 33 13 4 19 17 39 7 12 37 26 1 14 20 11 29 6 32 15 36 25 5 18 31 10 3 21 35 27 8 0
0 33 36 14 7 18 37 21 5 20 22 4 25 10 17 34 19 23 26 12 11 35 16 32 39 8 15 38 30 29 24 31 13 27 1 6 2 3 28 9 0
0 4 14 12 15 16 22 28 35 25 23 30 27 21 8 5 32 2 11 1 36 39 34 24 29 3 18 26 17 33 38 31 19 20 13 9 10 37 7 6 0
0 31 6 36 32 35 13 24 21 16 26 33 28 1 15 23 30 11 2 12 25 34 18 39 19 14 38 9 29 37 4 27 8 20 10 5 17 22 3 7 0
0 15 21 34 22 1 38 16 17 37 25 26 30 24 9 3 33 13 35 8 36 23 29 19 32 39 28 6 11 31 5 12 4 14 2 7 27 10 18 20 0
0 35 21 9 25 31 6 1 11 20 8 37 17 5 26 18 3 19 14 2 36 13 22 34 27 38 29 23 33 24 30 39 10 15 7 12 4 28 32 16 0
0 17 39 11 9 19 24 34 12 7 28 18 29 31 21 8 13 10 20 3 30 15 4 32 6 26 23 14 38 37 25 36 16 33 22 5 35 1 2 27 0
0 5 38 22 35 8 34 27 6 7 14 30 24 23 16 25 18 39 13 21 17 20 1 4 11 12 26 28 37 29 19 33 3 31 32 15 9 36 10 2 0
0 25 8 34 17 15 27 3 13 37 11 24 23 2 16 28 4 12 6 33 1 22 26 21 19 10 20 14 39 5 29 30 38 35 9 36 32 31 18 7 0
0 11 23 3 1 35 22 2 12 16 26 6 13 17 21 36 4 29 30 19 38 39 27 9 25 20 28 8 15 10 37 32 31 33 7 24 5 34 14 18 0
0 8 32 22 3 20 18 30 14 24 39 5 1 34 27 12 16 6 13 9 26 28 35 33 11 4 38 2 7 21 15 29 25 19 10 31 17 23 36 37 0
0 28 25 20 7 15 4 2 26 32 13 38 37 24 9 10 21 23 39 22 6 18 14 35 5 16 31 19 12 3 11 36 29 8 30 34 1 33 17 27 0
0 10 4 32 7 31 39 8 15 17 9 23 29 6 5 35 18 20 28 12 36 14 3 1 13 37 34 21 19 22 24 25 11 27 38 2 26 16 30 33 0
0 26 10 3 4 39 8 35 6 20 5 7 38 30 1 16 33 34 22 2 9 18 12 29 27 17 13 36 31 21 19 25 37 15 11 24 23 28 32 14 0
0 22 21 17 8 5 4 25 7 6 34 20 26 18 11 16 15 19 10 12 23 36 39 9 35 38 1 24 3 28 29 30 37 31 33 32 13 27 14 2 0
0 35 39 17 24 32 13 11 36 7 5 38 8 33 4 25 27 31 19 9 23 16 30 28 2 20 18 6 34 10 12 15 3 1 37 22 21 26 29 14 0
0 32 33 18 8 1 9 28 38 11 35 14 36 21 24 29 30 3 34 16 5 6 15 4 26 37 2 25 39 13 31 20 27 17 19 7 12 23 10 22 0
0 34 9 20 15 4 3 2 1 39 27 6 37 38 23 19 30 21 33 5 36 12 10 25 35 7 17 28 13 24 29 18 22 26 14 31 16 11 32 8 0
0 9 22 8 11 25 15 37 29 6 21 20 4 2 26 28 1 12 3 13 5 27 33 38 36 19 30 10 31 14 7 16 39 34 18 24 17 35 23 32 0
0 14 13 4 26 6 38 25 23 9 11 15 16 31 2 17 12 20 19 39 27 10 7 33 3 8 32 36 30 1 21 34 35 29 22 18 28 24 37 5 0
0 20 37 1 12 27 16 34 28 9 8 23 22 32 2 15 33 24 19 13 4 5 29 36 21 26 31 10 30 35 18 39 3 25 7 38 6 14 11 17 0
0 23 29 18 28 2 31 5 14 36 17 21 39 1 3 38 4 34 37 33 16 32 10 9 24 26 35 11 8 15 7 22 27 25 30 13 6 12 20 19 0
0 14 22 17 27 28 11 1 7 35 30 15 16 31 39 9 13 33 34 37 23 18 24 38 5 8 4 10 36 29 26 3 6 21 12 25 19 32 2 20 0
0 22 34 39 20 38 2 5 9 3 25 36 26 19 29 7 17 33 15 21 13 35 30 4 14 6 27 37 31 16 24 1 28 12 32 18 11 10 8 23 0
0 29 16 21 6 23 10 24 4 13 8 37 38 19 35 11 20 7 36 34 39 31 2 3 26 9 32 30 27 14 28 25 33 5 12 18 15 17 22 1 0
0 22 21 37 35 20 9 15 11 16 38 1 25 26 14 6 18 28 32 36 34 2 4 5 19 23 39 17 31 10 8 33 12 3 29 27 13 7 24 30 0
0 16 11 21 31 37 25 10 1 22 23 5 20 6 26 35 4 24 2 39 18 14 33 15 38 19 8 32 17 30 27 12 36 29 13 7 9 34 28 3 0
0 34 10 5 28 36 9 35 20 6 26 25 15 1 30 22 29 8 12 37 16 7 14 2 17 32 33 27 4 38 3 39 24 18 31 21 11 23 13 19 0
0 17 38 29 21 4 20 16 10 1 24 37 27 19 33 36 11 35 22 31 13 32 7 34 3 26 6 18 8 39 15 14 23 28 9 30 25 5 2 12 0
0 31 33 29 21 23 4 20 28 16 6 15 24 36 26 25 32 13 34 38 27 10 7 12 5 17 11 14 30 3 39 19 22 9 35 8 18 37 1 2 0
0 39 29 22 2 9 12 16 35 18 21 34 4 10 5 23 36 11 7 32 37 38 26 25 33 20 13 30 28 19 1 24 3 14 6 15 27 31 17 8 0
0 35 8 24 32 13 20 25 17 7 27 10 30 28 36 39 14 23 12 38 21 15 11 18 16 26 9 33 5 4 22 37 19 3 29 2 31 6 34 1 0
0 21 25 9 26 27 20 37 24 19 23 35 28 16 14 22 30 1 7 10 18 8 33 36 29 39 4 31 34 12 2 38 6 13 5 11 32 17 3 15 0
0 37 8 20 25 28 19 14 38 6 15 5 35 29 2 32 34 23 13 26 36 12 31 4 18 3 39 21 9 30 27 17 22 16 33 10 11 24 1 7 0
0 30 6 19 16 32 7 27 13 24 3 20 25 37 1 22 33 23 21 8 35 34 39 10 28 4 9 36 5 38 12 31 11 17 29 14 2 18 15 26 0
0 3 36 22 13 2 20 16 38 24 26 21 31 7 6 10 30 8 15 18 1 35 33 34 5 19 12 29 32 23 4 25 27 28 37 17 14 39 11 9 0
0 32 31 20 11 6 27 10 8 3 16 4 24 33 29 37 5 30 35 12 34 28 15 21 9 23 39 2 14 13 17 36 1 22 26 25 7 19 18 38 0
0 4 6 34 39 21 1 27 20 16 25 7 31 14 22 11 38 26 9 24 23 5 28 13 12 19 2 35 15 17 10 8 3 18 33 30 32 36 29 37 0
0 29 30 36 11 21 4 23 5 20 26 22 15 19 32 35 16 37 10 18 3 38 6 2 1 8 17 39 33 24 12 31 27 13 25 34 14 9 7 28 0
0 8 21 32 16 7 10 11 20 22 19 3 13 34 2 23 37 33 26 36 14 15 12 39 6 31 5 29 17 25 30 1 24 18 35 9 27 38 4 28 0
0 29 24 35 7 26 8 32 23 10 31 11 19 2 34 25 6 22 17 3 1 33 12 27 5 21 16 4 36 28 37 30 38 13 14 15 20 18 39 9 0
0 11 35 38 25 28 10 3 24 19 27 7 8 34 31 4 6 33 13 26 17 30 37 14 5 2 12 29 22 36 32 23 9 39 21 20 18 1 16 15 0
0 2 37 9 31 6 7 4 28 32 21 22 39 36 1 11 10 13 30 38 25 14 26 27 19 33 3 12 34 18 20 15 17 5 35 8 23 29 16 24 0
0 37 22 17 24 11 13 6 18 39 12 5 16 31 14 20 4 8 38 10 25 1 30 19 21 35 32 15 9 2 3 7 26 27 33 34 23 29 36 28 0
0 20 13 15 8 5 6 27 24 17 38 32 25 14 36 19 21 7 28 22 33 39 23 31 9 10 29 1 35 26 12 4 11 3 2 34 16 18 37 30 0
0 33 7 30 31 32 19 18 3 10 35 15 21 28 5 24 29 39 17 27 1 37 8 36 23 16 6 22 14 4 2 38 20 13 25 26 9 34 12 11 0
0 1 39 23 18 37 5 36 21 33 35 31 19 28 30 17 8 20 4 9 14 3 38 25 34 2 27 12 29 10 22 7 26 16 24 6 11 32 13 15 0
0 3 2 27 20 39 30 38 11 35 8 31 5 26 25 16 32 12 14 34 29 19 4 17 36 10 33 6 15 21 37 18 7 28 22 9 23 13 24 1 0
0 5 17 6 25 19 9 4 35 26 1 30 7 31 10 14 38 21 20 12 8 34 37 36 13 11 33 29 2 24 27 18 23 22 28 3 32 39 16 15 0
0 35 21 30 4 24 16 37 38 29 5 14 32 3 10 22 26 12 19 17 11 6 31 2 1 20 36 33 25 39 7 8 27 9 28 15 34 23 13 18 0
0 23 25 24 37 12 14 19 7 20 1 18 36 16 39 26 30 32 6 5 22 2 31 17 29 38 9 13 8 4 21 10 33 11 28 3 15 34 27 35 0
0 4 35 32 10 9 1 11 37 3 38 27 22 29 21 33 13 28 19 23 12 8 39 36 15 16 31 34 2 5 6 17 26 25 20 18 14 30 7 24 0
0 2 13 39 10 21 17 33 32 5 25 34 19 9 14 26 11 1 30 23 28 37 27 31 6 36 24 15 12 3 16 20 22 4 7 29 18 38 8 35 0
0 29 39 9 17 25 19 10 38 27 11 24 6 36 32 20 21 12 8 3 22 23 30 4 33 28 14 2 18 15 16 37 31 34 7 1 26 13 35 5 0
0 25 18 20 9 22 15 34 28 38 29 26 3 7 16 1 31 33 4 27 30 23 10 36 5 2 14 17 21 37 39 32 35 11 24 13 8 12 19 6 0
0 15 14 39 32 30 24 9 33 38 20 8 2 4 3 6 19 23 35 1 31 25 28 16 12 7 37 11 36 18 17 34 26 29 22 13 5 27 10 21 0
0 12 5 11 29 28 9 15 16 24 35 10 18 23 26 36 21 38 34 37 33 20 14 2 4 17 22 39 6 13 27 7 32 1 19 30 25 8 31 3 0
0 33 23 15 4 19 10 37 21 28 14 27 29 26 8 2 25 20 9 13 7 36 11 18 35 3 34 39 17 1 6 16 31 22 32 12 38 24 5 30 0
0 33 11 30 39 15 32 9 18 26 29 4 36 19 20 2 6 12 17 28 7 21 31 5 14 1 24 34 8 25 23 22 38 37 10 16 35 27 3 13 0
0 16 31 23 18 15 33 19 2 11 25 6 9 28 5 10 12 4 26 7 3 14 30 38 20 36 1 29 34 22 37 8 13 39 32 21 35 27 24 17 0
0 15 6 16 12 37 8 7 5 24 22 14 34 25 29 1 23 32 19 9 39 18 36 4 20 38 10 11 35 30 2 31 21 28 13 33 27 17 26 3 0
0 30 2 39 22 1 25 4 24 6 3 9 12 5 32 23 17 35 36 34 8 19 15 26 21 37 10 16 13 27 18 7 14 20 11 33 29 28 31 38 0
0 18 38 28 14 2 21 32 27 16 3 17 20 37 15 1 33 10 12 25 39 34 35 5 23 30 22 6 8 4 36 19 26 31 24 29 13 9 11 7 0
0 37 18 13 15 2 27 25 10 16 11 29 39 32 36 9 8 3 6 26 12 20 34 23 4 24 19 7 35 22 21 38 30 5 1 28 31 33 17 14 0
0 21 19 1 25 12 31 5 17 9 35 37 28 26 2 20 24 14 4 13 34 10 8 33 22 3 29 15 6 38 23 18 36 16 27 32 39 7 11 30 0
0 20 4 2 21 27 1 34 17 22 13 7 11 9 3 36 32 12 23 39 14 28 26 33 16 8 24 35 18 25 10 29 15 6 5 38 31 19 37 30 0
0 35 37 5 28 17 25 34 13 22 14 29 3 39 7 18 30 19 21 20 26 1 31 6 38 15 9 23 27 12 33 4 10 2 32 16 11 8 24 36 0
0 10 23 14 1 17 25 24 19 3 38 39 18 33 36 32 6 2 22 9 34 30 35 26 21 12 16 11 13 5 7 28 27 31 20 29 15 8 4 37 0
0 29 35 21 33 8 3 23 38 10 27 14 20 17 30 39 24 26 13 12 28 34 9 19 37 16 15 2 7 32 31 25 6 36 4 1 5 22 18 11 0
0 26 23 38 37 35 19 18 9 10 6 36 32 33 4 27 1 22 24 25 29 7 12 31 13 28 39 5 20 11 2 34 8 16 3 30 14 15 17 21 0
0 1 11 18 7 17 28 2 29 31 32 36 23 38 3 12 5 39 37 14 6 34 16 9 25 21 15 22 27 10 13 19 24 30 26 4 35 20 33 8 0
0 8 32 19 18 26 6 20 33 10 15 25 17 5 11 1 13 12 29 35 27 28 2 31 36 22 39 34 3 21 24 4 23 30 16 37 38 7 14 9 0
0 3 26 6 15 5 39 11 14 33 27 21 8 22 23 9 30 37 20 1 25 35 18 10 7 17 13 32 2 29 34 12 16 28 38 31 19 4 24 36 0
0 10 17 28 21 14 5 15 3 11 35 9 2 4 26 19 13 22 7 29 23 31 20 30 12 18 32 39 34 8 27 6 1 37 36 24 33 16 25 38 0
0 32 13 30 25 28 37 12 4 29 36 31 39 6 16 8 20 26 27 7 3 38 11 23 21 5 34 33 22 19 1 14 2 9 17 35 15 10 24 18 0
0 30 37 15 36 19 14 13 8 11 39 5 32 16 25 34 35 9 24 21 26 10 27 3 33 4 20 29 38 31 17 12 2 6 1 18 22 7 28 23 0
0 19 4 13 30 36 3 17 32 14 8 15 11 23 5 22 28 24 20 38 25 39 1 29 7 2 34 35 37 10 16 18 26 21 9 31 27 12 33 6 0
0 21 11 38 6 1 26 32 14 36 25 9 30 18 27 33 28 17 10 20 8 37 2 22 5 34 24 12 39 19 35 3 13 15 7 29 16 23 31 4 0
0 22 20 26 3 2 35 29 17 24 9 28 37 13 12 21 27 7 1 8 30 15 19 32 34 11 39 14 31 38 4 33 16 10 23 25 5 36 18 6 0
0 28 8 20 29 15 5 27 13 37 11 14 6 16 39 35 25 18 23 34 33 17 19 21 24 10 3 22 1 12 32 31 9 38 36 26 30 7 4 2 0
0 14 25 32 5 10 9 4 16 8 36 31 26 6 1 11 29 39 15 27 28 12 2 38 24 23 21 35 30 19 20 34 33 17 3 13 7 22 37 18 0
0 29 19 6 36 28 5 38 37 15 32 35 26 3 9 1 21 18 7 22 10 33 8 31 2 11 23 16 20 4 30 12 14 39 27 13 34 17 24 25 0
0 16 20 4 5 19 2 34 36 27 17 23 14 35 13 9 1 21 32 38 24 25 12 30 11 37 26 28 8 39 10 15 6 29 7 22 33 18 3 31 0
0 22 2 1 26 21 15 8 11 33 27 9 37 13 10 7 4 23 39 38 25 17 32 12 5 28 14 29 36 34 18 16 35 31 3 24 19 30 6 20 0
0 36 27 4 18 7 32 35 17 28 15 13 38 19 39 6 10 8 23 31 5 1 2 29 3 34 12 37 30 9 26 11 21 16 22 14 24 25 33 20 0
0 36 9 20 30 6 5 24 14 16 37 31 2 28 29 33 7 25 11 17 19 27 39 35 10 15 26 34 1 4 23 8 18 12 32 21 13 3 22 38 0
0 10 16 18 9 34 29 39 11 22 4 1 12 14 26 28 19 21 17 27 25 5 23 32 6 7 2 38 8 20 33 37 35 3 36 30 24 15 31 13 0
0 25 37 28 12 10 13 22 6 9 20 32 30 1 39 33 23 5 35 24 36 3 29 34 26 15 16 8 19 21 4 17 11 38 14 31 2 27 7 18 0
0 33 17 29 6 22 32 27 24 35 8 26 7 2 30 37 11 18 10 36 16 3 31 34 9 13 25 23 15 14 38 4 39 12 21 20 1 5 19 28 0
0 31 5 25 24 4 29 35 6 27 2 26 17 18 33 11 19 9 32 20 15 28 23 8 30 38 16 10 36 21 7 12 22 3 1 14 13 39 34 37 0
0 31 38 1 15 28 14 35 32 12 16 39 11 25 27 18 33 26 37 13 3 36 23 5 7 29 20 6 17 8 2 24 30 34 22 21 19 9 4 10 0
0 36 37 12 2 31 8 30 24 21 38 16 7 27 3 26 34 25 33 19 13 5 6 10 15 17 9 14 29 4 35 39 20 22 1 23 18 28 11 32 0
0 26 3 19 15 31 7 30 10 1 16 38 24 13 20 32 5 36 12 35 8 2 34 22 33 37 27 6 11 39 23 25 18 21 28 29 14 4 17 9 0
0 33 24 15 16 10 38 27 32 4 3 31 20 1 8 17 22 29 9 21 39 14 26 35 25 36 5 19 11 13 28 34 37 18 2 23 7 12 6 30 0
0 8 22 27 7 21 13 18 25 16 30 28 6 14 33 38 24 15 9 12 35 10 39 3 37 2 29 17 26 32 5 36 11 19 34 4 20 23 31 1 0
0 5 3 13 9 7 28 4 2 16 18 35 8 24 20 27 14 21 6 32 30 19 23 38 22 31 12 11 29 36 15 25 37 10 1 17 33 39 26 34 0
0 34 12 36 16 27 8 22 15 29 24 4 19 18 21 38 20 1 10 7 6 11 33 39 30 5 26 13 23 28 2 32 9 25 14 31 17 3 37 35 0
0 24 2 23 11 4 17 38 6 15 14 18 32 37 29 22 31 20 13 25 26 36 7 19 39 35 10 5 3 30 9 33 21 16 34 12 1 27 28 8 0
0 37 32 35 19 5 12 6 16 23 2 1 28 14 25 27 9 13 20 17 11 24 31 8 18 4 34 10 39 22 33 30 3 15 38 29 21 36 26 7 0
0 30 33 6 12 5 39 21 25 13 29 37 3 32 14 27 22 19 15 7 35 4 10 26 24 11 28 9 1 23 18 2 31 16 8 36 38 17 34 20 0
0 4 39 9 36 1 35 29 20 12 16 7 31 18 27 10 33 17 15 3 24 6 25 22 28 30 11 38 23 5 26 2 8 37 21 34 32 14 19 13 0
0 4 30 28 35 23 33 27 8 15 24 38 5 22 18 16 11 9 20 26 12 10 36 29 14 2 21 1 32 13 31 39 3 37 34 17 6 7 25 19 0
0 17 8 18 25 32 4 37 16 28 29 6 5 19 13 31 9 12 27 23 36 26 39 35 11 20 22 2 30 34 15 33 3 1 24 38 14 10 7 21 0
0 15 38 11 14 33 22 5 39 12 7 26 17 3 19 1 13 18 8 32 23 21 9 31 24 6 25 2 36 20 29 28 27 10 4 37 35 30 34 16 0
0 22 12 6 27 35 24 8 26 38 17 31 20 15 7 33 10 3 34 2 25 28 23 13 11 37 14 36 29 9 39 5 21 4 1 19 30 18 32 16 0
0 24 17 8 3 7 9 16 35 39 19 14 36 5 6 37 15 38 13 34 21 22 30 27 31 25 1 12 10 28 18 4 32 33 20 29 26 23 11 2 0
0 3 34 20 39 17 37 8 7 2 11 31 24 16 27 4 35 22 38 30 29 13 19 26 32 21 36 5 25 15 9 12 14 28 6 1 18 23 10 33 0
0 24 21 28 10 19 34 5 7 37 16 35 25 31 39 6 13 3 23 30 22 17 1 2 29 14 27 12 11 9 4 8 20 36 33 18 32 38 15 26 0
0 4 26 6 12 19 33 36 21 1 38 8 14 35 15 5 30 13 25 17 20 7 31 23 16 28 24 34 10 32 27 9 39 22 18 37 2 11 3 29 0
0 32 15 30 3 14 7 35 17 6 29 16 25 13 1 19 27 38 2 4 20 39 18 33 10 26 22 31 23 24 37 28 8 34 21 9 12 5 36 11 0
0 6 39 32 9 14 28 37 7 16 4 8 27 15 3 17 21 26 31 33 10 23 30 2 19 5 11 13 20 18 36 24 29 35 25 12 34 1 38 22 0
0 22 39 15 11 7 4 36 34 5 9 3 38 24 33 10 17 30 21 25 12 32 8 27 14 13 6 23 20 2 29 16 19 26 18 31 1 35 37 28 0
0 11 34 23 18 19 9 17 31 21 39 35 37 22 13 12 36 14 38 1 33 26 30 6 20 5 3 10 15 25 16 4 27 7 28 2 24 32 29 8 0
0 25 29 23 18 16 1 37 7 4 36 2 30 32 12 38 14 5 20 28 8 21 33 24 35 31 3 11 39 13 10 26 34 17 27 15 9 19 22 6 0
0 30 18 12 19 5 39 28 25 37 21 2 15 1 34 6 4 11 20 3 17 36 29 38 13 7 27 14 23 22 35 31 16 26 33 8 9 32 24 10 0
0 29 32 25 11 35 39 38 9 26 36 12 31 24 34 20 23 13 2 1 3 21 5 30 10 22 28 37 6 8 33 18 4 7 16 17 19 15 14 27 0
0 16 20 32 28 7 27 19 4 33 18 24 13 26 35 34 17 10 14 8 22 39 25 12 3 11 15 21 37 38 36 5 9 1 6 30 29 31 23 2 0
0 30 29 11 35 9 21 12 26 25 23 18 10 34 32 37 5 4 16 19 8 28 17 31 13 2 6 27 7 20 38 3 24 15 33 36 22 39 1 14 0
0 38 3 2 16 7 13 27 8 34 26 37 6 9 11 31 18 20 22 5 4 36 23 15 29 32 10 30 33 12 39 14 28 21 35 19 17 24 25 1 0
0 1 23 26 31 30 7 4 19 21 28 36 24 5 13 38 29 14 2 33 6 34 39 18 15 25 22 37 35 20 3 32 9 12 8 27 10 11 17 16 0
0 7 33 37 38 2 5 35 9 13 30 22 39 3 25 4 12 6 10 21 32 27 36 31 17 34 26 1 24 20 18 29 16 28 14 23 8 19 15 11 0
0 13 38 15 35 39 24 36 34 18 17 19 31 32 28 11 20 29 33 6 7 23 26 27 22 8 9 25 5 2 37 10 12 4 3 16 1 21 14 30 0
0 28 3 33 12 17 15 29 10 30 16 38 6 32 36 8 34 22 5 27 25 21 2 23 18 35 14 20 9 24 1 11 7 13 26 31 39 4 19 37 0
0 30 1 18 29 13 10 4 28 23 19 25 36 32 38 12 35 22 21 9 14 15 33 3 7 8 27 11 5 34 2 16 24 37 39 17 26 6 20 31 0
0 6 33 38 3 1 35 25 8 32 13 36 34 9 37 14 18 23 30 27 39 15 24 17 2 22 16 31 20 12 11 21 19 29 26 4 7 5 28 10 0
0 29 33 38 25 26 30 36 24 28 34 4 19 6 11 9 10 2 17 23 20 31 12 32 16 39 35 15 8 1 18 14 37 3 13 21 7 22 5 27 0
0 39 32 6 3 13 4 9 29 17 38 10 36 11 37 2 30 1 16 15 8 33 31 34 24 20 7 35 28 22 25 5 23 14 27 26 19 21 18 12 0
0 3 32 30 1 14 19 21 11 16 23 18 24 33 5 12 39 36 8 31 29 34 27 9 2 22 25 28 13 17 7 38 15 37 6 10 4 20 26 35 0
0 18 30 17 35 14 27 24 3 19 21 23 28 12 33 38 36 13 5 31 34 6 2 4 20 29 15 39 11 10 32 9 26 37 22 16 7 8 1 25 0
0 17 2 36 30 20 11 15 8 9 1 33 22 24 14 32 6 12 5 25 10 23 34 16 3 31 4 28 26 29 19 7 37 13 39 38 27 35 21 18 0
0 9 35 31 39 10 27 6 8 37 32 36 25 7 23 29 2 22 19 34 24 18 16 21 3 11 17 33 12 1 15 14 20 28 5 4 30 38 26 13 0
0 33 26 17 25 19 5 15 1 23 7 37 4 9 35 24 6 38 36 22 3 14 18 34 28 11 13 10 21 27 16 20 2 31 29 12 30 32 39 8 0
0 2 9 27 14 7 37 25 30 22 8 12 10 6 38 21 3 35 39 23 24 1 19 33 13 17 4 26 5 28 36 34 11 15 29 20 16 18 32 31 0
0 23 22 33 26 10 27 15 35 4 25 2 28 8 32 14 3 6 13 36 37 16 9 29 11 1 39 19 17 21 20 38 24 34 18 5 12 31 7 30 0
0 6 39 36 31 14 9 37 15 34 22 33 10 23 2 1 11 30 18 4 8 38 26 21 19 27 24 35 28 3 25 12 13 16 20 32 17 29 5 7 0
0 13 24 23 39 31 11 19 17 37 9 36 14 4 29 33 28 6 15 30 1 20 16 38 8 32 21 34 22 25 18 10 35 2 5 7 27 12 3 26 0
0 25 22 15 7 30 38 28 35 39 6 8 12 13 21 5 31 2 29 20 26 36 16 14 4 27 32 37 34 1 33 17 9 23 24 11 10 19 3 18 0
0 9 27 11 14 10 1 5 31 25 19 17 28 3 6 29 38 34 20 32 24 12 35 4 15 18 7 37 36 26 13 22 21 23 2 16 39 30 8 33 0
0 29 3 37 26 35 12 28 8 13 11 23 24 9 30 14 39 7 34 32 38 36 17 20 21 2 22 16 18 27 33 10 4 1 5 15 25 31 19 6 0
0 8 21 15 23 28 31 35 7 34 4 6 30 37 27 1 17 11 2 36 25 10 18 9 3 20 39 19 14 13 38 26 24 29 22 5 12 16 33 32 0
0 36 13 24 5 33 3 34 12 32 35 17 19 15 28 1 16 27 22 37 31 38 6 21 8 26 39 2 9 14 7 11 25 23 4 10 20 29 30 18 0
0 34 20 21 29 22 25 7 10 9 4 14 35 8 32 12 13 30 18 39 27 37 36 1 6 28 5 19 33 2 15 26 17 31 16 24 11 3 23 38 0
0 15 24 29 2 6 21 7 1 8 5 26 28 9 27 37 19 20 34 35 17 3 4 23 31 25 36 10 12 16 33 18 30 13 32 22 38 11 39 14 0
0 9 24 31 12 27 33 30 16 15 22 26 19 32 5 3 28 20 10 23 38 7 21 13 4 18 17 29 2 1 37 11 36 39 14 6 34 8 35 25 0
0 39 8 6 38 9 26 25 17 14 11 23 20 13 1 18 31 28 7 32 22 21 10 4 37 27 35 3 12 29 36 33 19 2 5 15 16 30 24 34 0
0 38 17 33 3 32 15 21 19 20 24 18 27 25 16 29 5 22 4 1 37 34 2 36 23 35 6 12 26 39 9 30 11 8 7 13 28 14 31 10 0
0 31 33 14 20 15 34 36 4 28 39 17 19 2 3 6 29 30 37 27 35 32 13 12 21 1 5 11 8 38 10 25 9 22 23 7 18 26 24 16 0
0 13 6 33 21 26 34 32 18 5 36 35 37 12 8 7 15 10 14 19 31 16 20 25 3 11 29 24 22 28 39 30 23 2 17 1 4 38 27 9 0
0 8 26 31 33 36 32 19 15 34 35 27 21 7 38 18 5 3 25 2 37 39 6 4 22 20 24 16 1 30 11 17 9 10 28 12 23 29 13 14 0
0 29 27 14 34 3 32 1 38 16 39 37 5 11 24 19 7 18 31 6 8 33 12 4 22 21 26 20 10 35 25 30 17 28 9 13 23 36 15 2 0
0 26 30 12 23 22 2 11 18 34 25 20 8 32 4 21 29 6 31 27 19 24 5 3 35 7 37 33 28 16 9 36 38 13 1 39 15 10 17 14 0
0 36 34 13 25 28 19 30 15 3 12 26 22 17 5 23 8 29 14 6 39 1 27 4 35 31 33 24 21 37 32 38 7 9 2 18 20 16 11 10 0
0 26 6 16 35 7 2 24 38 27 19 22 1 33 36 39 11 13 21 12 18 28 25 37 4 31 3 30 15 29 10 20 32 14 8 9 5 34 23 17 0
0 2 30 26 32 19 22 16 11 1 13 20 34 31 10 35 5 36 6 9 8 28 18 24 3 21 12 15 7 27 23 33 25 39 37 4 14 17 38 29 0
0 29 4 34 32 39 36 8 11 33 17 6 28 5 22 27 15 14 21 19 3 18 9 25 13 26 30 12 7 2 10 35 38 1 31 37 16 23 20 24 0
0 28 12 14 3 11 23 9 21 4 10 7 34 8 36 37 38 22 29 19 25 39 1 31 15 16 24 5 33 30 35 6 2 26 20 17 32 18 27 13 0
0 26 13 4 37 30 19 12 36 9 5 11 18 32 27 22 14 15 16 28 38 2 33 39 6 7 34 25 1 10 35 29 3 23 17 20 21 24 31 8 0
0 24 23 38 27 16 13 5 17 25 7 30 21 9 11 29 3 26 35 8 37 10 36 14 31 18 33 34 32 4 22 6 12 2 28 20 39 15 19 1 0
