# n n_solutions
60 1000
# n x n distance matrix
0 2193 5964 7378 3773 1992 3612 7402 4049 1220 538 6261 640 2687 1581 6794 2601 2607 6428 3488 7119 2400 4229 3400 4997 1746 2137 1220 7640 5100 6972 3584 3899 2983 3534 8060 7026 2435 2256 854 1615 5147 5249 6140 4373 5403 1000 4220 5080 4494 3289 2879 6530 3667 300 1414 2334 6303 3929 4652
2193 0 3828 5220 3138 2785 4810 5510 1868 1303 2596 4080 1984 2801 3522 6264 1000 4788 4648 2731 4938 2500 5679 2692 2816 2529 4301 1886 6082 4651 4901 4242 5700 2385 5390 5946 4833 4252 1984 3046 3538 5600 3201 3966 3605 3330 3106 2102 5099 4716 2376 3736 4338 4326 2332 1252 761 5770 4805 2469
5964 3828 0 1431 5661 5700 8375 4382 2282 4837 6276 1640 5812 6089 7026 8000 4022 8570 4272 5314 1303 5000 9322 5348 1711 5565 7964 5658 5860 5186 3124 7559 9484 4229 9192 2121 1581 8061 4560 6795 7366 8569 900 500 4197 700 6920 2529 7736 7621 3811 7240 1166 6500 6140 5020 3671 7602 8187 1442
7378 5220 1431 0 6708 7116 9621 4368 3538 6264 7702 1923 7200 7300 8457 8683 5307 9985 4604 6400 500 6403 10589 6449 2745 6989 9394 7009 6020 6296 3080 8735 10818 5608 10541 921 1118 9417 5977 8215 8745 9617 2280 1272 5408 2088 8323 3661 8709 8676 5178 8481 1236 7831 7545 6377 5100 8336 9373 2765
3773 3138 5661 6708 0 5444 3312 4569 3452 3905 4304 4909 3138 1303 5323 3162 2184 5433 3492 412 6264 5440 4304 447 3992 5162 5536 2555 4201 7787 4763 2220 4964 5500 4850 7605 5852 4011 4992 4346 3832 2915 5458 5515 6741 5491 3984 3132 2109 1969 5514 2308 5507 7150 3623 2545 3899 2662 2842 4295
1992 2785 5700 7116 5444 0 5573 8271 4428 1581 1702 6503 2549 4548 1664 8579 3671 3667 7433 5092 6985 781 6100 5020 5303 282 2745 3052 8856 3255 7553 5571 5573 1640 5178 7615 7071 4204 1140 2209 3400 7130 4838 6020 2778 5028 2700 4785 6996 6441 2080 4870 6562 1720 2280 2899 2319 8080 5920 4709
3612 4810 8375 9621 3312 5573 0 7872 6103 4617 3883 7990 3206 2334 4477 4805 4356 3330 6797 3440 9230 6007 1000 3360 6887 5346 4000 2983 7300 8705 8044 1140 1800 6512 1843 10462 8913 1702 5803 3478 2284 2109 7917 8360 7915 8013 2941 5966 2745 2109 6747 1140 8504 7156 3313 3573 5385 4440 728 6933
7402 5510 4382 4368 4569 8271 7872 0 3939 6806 7910 2745 6902 5756 8927 5011 4809 9674 1077 4522 3889 7843 8854 4617 3301 8028 9502 6419 1700 9101 1300 6753 9527 7382 9392 5197 3257 8464 7305 8200 8104 6952 4951 3911 7988 4816 8022 3511 5879 6161 7111 6870 3354 9656 7400 6000 5977 4825 7343 4080
4049 1868 2282 3538 3452 4428 6103 3939 0 3125 4464 2212 3758 3807 5375 6118 1769 6621 3280 3080 3189 3929 7060 3104 948 4210 6168 3500 4883 5303 3125 5277 7286 3443 7017 4360 3001 5903 3395 4903 5269 6332 2009 2267 4172 2039 4919 500 5557 5384 3190 4964 2523 5724 4162 2884 2109 5671 5905 854
1220 1303 4837 6264 3905 1581 4617 6806 3125 0 1442 5315 1414 3138 2256 7060 2102 3764 5920 3538 6040 1565 5336 3471 4060 1303 3130 1726 7300 4158 6200 4356 5099 1900 4740 6905 6008 3624 1216 1984 2817 5869 4080 5056 3301 4243 2220 3400 5594 5092 2137 3712 5502 3252 1476 1389 1166 6560 4809 3605
538 2596 6276 7702 4304 1702 3883 7910 4464 1442 0 6676 1166 3189 1044 7299 3101 2334 6946 4024 7468 2256 4400 3935 5412 1503 1708 1749 8174 4925 7443 3982 3929 2954 3544 8347 7409 2517 2236 583 1702 5546 5521 6484 4301 5685 1004 4669 5544 4940 3312 3264 6907 3289 707 1941 2607 6811 4272 5015
6261 4080 1640 1923 4909 6503 7990 2745 2212 5315 6676 0 5950 5656 7570 6760 3858 8823 2745 4640 1431 5906 8980 4701 1264 6312 8380 5643 4272 6618 1486 7029 9340 5261 9102 2844 943 8015 5400 7116 7430 7789 2302 1166 5554 2140 7117 2109 6844 6860 4903 6859 700 7595 6369 5053 4229 6413 7669 1802
640 1984 5812 7200 3138 2549 3206 6902 3758 1414 1166 5950 0 2051 2193 6155 2157 2878 5903 2863 6906 2844 3929 2773 4695 2284 2600 583 7061 5522 6550 3036 3773 3306 3440 7930 6759 2302 2600 1303 1555 4588 5166 5940 4709 5303 1170 3862 4465 3894 3551 2353 6276 4254 509 921 2332 5663 3436 4440
2687 2801 6089 7300 1303 4548 2334 5756 3807 3138 3189 5656 2051 0 4161 4110 2118 4130 4684 1236 6902 4701 3324 1140 4560 4272 4272 1500 5500 7253 5780 1486 3801 4947 3640 8154 6579 2729 4332 3138 2531 2807 5700 6046 6296 5777 2731 3640 2459 1964 5063 1204 6171 6268 2483 1772 3505 3623 2102 4652
1581 3522 7026 8457 5323 1664 4477 8927 5375 2256 1044 7570 2193 4161 0 8261 4119 2024 7976 5056 8263 2420 4805 4965 6315 1627 1081 2773 9217 4838 8414 4780 4100 3254 3700 9042 8256 2886 2624 1063 2193 6324 6217 7280 4441 6395 1581 5622 6435 5805 3676 4060 7749 2801 1700 2983 3383 7780 4973 5852
6794 6264 8000 8683 3162 8579 4805 5011 6118 7060 7299 6760 6155 4110 8261 0 5277 7879 4237 3551 8188 8602 5514 3605 6307 8297 8249 5586 3612 10912 5913 3827 6576 8645 6648 9602 7629 6239 8153 7220 6400 2901 8062 7705 9841 8039 6767 5671 2061 2720 8631 4428 7454 10294 6593 5685 7023 500 4079 6859
2601 1000 4022 5307 2184 3671 4356 4809 1769 2102 3101 3858 2157 2118 4119 5277 0 5028 3863 1772 4951 3471 5300 1746 2640 3400 4726 1788 5200 5635 4393 3604 5522 3383 5263 6122 4720 4161 2969 3423 3576 4825 3584 4036 4569 3667 3324 1749 4219 3905 3354 3224 4263 5280 2630 1236 1749 4785 4215 2580
2607 4788 8570 9985 5433 3667 3330 9674 6621 3764 2334 8823 2878 4130 2024 7879 5028 0 8637 5303 9724 4390 3275 5203 7564 3584 1004 3275 9612 6862 9411 4070 2308 5186 1931 10660 9614 1664 4500 1780 1603 5420 7840 8746 6441 8000 1708 6740 5858 5188 5580 3453 9123 4737 2459 3794 4920 7445 4000 7256
6428 4648 4272 4604 3492 7433 6797 1077 3280 5920 6946 2745 5903 4684 7976 4237 3863 8637 0 3448 4104 7067 7782 3544 2860 7177 8502 5400 1640 8570 1676 5682 8450 6688 8316 5500 3500 7397 6530 7206 7057 5941 4664 3860 7441 4565 7002 2801 4879 5122 6462 5793 3436 8900 6407 5015 5189 3981 6276 3623
3488 2731 5314 6400 412 5092 3440 4522 3080 3538 4024 4640 2863 1236 5056 3551 1772 5303 3448 0 5968 5060 4440 100 3667 4810 5336 2284 4310 7382 4604 2404 5015 5100 4870 7289 5580 3962 4604 4110 3701 3256 5080 5189 6332 5119 3785 2785 2501 2308 5107 2370 5215 6789 3361 2202 3492 3052 3041 3929
7119 4938 1303 500 6264 6985 9230 3889 3189 6040 7468 1431 6906 6902 8263 8188 4951 9724 4104 5968 0 6296 10206 6020 2343 6841 9169 6684 5531 6403 2596 8323 10473 5532 10206 1414 632 9090 5846 7964 8440 9167 2202 984 5458 2002 8044 3264 8245 8229 5114 8091 761 7802 7271 6060 4884 7844 8962 2469
2400 2500 5000 6403 5440 781 6007 7843 3929 1565 2256 5906 2844 4701 2420 8602 3471 4390 7067 5060 6296 0 6618 5000 4751 806 3500 3257 8558 2700 7040 5869 6184 860 5797 6870 6419 4767 538 2816 3945 7404 4123 5346 2061 4317 3255 4332 7158 6648 1303 5197 5913 1835 2700 2952 1878 8102 6280 4104
4229 5679 9322 10589 4304 6100 1000 8854 7060 5336 4400 8980 3929 3324 4805 5514 5300 3275 7782 4440 10206 6618 0 4360 7863 5900 4123 3807 8228 9313 9044 2102 1166 7200 1414 11420 9900 1923 6477 3911 2701 2647 8832 9323 8598 8935 3401 6942 3501 2927 7473 2121 9484 7579 3931 4428 6203 5200 1552 7880
3400 2692 5348 6449 447 5020 3360 4617 3104 3471 3935 4701 2773 1140 4965 3605 1746 5203 3544 100 6020 5000 4360 0 3712 4738 5239 2193 4410 7340 4687 2334 4924 5053 4775 7335 5640 3863 4548 4016 3601 3228 5099 5232 6296 5141 3687 2823 2500 2280 5068 2282 5269 6720 3269 2126 3453 3106 2973 3956
4997 2816 1711 2745 3992 5303 6887 3301 948 4060 5412 1264 4695 4560 6315 6307 2640 7564 2860 3667 2343 4751 7863 3712 0 5100 7116 4410 4500 5800 2308 5990 8156 4176 7902 3623 2080 6800 4229 5851 6191 6907 1838 1523 4687 1772 5860 921 6044 5961 3862 5748 1627 6500 5107 3807 3001 5900 6628 781
1746 2529 5565 6989 5162 282 5346 8028 4210 1303 1503 6312 2284 4272 1627 8297 3400 3584 7177 4810 6841 806 5900 4738 5100 0 2701 2778 8590 3423 7333 5314 5412 1627 5021 7515 6904 4019 1029 2039 3205 6870 4716 5869 2863 4904 2507 4554 6722 6171 2051 4617 6395 2000 2039 2617 2102 7798 5675 4527
2137 4301 7964 9394 5536 2745 4000 9502 6168 3130 1708 8380 2600 4272 1081 8249 4726 1004 8502 5336 9169 3500 4123 5239 7116 2701 0 3114 9617 5887 9108 4545 3255 4327 2863 10016 9117 2302 3676 1303 1860 6010 7186 8185 5522 7357 1552 6356 6300 5640 4742 3860 8615 3733 2102 3505 4294 7789 4601 6723
1220 1886 5658 7009 2555 3052 2983 6419 3500 1726 1749 5643 583 1500 2773 5586 1788 3275 5400 2284 6684 3257 3807 2193 4410 2778 3114 0 6511 5884 6140 2630 3828 3612 3535 7779 6489 2408 2942 1843 1788 4148 5080 5738 5003 5200 1603 3535 3944 3401 3801 2000 6021 4770 1077 640 2404 5093 3100 4244
7640 6082 5860 6020 4201 8856 7300 1700 4883 7300 8174 4272 7061 5500 9217 3612 5200 9612 1640 4310 5531 8558 8228 4410 4500 8590 9617 6511 0 10186 2942 6161 9060 8241 8994 6873 4903 8209 8026 8354 8009 5994 6296 5423 9055 6191 8075 4393 4919 5348 8043 6449 4933 10393 7570 6236 6688 3546 6676 5263
5100 4651 5186 6296 7787 3255 8705 9101 5303 4158 4925 6618 5522 7253 4838 10912 5635 6862 8570 7382 6403 2700 9313 7340 5800 3423 5887 5884 10186 0 8026 8515 8828 2308 8433 6403 6767 7442 2942 5458 6627 10022 4346 5664 1131 4531 5929 5797 9676 9217 2282 7863 6332 2408 5400 5481 3891 10420 8956 5021
6972 4901 3124 3080 4763 7553 8044 1300 3125 6200 7443 1486 6550 5780 8414 5913 4393 9411 1676 4604 2596 7040 9044 4687 2308 7333 9108 6140 2942 8026 0 6981 9577 6484 9391 3931 1964 8377 6511 7808 7905 7451 3764 2640 6935 3612 7712 2800 6420 6579 6168 6964 2059 8805 7021 5629 5234 5646 7605 3046
3584 4242 7559 8735 2220 5571 1140 6753 5277 4356 3982 7029 3036 1486 4780 3827 3604 4070 5682 2404 8323 5869 2102 2334 5990 5314 4545 2630 6161 8514 6981 0 2915 6239 2901 9603 7964 2416 5572 3720 2690 1565 7186 7494 7623 7261 3201 5077 1788 1118 6407 721 7580 7249 3310 3100 4909 3420 640 6126
3899 5700 9484 10818 4964 5573 1800 9527 7286 5099 3929 9340 3773 3801 4100 6576 5522 2308 8450 5015 10473 6184 1166 4924 8156 5412 3255 3828 9060 8828 9577 2915 0 6862 400 11604 10230 1476 6135 3373 2284 3764 8901 9546 8228 9027 2941 7247 4527 3905 7186 2657 9783 6900 3624 4468 6105 6228 2507 8062
2983 2385 4229 5608 5500 1640 6512 7382 3443 1900 2954 5261 3306 4947 3254 8645 3383 5186 6688 5100 5532 860 7200 5053 4176 1627 4327 3612 8241 2308 6484 6239 6862 0 6484 6040 5700 5412 728 3534 4588 7727 3337 4604 1403 3535 3921 3894 7368 6911 447 5608 5200 2334 3275 3178 1640 8149 6706 3471
3534 5390 9192 10541 4850 5178 1843 9392 7017 4740 3544 9102 3440 3640 3700 6648 5263 1931 8316 4870 10206 5797 1414 4775 7902 5021 2863 3535 8994 8433 9391 2901 400 6484 0 11314 9980 1140 5758 2983 1923 3900 8591 9269 7844 8720 2563 7000 4588 3945 6815 2549 9526 6500 3264 4172 5768 6279 2570 7779
8060 5946 2121 921 7605 7615 10462 5197 4360 6905 8347 2844 7930 8154 9042 9602 6122 10660 5500 7289 1414 6870 11420 7335 3623 7515 10016 7779 6873 6403 3931 9603 11604 6040 11313 0 2000 10182 6488 8881 9484 10519 2830 2109 5632 2662 9027 4527 9620 9574 5597 9323 2157 8158 8246 7141 5742 9257 10239 3546
7026 4833 1581 1118 5852 7071 8913 3257 3001 6008 7409 943 6759 6579 8256 7629 4720 9614 3500 5580 632 6419 9900 5640 2080 6904 9117 6489 4903 6767 1964 7964 10230 5700 9980 2000 0 8880 5941 7879 8268 8732 2451 1118 5772 2256 7917 2983 7782 7803 5303 7779 509 8009 7155 5883 4876 7300 8604 2404
2435 4252 8061 9417 4011 4204 1702 8464 5903 3624 2517 8015 2302 2729 2886 6239 4161 1664 7397 3962 9090 4767 1923 3863 6800 4019 2302 2408 8209 7442 8377 2416 1476 5412 1140 10182 8880 0 4684 2000 824 3764 7451 8146 6790 7582 1513 5907 4204 3534 5724 1843 8420 5656 2154 3041 4632 5818 2343 6652
2256 1984 4560 5977 4992 1140 5803 7305 3395 1216 2236 5400 2600 4332 2624 8153 2969 4500 6530 4604 5846 538 6477 4548 4229 1029 3676 2942 8026 2942 6511 5572 6135 728 5758 6488 5941 4684 0 2817 3860 7083 3700 4883 2121 3889 3195 3794 6777 6293 1081 4925 5433 2370 2549 2563 1341 7654 6020 3600
854 3046 6795 8215 4346 2209 3478 8200 4903 1984 583 7115 1303 3138 1063 7220 3423 1780 7206 4110 7964 2816 3911 4016 5851 2039 1303 1843 8354 5458 7808 3720 3373 3534 2983 8881 7879 2000 2817 0 1216 5269 6060 6983 4870 6220 538 5069 5374 4742 3894 3000 7382 3687 800 2202 3140 6742 3935 5500
1615 3538 7366 8745 3832 3400 2284 8104 5269 2817 1702 7430 1555 2531 2193 6400 3576 1603 7057 3701 8440 3945 2701 3601 6191 3205 1860 1788 8009 6627 7905 2690 2284 4588 1923 9484 8268 824 3860 1216 0 4186 6720 7481 5966 6858 700 5323 4440 3780 4904 2000 7792 4903 1341 2385 3860 5948 2801 5981
5147 5600 8569 9617 2915 7130 2109 6952 6332 5869 5546 7789 4588 2807 6324 2901 4825 5420 5941 3256 9167 7404 2647 3228 6907 6870 6010 4148 5994 10022 7451 1565 3764 7727 3900 10519 8732 3764 7083 5269 4186 0 8319 8430 9093 8367 4743 6040 1081 948 7863 2282 8407 8814 4875 4554 6312 2647 1421 7184
5249 3201 900 2280 5458 4838 7917 4951 2009 4080 5521 2302 5166 5700 6217 8062 3584 7840 4664 5080 2202 4123 8832 5099 1838 4716 7186 5080 6296 4346 3764 7186 8901 3337 8591 2830 2451 7451 3700 6060 6720 8319 0 1334 3324 200 6228 2402 7566 7375 2915 6797 1992 5600 5448 4440 2920 7632 7799 1204
6140 3966 500 1272 5515 6020 8360 3911 2267 5056 6484 1166 5940 6046 7280 7705 4036 8746 3860 5189 984 5346 9323 5232 1523 5869 8185 5738 5423 5664 2640 7494 9546 4604 9269 2109 1118 8146 4883 6983 7481 8430 1334 0 4657 1140 7072 2418 7558 7484 4200 7220 670 6902 6296 5108 3900 7324 8130 1500
4373 3605 4197 5408 6741 2778 7915 7988 4172 3301 4301 5554 4709 6296 4441 9841 4569 6441 7441 6332 5458 2061 8598 6296 4687 2863 5522 5003 9055 1131 6935 7623 8228 1403 7844 5632 5772 6790 2121 4870 5966 9093 3324 4657 0 3517 5288 4666 8682 8256 1236 7002 5316 2600 4669 4539 2846 9352 8102 3911
5403 3330 700 2088 5491 5028 8013 4816 2039 4243 5685 2140 5303 5777 6395 8039 3667 8000 4565 5119 2002 4317 8935 5141 1772 4904 7357 5200 6191 4531 3612 7261 9027 3535 8720 2662 2256 7582 3889 6220 6858 8367 200 1140 3517 0 6378 2402 7595 7421 3114 6888 1802 5800 5597 4560 3080 7616 7879 1204
1000 3106 6920 8323 3984 2700 2941 8022 4919 2220 1004 7117 1170 2731 1581 6767 3324 1708 7002 3785 8044 3255 3401 3687 5860 2507 1552 1603 8075 5929 7712 3201 2941 3921 2563 9027 7917 1513 3195 538 700 4743 6228 7072 5288 6378 0 5032 4883 4242 4254 2483 7430 4220 781 2088 3324 6296 3400 5575
4220 2102 2529 3661 3132 4785 5966 3511 500 3400 4669 2109 3862 3640 5622 5671 1749 6740 2801 2785 3264 4332 6942 2823 921 4554 6356 3535 4393 5797 2800 5077 7247 3894 7000 4527 2983 5907 3794 5069 5323 6040 2402 2418 4666 2402 5032 0 5217 5092 3661 4827 2545 6146 4301 2954 2473 5234 5714 1200
5080 5099 7736 8709 2109 6996 2745 5879 5557 5594 5544 6844 4465 2459 6435 2061 4219 5858 4879 2501 8245 7158 3501 2500 6044 6722 6300 3944 4919 9676 6420 1788 4527 7368 4588 9620 7782 4204 6777 5374 4440 1081 7566 7558 8682 7595 4883 5217 0 670 7446 2441 7484 8713 4841 4215 5846 1702 2022 6395
4494 4716 7621 8676 1969 6441 2109 6161 5384 5092 4940 6860 3894 1964 5805 2720 3905 5188 5122 2308 8229 6648 2927 2280 5961 6171 5640 3401 5348 9217 6579 1118 3905 6911 3945 9574 7803 3534 6293 4742 3780 948 7375 7484 8256 7421 4242 5092 670 0 7021 1780 7470 8148 4243 3736 5445 2334 1400 6236
3289 2376 3811 5178 5514 2080 6747 7111 3190 2137 3312 4903 3551 5063 3676 8631 3354 5580 6462 5107 5114 1303 7473 5068 3862 2051 4742 3801 8043 2282 6168 6407 7186 447 6815 5597 5303 5724 1081 3894 4904 7863 2915 4200 1236 3114 4254 3661 7446 7021 0 5800 4809 2707 3573 3313 1615 8139 6900 3132
2879 3736 7240 8481 2308 4870 1140 6870 4964 3712 3264 6859 2353 1204 4060 4428 3224 3453 5793 2370 8091 5197 2121 2282 5748 4617 3860 2000 6449 7863 6964 721 2657 5608 2549 9323 7779 1843 4925 3000 2000 2282 6797 7220 7002 6888 2483 4827 2441 1780 5800 0 7366 6539 2600 2531 4355 3992 1100 5798
6530 4338 1166 1236 5507 6562 8504 3354 2523 5502 6907 700 6276 6171 7749 7454 4263 9123 3436 5215 761 5913 9484 5269 1627 6395 8615 6021 4933 6332 2059 7580 9783 5200 9526 2157 509 8420 5433 7382 7792 8407 1992 670 5316 1802 7430 2545 7484 7470 4809 7366 0 7516 6664 5407 4368 7102 8220 1897
3667 4326 6500 7831 7150 1720 7156 9656 5724 3252 3289 7595 4254 6268 2801 10294 5280 4737 8900 6789 7802 1835 7579 6720 6500 2000 3733 4770 10393 2408 8805 7249 6900 2334 6500 8158 8009 5656 2370 3687 4903 8814 5600 6902 2600 5800 4220 6146 8713 8148 2707 6539 7516 0 3939 4609 3711 9794 7561 5805
300 2332 6140 7545 3623 2280 3313 7400 4162 1476 707 6369 509 2483 1700 6593 2630 2459 6407 3361 7270 2700 3931 3269 5107 2039 2102 1077 7570 5400 7021 3310 3624 3275 3264 8246 7155 2154 2549 800 1341 4875 5448 6296 4669 5597 781 4301 4841 4243 3573 2600 6664 3939 0 1403 2549 6106 3640 4801
1414 1252 5020 6377 2545 2899 3573 6000 2884 1389 1941 5053 921 1772 2983 5685 1236 3794 5015 2202 6060 2952 4428 2126 3807 2617 3505 640 6236 5481 5629 3100 4468 3178 4172 7141 5883 3041 2563 2202 2385 4554 4440 5108 4539 4560 2088 2954 4215 3736 3313 2531 5407 4609 1403 0 1824 5185 3622 3612
2334 761 3671 5100 3899 2319 5385 5977 2109 1166 2607 4229 2332 3505 3383 7023 1749 4920 5189 3492 4884 1878 6203 3453 3001 2102 4294 2404 6688 3891 5234 4909 6105 1640 5768 5742 4876 4632 1341 3140 3860 6312 2920 3900 2846 3080 3324 2473 5846 5445 1615 4355 4368 3711 2549 1824 0 6529 5445 2473
6303 5770 7602 8336 2662 8080 4440 4825 5671 6560 6811 6413 5663 3623 7780 500 4785 7445 3981 3052 7844 8102 5200 3106 5900 7798 7789 5093 3546 10420 5646 3420 6228 8149 6279 9257 7300 5818 7654 6742 5948 2647 7632 7324 9352 7616 6296 5234 1702 2334 8139 3992 7102 9794 6106 5185 6529 0 3721 6428
3929 4805 8187 9373 2842 5920 728 7343 5905 4809 4272 7669 3436 2102 4973 4079 4215 4000 6276 3041 8962 6280 1552 2973 6628 5675 4601 3100 6676 8956 7605 640 2507 6706 2570 10239 8604 2343 6020 3935 2801 1421 7799 8130 8102 7879 3400 5714 2022 1400 6900 1100 8220 7561 3640 3622 5445 3721 0 6753
4652 2469 1442 2765 4295 4709 6933 4080 854 3605 5015 1802 4440 4652 5852 6859 2580 7256 3623 3929 2469 4104 7880 3956 781 4527 6723 4244 5263 5021 3046 6126 8062 3471 7779 3546 2404 6652 3600 5500 5981 7184 1204 1500 3911 1204 5575 1200 6395 6236 3132 5798 1897 5805 4801 3612 2473 6428 6753 0
# set of given starting solutions
0 27 21 31 23 49 52 18 8 48 12 33 44 38 11 24 32 5 57 45 16 42 14 28 3 1 19 7 43 50 39 20 26 29 15 25 47 46 2 35 10 41 53 17 4 13 6 55 58 34 30 59 40 22 54 37 36 51 56 9 0
0 56 54 20 41 15 57 39 12 17 6 34 53 27 28 5 40 58 52 3 43 35 47 46 1 36 48 14 55 10 23 45 4 44 26 7 19 11 59 49 13 50 42 16 29 30 25 38 51 24 21 8 22 33 9 31 2 18 32 37 0
0 49 24 2 25 54 7 32 1 41 28 37 52 29 34 39 11 10 45 57 26 47 55 9 35 46 21 56 8 14 33 6 42 22 15 40 51 5 36 23 19 43 13 16 38 48 31 12 17 30 4 44 58 3 18 59 53 20 27 50 0
0 3 30 43 21 49 40 25 1 13 10 34 9 18 7 20 48 15 27 32 46 36 58 38 42 5 12 6 50 41 51 52 24 23 47 53 22 37 35 29 57 2 44 16 33 4 55 45 8 54 14 28 39 19 31 17 11 59 56 26 0
0 48 24 57 38 36 15 43 44 45 14 41 51 54 23 13 47 20 35 31 10 21 17 11 53 7 58 5 39 40 19 29 22 4 50 46 28 2 1 12 16 37 8 56 9 18 34 59 6 25 42 52 27 26 3 33 49 55 32 30 0
0 29 15 54 32 9 47 4 5 39 21 45 12 57 37 8 13 56 41 22 14 6 1 3 27 52 51 2 11 23 48 38 24 40 35 58 49 26 43 59 19 25 17 50 36 33 31 53 30 20 18 16 46 10 7 42 34 28 55 44 0
0 16 53 39 29 56 3 52 5 22 23 49 32 40 43 20 55 38 18 28 44 15 33 27 54 26 14 36 59 4 19 58 35 47 42 51 34 11 31 17 21 37 25 50 46 30 6 10 9 8 57 1 7 48 13 2 24 41 45 12 0
0 4 44 34 25 23 55 43 31 47 24 37 18 16 21 7 22 42 54 40 32 3 2 48 41 59 51 50 38 58 13 29 35 15 52 20 19 8 10 1 28 26 49 11 33 53 6 14 46 5 57 9 30 12 36 39 17 56 27 45 0
0 41 34 6 23 22 16 52 56 42 10 15 2 57 28 51 45 40 21 17 11 50 5 26 38 30 24 4 55 14 58 46 37 36 8 43 49 9 7 27 12 39 47 48 1 25 29 18 53 44 35 19 59 32 54 20 3 31 13 33 0
0 40 41 25 8 11 56 42 34 3 5 39 15 49 10 52 47 1 21 28 14 32 58 2 53 13 30 23 27 20 12 24 44 57 7 59 17 18 35 16 43 4 50 9 33 31 36 54 48 19 45 37 29 55 38 26 51 22 46 6 0
0 13 15 53 9 36 8 57 40 55 51 28 32 23 34 37 27 1 12 26 30 54 33 16 17 46 21 22 31 20 19 39 41 24 35 29 56 49 43 59 10 11 25 47 2 45 6 52 3 44 50 18 58 4 5 42 38 7 48 14 0
0 38 36 48 44 18 29 52 42 15 40 3 13 23 10 24 39 53 43 7 11 55 28 35 4 20 34 58 19 33 50 5 59 32 16 27 26 30 25 12 47 54 46 37 2 1 21 9 31 22 49 14 6 45 56 51 8 41 17 57 0
0 16 27 50 26 33 5 52 3 40 23 18 6 45 44 47 17 59 2 54 20 39 46 42 29 37 32 51 56 15 22 41 58 53 35 28 24 34 21 48 57 1 43 36 10 12 8 19 49 4 13 7 14 30 11 31 25 38 55 9 0
0 28 45 9 36 19 54 25 5 29 6 51 33 15 55 40 12 24 8 59 22 46 1 27 39 17 52 32 14 47 42 10 20 26 34 48 58 23 49 18 11 7 3 13 37 44 21 31 53 57 35 56 2 38 41 16 43 4 30 50 0
0 19 49 44 47 52 4 18 9 51 15 31 37 1 10 40 38 46 16 39 8 17 14 54 25 56 45 34 23 30 13 55 7 28 35 48 22 20 57 42 58 50 24 33 59 11 27 21 26 53 2 12 32 5 6 43 41 3 36 29 0
0 4 8 48 34 3 31 24 25 13 17 30 10 35 40 50 46 53 37 54 45 47 28 12 18 21 49 15 20 29 41 56 23 27 43 9 52 58 6 55 44 14 1 42 59 22 51 5 2 16 7 57 11 26 19 38 39 33 32 36 0
0 8 36 34 39 17 15 54 29 49 26 42 41 13 24 50 21 48 1 11 12 46 25 20 59 43 47 51 22 58 4 57 52 27 40 45 5 56 38 37 33 31 2 16 23 53 3 30 32 18 10 35 9 6 14 7 44 19 28 55 0
0 41 48 56 38 29 17 22 53 52 15 6 9 58 26 12 18 46 34 5 57 55 44 49 47 19 37 43 24 39 21 2 32 4 28 51 16 42 8 40 54 20 11 27 7 33 1 36 31 35 50 25 13 23 3 45 30 59 10 14 0
0 54 31 25 34 51 55 30 15 39 46 50 23 59 45 48 19 37 9 42 17 7 24 10 29 28 11 38 40 44 57 33 27 5 21 49 14 26 47 13 52 16 43 35 2 36 3 32 56 18 8 1 22 20 58 12 6 4 41 53 0
0 33 19 37 1 34 9 57 48 55 5 7 47 54 35 6 56 41 42 29 50 39 10 26 17 11 58 4 28 59 15 8 52 44 13 25 51 18 23 14 2 31 53 12 32 46 21 40 45 20 30 3 36 22 16 38 24 27 49 43 0
0 11 29 9 34 10 42 33 39 48 52 31 43 50 5 6 47 18 49 59 16 13 40 37 17 23 27 14 4 7 15 36 44 58 8 22 46 28 3 24 2 56 41 55 53 25 57 1 19 45 12 35 51 21 38 30 54 26 20 32 0
0 39 27 50 38 8 28 30 29 4 46 1 20 56 7 42 3 14 31 13 18 32 45 26 41 19 48 24 49 40 5 25 16 33 51 15 12 47 52 11 44 37 55 35 36 43 57 59 21 53 9 6 23 34 54 17 22 10 58 2 0
0 5 4 30 47 24 44 18 31 20 55 50 52 22 9 59 32 43 14 33 17 7 54 29 15 39 3 58 28 16 46 56 34 48 36 10 25 23 45 38 19 26 1 42 53 51 35 49 6 57 40 8 37 13 41 21 27 11 2 12 0
0 5 31 35 11 52 29 54 59 40 49 12 21 10 7 56 45 16 50 51 15 53 36 27 26 6 4 55 43 25 9 22 17 38 30 13 19 39 46 20 47 32 58 3 18 24 41 23 48 8 33 57 1 14 42 2 28 37 34 44 0
0 21 39 53 58 12 1 11 36 26 19 4 2 22 33 14 29 5 47 28 41 57 10 8 3 17 23 38 54 48 37 6 40 59 16 45 18 32 43 50 9 52 25 56 51 7 55 30 27 20 13 24 44 49 15 42 35 31 46 34 0
0 33 54 44 46 50 2 37 32 11 53 14 41 47 26 52 51 24 45 4 43 55 48 39 35 10 7 15 27 6 8 58 57 18 40 21 31 3 12 25 13 30 16 19 9 1 56 28 34 17 38 42 22 49 59 5 23 29 20 36 0
0 10 57 27 16 1 40 7 37 51 58 18 26 43 24 54 20 29 32 19 11 17 42 36 52 35 9 46 56 13 34 5 49 33 45 39 25 3 30 31 28 44 48 14 53 12 2 38 50 59 22 8 4 15 47 23 41 21 6 55 0
0 57 41 1 56 19 33 51 23 28 29 25 6 18 16 59 8 2 12 7 31 54 17 44 43 27 58 32 40 45 26 37 21 49 10 3 35 55 22 11 30 39 46 15 47 50 24 52 20 48 9 42 38 53 36 13 14 4 34 5 0
0 51 5 43 56 39 10 17 2 18 29 31 36 57 33 13 26 9 38 25 59 20 6 28 42 41 47 49 8 35 24 32 54 44 45 16 1 21 22 50 53 37 3 7 55 48 34 30 4 11 12 46 52 19 58 40 14 15 23 27 0
0 3 39 21 44 19 4 40 31 29 49 38 6 45 2 52 53 1 59 7 28 25 27 42 11 30 50 26 41 55 8 58 22 32 23 37 35 33 18 13 20 14 9 51 24 54 36 43 17 5 57 12 56 46 10 15 47 48 16 34 0
0 29 36 37 2 10 12 52 26 31 57 21 56 24 39 4 34 20 1 23 32 3 51 42 45 58 55 30 8 48 41 54 7 16 22 15 38 47 18 13 49 33 19 5 59 35 46 50 27 53 6 17 25 11 44 9 14 40 43 28 0
0 5 42 26 56 38 3 10 7 48 33 35 36 54 47 24 53 16 34 31 58 11 2 57 29 15 23 27 19 6 4 44 37 28 40 39 45 22 49 52 41 32 55 17 13 18 14 8 20 59 50 1 51 25 46 9 43 21 30 12 0
0 42 50 49 8 5 51 41 6 18 27 56 25 36 12 54 31 48 29 32 4 26 23 52 9 22 2 59 39 57 33 35 34 11 24 15 45 3 16 55 17 40 10 14 44 46 19 28 21 7 38 43 30 58 47 1 53 13 20 37 0
0 44 32 48 14 52 8 27 10 43 51 25 45 22 49 56 21 54 29 53 28 12 19 7 15 58 9 20 2 33 55 26 3 46 13 16 39 5 18 23 24 30 57 6 35 50 36 41 37 47 59 11 34 38 4 31 17 1 42 40 0
0 38 3 46 33 35 29 52 14 56 40 53 18 45 28 50 44 31 32 55 5 25 7 26 22 2 48 8 10 1 39 13 43 42 41 11 37 16 23 19 36 6 21 9 57 58 15 59 47 54 34 12 4 24 49 17 51 20 27 30 0
0 10 50 41 57 53 21 35 28 55 33 38 42 5 47 29 44 34 56 58 45 37 19 59 30 32 39 27 20 1 18 49 17 26 9 52 54 6 16 13 22 7 25 24 15 51 8 31 23 40 14 3 2 11 12 4 43 46 36 48 0
0 47 1 36 55 38 48 27 31 10 22 53 41 25 56 9 52 59 14 2 8 12 49 18 23 33 19 42 26 43 30 57 39 11 32 5 24 17 28 54 20 37 50 35 16 46 3 29 15 34 21 13 4 58 45 51 7 6 40 44 0
0 49 36 30 9 21 44 31 4 17 29 59 24 57 40 19 8 14 52 34 38 50 56 26 5 46 3 16 53 48 6 47 37 32 54 42 18 20 13 58 2 11 43 22 25 7 27 12 15 45 55 1 39 41 10 23 51 35 28 33 0
0 11 57 13 29 39 28 48 12 3 51 38 56 50 42 19 24 49 8 37 58 17 14 35 7 36 30 27 59 18 21 15 34 46 25 55 5 22 44 16 33 31 41 6 23 26 45 4 54 40 1 32 10 47 20 43 53 52 9 2 0
0 2 6 46 10 5 44 22 8 13 45 31 23 57 59 1 55 20 27 43 47 35 28 48 42 33 4 38 52 15 17 14 25 3 30 39 49 50 16 18 51 29 11 26 54 21 7 53 34 37 41 12 32 24 36 9 40 19 58 56 0
0 46 55 16 32 31 33 49 11 9 8 56 47 57 10 54 2 14 58 53 17 35 18 29 27 6 36 23 12 25 30 5 1 13 41 22 43 44 19 59 39 51 20 3 37 26 52 21 42 40 48 24 28 45 4 7 15 38 34 50 0
0 36 51 22 56 27 55 9 24 12 20 5 1 30 59 39 17 40 6 52 53 4 38 8 43 35 19 46 29 13 10 49 57 58 47 11 41 48 15 45 34 2 26 42 21 25 14 3 28 54 7 50 16 23 32 31 18 33 37 44 0
0 59 30 16 38 56 50 26 24 1 44 55 4 33 57 40 11 48 45 18 51 23 3 41 39 47 34 31 6 10 13 42 46 20 36 8 53 58 32 35 9 49 12 27 7 54 29 43 37 19 17 52 22 21 15 28 2 25 14 5 0
0 41 48 24 29 14 55 52 22 35 59 45 8 17 6 16 31 5 11 23 36 10 54 12 42 44 18 21 3 47 58 19 37 9 13 4 43 50 51 56 1 26 38 57 2 40 15 32 28 25 49 27 30 20 39 33 7 53 34 46 0
0 37 50 35 3 29 48 9 41 33 2 39 26 4 56 45 59 38 30 28 43 54 55 14 27 51 5 42 12 34 49 18 57 19 15 52 8 44 23 31 22 1 36 17 25 58 20 47 13 6 40 46 7 16 53 11 21 10 24 32 0
0 57 31 32 22 48 37 21 55 28 14 10 20 54 18 43 52 47 24 41 38 26 23 4 58 2 27 30 12 34 9 46 40 35 7 3 13 19 45 39 49 8 29 33 5 56 1 53 59 50 36 51 44 15 11 42 17 25 6 16 0
0 42 6 40 39 8 1 11 38 12 43 48 52 13 58 10 2 4 15 21 31 18 23 50 22 16 3 41 25 5 30 55 26 14 57 54 27 33 24 49 34 37 47 20 36 56 46 7 44 17 59 45 32 51 19 29 9 35 53 28 0
0 9 25 18 26 56 45 3 7 17 13 20 51 55 4 12 32 36 39 21 8 2 34 48 58 24 22 5 53 37 57 41 44 52 15 19 28 1 27 29 49 23 16 54 31 43 40 38 59 47 35 33 42 10 6 14 50 46 30 11 0
0 51 7 57 8 29 27 53 55 39 4 30 6 47 33 46 16 31 49 58 28 15 36 3 25 34 23 1 13 40 38 24 14 17 50 2 11 12 44 54 5 37 35 43 59 26 18 42 9 10 22 41 48 45 32 20 19 52 56 21 0
0 37 16 23 41 7 6 14 8 15 44 43 1 33 54 5 26 10 51 36 38 57 48 39 21 59 12 56 49 11 29 34 4 2 28 25 50 13 42 47 9 30 32 31 55 18 22 35 45 27 52 17 53 40 46 24 58 3 19 20 0
0 10 7 51 57 23 36 15 46 14 50 30 6 45 54 4 2 20 27 52 33 17 43 26 48 31 59 34 29 44 18 5 55 39 58 3 32 28 21 13 35 37 25 12 38 56 16 49 42 19 53 41 11 47 9 24 1 8 40 22 0
0 51 19 50 20 56 36 22 59 14 15 49 43 26 2 9 58 42 7 11 21 33 24 37 17 53 52 3 55 47 35 18 40 23 4 25 1 44 10 38 27 34 41 57 29 45 8 32 13 6 16 30 39 12 5 48 54 31 46 28 0
0 1 14 38 52 40 34 11 28 56 2 45 18 37 23 24 29 47 50 51 26 7 35 32 36 21 43 53 16 48 19 30 9 42 15 46 22 41 12 57 59 55 25 44 49 6 13 3 33 20 4 17 5 39 31 54 58 10 8 27 0
0 51 50 44 14 27 30 16 37 11 45 21 40 1 28 59 15 43 55 47 4 29 25 23 5 34 56 32 8 2 53 12 19 18 13 3 7 17 49 10 36 22 38 52 31 24 48 46 41 58 42 20 57 39 33 54 26 6 9 35 0
0 42 33 55 1 29 5 30 46 14 24 3 44 25 59 21 48 12 16 8 49 52 7 57 38 19 27 43 32 28 36 10 11 22 23 47 56 18 40 51 53 54 34 35 39 15 20 13 31 17 50 26 41 2 45 58 9 6 37 4 0
0 7 25 53 47 34 48 29 45 26 1 52 17 42 24 43 27 57 46 44 15 18 50 19 20 3 12 10 5 22 31 8 54 35 21 41 56 39 33 49 59 30 2 16 58 6 36 55 23 38 11 14 9 13 51 4 37 32 28 40 0
0 41 31 26 12 10 17 49 6 23 24 47 28 44 39 46 29 14 5 33 48 34 7 15 18 3 19 22 13 25 32 9 30 1 4 27 8 59 54 35 57 36 2 37 56 16 51 45 43 55 42 38 53 21 40 52 50 58 20 11 0
0 32 2 19 8 48 53 3 15 42 22 45 17 57 18 10 52 28 41 47 7 29 38 44 37 14 1 27 20 5 31 50 54 56 34 23 39 4 9 11 59 43 12 25 16 55 51 6 35 13 36 24 49 33 26 46 58 21 40 30 0
0 16 5 39 17 54 4 6 38 18 12 37 43 26 40 31 11 59 41 20 29 57 8 23 27 47 7 53 48 56 45 10 33 30 32 1 42 24 13 14 25 46 49 19 52 2 36 3 9 58 50 55 22 28 44 34 35 15 21 51 0
0 43 48 3 14 9 20 44 38 33 59 27 47 8 12 51 39 19 36 34 26 46 52 53 1 55 6 5 2 21 56 7 4 35 30 45 24 32 57 22 50 11 25 37 40 23 29 58 31 17 18 54 15 10 41 28 49 16 42 13 0
0 24 38 39 30 45 51 48 15 31 3 32 17 14 55 5 49 27 11 42 41 57 21 46 54 20 4 7 59 33 29 53 16 58 35 19 9 52 12 34 18 28 1 50 22 26 13 37 44 56 10 2 6 43 47 25 36 8 23 40 0
0 58 23 22 49 44 31 35 39 57 7 13 12 1 20 18 34 55 14 45 54 5 10 21 42 51 8 11 28 19 3 29 40 26 38 37 52 47 27 32 50 24 33 4 36 2 30 56 46 59 17 16 48 6 15 41 25 43 9 53 0
0 27 55 8 23 39 31 24 14 19 40 18 12 47 28 44 34 4 20 57 6 13 9 2 32 30 11 3 37 29 22 58 59 48 10 16 45 43 50 33 49 38 51 53 25 41 15 54 21 26 42 56 52 46 35 36 1 17 5 7 0
0 57 30 15 28 36 26 50 32 41 5 16 8 55 20 23 59 25 56 10 48 9 52 35 39 38 7 40 22 18 24 37 53 31 19 33 13 17 11 54 12 44 6 21 27 29 58 47 2 43 14 34 42 46 49 51 1 4 45 3 0
0 36 29 8 26 18 24 10 42 25 2 31 48 41 47 46 12 16 15 35 3 33 21 27 14 23 20 40 1 19 49 4 56 37 44 38 52 32 13 57 11 45 22 9 7 55 30 17 34 58 5 43 59 50 54 51 39 28 6 53 0
0 19 59 17 35 5 20 21 14 29 6 1 25 11 58 34 33 39 22 15 23 56 4 51 50 47 27 2 13 37 18 38 3 49 42 7 40 10 16 43 45 8 28 54 9 30 31 48 44 41 32 26 46 53 57 36 55 52 24 12 0
0 55 7 52 27 38 22 23 45 47 32 21 34 59 41 50 18 40 56 2 49 14 39 37 20 11 6 15 30 9 48 54 26 24 29 8 58 1 3 12 36 53 31 19 42 17 13 4 46 10 35 33 57 51 16 43 44 5 28 25 0
0 34 45 11 20 7 47 41 26 3 37 55 56 16 39 10 21 1 22 59 18 15 4 40 23 58 28 12 17 27 46 53 8 14 44 9 50 30 49 57 29 19 5 43 51 33 54 31 38 6 24 13 42 32 52 35 48 2 36 25 0
0 38 37 12 50 48 56 13 35 46 4 36 17 15 43 33 53 39 19 1 22 6 41 8 51 55 21 24 16 31 25 45 7 58 30 10 14 18 23 3 9 49 28 20 40 26 34 42 2 27 29 44 47 54 5 59 52 11 32 57 0
0 2 28 48 14 53 12 34 38 17 27 15 32 18 58 3 22 4 39 36 40 49 43 51 44 57 54 7 55 23 8 56 21 6 31 19 5 9 16 25 45 42 29 41 13 20 50 26 10 46 30 1 33 35 37 24 52 11 59 47 0
0 7 27 31 42 54 28 43 47 9 1 16 6 57 45 26 15 56 14 34 8 35 17 18 32 40 20 29 38 55 23 3 12 50 52 48 11 33 36 44 58 24 46 49 19 41 51 5 39 59 2 13 22 25 21 30 4 37 53 10 0
0 50 9 31 32 51 28 21 7 15 55 8 20 43 46 29 1 13 24 34 5 16 30 49 57 11 18 54 12 45 47 17 44 23 52 6 22 3 38 36 14 42 19 10 48 56 39 58 53 37 4 26 40 35 27 59 25 2 33 41 0
0 29 38 49 43 56 36 45 44 18 27 52 12 11 54 31 19 55 41 2 42 8 39 13 48 37 58 4 33 9 47 51 32 14 25 17 15 46 26 50 3 24 23 40 5 20 34 30 57 1 21 28 59 16 6 10 22 7 35 53 0
0 37 7 3 27 17 32 24 54 11 13 35 43 52 49 36 44 4 12 30 56 1 53 46 20 26 48 45 10 50 18 33 2 59 8 39 25 9 57 22 41 5 16 6 31 55 47 15 21 34 28 38 14 29 19 42 40 23 58 51 0
0 43 55 12 40 42 29 3 30 20 49 13 44 8 25 16 57 27 22 1 21 14 15 9 23 48 50 2 36 51 31 53 35 19 47 18 28 56 54 59 34 38 33 10 58 26 45 24 6 52 46 39 17 5 11 41 7 4 37 32 0
0 57 44 49 20 25 16 1 19 48 46 58 36 22 7 23 15 2 26 45 11 9 24 27 10 43 14 55 29 52 32 17 34 50 4 53 56 30 42 51 47 28 31 54 38 40 37 41 8 21 13 12 39 33 6 18 35 3 59 5 0
0 26 33 27 28 22 40 51 11 16 45 19 32 53 17 43 12 52 37 55 25 3 54 57 8 34 24 13 41 20 1 46 21 29 23 5 2 39 56 6 9 15 36 4 38 18 30 42 48 35 58 59 49 31 47 14 44 7 10 50 0
0 36 47 33 13 38 29 32 37 42 20 57 50 43 52 34 8 58 54 51 44 55 53 56 26 31 45 24 49 59 27 46 15 35 5 23 19 14 40 9 6 28 1 41 22 39 18 10 48 17 16 21 30 2 25 12 7 3 4 11 0
0 47 33 24 55 44 48 40 11 52 56 5 43 50 2 32 12 4 34 59 46 8 17 9 28 45 38 1 39 31 7 3 49 10 41 23 42 15 13 51 20 21 22 58 35 36 53 54 57 16 6 29 18 27 37 14 19 26 25 30 0
0 28 43 51 14 42 58 20 35 29 23 9 16 22 19 4 37 39 3 10 17 5 46 13 45 32 7 59 21 54 18 12 36 56 25 6 48 2 24 26 38 57 49 47 27 11 15 52 55 41 44 40 1 8 31 53 33 50 30 34 0
0 31 26 7 19 17 36 40 6 15 29 50 37 11 16 57 3 48 28 58 14 30 13 9 2 1 47 44 49 5 24 54 32 39 59 56 52 27 46 23 45 8 10 21 34 22 35 43 12 18 41 42 38 55 25 4 51 20 33 53 0
0 42 16 38 35 48 15 59 54 58 6 1 56 23 5 20 11 39 14 21 53 52 50 44 34 29 51 10 41 26 46 7 9 36 40 22 32 45 27 19 2 17 30 28 18 33 4 12 13 49 8 57 25 24 3 37 47 55 43 31 0
0 53 47 19 41 25 52 28 27 45 43 3 54 58 8 42 14 1 49 6 55 32 57 24 10 34 36 17 33 30 44 18 12 11 38 9 29 21 59 31 20 4 15 16 40 23 50 2 22 51 7 37 35 56 26 39 48 13 5 46 0
0 8 46 1 40 15 55 9 52 26 41 14 17 24 30 16 4 57 50 47 27 25 12 45 6 49 44 56 53 28 39 29 58 11 35 38 43 5 33 32 20 42 23 13 36 3 34 31 54 18 37 22 2 48 59 7 51 10 19 21 0
0 32 12 31 43 38 48 36 51 56 27 21 50 7 34 11 22 6 49 25 58 28 17 57 41 18 24 13 47 35 1 26 45 29 5 4 3 55 54 53 8 30 33 9 19 14 23 46 44 37 40 15 16 39 59 20 52 10 2 42 0
0 27 42 54 26 13 48 45 59 46 47 56 43 53 8 36 35 10 2 5 34 15 55 21 17 44 6 22 12 20 29 14 4 33 31 3 57 11 19 28 40 51 9 49 24 58 1 32 23 25 41 38 30 52 16 50 18 37 39 7 0
0 59 39 21 54 48 15 1 9 30 56 42 34 45 16 40 22 57 37 5 32 13 43 49 19 41 14 25 26 47 53 51 20 28 33 3 27 6 50 46 44 55 11 23 31 12 2 24 4 58 17 38 35 18 7 29 36 8 10 52 0
0 51 26 46 31 58 3 59 12 14 36 24 8 48 40 52 18 7 28 16 29 23 42 56 57 45 39 34 19 22 53 37 20 38 32 35 44 47 55 50 30 1 5 27 33 49 6 11 17 54 41 25 9 10 2 4 43 15 13 21 0
0 23 36 49 5 6 1 19 52 3 28 51 57 48 44 29 59 2 54 33 27 46 10 13 32 53 40 39 7 43 30 45 25 12 20 35 24 11 41 58 21 56 37 31 55 38 4 42 26 17 22 50 8 34 9 15 16 18 47 14 0
0 41 49 54 42 12 13 9 53 3 18 34 26 17 47 23 30 5 29 27 35 51 25 6 37 56 8 20 48 31 32 33 16 57 15 45 44 21 36 10 2 46 11 1 7 39 38 14 58 22 19 28 24 4 43 55 59 50 40 52 0
0 34 45 29 19 47 49 23 5 50 55 13 8 11 30 7 12 6 18 59 1 53 10 31 52 3 51 39 27 48 16 37 26 42 40 17 41 9 58 38 36 56 35 22 54 46 24 14 44 28 20 21 33 57 15 25 2 32 4 43 0
0 47 41 2 53 16 34 25 35 31 26 10 49 55 6 44 22 32 46 37 21 58 13 20 39 1 12 23 33 54 45 29 43 40 48 59 8 11 27 56 38 3 15 50 30 7 57 42 5 4 18 28 14 19 36 24 17 52 51 9 0
0 57 40 11 19 9 25 49 16 54 22 44 50 6 34 18 2 45 38 52 8 28 23 53 46 15 4 10 32 20 36 42 41 29 31 21 3 12 24 47 5 7 26 35 51 59 1 30 13 48 39 58 55 37 17 56 33 27 14 43 0
0 1 24 28 18 4 36 50 47 2 5 42 21 39 3 14 8 40 29 37 51 11 34 15 56 27 58 53 20 9 7 52 26 38 43 35 13 17 59 23 44 57 19 54 45 31 41 46 10 32 48 30 12 55 49 33 16 22 6 25 0
0 8 30 49 28 19 37 33 46 47 18 50 48 38 2 27 23 11 32 36 25 53 56 21 17 26 14 29 54 58 51 57 6 55 40 43 31 20 4 41 59 10 1 44 12 9 39 3 45 15 22 52 34 42 13 24 35 5 16 7 0
0 9 31 12 45 11 46 58 14 17 44 57 42 59 23 48 19 39 56 13 37 50 43 5 27 41 21 22 26 29 8 10 2 18 25 6 55 32 1 24 33 3 16 53 15 38 28 49 7 51 20 4 54 35 52 30 47 40 34 36 0
0 37 55 52 56 5 21 42 46 30 53 18 57 28 14 34 16 17 44 36 54 38 10 39 40 7 24 41 50 6 22 32 31 2 29 13 9 51 20 35 11 27 47 3 43 33 58 49 59 15 45 4 26 19 25 1 48 12 8 23 0
0 36 33 30 51 14 11 39 13 44 4 27 57 26 46 43 10 24 32 12 48 3 1 50 9 28 35 47 29 2 58 7 40 41 15 49 5 16 8 42 21 20 25 34 45 23 6 19 55 54 17 31 22 18 56 52 38 59 53 37 0
0 59 50 41 19 17 9 45 40 7 27 16 49 53 1 52 12 58 13 4 32 38 37 10 57 43 11 8 36 18 3 25 55 42 26 14 6 24 47 30 21 31 48 20 23 39 22 54 5 29 2 46 15 34 51 28 33 56 35 44 0
0 13 30 4 23 14 33 21 12 22 8 49 32 38 18 41 56 29 9 11 46 45 27 52 43 5 17 55 44 24 47 35 34 15 42 7 2 6 26 16 53 1 59 25 37 48 19 54 51 10 31 57 39 50 40 28 36 3 20 58 0
0 11 45 30 28 2 42 36 13 12 6 47 31 9 20 49 18 33 51 15 44 34 57 4 53 14 22 5 19 41 25 39 17 56 35 43 50 48 58 32 21 3 40 24 10 38 52 46 23 55 27 59 8 16 7 37 54 26 1 29 0
0 9 53 56 31 34 22 42 58 47 26 21 24 30 57 2 28 5 13 36 19 49 3 16 27 54 14 18 11 7 20 43 23 17 12 32 48 45 51 25 4 10 50 38 40 8 59 33 41 29 35 44 6 55 39 37 15 46 1 52 0
0 47 59 49 2 9 43 20 19 38 27 50 45 31 53 56 55 3 10 28 36 17 4 26 12 24 6 58 52 25 16 32 30 39 41 44 51 21 40 54 18 34 14 42 13 33 46 35 15 5 29 57 48 7 11 23 8 1 22 37 0
0 26 34 38 25 53 33 6 51 30 29 48 45 12 58 27 57 13 18 59 20 24 19 15 16 35 22 43 40 36 46 7 41 23 55 49 54 52 8 21 50 32 31 37 5 9 56 10 14 47 28 11 3 4 1 44 17 39 42 2 0
0 11 38 34 54 15 58 45 5 7 26 25 56 37 21 30 8 20 50 41 53 46 19 31 4 59 27 10 16 43 12 28 42 32 44 51 22 13 18 39 9 17 6 35 55 2 57 29 47 14 49 33 23 3 24 36 48 40 52 1 0
0 20 42 56 14 30 7 3 49 34 36 1 41 53 52 16 4 54 44 17 27 55 40 28 24 46 21 29 25 51 38 19 43 57 58 39 10 47 23 37 18 15 31 33 32 12 35 59 2 22 6 8 5 48 26 13 45 11 50 9 0
0 27 54 13 23 51 32 50 40 15 36 58 8 33 3 55 35 5 28 9 46 18 48 38 53 47 7 37 45 1 22 21 26 12 44 24 25 17 6 31 4 19 57 2 42 39 41 43 34 56 11 59 30 10 52 14 29 20 16 49 0
0 30 14 42 45 48 39 37 44 9 11 47 22 3 17 57 26 32 2 52 25 18 34 27 5 51 12 53 15 40 7 56 31 43 20 6 29 58 24 33 10 50 19 28 1 36 8 4 54 55 59 23 38 49 35 46 21 41 13 16 0
0 32 39 16 27 21 55 8 48 38 31 29 5 43 11 37 26 9 58 24 28 54 1 46 49 13 53 41 6 7 45 50 56 19 36 33 4 34 3 23 14 44 35 2 42 17 20 10 18 52 51 25 12 59 57 15 22 30 40 47 0
0 21 9 24 6 10 23 4 52 25 28 54 14 15 53 22 17 35 39 56 47 13 33 26 58 20 57 8 16 55 12 30 2 32 31 37 40 51 3 19 48 44 11 59 41 29 45 42 43 7 38 34 27 18 5 1 36 49 46 50 0
0 51 23 8 2 50 41 29 58 21 17 5 24 42 9 27 31 4 3 10 33 48 46 59 57 11 12 15 14 35 37 22 45 56 49 28 43 6 44 38 7 13 32 34 16 25 47 1 52 36 55 40 39 18 19 54 30 26 20 53 0
0 13 59 8 7 32 52 25 44 42 47 38 5 15 49 10 26 53 24 6 55 23 1 48 57 2 46 39 45 33 34 28 21 40 58 37 41 22 30 43 29 9 16 12 20 27 11 31 35 50 3 54 18 51 56 14 36 4 17 19 0
0 4 14 9 12 13 7 53 30 35 48 52 54 50 6 23 34 20 47 15 27 45 2 43 37 58 29 24 31 26 39 32 33 18 10 22 55 46 36 57 51 19 59 8 11 44 38 41 40 17 21 28 42 3 49 1 25 56 5 16 0
0 11 40 32 27 8 48 45 3 59 44 52 28 46 53 30 51 57 1 58 6 19 50 10 34 17 56 26 2 23 36 16 55 35 41 4 54 13 43 38 14 39 18 15 7 12 24 33 47 49 21 5 9 31 42 37 25 22 29 20 0
0 33 29 52 25 12 24 6 8 35 39 11 31 55 41 26 18 19 58 45 15 46 56 17 27 40 49 2 9 13 23 44 42 43 32 54 3 36 34 48 28 5 16 21 20 10 14 1 50 38 47 4 57 37 22 30 53 51 59 7 0
0 2 48 7 28 31 42 38 32 54 14 21 55 12 16 8 35 49 23 26 11 47 39 51 44 22 18 10 13 36 59 5 33 43 27 52 3 45 50 46 1 4 56 30 24 29 15 20 6 19 58 17 37 57 34 40 53 41 9 25 0
0 42 27 54 58 6 34 13 15 43 31 55 37 45 14 35 9 7 8 18 49 2 30 4 21 33 53 39 56 41 22 12 28 32 40 47 59 48 44 11 38 3 5 24 36 57 19 16 1 51 26 20 52 25 50 29 46 17 10 23 0
0 12 13 49 25 19 28 54 24 14 41 21 43 15 50 11 40 44 53 59 35 56 31 48 39 3 1 9 46 6 18 16 26 55 20 57 36 22 8 27 52 7 2 45 58 34 47 42 23 38 30 17 37 32 10 51 4 5 33 29 0
0 35 47 9 51 12 5 50 11 58 52 4 43 27 54 24 48 46 16 26 15 39 20 44 42 10 7 53 41 25 56 1 29 2 19 8 21 40 49 31 45 13 32 57 36 14 33 34 22 59 38 3 28 55 18 37 17 6 30 23 0
0 50 59 14 4 53 20 30 8 33 43 57 2 48 26 47 16 13 38 22 56 52 42 25 11 49 19 44 58 35 45 54 31 28 55 40 15 3 12 24 27 21 17 18 29 1 23 51 37 10 46 5 32 41 9 39 7 6 36 34 0
0 26 8 21 1 29 12 57 43 37 38 53 6 40 4 17 28 45 41 48 51 25 2 14 18 11 30 36 27 56 15 50 23 49 19 58 16 55 47 44 3 7 9 59 24 39 13 33 54 34 42 46 22 52 10 32 5 20 35 31 0
0 1 59 42 8 57 20 45 14 13 7 58 40 5 41 9 32 10 24 12 21 16 11 6 26 37 4 22 50 43 28 29 25 15 47 30 52 35 31 27 18 54 46 17 53 51 49 36 39 34 23 3 56 33 2 19 48 55 38 44 0
0 1 44 19 4 38 48 29 30 7 22 11 43 51 56 16 36 33 40 53 6 57 49 15 20 8 24 41 3 23 17 59 2 25 47 42 39 13 21 50 58 54 45 14 37 9 5 52 26 28 12 35 31 10 34 46 18 32 27 55 0
0 20 59 23 15 50 22 46 24 31 30 45 36 28 32 17 54 49 14 39 34 33 8 25 57 44 11 53 4 3 7 43 56 52 26 51 55 41 42 12 38 58 2 48 9 40 37 21 47 13 10 35 27 1 16 19 5 6 29 18 0
0 42 45 28 53 24 34 17 43 33 54 31 40 26 51 23 27 22 13 29 5 12 9 25 32 57 15 50 37 38 30 7 46 6 2 8 39 35 58 21 18 56 52 3 16 14 20 59 44 19 55 47 49 4 10 41 48 1 36 11 0
0 31 2 29 4 21 46 48 15 47 52 26 11 59 16 43 23 7 34 39 22 42 40 17 14 55 35 27 19 5 49 1 54 32 20 3 45 12 9 24 18 50 28 53 41 58 44 51 38 6 30 33 10 13 37 57 56 25 8 36 0
0 20 36 46 30 11 24 57 2 5 35 1 26 59 33 47 51 16 28 32 12 37 38 55 45 39 23 52 56 3 50 9 22 13 4 54 49 18 44 19 53 6 43 8 40 14 10 15 17 34 31 58 27 29 41 25 7 42 21 48 0
0 11 21 14 46 4 44 3 2 55 51 25 8 20 33 27 30 57 56 42 53 47 15 45 52 48 34 19 37 35 12 58 1 43 10 18 26 49 5 59 31 39 17 23 22 32 40 7 54 29 38 6 28 9 24 50 41 36 13 16 0
